84.55555555555556 81.8 84.125 85.3 84.375
86.11111111111111 82.60000000000001 85.125 86.4 85.25
84.0 81.5 84.25 85.3 84.625
84.33333333333333 81.10000000000001 83.5 84.2 83.875
84.44444444444444 81.8 84.125 84.9 84.75
84.33333333333333 81.60000000000001 84.5 85.2 85.125
84.44444444444444 81.8 83.5 84.3 85.625
84.66666666666667 82.5 84.5 85.3 85.0
84.44444444444444 82.60000000000001 84.0 84.1 84.625
83.88888888888889 82.10000000000001 84.0 84.0 83.75
82.0 82.5 83.0 84.3 84.25
84.88888888888889 82.8 84.0 86.3 84.5
85.22222222222223 82.3 83.625 85.4 85.875
85.77777777777777 82.10000000000001 84.5 85.9 85.25
84.22222222222223 80.0 84.0 84.9 84.0
83.0 80.9 83.75 84.6 84.5
84.22222222222223 81.69999999999999 85.375 85.2 85.125
85.22222222222223 80.10000000000001 83.75 85.8 84.375
85.11111111111111 80.60000000000001 84.75 85.9 85.625
84.55555555555556 81.5 83.625 85.0 84.875
83.55555555555554 79.8 83.75 84.3 83.25
85.55555555555556 81.3 84.625 84.9 84.375
84.0 79.69999999999999 83.875 86.1 86.0
85.22222222222223 82.10000000000001 84.25 86.4 86.25
84.22222222222223 81.8 83.75 85.5 84.25
83.66666666666667 80.60000000000001 82.0 84.1 84.375
85.22222222222223 81.8 83.375 84.6 83.625
85.44444444444444 79.69999999999999 84.5 86.3 86.125
82.88888888888889 80.4 82.125 83.4 83.375
85.33333333333333 81.60000000000001 84.5 84.7 84.125
84.22222222222223 80.60000000000001 83.875 85.4 84.75
84.22222222222223 81.5 83.75 84.9 85.75
85.0 80.3 83.375 84.6 84.25
83.88888888888889 79.3 82.75 84.8 84.5
83.22222222222223 80.69999999999999 83.0 84.5 85.25
84.88888888888889 80.5 84.125 86.9 85.375
84.22222222222223 79.8 83.5 84.7 85.625
83.88888888888889 80.0 83.5 84.8 82.75
83.88888888888889 79.60000000000001 82.625 84.9 84.375
85.0 80.9 83.75 85.2 84.375
84.22222222222223 80.5 84.0 86.2 85.625
83.11111111111111 80.10000000000001 82.375 84.6 83.625
83.88888888888889 77.0 81.625 84.4 84.125
84.11111111111111 79.5 83.375 84.9 84.75
83.22222222222223 79.2 84.125 85.0 84.625
85.0 78.5 83.625 85.3 84.5
84.11111111111111 79.5 82.875 84.8 85.0
84.55555555555556 79.39999999999999 83.875 85.3 84.5
85.55555555555556 79.10000000000001 82.625 85.7 85.375
85.22222222222223 78.10000000000001 82.25 85.4 85.25
85.11111111111111 79.2 83.375 85.6 85.0
84.55555555555556 79.5 83.125 85.4 86.125
84.0 79.39999999999999 82.375 85.6 84.25
85.22222222222223 77.2 83.375 85.8 86.5
82.88888888888889 77.60000000000001 82.375 84.4 85.5
82.77777777777779 76.6 82.875 85.3 84.875
84.11111111111111 77.5 83.0 84.5 84.625
83.22222222222223 76.5 82.375 84.7 85.0
84.55555555555556 77.89999999999999 81.625 85.5 85.0
84.44444444444444 76.1 82.5 85.4 85.0
84.55555555555556 76.5 82.25 84.8 84.5
84.0 76.2 82.625 85.0 85.5
84.88888888888889 76.30000000000001 83.5 85.4 85.625
85.33333333333333 74.30000000000001 81.5 84.5 84.875
83.77777777777779 75.5 82.25 84.4 84.875
83.33333333333333 73.7 81.125 85.2 83.875
84.11111111111111 76.2 81.5 85.0 84.875
83.88888888888889 75.1 81.25 85.6 85.125
83.44444444444444 72.7 80.875 85.1 84.0
83.55555555555554 73.7 81.25 84.1 85.5
84.66666666666667 73.2 81.5 85.1 85.0
85.33333333333333 72.8 81.125 85.9 85.875
84.55555555555556 73.2 82.0 84.2 85.0
83.66666666666667 70.7 80.5 85.7 86.0
84.22222222222223 72.6 80.5 85.4 83.625
85.22222222222223 72.2 81.0 84.1 85.25
84.55555555555556 72.2 81.5 85.9 85.5
83.66666666666667 71.4 79.5 85.3 84.25
84.88888888888889 68.9 79.375 85.7 85.375
84.88888888888889 70.1 80.25 85.2 84.5
84.66666666666667 71.8 82.75 86.2 86.25
83.44444444444444 66.3 79.375 84.7 83.75
83.11111111111111 68.0 79.5 85.4 84.0
83.88888888888889 67.7 79.625 85.5 85.375
84.11111111111111 66.8 79.0 84.4 85.625
83.77777777777779 66.9 79.25 85.0 84.25
84.55555555555556 66.9 78.625 85.0 84.375
85.0 66.60000000000001 78.5 85.5 85.625
83.33333333333333 64.8 77.75 84.8 85.375
84.22222222222223 63.5 78.125 85.6 85.5
83.44444444444444 63.1 77.0 83.8 84.375
83.44444444444444 61.800000000000004 77.0 85.3 84.75
83.66666666666667 61.199999999999996 77.375 84.4 85.125
83.77777777777779 63.0 78.125 86.7 86.75
84.0 61.1 78.125 84.5 84.0
84.0 61.199999999999996 76.875 84.9 85.25
84.0 61.800000000000004 76.75 84.9 85.375
83.55555555555554 60.8 76.25 85.0 84.125
83.77777777777779 60.900000000000006 77.75 85.2 84.375
83.88888888888889 59.8 76.375 84.6 83.75
83.33333333333333 58.1 76.25 84.8 84.25
82.55555555555554 82.3 81.625 80.69999999999999 82.5
81.0 79.2 81.625 81.69999999999999 83.0
81.88888888888889 81.3 82.125 81.9 82.5
80.77777777777779 80.19999999999999 81.25 80.19999999999999 80.0
82.55555555555554 55.9 76.0 85.6 85.375
80.77777777777779 80.3 81.375 81.8 81.75
81.55555555555556 81.10000000000001 81.75 82.19999999999999 81.25
81.22222222222223 81.10000000000001 82.375 81.19999999999999 81.875
81.44444444444444 78.89999999999999 81.0 81.3 82.0
84.0 65.19999999999999 74.625 85.7 85.125
81.44444444444444 79.5 79.75 81.8 81.5
81.1111111111111 80.19999999999999 80.5 81.19999999999999 81.875
81.1111111111111 78.8 82.0 80.9 81.125
81.88888888888889 80.5 80.75 81.4 81.25
83.33333333333333 57.7 76.25 84.9 84.5
82.44444444444444 81.5 81.875 81.8 81.75
79.88888888888889 79.8 80.875 80.3 81.5
81.88888888888889 80.4 81.0 81.8 81.5
82.44444444444444 81.0 81.375 81.8 82.125
84.66666666666667 63.2 74.375 84.1 84.25
81.33333333333333 80.19999999999999 82.0 82.10000000000001 82.125
81.66666666666667 80.5 81.0 81.4 81.875
81.88888888888889 79.10000000000001 82.875 81.19999999999999 82.125
81.0 80.4 81.0 81.0 83.375
81.77777777777779 80.10000000000001 81.125 81.5 81.0
82.44444444444444 81.60000000000001 82.375 82.3 82.25
82.88888888888889 79.9 82.25 83.0 83.375
81.0 79.60000000000001 81.375 81.10000000000001 82.625
81.55555555555556 81.60000000000001 81.75 81.8 81.75
82.1111111111111 80.9 82.625 82.8 83.5
83.88888888888889 61.699999999999996 73.75 84.2 83.375
83.33333333333333 61.6 71.875 83.7 84.0
85.33333333333333 63.70000000000001 74.25 85.4 83.5
84.0 64.69999999999999 75.75 85.2 84.125
84.66666666666667 62.5 72.625 85.4 83.875
83.66666666666667 63.9 74.875 85.9 85.0
83.22222222222223 63.70000000000001 74.375 85.1 84.625
82.88888888888889 63.8 73.75 85.4 85.125
83.66666666666667 63.3 73.375 84.6 84.0
84.11111111111111 65.4 75.5 84.6 84.875
83.88888888888889 65.4 75.875 85.8 85.75
83.77777777777779 62.6 74.75 85.1 83.0
83.11111111111111 66.19999999999999 74.25 84.7 84.625
84.88888888888889 63.70000000000001 72.375 86.5 86.5
84.11111111111111 64.69999999999999 73.625 84.9 84.625
84.33333333333333 63.4 74.75 85.5 85.375
85.11111111111111 64.69999999999999 73.25 85.1 85.0
83.88888888888889 64.60000000000001 73.75 85.7 85.0
85.0 63.5 74.0 85.7 85.0
85.22222222222223 65.69999999999999 74.625 87.0 84.25
84.55555555555556 63.1 72.75 86.2 86.25
84.55555555555556 63.9 73.125 85.3 85.75
85.77777777777777 65.0 75.25 88.1 87.625
82.88888888888889 65.3 73.875 85.3 84.5
85.55555555555556 64.0 72.25 85.7 85.375
84.22222222222223 66.0 72.25 84.9 85.0
83.55555555555554 65.10000000000001 73.0 84.7 85.0
84.33333333333333 66.0 73.0 85.3 84.625
84.66666666666667 65.9 72.625 85.2 84.75
85.22222222222223 64.69999999999999 72.125 85.2 84.875
82.88888888888889 63.6 70.25 85.4 84.375
84.66666666666667 64.9 71.75 85.9 84.625
84.22222222222223 66.0 70.625 86.8 85.75
84.0 66.5 69.625 86.1 84.875
84.55555555555556 64.19999999999999 70.25 86.1 85.125
84.88888888888889 65.8 70.875 86.4 84.5
85.77777777777777 67.5 70.625 87.5 86.625
85.44444444444444 66.0 69.625 86.8 85.75
84.0 66.4 68.25 86.7 85.875
85.11111111111111 66.0 69.0 87.0 85.25
84.88888888888889 65.19999999999999 68.5 87.7 86.25
85.22222222222223 64.5 69.25 87.7 86.25
86.22222222222223 66.8 67.25 87.2 85.625
85.66666666666667 65.9 65.75 86.6 87.0
86.33333333333333 65.69999999999999 67.5 87.5 85.75
84.11111111111111 66.10000000000001 67.5 86.6 85.5
85.66666666666667 67.5 67.0 87.7 87.0
85.33333333333333 65.4 64.5 86.8 86.0
85.88888888888889 66.69999999999999 65.375 87.9 86.25
86.22222222222223 65.69999999999999 66.5 87.4 85.875
85.44444444444444 66.10000000000001 64.75 87.8 86.0
86.0 66.69999999999999 64.0 88.5 86.625
85.55555555555556 66.69999999999999 66.625 88.0 85.75
85.77777777777777 65.5 64.875 86.9 86.375
85.11111111111111 67.8 65.75 87.9 85.5
84.88888888888889 66.60000000000001 64.875 87.0 86.0
85.55555555555556 67.6 65.75 88.0 86.375
86.0 66.69999999999999 65.5 87.9 87.375
86.44444444444444 68.4 66.375 87.2 86.125
86.0 66.10000000000001 65.375 88.1 85.5
85.22222222222223 66.10000000000001 63.875 87.3 87.625
85.77777777777777 67.5 66.75 87.9 86.375
83.88888888888889 66.5 64.875 86.9 86.25
86.11111111111111 65.5 65.125 87.4 86.0
86.33333333333333 65.9 65.0 88.2 86.625
85.33333333333333 64.60000000000001 63.875 87.2 85.75
85.44444444444444 66.10000000000001 64.375 86.9 86.25
85.77777777777777 66.3 65.0 87.6 86.75
85.0 67.7 66.0 87.5 85.5
86.0 68.0 67.375 86.8 86.375
85.88888888888889 66.0 65.875 88.7 86.875
85.77777777777777 67.6 64.375 87.7 86.0
84.66666666666667 65.5 64.625 86.4 85.25
85.0 67.5 65.25 87.2 85.25
84.66666666666667 67.0 65.125 87.1 86.0
85.55555555555556 67.10000000000001 66.125 88.4 85.75
85.77777777777777 66.3 63.5 88.3 86.375
85.55555555555556 68.1 65.125 86.7 85.625
86.33333333333333 67.6 66.375 87.3 87.125
84.22222222222223 65.9 64.125 87.4 85.875
86.0 65.4 64.625 88.9 87.0
83.66666666666667 65.5 63.75 86.3 84.75
86.0 67.10000000000001 63.625 87.9 85.875
84.66666666666667 66.0 66.625 88.0 86.125
85.44444444444444 66.9 63.75 87.1 86.0
86.88888888888889 66.5 65.5 87.6 86.375
84.11111111111111 65.69999999999999 63.375 86.6 85.75
85.44444444444444 66.9 65.75 87.5 86.125
85.22222222222223 67.0 63.625 87.5 86.5
86.22222222222223 67.6 66.125 88.8 87.625
85.22222222222223 67.7 63.25 88.1 85.75
86.0 68.2 65.25 87.7 86.5
86.33333333333333 66.69999999999999 65.0 87.7 86.125
85.55555555555556 66.3 65.625 88.8 87.125
85.88888888888889 66.5 66.125 87.8 86.0
85.55555555555556 67.7 62.5 86.7 85.75
86.44444444444444 67.4 64.5 88.7 86.0
86.11111111111111 66.3 64.5 87.5 86.625
86.33333333333333 68.6 65.5 87.4 86.125
