0.0 0.11898395721925134 0.06979865771812081 0.0 0.0
0.0013698630136986301 0.1657754010695187 0.06711409395973154 0.0 0.0
0.0027397260273972603 0.14304812834224598 0.03355704697986577 0.0 0.0
0.0 0.14572192513368984 0.09664429530201342 0.0 0.0
0.0027397260273972603 0.17780748663101603 0.08456375838926175 0.0 0.0
0.0 0.1550802139037433 0.06845637583892618 0.0 0.0
0.0 0.15641711229946526 0.087248322147651 0.0 0.0
0.0027397260273972603 0.16176470588235295 0.07919463087248321 0.0014598540145985403 0.0
0.0013698630136986301 0.15240641711229946 0.05100671140939597 0.0 0.0
0.0 0.1229946524064171 0.07248322147651007 0.0014598540145985403 0.0
0.0013698630136986301 0.11898395721925134 0.05503355704697987 0.0 0.0
0.0013698630136986301 0.1283422459893048 0.08053691275167786 0.0 0.0
0.0013698630136986301 0.15775401069518716 0.06174496644295302 0.0 0.0014880952380952382
0.0 0.12566844919786097 0.08859060402684564 0.0 0.0
0.0013698630136986301 0.16042780748663102 0.05100671140939597 0.0 0.0
0.0013698630136986301 0.1550802139037433 0.06845637583892618 0.0 0.0
0.0027397260273972603 0.15641711229946526 0.049664429530201344 0.0014598540145985403 0.0
0.00410958904109589 0.16711229946524064 0.08590604026845637 0.0 0.0
0.0013698630136986301 0.1751336898395722 0.07248322147651007 0.0 0.0
0.0 0.13368983957219252 0.06711409395973154 0.0 0.0
0.0013698630136986301 0.1497326203208556 0.056375838926174496 0.0 0.0
0.0027397260273972603 0.13770053475935828 0.0738255033557047 0.0 0.0
0.0027397260273972603 0.1818181818181818 0.052348993288590606 0.0 0.0
0.0027397260273972603 0.13903743315508021 0.05503355704697987 0.0014598540145985403 0.0
0.0013698630136986301 0.11229946524064172 0.053691275167785234 0.0 0.0
0.0013698630136986301 0.14438502673796794 0.056375838926174496 0.0014598540145985403 0.0
0.0013698630136986301 0.14171122994652408 0.07114093959731543 0.0 0.0
0.0 0.15641711229946526 0.06711409395973154 0.0 0.0
0.0013698630136986301 0.14304812834224598 0.056375838926174496 0.0 0.0
0.0 0.16042780748663102 0.06845637583892618 0.0 0.0
0.0013698630136986301 0.12165775401069519 0.053691275167785234 0.0014598540145985403 0.0
0.0 0.10695187165775401 0.05503355704697987 0.0 0.0
0.0013698630136986301 0.14572192513368984 0.06711409395973154 0.0 0.0
0.0 0.16310160427807488 0.06845637583892618 0.0 0.0
0.0 0.14304812834224598 0.06711409395973154 0.0 0.0
0.0013698630136986301 0.1483957219251337 0.06711409395973154 0.0 0.0
0.0013698630136986301 0.13770053475935828 0.06308724832214765 0.0 0.0
0.0 0.15775401069518716 0.08322147651006712 0.0 0.0
0.0027397260273972603 0.15240641711229946 0.08590604026845637 0.0014598540145985403 0.0
0.0013698630136986301 0.13502673796791442 0.05503355704697987 0.0 0.0014880952380952382
0.0013698630136986301 0.16711229946524064 0.06711409395973154 0.0 0.0
0.0 0.13903743315508021 0.04563758389261745 0.0 0.0
0.0 0.14438502673796794 0.06979865771812081 0.0 0.0
0.0013698630136986301 0.11898395721925134 0.053691275167785234 0.0014598540145985403 0.0014880952380952382
0.0 0.10561497326203209 0.05906040268456376 0.0014598540145985403 0.0
0.0 0.1283422459893048 0.053691275167785234 0.0 0.0
0.0013698630136986301 0.13502673796791442 0.06979865771812081 0.0 0.0
0.0 0.11229946524064172 0.04429530201342282 0.0 0.0
0.00410958904109589 0.1537433155080214 0.05503355704697987 0.0 0.0
0.0 0.13101604278074866 0.06174496644295302 0.0 0.0
0.0 0.13903743315508021 0.04832214765100671 0.0014598540145985403 0.0
0.0 0.10427807486631016 0.05771812080536912 0.0 0.0
0.0027397260273972603 0.1537433155080214 0.06979865771812081 0.0014598540145985403 0.0
0.0027397260273972603 0.13502673796791442 0.05503355704697987 0.0014598540145985403 0.0
0.0027397260273972603 0.10561497326203209 0.05906040268456376 0.0 0.0
0.0 0.11229946524064172 0.08053691275167786 0.0 0.0
0.0 0.17647058823529413 0.0738255033557047 0.0014598540145985403 0.0
0.0013698630136986301 0.09893048128342247 0.05503355704697987 0.0 0.0
0.0027397260273972603 0.11898395721925134 0.05906040268456376 0.0 0.0
0.005479452054794521 0.13502673796791442 0.05771812080536912 0.0 0.0
0.0 0.10695187165775401 0.05906040268456376 0.0 0.0
0.006849315068493151 0.11497326203208556 0.038926174496644296 0.0 0.0
0.00410958904109589 0.08556149732620322 0.056375838926174496 0.0 0.0
0.0 0.14438502673796794 0.04429530201342282 0.0 0.0
0.0 0.08689839572192513 0.05100671140939597 0.0 0.0
0.0 0.1497326203208556 0.06711409395973154 0.0 0.0014880952380952382
0.0013698630136986301 0.1483957219251337 0.04832214765100671 0.0 0.0
0.0 0.10561497326203209 0.052348993288590606 0.0014598540145985403 0.0
0.0013698630136986301 0.10828877005347592 0.06711409395973154 0.004379562043795621 0.0
0.0 0.12433155080213905 0.07114093959731543 0.0 0.0
0.0027397260273972603 0.1323529411764706 0.06711409395973154 0.0 0.0
0.0013698630136986301 0.14304812834224598 0.07114093959731543 0.0014598540145985403 0.0
0.0 0.10828877005347592 0.03758389261744966 0.0029197080291970805 0.0
0.0 0.13101604278074866 0.053691275167785234 0.0 0.0
0.0 0.1270053475935829 0.06979865771812081 0.0014598540145985403 0.0
0.0027397260273972603 0.11764705882352941 0.053691275167785234 0.0 0.0
0.0 0.10962566844919786 0.06711409395973154 0.0014598540145985403 0.0
0.0 0.10828877005347592 0.06979865771812081 0.0 0.0
0.0013698630136986301 0.11497326203208556 0.04832214765100671 0.0029197080291970805 0.0
0.0013698630136986301 0.1283422459893048 0.052348993288590606 0.0014598540145985403 0.0
0.0027397260273972603 0.1323529411764706 0.042953020134228186 0.0 0.0
0.0027397260273972603 0.1163101604278075 0.053691275167785234 0.0 0.0
0.0 0.10561497326203209 0.049664429530201344 0.0 0.0
0.0 0.09358288770053476 0.06845637583892618 0.0 0.0
0.0 0.10962566844919786 0.06442953020134227 0.0 0.0
0.0 0.12433155080213905 0.06979865771812081 0.0 0.0
0.0 0.11898395721925134 0.03221476510067114 0.0 0.0
0.0 0.1283422459893048 0.06040268456375839 0.0014598540145985403 0.0
0.0 0.1163101604278075 0.05100671140939597 0.0 0.0
0.0013698630136986301 0.14304812834224598 0.053691275167785234 0.0 0.0
0.0013698630136986301 0.11363636363636363 0.05503355704697987 0.0 0.0
0.0013698630136986301 0.08957219251336898 0.042953020134228186 0.0 0.0
0.0027397260273972603 0.1323529411764706 0.034899328859060406 0.0 0.0
0.00410958904109589 0.09893048128342247 0.052348993288590606 0.0014598540145985403 0.0
0.0 0.08422459893048129 0.07114093959731543 0.0 0.0
0.0 0.10294117647058824 0.05100671140939597 0.0029197080291970805 0.0
0.0 0.08422459893048129 0.06308724832214765 0.0 0.0
0.005479452054794521 0.10561497326203209 0.05503355704697987 0.0 0.0
0.0 0.10962566844919786 0.056375838926174496 0.0 0.0
0.0 0.1283422459893048 0.049664429530201344 0.0014598540145985403 0.0
0.0 0.12967914438502676 0.042953020134228186 0.0014598540145985403 0.0
0.0 0.0 0.0 0.0 0.0
0.0 0.0 0.0 0.0 0.0
0.0 0.0 0.0 0.0 0.0
0.0 0.0013368983957219253 0.0 0.0 0.0
0.0 0.10026737967914438 0.05503355704697987 0.0 0.0
0.0 0.0 0.0 0.0 0.0
0.0 0.0 0.0 0.0 0.0
0.0 0.0 0.0 0.0 0.0
0.0 0.0 0.0 0.0 0.0
0.0 0.02540106951871658 0.13288590604026845 0.0 0.0
0.0 0.0 0.0 0.0 0.0
0.0 0.0 0.0013422818791946308 0.0 0.0
0.0 0.0 0.0 0.0 0.0
0.0 0.0 0.0 0.0 0.0
0.0013698630136986301 0.08288770053475936 0.0738255033557047 0.0 0.0
0.0 0.0 0.0 0.0 0.0
0.0 0.0 0.0 0.0 0.0
0.0 0.0 0.0 0.0 0.0
0.0 0.0 0.0 0.0 0.0
0.0 0.034759358288770054 0.1691275167785235 0.0 0.0
0.0 0.0 0.0 0.0 0.0
0.0 0.0 0.0 0.0 0.0
0.0 0.0 0.0 0.0 0.0
0.0 0.0 0.0 0.0 0.0
0.0 0.0 0.0 0.0 0.0
0.0 0.0 0.0 0.0 0.0
0.0 0.0 0.0 0.0 0.0
0.0 0.0 0.0 0.0 0.0
0.0 0.0 0.0 0.0014598540145985403 0.0
0.0 0.0 0.0 0.0014598540145985403 0.0
0.0 0.040106951871657755 0.1436241610738255 0.0 0.0
0.0 0.058823529411764705 0.1476510067114094 0.0029197080291970805 0.0
0.0 0.040106951871657755 0.11275167785234899 0.0014598540145985403 0.0
0.0 0.038770053475935824 0.1476510067114094 0.0 0.0
0.0 0.05481283422459893 0.20134228187919462 0.004379562043795621 0.0
0.0 0.04679144385026738 0.16778523489932884 0.0 0.0
0.0 0.0320855614973262 0.17181208053691274 0.0014598540145985403 0.0
0.0 0.05481283422459893 0.15838926174496643 0.0014598540145985403 0.0
0.0 0.0374331550802139 0.18926174496644294 0.0014598540145985403 0.0
0.0013698630136986301 0.04278074866310161 0.20134228187919462 0.0 0.0
0.0013698630136986301 0.05213903743315508 0.1651006711409396 0.0014598540145985403 0.0
0.0 0.04679144385026738 0.2174496644295302 0.0 0.0
0.0027397260273972603 0.0320855614973262 0.2 0.0014598540145985403 0.0
0.0 0.0748663101604278 0.2644295302013423 0.0 0.0
0.0013698630136986301 0.038770053475935824 0.2389261744966443 0.0014598540145985403 0.0
0.0 0.05481283422459893 0.26308724832214764 0.0014598540145985403 0.0
0.0 0.05481283422459893 0.28053691275167786 0.0029197080291970805 0.0
0.0 0.05213903743315508 0.3020134228187919 0.0 0.0
0.0 0.060160427807486636 0.3355704697986577 0.0029197080291970805 0.0
0.0 0.038770053475935824 0.3825503355704698 0.0 0.0
0.0 0.06550802139037433 0.4711409395973154 0.0 0.0
0.0 0.034759358288770054 0.46308724832214765 0.0 0.0
0.0013698630136986301 0.040106951871657755 0.5503355704697986 0.0014598540145985403 0.0
0.0013698630136986301 0.0641711229946524 0.5234899328859061 0.0 0.0
0.0 0.04946524064171123 0.6268456375838926 0.0029197080291970805 0.0
0.0 0.060160427807486636 0.6899328859060403 0.0 0.0
0.0 0.0641711229946524 0.6899328859060403 0.0029197080291970805 0.0
0.0 0.04679144385026738 0.6295302013422819 0.0 0.0
0.0 0.05748663101604278 0.7906040268456376 0.0 0.0
0.0 0.05213903743315508 0.8442953020134228 0.0 0.0
0.0 0.0641711229946524 0.9503355704697987 0.0 0.0
0.0013698630136986301 0.05614973262032086 0.9221476510067115 0.0 0.0
0.0 0.05614973262032086 1.0778523489932885 0.0 0.0
0.0 0.05080213903743316 1.1073825503355703 0.0 0.0
0.0013698630136986301 0.06818181818181819 1.0859060402684564 0.0 0.0
0.0 0.04278074866310161 1.246979865771812 0.0 0.0
0.0013698630136986301 0.04946524064171123 1.2751677852348993 0.0014598540145985403 0.0
0.0 0.07219251336898397 1.4671140939597316 0.0 0.0
0.0013698630136986301 0.04679144385026738 1.5140939597315435 0.0014598540145985403 0.0014880952380952382
0.0 0.07620320855614973 1.633557046979866 0.0 0.0
0.0 0.06149732620320855 1.6496644295302012 0.0029197080291970805 0.0
0.0013698630136986301 0.058823529411764705 1.7328859060402684 0.0 0.0
0.0 0.07085561497326204 1.8899328859060402 0.0 0.0
0.0 0.07620320855614973 2.053691275167785 0.0 0.0
0.0 0.058823529411764705 2.0644295302013425 0.0 0.0
0.0 0.05080213903743316 2.1127516778523487 0.0 0.0
0.0 0.058823529411764705 2.2536912751677853 0.0014598540145985403 0.0
0.0 0.04946524064171123 2.2456375838926173 0.0 0.0
0.0027397260273972603 0.07887700534759358 2.244295302013423 0.0 0.0
0.0 0.06951871657754011 2.2134228187919462 0.0 0.0
0.0 0.0748663101604278 2.3060402684563757 0.0 0.0
0.0 0.06684491978609626 2.449664429530201 0.0 0.0
0.0027397260273972603 0.07887700534759358 2.276510067114094 0.0 0.0
0.0 0.0481283422459893 2.4120805369127516 0.0 0.0
0.0 0.07085561497326204 2.3624161073825505 0.0014598540145985403 0.0
0.0 0.06283422459893048 2.3114093959731545 0.0 0.0
0.0 0.05481283422459893 2.3288590604026846 0.0 0.0
0.0 0.08021390374331551 2.334228187919463 0.0 0.0
0.0 0.07219251336898397 2.363758389261745 0.0029197080291970805 0.0014880952380952382
0.0 0.07219251336898397 2.32751677852349 0.0014598540145985403 0.0
0.0 0.08556149732620322 2.370469798657718 0.0029197080291970805 0.0
0.0 0.04545454545454545 2.2751677852348995 0.0 0.0
0.0 0.07620320855614973 2.334228187919463 0.0014598540145985403 0.0
0.0 0.08422459893048129 2.393288590604027 0.0014598540145985403 0.0
0.0 0.06951871657754011 2.381208053691275 0.0 0.0
0.0 0.08422459893048129 2.3583892617449664 0.0 0.0
0.0 0.08288770053475936 2.3597315436241613 0.0 0.0
0.0 0.08021390374331551 2.366442953020134 0.0014598540145985403 0.0
0.0 0.06283422459893048 2.2630872483221474 0.0029197080291970805 0.0
0.0 0.0481283422459893 2.287248322147651 0.0029197080291970805 0.0
0.0 0.07219251336898397 2.3959731543624163 0.0 0.0
0.0 0.0641711229946524 2.3543624161073824 0.0 0.0
0.0 0.08823529411764706 2.3221476510067114 0.0 0.0
0.0 0.06283422459893048 2.3234899328859058 0.0 0.0
0.0 0.058823529411764705 2.348993288590604 0.0 0.0
0.0 0.08422459893048129 2.324832214765101 0.0 0.0
0.0 0.06951871657754011 2.3785234899328858 0.0 0.0
0.0 0.06149732620320855 2.3114093959731545 0.0 0.0
0.0 0.07620320855614973 2.3060402684563757 0.0 0.0
0.0 0.06684491978609626 2.4053691275167783 0.0029197080291970805 0.0
0.0 0.08021390374331551 2.367785234899329 0.0 0.0
0.0 0.058823529411764705 2.350335570469799 0.0 0.0
0.0 0.07754010695187165 2.4053691275167783 0.0 0.0
0.0 0.07085561497326204 2.297986577181208 0.0 0.0
0.0 0.06550802139037433 2.506040268456376 0.0029197080291970805 0.0
0.0 0.0641711229946524 2.4281879194630873 0.004379562043795621 0.0
0.0027397260273972603 0.07754010695187165 2.425503355704698 0.0 0.0
0.0 0.058823529411764705 2.425503355704698 0.0 0.0
0.0 0.06684491978609626 2.402684563758389 0.0 0.0014880952380952382
0.0 0.08556149732620322 2.457718120805369 0.0014598540145985403 0.0
0.0 0.08556149732620322 2.504697986577181 0.0 0.0
0.0 0.058823529411764705 2.4604026845637583 0.0014598540145985403 0.0014880952380952382
0.0 0.07352941176470587 2.4510067114093963 0.0 0.0014880952380952382
0.0013698630136986301 0.060160427807486636 2.4510067114093963 0.0 0.0
0.0 0.0641711229946524 2.3691275167785237 0.0 0.0
0.0 0.07219251336898397 2.4563758389261743 0.0 0.0
0.0 0.08823529411764706 2.4966442953020134 0.0 0.0
0.0 0.08689839572192513 2.48993288590604 0.0 0.0
0.0013698630136986301 0.07219251336898397 2.4469798657718123 0.0 0.0
