17.0 32.666666666666664 28.0 15.833333333333334 14.333333333333334
17.166666666666668 32.5 30.0 15.833333333333334 14.833333333333334
18.666666666666668 30.166666666666668 26.5 16.166666666666664 12.166666666666666
18.166666666666668 32.33333333333333 24.333333333333332 18.0 11.833333333333332
18.166666666666668 33.666666666666664 22.0 13.333333333333334 14.166666666666666
17.0 31.666666666666668 26.0 13.666666666666668 15.0
19.166666666666664 33.166666666666664 27.333333333333336 14.5 11.833333333333332
20.333333333333332 32.33333333333333 24.166666666666668 12.333333333333334 13.333333333333334
17.166666666666668 31.166666666666664 24.333333333333332 16.5 15.5
19.0 31.333333333333332 23.333333333333336 17.5 13.0
16.166666666666664 31.5 25.666666666666668 17.0 13.833333333333332
17.0 33.0 26.833333333333336 13.833333333333332 15.666666666666666
18.166666666666668 31.333333333333332 24.166666666666668 15.0 15.833333333333334
18.0 32.33333333333333 27.5 13.5 11.0
18.666666666666668 31.0 24.0 14.166666666666666 10.666666666666666
18.333333333333332 32.833333333333336 25.666666666666668 13.0 13.0
20.0 31.166666666666664 26.666666666666668 15.0 14.0
17.5 32.0 25.666666666666668 16.0 13.833333333333332
17.333333333333332 32.0 27.166666666666664 15.0 14.333333333333334
16.5 34.166666666666664 24.333333333333332 14.166666666666666 14.333333333333334
19.666666666666664 34.333333333333336 25.666666666666668 14.333333333333334 14.5
15.166666666666666 31.666666666666668 26.166666666666668 13.5 11.833333333333332
16.833333333333332 30.333333333333332 29.666666666666668 12.333333333333334 14.5
16.5 35.0 25.166666666666668 13.5 12.166666666666666
16.833333333333332 32.33333333333333 25.333333333333332 17.333333333333332 14.333333333333334
16.333333333333332 28.666666666666668 24.5 14.166666666666666 14.5
16.833333333333332 30.833333333333336 27.833333333333336 16.333333333333332 13.166666666666666
20.666666666666668 32.33333333333333 28.0 13.833333333333332 16.666666666666668
18.333333333333332 30.333333333333332 26.166666666666668 14.166666666666666 10.833333333333334
19.333333333333336 30.0 23.833333333333336 15.0 13.5
15.5 32.33333333333333 27.5 12.833333333333334 15.833333333333334
15.333333333333332 32.33333333333333 25.5 17.333333333333332 14.5
18.166666666666668 31.5 26.5 14.666666666666666 13.833333333333332
17.0 30.333333333333332 25.666666666666668 14.0 15.166666666666666
17.666666666666668 32.16666666666667 23.0 12.833333333333334 11.333333333333334
18.166666666666668 34.833333333333336 27.166666666666664 15.0 15.0
18.166666666666668 30.5 23.333333333333336 13.166666666666666 16.0
18.666666666666668 28.666666666666668 25.833333333333332 15.166666666666666 14.5
17.666666666666668 32.0 26.833333333333336 11.333333333333334 15.0
16.0 32.666666666666664 24.166666666666668 16.0 13.333333333333334
16.666666666666668 32.0 26.5 14.666666666666666 15.166666666666666
16.333333333333332 35.0 27.833333333333336 14.0 15.0
15.666666666666666 32.833333333333336 23.166666666666664 14.0 13.833333333333332
20.166666666666664 33.166666666666664 23.666666666666664 14.333333333333334 13.0
16.833333333333332 32.33333333333333 24.0 16.166666666666664 13.0
18.166666666666668 31.0 28.166666666666668 15.166666666666666 15.0
19.5 31.166666666666664 24.0 14.833333333333334 15.666666666666666
17.833333333333332 32.5 29.166666666666668 16.0 14.166666666666666
16.833333333333332 34.166666666666664 26.0 15.333333333333332 12.166666666666666
14.666666666666666 32.33333333333333 27.166666666666664 13.833333333333332 13.5
18.333333333333332 31.0 26.666666666666668 13.833333333333332 13.166666666666666
18.166666666666668 33.166666666666664 24.833333333333332 11.5 11.5
17.333333333333332 35.833333333333336 25.0 17.666666666666668 10.5
19.0 39.66666666666667 28.333333333333332 11.5 14.5
17.166666666666668 33.666666666666664 25.5 13.0 12.5
15.333333333333332 33.333333333333336 27.0 15.0 13.5
17.666666666666668 31.666666666666668 24.333333333333332 13.666666666666668 11.5
17.333333333333332 31.833333333333332 24.166666666666668 11.833333333333332 16.5
16.5 31.666666666666668 26.166666666666668 13.833333333333332 16.0
18.833333333333332 31.833333333333332 25.833333333333332 14.333333333333334 15.833333333333334
19.333333333333336 33.166666666666664 23.666666666666664 13.333333333333334 13.166666666666666
17.666666666666668 30.166666666666668 27.333333333333336 15.333333333333332 13.666666666666668
16.0 27.833333333333336 26.0 14.5 12.833333333333334
16.666666666666668 32.666666666666664 25.833333333333332 13.5 12.666666666666666
16.833333333333332 32.16666666666667 26.0 16.666666666666668 15.833333333333334
17.333333333333332 30.333333333333332 25.333333333333332 15.0 13.5
17.0 32.666666666666664 26.333333333333332 12.833333333333334 15.5
16.666666666666668 35.0 23.666666666666664 15.5 13.833333333333332
20.0 32.5 23.166666666666664 11.5 14.333333333333334
18.0 31.166666666666664 22.333333333333332 14.166666666666666 13.5
18.5 30.833333333333336 26.666666666666668 15.0 14.166666666666666
15.166666666666666 34.333333333333336 30.166666666666668 13.833333333333332 14.166666666666666
19.166666666666664 33.5 25.333333333333332 14.833333333333334 11.166666666666666
17.166666666666668 32.33333333333333 26.0 14.5 15.5
18.666666666666668 28.833333333333332 29.166666666666668 15.833333333333334 18.0
17.833333333333332 30.833333333333336 24.666666666666668 13.833333333333332 13.5
19.666666666666664 32.16666666666667 25.833333333333332 14.333333333333334 13.0
16.333333333333332 30.166666666666668 26.833333333333336 16.333333333333332 12.833333333333334
19.333333333333336 33.5 27.833333333333336 14.666666666666666 12.666666666666666
20.0 31.833333333333332 26.666666666666668 14.666666666666666 12.333333333333334
18.333333333333332 31.0 24.0 14.833333333333334 14.333333333333334
19.333333333333336 30.666666666666664 26.666666666666668 13.333333333333334 14.666666666666666
16.833333333333332 31.833333333333332 26.0 14.333333333333334 13.166666666666666
19.833333333333336 27.333333333333336 24.5 13.5 12.166666666666666
21.0 32.16666666666667 25.333333333333332 12.166666666666666 12.166666666666666
18.5 31.666666666666668 24.333333333333332 12.0 12.166666666666666
18.833333333333332 31.833333333333332 28.333333333333332 14.5 12.5
18.666666666666668 33.333333333333336 27.0 13.333333333333334 14.5
18.833333333333332 30.666666666666664 25.5 13.666666666666668 12.5
17.666666666666668 30.333333333333332 28.166666666666668 13.0 13.0
16.166666666666664 30.0 28.5 17.166666666666668 13.5
15.5 31.666666666666668 26.166666666666668 14.0 14.333333333333334
15.166666666666666 32.833333333333336 25.833333333333332 12.0 14.833333333333334
16.666666666666668 30.5 27.333333333333336 16.333333333333332 17.833333333333332
17.166666666666668 32.0 29.166666666666668 13.166666666666666 12.833333333333334
15.333333333333332 33.833333333333336 25.833333333333332 13.0 13.0
17.0 37.166666666666664 22.833333333333336 14.5 16.833333333333332
19.166666666666664 29.0 26.5 17.0 14.0
17.333333333333332 29.833333333333332 26.0 16.0 13.0
16.5 30.5 27.5 13.833333333333332 11.5
17.666666666666668 30.333333333333332 28.333333333333332 13.333333333333334 14.0
14.333333333333334 15.833333333333334 14.666666666666666 17.0 14.5
15.166666666666666 15.833333333333334 15.333333333333332 13.166666666666666 16.333333333333332
14.166666666666666 16.666666666666668 14.5 16.0 17.0
17.5 14.666666666666666 14.5 16.333333333333332 17.0
20.0 33.0 26.333333333333332 15.333333333333332 13.666666666666668
12.333333333333334 14.833333333333334 15.833333333333334 13.666666666666668 12.666666666666666
15.166666666666666 16.0 13.5 16.333333333333332 17.166666666666668
15.166666666666666 18.333333333333332 16.166666666666664 16.5 12.833333333333334
12.5 16.833333333333332 17.5 15.833333333333334 14.5
17.333333333333332 27.666666666666664 30.666666666666664 15.333333333333332 16.0
14.166666666666666 17.0 19.0 14.0 15.5
14.166666666666666 15.0 18.0 16.333333333333332 12.5
15.0 14.333333333333334 14.333333333333334 18.166666666666668 14.333333333333334
14.5 16.166666666666664 16.5 15.333333333333332 14.5
18.666666666666668 36.0 28.333333333333332 14.833333333333334 13.0
13.666666666666668 13.166666666666666 18.666666666666668 14.5 12.833333333333334
13.833333333333332 11.666666666666668 14.166666666666666 16.166666666666664 15.833333333333334
14.333333333333334 17.0 14.166666666666666 16.166666666666664 15.0
14.666666666666666 15.0 15.5 17.333333333333332 16.333333333333332
15.666666666666666 29.833333333333332 28.666666666666668 14.166666666666666 11.833333333333332
16.166666666666664 16.666666666666668 14.833333333333334 12.833333333333334 16.833333333333332
13.833333333333332 14.666666666666666 16.166666666666664 18.166666666666668 16.833333333333332
14.833333333333334 15.5 14.666666666666666 14.166666666666666 14.5
15.666666666666666 15.666666666666666 16.333333333333332 15.666666666666666 16.833333333333332
16.166666666666664 13.333333333333334 16.5 19.5 14.5
15.666666666666666 17.166666666666668 14.666666666666666 13.833333333333332 15.333333333333332
15.833333333333334 16.5 15.833333333333334 15.333333333333332 14.5
14.5 14.666666666666666 15.833333333333334 16.166666666666664 16.5
16.666666666666668 15.166666666666666 15.5 14.666666666666666 14.833333333333334
16.166666666666664 14.666666666666666 18.333333333333332 15.333333333333332 17.333333333333332
14.5 31.333333333333332 27.666666666666664 14.833333333333334 13.0
15.166666666666666 26.5 27.833333333333336 12.5 13.833333333333332
17.0 28.5 33.333333333333336 14.0 13.666666666666668
19.333333333333336 25.833333333333332 28.5 15.5 16.333333333333332
13.166666666666666 30.833333333333336 33.0 12.333333333333334 13.333333333333334
14.833333333333334 28.166666666666668 30.5 16.333333333333332 11.833333333333332
16.0 28.5 30.5 15.166666666666666 14.666666666666666
16.0 27.5 30.333333333333332 17.0 11.833333333333332
15.333333333333332 29.0 30.5 15.833333333333334 14.166666666666666
18.166666666666668 28.166666666666668 28.333333333333332 15.5 13.5
21.166666666666668 27.0 30.0 15.833333333333334 15.333333333333332
17.0 31.666666666666668 34.666666666666664 15.666666666666666 14.833333333333334
14.666666666666666 31.666666666666668 28.666666666666668 13.833333333333332 10.833333333333334
15.5 31.5 29.166666666666668 13.0 13.0
18.0 30.0 31.333333333333332 13.833333333333332 14.166666666666666
18.333333333333332 30.166666666666668 29.5 15.333333333333332 13.166666666666666
15.666666666666666 30.666666666666664 32.16666666666667 14.166666666666666 14.333333333333334
17.5 27.833333333333336 34.0 12.5 9.333333333333334
17.0 29.666666666666668 32.16666666666667 17.333333333333332 14.333333333333334
17.666666666666668 27.5 32.16666666666667 16.166666666666664 13.166666666666666
16.833333333333332 29.0 33.5 13.333333333333334 13.833333333333332
19.0 28.666666666666668 31.5 13.833333333333332 11.0
17.5 31.0 34.333333333333336 16.0 15.666666666666666
18.833333333333332 27.0 31.833333333333332 15.333333333333332 14.833333333333334
15.5 32.16666666666667 34.0 14.5 12.166666666666666
18.333333333333332 26.333333333333332 34.0 15.666666666666666 12.0
18.666666666666668 29.5 30.166666666666668 13.333333333333334 13.333333333333334
16.666666666666668 28.833333333333332 33.5 13.833333333333332 12.5
14.5 33.0 32.33333333333333 16.166666666666664 14.833333333333334
17.333333333333332 28.5 32.33333333333333 15.5 13.333333333333334
17.5 29.166666666666668 32.0 15.333333333333332 14.166666666666666
16.166666666666664 28.0 33.666666666666664 15.166666666666666 11.666666666666668
15.333333333333332 31.666666666666668 36.0 13.666666666666668 13.5
13.5 27.833333333333336 34.166666666666664 17.0 13.833333333333332
15.166666666666666 28.5 35.833333333333336 16.666666666666668 15.333333333333332
14.166666666666666 29.0 37.166666666666664 14.833333333333334 13.333333333333334
13.833333333333332 26.833333333333336 37.0 16.666666666666668 14.833333333333334
17.166666666666668 32.666666666666664 34.333333333333336 17.0 12.666666666666666
14.0 30.666666666666664 35.666666666666664 14.166666666666666 11.333333333333334
19.666666666666664 28.833333333333332 37.666666666666664 15.666666666666666 12.833333333333334
13.833333333333332 29.666666666666668 36.166666666666664 16.333333333333332 14.833333333333334
16.833333333333332 30.833333333333336 37.5 16.166666666666664 11.0
16.333333333333332 30.0 37.333333333333336 16.333333333333332 12.166666666666666
15.0 29.333333333333332 38.16666666666667 15.833333333333334 13.333333333333334
19.166666666666664 31.5 38.83333333333333 14.0 13.166666666666666
16.166666666666664 30.0 38.83333333333333 15.5 11.333333333333334
18.666666666666668 32.33333333333333 43.0 14.5 11.0
15.666666666666666 31.5 41.166666666666664 15.833333333333334 14.666666666666666
17.666666666666668 31.0 39.0 14.666666666666666 15.5
15.833333333333334 33.0 38.66666666666667 14.666666666666666 13.5
15.5 30.666666666666664 43.666666666666664 15.166666666666666 11.666666666666668
12.333333333333334 31.5 39.66666666666667 16.333333333333332 12.5
16.333333333333332 32.833333333333336 42.166666666666664 16.833333333333332 14.5
13.5 33.666666666666664 43.166666666666664 17.166666666666668 12.666666666666666
13.333333333333334 32.33333333333333 40.5 14.333333333333334 10.666666666666666
16.0 31.0 41.333333333333336 14.333333333333334 10.333333333333334
17.166666666666668 30.0 41.833333333333336 15.166666666666666 12.666666666666666
15.333333333333332 31.0 44.666666666666664 15.0 13.333333333333334
15.333333333333332 31.666666666666668 40.5 15.166666666666666 14.833333333333334
17.833333333333332 31.5 39.33333333333333 14.666666666666666 9.833333333333332
15.166666666666666 30.833333333333336 41.666666666666664 17.833333333333332 13.0
17.166666666666668 34.333333333333336 36.0 16.333333333333332 12.833333333333334
14.666666666666666 30.0 38.33333333333333 15.166666666666666 13.166666666666666
15.333333333333332 29.833333333333332 41.666666666666664 13.333333333333334 13.833333333333332
16.5 30.833333333333336 39.16666666666667 14.166666666666666 14.333333333333334
14.333333333333334 29.5 38.83333333333333 15.5 11.5
16.333333333333332 29.166666666666668 40.833333333333336 17.0 15.833333333333334
18.0 27.0 41.666666666666664 15.666666666666666 11.5
17.166666666666668 27.666666666666664 40.833333333333336 16.333333333333332 12.833333333333334
15.166666666666666 32.33333333333333 36.666666666666664 15.5 12.833333333333334
19.5 31.0 42.666666666666664 16.833333333333332 14.166666666666666
17.666666666666668 29.5 40.0 18.0 13.833333333333332
14.5 29.166666666666668 41.666666666666664 16.666666666666668 14.166666666666666
18.0 31.833333333333332 38.0 19.666666666666664 14.833333333333334
15.166666666666666 26.833333333333336 40.833333333333336 13.166666666666666 14.333333333333334
14.166666666666666 29.666666666666668 35.833333333333336 14.333333333333334 14.0
16.5 31.166666666666664 41.166666666666664 17.666666666666668 13.666666666666668
14.666666666666666 29.333333333333332 41.5 15.833333333333334 10.5
14.333333333333334 31.833333333333332 37.0 20.333333333333332 11.333333333333334
17.333333333333332 32.0 40.33333333333333 11.333333333333334 10.833333333333334
18.333333333333332 28.666666666666668 41.166666666666664 16.666666666666668 13.333333333333334
15.5 30.0 38.66666666666667 15.5 16.166666666666664
15.833333333333334 28.166666666666668 43.666666666666664 17.833333333333332 13.5
15.333333333333332 32.0 38.83333333333333 16.0 12.5
17.166666666666668 29.833333333333332 38.16666666666667 16.5 12.833333333333334
15.666666666666666 30.5 39.5 16.166666666666664 11.666666666666668
15.666666666666666 30.833333333333336 39.16666666666667 18.166666666666668 13.5
16.666666666666668 30.166666666666668 43.5 16.166666666666664 10.833333333333334
15.833333333333334 30.833333333333336 42.5 17.166666666666668 11.0
18.0 31.166666666666664 44.0 15.166666666666666 13.166666666666666
13.5 30.166666666666668 41.166666666666664 17.0 14.166666666666666
16.5 31.666666666666668 41.0 16.666666666666668 15.333333333333332
17.666666666666668 32.0 43.666666666666664 15.666666666666666 14.166666666666666
16.166666666666664 28.0 43.166666666666664 17.0 13.0
16.0 29.5 41.5 17.0 11.5
14.333333333333334 27.833333333333336 41.333333333333336 15.333333333333332 9.5
14.666666666666666 33.0 43.5 16.0 13.0
13.833333333333332 30.0 42.666666666666664 16.833333333333332 13.666666666666668
16.333333333333332 31.166666666666664 37.333333333333336 16.0 13.833333333333332
