83.22222222222223 83.0 84.625 86.0 84.88888888888889
83.66666666666667 82.0 84.0 86.2 85.0
83.88888888888889 83.3 85.125 87.5 87.33333333333333
84.11111111111111 82.10000000000001 82.75 85.4 85.33333333333333
83.33333333333333 82.4 82.0 86.1 85.33333333333333
83.55555555555554 83.0 84.5 85.1 86.11111111111111
84.44444444444444 82.9 83.125 85.7 86.44444444444444
83.11111111111111 81.60000000000001 82.625 85.2 86.55555555555556
82.88888888888889 83.3 83.75 85.4 86.11111111111111
85.0 81.9 84.25 87.0 86.33333333333333
83.33333333333333 82.0 83.0 86.3 85.11111111111111
83.44444444444444 82.5 83.25 86.1 86.0
84.22222222222223 82.5 85.0 86.8 86.44444444444444
84.66666666666667 84.3 83.625 86.4 86.55555555555556
82.88888888888889 82.0 82.75 84.7 85.44444444444444
84.33333333333333 81.9 84.875 87.1 86.44444444444444
84.0 81.3 82.75 85.8 86.33333333333333
83.11111111111111 81.9 83.125 85.6 85.44444444444444
83.88888888888889 81.8 82.75 85.7 86.22222222222223
84.0 82.60000000000001 83.25 86.6 86.33333333333333
84.77777777777777 82.60000000000001 83.625 87.5 87.66666666666667
82.1111111111111 81.10000000000001 81.75 84.7 84.77777777777777
84.33333333333333 82.3 82.625 86.3 85.77777777777777
84.88888888888889 83.1 83.875 86.0 85.0
84.11111111111111 83.8 84.0 85.7 86.11111111111111
84.11111111111111 82.3 84.625 86.6 86.22222222222223
84.0 82.4 83.375 87.0 87.0
85.33333333333333 81.9 83.25 86.7 86.77777777777777
83.77777777777779 80.5 82.375 86.1 85.33333333333333
84.22222222222223 82.10000000000001 83.625 86.3 84.88888888888889
83.44444444444444 81.0 83.25 85.3 84.66666666666667
83.66666666666667 81.60000000000001 82.5 86.6 85.22222222222223
83.0 81.3 82.375 85.5 84.11111111111111
83.55555555555554 80.19999999999999 83.0 86.5 85.22222222222223
84.33333333333333 81.8 83.5 87.0 86.22222222222223
83.66666666666667 81.9 84.375 85.0 85.11111111111111
84.55555555555556 83.2 84.0 85.8 86.88888888888889
84.33333333333333 82.3 83.0 86.7 87.77777777777777
84.55555555555556 81.3 83.75 87.4 86.77777777777777
82.88888888888889 80.3 83.0 87.2 85.77777777777777
82.77777777777779 80.0 82.25 85.3 86.44444444444444
83.66666666666667 80.3 82.875 86.9 85.77777777777777
82.88888888888889 81.69999999999999 83.375 85.3 86.22222222222223
83.77777777777779 80.69999999999999 83.25 86.3 86.44444444444444
83.33333333333333 80.19999999999999 83.375 86.6 86.11111111111111
82.77777777777779 79.5 81.375 84.5 85.11111111111111
83.77777777777779 80.8 82.75 86.1 86.88888888888889
83.55555555555554 79.9 82.75 86.5 86.22222222222223
85.33333333333333 81.0 82.875 86.9 86.88888888888889
82.77777777777779 78.89999999999999 82.5 86.8 85.44444444444444
82.88888888888889 79.60000000000001 82.375 85.6 86.11111111111111
84.11111111111111 78.89999999999999 82.375 85.6 84.88888888888889
83.33333333333333 79.0 83.375 85.1 86.44444444444444
83.77777777777779 79.3 82.375 85.3 84.66666666666667
83.66666666666667 79.5 82.125 86.6 85.44444444444444
82.33333333333333 77.7 82.0 86.0 86.33333333333333
83.11111111111111 78.60000000000001 83.5 86.5 86.77777777777777
82.88888888888889 78.0 81.75 86.3 84.55555555555556
83.88888888888889 77.7 82.0 87.8 86.0
83.77777777777779 76.6 82.875 86.3 85.77777777777777
84.0 78.2 82.875 86.2 85.11111111111111
84.11111111111111 76.7 81.125 85.8 85.77777777777777
83.11111111111111 76.8 81.0 86.0 85.55555555555556
84.88888888888889 77.7 82.875 86.6 87.11111111111111
84.22222222222223 76.5 82.875 86.8 86.55555555555556
83.55555555555554 75.30000000000001 81.5 85.8 84.66666666666667
83.33333333333333 75.6 80.75 86.2 85.55555555555556
83.44444444444444 74.30000000000001 81.375 86.8 87.22222222222223
83.77777777777779 74.7 81.875 85.7 86.11111111111111
84.22222222222223 76.0 82.25 86.2 86.11111111111111
84.44444444444444 75.0 81.75 86.1 87.55555555555556
81.77777777777779 72.1 80.75 86.4 85.33333333333333
82.44444444444444 73.0 80.75 85.1 85.0
81.55555555555556 72.5 80.0 85.3 85.55555555555556
83.77777777777779 72.2 81.25 86.1 85.11111111111111
83.55555555555554 73.1 82.0 85.7 85.55555555555556
83.22222222222223 71.3 81.0 85.8 85.66666666666667
82.66666666666667 71.7 80.625 86.7 85.88888888888889
83.55555555555554 71.1 81.5 87.2 86.11111111111111
82.77777777777779 69.8 80.375 85.9 84.66666666666667
84.0 70.5 79.25 85.7 85.88888888888889
82.33333333333333 69.9 80.0 85.5 86.55555555555556
83.11111111111111 69.6 78.875 84.4 85.11111111111111
83.11111111111111 70.2 79.25 85.8 85.33333333333333
82.88888888888889 70.8 80.375 86.0 87.55555555555556
83.0 69.5 79.875 86.2 87.0
82.55555555555554 66.60000000000001 79.125 85.5 85.55555555555556
83.77777777777779 67.9 80.625 85.9 86.11111111111111
82.77777777777779 68.3 80.0 85.6 86.22222222222223
83.44444444444444 68.5 79.0 86.3 85.88888888888889
84.22222222222223 67.8 79.75 86.6 87.77777777777777
83.88888888888889 67.6 79.75 86.0 85.88888888888889
82.77777777777779 66.9 80.25 86.1 85.66666666666667
83.11111111111111 66.19999999999999 78.125 85.9 85.77777777777777
82.1111111111111 65.9 78.375 86.1 86.44444444444444
83.55555555555554 66.9 80.625 87.0 86.44444444444444
82.0 64.19999999999999 77.75 84.8 86.0
84.11111111111111 64.10000000000001 79.5 87.0 86.44444444444444
83.33333333333333 62.300000000000004 78.625 85.9 86.33333333333333
82.22222222222223 61.3 77.375 85.0 84.88888888888889
83.0 61.400000000000006 77.625 86.4 86.77777777777777
80.44444444444444 80.8 79.875 80.9 81.88888888888889
82.44444444444444 81.0 82.25 81.0 80.88888888888889
80.77777777777779 80.3 80.625 82.0 82.77777777777779
81.44444444444444 80.8 81.0 81.60000000000001 82.44444444444444
83.66666666666667 60.0 77.75 87.8 88.0
79.88888888888889 81.10000000000001 81.125 82.10000000000001 82.33333333333333
80.88888888888889 79.60000000000001 80.625 81.3 81.33333333333333
81.0 80.9 81.25 81.8 81.22222222222223
82.1111111111111 80.10000000000001 82.125 81.10000000000001 81.88888888888889
83.77777777777779 66.69999999999999 74.75 87.2 87.0
81.1111111111111 80.10000000000001 81.5 81.3 81.44444444444444
80.44444444444444 80.69999999999999 80.625 80.69999999999999 81.33333333333333
80.33333333333334 80.0 80.875 81.9 82.22222222222223
81.55555555555556 79.69999999999999 79.875 81.8 81.0
82.55555555555554 62.4 78.375 86.5 86.0
81.44444444444444 80.4 80.25 81.4 82.66666666666667
82.0 81.10000000000001 81.125 82.19999999999999 82.33333333333333
82.0 79.5 80.875 81.60000000000001 81.33333333333333
80.77777777777779 79.8 80.5 80.69999999999999 80.44444444444444
83.44444444444444 67.2 75.875 85.6 85.11111111111111
81.77777777777779 80.69999999999999 81.875 81.8 82.66666666666667
81.22222222222223 79.60000000000001 81.875 80.8 81.66666666666667
82.1111111111111 80.3 81.0 82.5 82.1111111111111
81.44444444444444 80.10000000000001 81.25 80.60000000000001 82.1111111111111
80.44444444444444 78.8 80.75 80.0 81.1111111111111
81.88888888888889 80.69999999999999 81.875 82.4 81.55555555555556
82.1111111111111 80.9 81.75 82.3 82.33333333333333
81.55555555555556 80.10000000000001 80.5 81.5 82.44444444444444
80.33333333333334 79.3 80.75 80.9 81.0
81.88888888888889 80.19999999999999 80.5 81.5 82.22222222222223
83.0 67.0 74.75 86.1 86.11111111111111
83.33333333333333 68.0 75.0 86.2 86.33333333333333
82.55555555555554 65.19999999999999 72.5 86.2 84.55555555555556
84.11111111111111 66.60000000000001 73.75 87.3 85.66666666666667
83.11111111111111 66.19999999999999 74.5 86.5 85.66666666666667
82.66666666666667 68.7 75.75 85.8 85.55555555555556
82.1111111111111 68.1 75.0 86.8 85.22222222222223
84.22222222222223 67.4 77.0 87.0 86.55555555555556
82.44444444444444 67.0 75.125 87.2 85.66666666666667
83.55555555555554 67.8 73.75 87.2 86.33333333333333
82.77777777777779 66.4 73.75 86.2 85.22222222222223
82.44444444444444 66.9 73.5 85.9 84.55555555555556
83.44444444444444 69.2 76.875 86.8 86.88888888888889
82.44444444444444 67.6 75.375 87.6 85.55555555555556
83.55555555555554 69.6 76.5 86.2 85.33333333333333
82.22222222222223 67.10000000000001 76.25 87.0 86.0
83.11111111111111 66.19999999999999 75.25 86.4 86.0
83.55555555555554 65.0 74.625 86.7 84.88888888888889
82.22222222222223 67.4 75.5 86.3 85.33333333333333
83.22222222222223 65.9 73.5 86.2 85.22222222222223
82.22222222222223 67.2 74.125 85.9 85.22222222222223
83.33333333333333 69.2 76.375 86.0 86.0
82.33333333333333 68.2 75.875 86.8 86.0
83.33333333333333 68.3 74.75 86.3 85.55555555555556
83.33333333333333 68.2 75.125 85.5 86.88888888888889
83.55555555555554 68.9 74.875 87.2 86.0
83.77777777777779 67.0 73.75 86.6 86.44444444444444
82.55555555555554 67.7 72.875 85.9 85.77777777777777
83.55555555555554 68.3 74.5 86.4 86.0
84.0 68.3 74.5 87.0 85.77777777777777
82.88888888888889 67.4 74.5 85.8 85.22222222222223
83.22222222222223 68.3 74.0 87.8 87.0
83.66666666666667 67.3 73.875 86.4 84.77777777777777
82.44444444444444 69.1 74.25 86.7 86.22222222222223
83.33333333333333 69.5 72.125 86.6 86.44444444444444
82.77777777777779 68.1 73.375 86.1 85.88888888888889
83.77777777777779 68.6 72.875 86.6 87.33333333333333
83.88888888888889 67.7 72.625 87.9 86.33333333333333
83.22222222222223 68.2 72.5 87.6 88.55555555555556
83.77777777777779 68.1 73.25 88.3 87.0
83.22222222222223 69.0 71.625 86.6 87.0
83.77777777777779 69.5 72.625 86.7 85.44444444444444
83.77777777777779 68.5 71.875 88.4 86.77777777777777
83.22222222222223 69.2 72.375 86.7 86.22222222222223
83.88888888888889 69.1 71.125 88.1 86.33333333333333
83.33333333333333 67.6 70.75 87.2 85.44444444444444
84.66666666666667 69.4 71.875 87.1 87.11111111111111
85.0 68.9 71.75 87.4 86.55555555555556
83.88888888888889 68.5 71.75 88.3 87.33333333333333
83.22222222222223 71.1 70.75 86.8 85.66666666666667
84.11111111111111 67.9 69.625 87.8 87.44444444444444
82.88888888888889 68.1 70.875 88.3 87.55555555555556
82.33333333333333 67.3 67.875 86.3 86.22222222222223
84.11111111111111 68.6 68.125 87.2 86.11111111111111
84.22222222222223 69.7 70.375 88.8 86.77777777777777
84.55555555555556 68.5 67.875 88.4 86.44444444444444
82.44444444444444 70.1 69.25 87.9 86.0
84.11111111111111 70.8 69.375 88.0 86.44444444444444
85.44444444444444 70.3 70.0 87.7 87.0
83.55555555555554 68.7 68.875 87.3 85.11111111111111
84.0 67.6 68.25 87.6 86.77777777777777
84.0 69.3 69.125 88.2 87.88888888888889
83.88888888888889 69.4 66.625 88.4 87.44444444444444
83.0 68.4 66.875 87.1 84.88888888888889
85.22222222222223 69.3 67.875 88.5 86.55555555555556
84.22222222222223 70.2 69.125 88.9 86.55555555555556
83.44444444444444 69.8 68.625 86.7 87.0
83.66666666666667 69.3 68.625 88.1 87.0
84.33333333333333 68.8 67.5 87.8 86.44444444444444
83.88888888888889 69.8 70.25 88.6 86.88888888888889
84.77777777777777 69.7 67.125 88.3 86.33333333333333
83.44444444444444 70.0 68.625 88.1 86.66666666666667
84.0 69.1 68.0 88.7 86.77777777777777
83.22222222222223 69.6 67.375 88.6 87.0
84.44444444444444 69.3 66.125 87.6 86.66666666666667
85.33333333333333 70.2 68.25 88.3 87.88888888888889
85.22222222222223 67.5 68.75 88.0 87.55555555555556
84.33333333333333 69.5 67.375 88.8 87.11111111111111
84.22222222222223 70.0 68.125 88.1 87.33333333333333
83.88888888888889 69.3 67.5 88.4 86.77777777777777
84.0 69.6 67.5 88.5 87.22222222222223
83.88888888888889 67.5 66.25 87.7 86.66666666666667
84.22222222222223 68.5 65.5 88.8 86.88888888888889
85.0 70.1 67.5 87.4 86.66666666666667
84.77777777777777 69.3 67.875 87.7 86.33333333333333
83.33333333333333 70.3 68.125 87.7 86.0
84.66666666666667 70.4 67.625 89.2 88.0
82.55555555555554 68.0 65.5 87.4 85.77777777777777
83.33333333333333 68.7 67.75 88.5 86.0
84.77777777777777 69.3 66.0 88.4 86.77777777777777
83.66666666666667 67.8 65.875 88.6 86.55555555555556
84.44444444444444 70.2 67.375 88.4 87.44444444444444
83.77777777777779 67.8 67.375 87.9 86.88888888888889
83.77777777777779 70.0 67.375 88.3 87.44444444444444
84.44444444444444 69.5 68.75 88.2 87.0
84.0 70.1 67.25 88.0 88.0
82.77777777777779 67.6 67.5 87.5 86.77777777777777
84.0 69.9 67.875 87.7 86.44444444444444
83.22222222222223 69.5 66.875 88.5 86.88888888888889
