0.0 0.12569832402234637 0.045706371191135735 0.0 0.0
0.00272108843537415 0.1759776536312849 0.060941828254847646 0.0 0.0
0.0 0.15782122905027934 0.04986149584487535 0.0013422818791946308 0.0
0.0 0.13268156424581007 0.03878116343490305 0.0 0.0
0.0 0.11871508379888268 0.062326869806094184 0.0 0.0
0.0 0.1522346368715084 0.054016620498614956 0.0013422818791946308 0.0
0.0 0.17737430167597765 0.05678670360110803 0.0 0.0
0.0 0.14106145251396648 0.062326869806094184 0.0 0.0
0.0 0.15363128491620112 0.04293628808864266 0.0 0.0
0.001360544217687075 0.12988826815642457 0.054016620498614956 0.0013422818791946308 0.0
0.004081632653061224 0.18435754189944134 0.04155124653739613 0.0 0.0
0.001360544217687075 0.14245810055865923 0.05678670360110803 0.0013422818791946308 0.0
0.001360544217687075 0.12150837988826815 0.04293628808864266 0.0 0.0
0.0 0.1564245810055866 0.04986149584487535 0.0026845637583892616 0.0
0.00272108843537415 0.12430167597765363 0.04293628808864266 0.0013422818791946308 0.0
0.0 0.16201117318435757 0.0595567867036011 0.0 0.0
0.00272108843537415 0.16620111731843573 0.0332409972299169 0.0013422818791946308 0.0
0.0 0.1452513966480447 0.037396121883656507 0.0013422818791946308 0.0
0.0 0.14385474860335196 0.055401662049861494 0.0 0.0
0.001360544217687075 0.12849162011173185 0.04016620498614958 0.0 0.0014084507042253522
0.00272108843537415 0.16759776536312848 0.05678670360110803 0.0 0.0
0.001360544217687075 0.138268156424581 0.048476454293628804 0.0 0.0
0.001360544217687075 0.12988826815642457 0.054016620498614956 0.0013422818791946308 0.0
0.00272108843537415 0.10195530726256984 0.03878116343490305 0.0 0.0
0.0 0.1340782122905028 0.04709141274238227 0.0 0.0
0.0 0.12569832402234637 0.06509695290858726 0.0013422818791946308 0.0
0.0 0.12011173184357542 0.0332409972299169 0.0 0.0
0.0 0.17737430167597765 0.048476454293628804 0.0 0.0
0.0 0.14106145251396648 0.062326869806094184 0.0 0.0
0.001360544217687075 0.14245810055865923 0.04709141274238227 0.0026845637583892616 0.0
0.001360544217687075 0.11312849162011174 0.04709141274238227 0.0 0.0
0.001360544217687075 0.1522346368715084 0.045706371191135735 0.0 0.0
0.0 0.12569832402234637 0.05678670360110803 0.0026845637583892616 0.0
0.00272108843537415 0.138268156424581 0.060941828254847646 0.0013422818791946308 0.0
0.0 0.10754189944134078 0.05678670360110803 0.0026845637583892616 0.0
0.0 0.10195530726256984 0.045706371191135735 0.0 0.0014084507042253522
0.00272108843537415 0.10754189944134078 0.060941828254847646 0.0 0.0
0.0 0.11033519553072627 0.045706371191135735 0.0 0.0014084507042253522
0.0 0.15921787709497207 0.08033240997229917 0.0 0.0
0.0 0.1452513966480447 0.04155124653739613 0.0 0.0
0.001360544217687075 0.11033519553072627 0.04709141274238227 0.0 0.0
0.0 0.1229050279329609 0.05678670360110803 0.0 0.0
0.001360544217687075 0.11731843575418993 0.030470914127423823 0.0 0.0
0.0 0.14804469273743018 0.04709141274238227 0.0 0.0
0.0 0.1270949720670391 0.0443213296398892 0.0 0.0
0.001360544217687075 0.11033519553072627 0.048476454293628804 0.0 0.0
0.0 0.09078212290502793 0.0443213296398892 0.0 0.0
0.001360544217687075 0.10893854748603353 0.0595567867036011 0.0 0.0
0.0 0.1229050279329609 0.08310249307479226 0.0 0.0
0.001360544217687075 0.14385474860335196 0.052631578947368425 0.0013422818791946308 0.0
0.001360544217687075 0.10335195530726257 0.029085872576177285 0.0 0.0
0.001360544217687075 0.1229050279329609 0.0443213296398892 0.0 0.0
0.0 0.0824022346368715 0.03878116343490305 0.0 0.0
0.0 0.11871508379888268 0.03462603878116344 0.0 0.0
0.001360544217687075 0.09776536312849161 0.03185595567867036 0.0 0.0
0.0 0.1159217877094972 0.05817174515235457 0.0 0.0
0.001360544217687075 0.10335195530726257 0.045706371191135735 0.0 0.0
0.0 0.11871508379888268 0.055401662049861494 0.0 0.0
0.0 0.11033519553072627 0.03878116343490305 0.0 0.0
0.001360544217687075 0.1340782122905028 0.06925207756232687 0.0013422818791946308 0.0
0.00272108843537415 0.10893854748603353 0.036011080332409975 0.0013422818791946308 0.0
0.0 0.1340782122905028 0.055401662049861494 0.0 0.0
0.0 0.111731843575419 0.060941828254847646 0.0 0.0
0.001360544217687075 0.138268156424581 0.04155124653739613 0.0 0.0
0.00272108843537415 0.1340782122905028 0.04016620498614958 0.0 0.0
0.0 0.11871508379888268 0.04155124653739613 0.0 0.0
0.004081632653061224 0.11871508379888268 0.026315789473684213 0.0 0.0
0.001360544217687075 0.14385474860335196 0.055401662049861494 0.0 0.0
0.0 0.1159217877094972 0.04986149584487535 0.0013422818791946308 0.0
0.0 0.1159217877094972 0.0664819944598338 0.0 0.0
0.0 0.1159217877094972 0.048476454293628804 0.0 0.0
0.0 0.13547486033519554 0.04709141274238227 0.0 0.0
0.0 0.1340782122905028 0.03878116343490305 0.0013422818791946308 0.0
0.0 0.138268156424581 0.054016620498614956 0.0013422818791946308 0.0
0.00272108843537415 0.12988826815642457 0.03462603878116344 0.0 0.0
0.0 0.10614525139664804 0.036011080332409975 0.0 0.0
0.001360544217687075 0.09636871508379888 0.026315789473684213 0.0013422818791946308 0.0
0.0 0.10335195530726257 0.045706371191135735 0.0 0.0
0.0 0.11033519553072627 0.04016620498614958 0.0013422818791946308 0.0
0.0 0.12988826815642457 0.048476454293628804 0.0 0.0
0.001360544217687075 0.11871508379888268 0.05678670360110803 0.0013422818791946308 0.0
0.0 0.14664804469273743 0.03878116343490305 0.0 0.0014084507042253522
0.0 0.10614525139664804 0.05678670360110803 0.0026845637583892616 0.0
0.001360544217687075 0.09217877094972067 0.04016620498614958 0.0 0.0
0.00272108843537415 0.11871508379888268 0.04986149584487535 0.0013422818791946308 0.0
0.0 0.08659217877094971 0.04709141274238227 0.0 0.0
0.00272108843537415 0.12988826815642457 0.062326869806094184 0.0 0.0014084507042253522
0.0 0.10754189944134078 0.05124653739612188 0.0 0.0
0.0 0.10335195530726257 0.054016620498614956 0.0 0.0
0.00272108843537415 0.09636871508379888 0.052631578947368425 0.0 0.0
0.001360544217687075 0.10614525139664804 0.04709141274238227 0.0 0.0
0.0 0.10754189944134078 0.055401662049861494 0.0 0.0
0.0 0.07122905027932962 0.036011080332409975 0.0 0.0
0.001360544217687075 0.10195530726256984 0.0443213296398892 0.0 0.0
0.00272108843537415 0.10335195530726257 0.03185595567867036 0.0 0.0
0.0 0.08798882681564245 0.045706371191135735 0.0 0.0
0.00272108843537415 0.09776536312849161 0.054016620498614956 0.0 0.0
0.001360544217687075 0.09636871508379888 0.04016620498614958 0.0013422818791946308 0.0
0.001360544217687075 0.10893854748603353 0.036011080332409975 0.0013422818791946308 0.0
0.00272108843537415 0.10195530726256984 0.0443213296398892 0.0 0.0
0.001360544217687075 0.11452513966480447 0.05124653739612188 0.0013422818791946308 0.0
0.0 0.0 0.0013850415512465374 0.0 0.0
0.0 0.0 0.0 0.0 0.0014084507042253522
0.0 0.0 0.0 0.0 0.0
0.001360544217687075 0.0 0.0 0.0 0.0
0.0 0.11731843575418993 0.030470914127423823 0.0 0.0
0.0 0.0 0.0 0.0 0.0
0.0 0.0 0.0 0.0013422818791946308 0.0
0.001360544217687075 0.0 0.0 0.0013422818791946308 0.0
0.0 0.0 0.0 0.0 0.0
0.0 0.04888268156424581 0.13434903047091412 0.0 0.0
0.0 0.0 0.0 0.0 0.0
0.0 0.0 0.0 0.0 0.0
0.0 0.0 0.0 0.0 0.0
0.0 0.0 0.0 0.0 0.0
0.0 0.1005586592178771 0.04709141274238227 0.0 0.0
0.0 0.0 0.0 0.0 0.0
0.0 0.0 0.0 0.0 0.0
0.0 0.0 0.0 0.0 0.0014084507042253522
0.0 0.0 0.0 0.0 0.0
0.0 0.04748603351955307 0.11080332409972299 0.0013422818791946308 0.0
0.0 0.0 0.0 0.0 0.0
0.0 0.0 0.0 0.0 0.0
0.0 0.0 0.0 0.0 0.0
0.0 0.0 0.0 0.0 0.0
0.0 0.0 0.0 0.0 0.0
0.0 0.0 0.0 0.0 0.0
0.0 0.0 0.0 0.0 0.0
0.0 0.0 0.0 0.0 0.0
0.0 0.0 0.0 0.0 0.0
0.0 0.0 0.0 0.0 0.0
0.0 0.03910614525139665 0.11634349030470914 0.0 0.0
0.001360544217687075 0.05027932960893855 0.14681440443213295 0.0013422818791946308 0.0
0.0 0.06145251396648045 0.15096952908587255 0.0 0.0
0.0 0.06564245810055866 0.1703601108033241 0.0013422818791946308 0.0
0.0 0.054469273743016765 0.1662049861495845 0.0 0.0
0.0 0.0335195530726257 0.12880886426592797 0.0 0.0
0.0 0.0335195530726257 0.13850415512465375 0.0 0.0
0.0 0.05027932960893855 0.14265927977839335 0.0 0.0
0.0 0.03212290502793296 0.17174515235457063 0.0013422818791946308 0.0
0.0 0.05027932960893855 0.18975069252077562 0.0013422818791946308 0.0
0.0 0.05726256983240224 0.2146814404432133 0.0026845637583892616 0.0
0.001360544217687075 0.051675977653631286 0.1994459833795014 0.0 0.0014084507042253522
0.0 0.03770949720670391 0.23684210526315788 0.0 0.0
0.0 0.04888268156424581 0.30886426592797783 0.0013422818791946308 0.0
0.0 0.04050279329608939 0.2409972299168975 0.0 0.0
0.0 0.0558659217877095 0.23684210526315788 0.0 0.0
0.0 0.04888268156424581 0.29778393351800553 0.0 0.0
0.0 0.046089385474860335 0.27285318559556787 0.0 0.0
0.0 0.06424581005586592 0.3157894736842105 0.0 0.0
0.001360544217687075 0.0824022346368715 0.36149584487534625 0.0 0.0014084507042253522
0.0 0.0670391061452514 0.3808864265927978 0.0 0.0
0.001360544217687075 0.06005586592178771 0.3905817174515236 0.0 0.0
0.001360544217687075 0.06983240223463687 0.40858725761772857 0.0026845637583892616 0.0
0.0 0.0670391061452514 0.45844875346260383 0.0013422818791946308 0.0
0.0 0.0670391061452514 0.46675900277008314 0.0 0.0
0.0 0.07122905027932962 0.5207756232686981 0.0 0.0014084507042253522
0.0 0.08379888268156424 0.5844875346260389 0.0 0.0
0.001360544217687075 0.1159217877094972 0.6509695290858726 0.0 0.0
0.001360544217687075 0.08519553072625698 0.6717451523545707 0.0 0.0
0.001360544217687075 0.09217877094972067 0.7894736842105263 0.0026845637583892616 0.0
0.001360544217687075 0.09217877094972067 0.7576177285318559 0.0013422818791946308 0.0
0.0 0.0935754189944134 0.8961218836565097 0.0013422818791946308 0.0
0.001360544217687075 0.1270949720670391 0.8947368421052632 0.0 0.0
0.0 0.11731843575418993 1.0290858725761771 0.0013422818791946308 0.0
0.0 0.10893854748603353 1.0387811634349031 0.0026845637583892616 0.0
0.001360544217687075 0.1229050279329609 1.1218836565096952 0.0 0.0
0.00272108843537415 0.1340782122905028 1.1745152354570636 0.0 0.0
0.001360544217687075 0.15083798882681565 1.2645429362880887 0.0 0.0
0.0 0.15502793296089387 1.4127423822714682 0.0 0.0
0.0 0.1787709497206704 1.4695290858725762 0.0013422818791946308 0.0
0.0 0.18156424581005587 1.5955678670360112 0.0 0.0
0.001360544217687075 0.1941340782122905 1.7590027700831026 0.0 0.0
0.0 0.22206703910614525 1.9002770083102494 0.0 0.0
0.001360544217687075 0.21368715083798884 1.9833795013850415 0.0013422818791946308 0.0
0.001360544217687075 0.21787709497206706 2.128808864265928 0.0013422818791946308 0.0
0.0 0.2318435754189944 2.224376731301939 0.0013422818791946308 0.0
0.0 0.2569832402234637 2.368421052631579 0.0013422818791946308 0.0
0.0 0.2360335195530726 2.443213296398892 0.0013422818791946308 0.0
0.0 0.26536312849162014 2.6454293628808863 0.0013422818791946308 0.0
0.00272108843537415 0.23882681564245808 2.606648199445983 0.0 0.0
0.001360544217687075 0.30726256983240224 2.6994459833795017 0.0 0.0
0.0 0.30307262569832405 2.78393351800554 0.0013422818791946308 0.0
0.0 0.3226256983240224 3.0304709141274238 0.0013422818791946308 0.0
0.0 0.3058659217877095 3.1537396121883656 0.0013422818791946308 0.0
0.0 0.28212290502793297 3.0706371191135733 0.0013422818791946308 0.0
0.0 0.34217877094972066 3.308864265927978 0.0 0.0
0.0 0.32402234636871513 3.239612188365651 0.0 0.0
0.0 0.3156424581005587 3.270083102493075 0.0 0.0
0.0 0.3198324022346369 3.177285318559557 0.0013422818791946308 0.0
0.0 0.30307262569832405 3.1814404432132966 0.0026845637583892616 0.0
0.0 0.3519553072625698 3.221606648199446 0.0013422818791946308 0.0
0.0 0.35335195530726254 3.3434903047091415 0.0013422818791946308 0.0
0.001360544217687075 0.3589385474860335 3.5 0.0 0.0
0.0 0.34217877094972066 3.4210526315789473 0.0 0.0014084507042253522
0.001360544217687075 0.3519553072625698 3.457063711911357 0.0 0.0
0.0 0.34636871508379885 3.4501385041551247 0.0026845637583892616 0.0
0.0 0.32402234636871513 3.3961218836565097 0.0013422818791946308 0.0
0.0 0.36033519553072624 3.3795013850415514 0.0013422818791946308 0.0
0.0 0.34636871508379885 3.4265927977839334 0.0026845637583892616 0.0
0.0 0.3519553072625698 3.3504155124653736 0.0013422818791946308 0.0
0.001360544217687075 0.38268156424581007 3.7119113573407203 0.0 0.0
0.0 0.3589385474860335 3.595567867036011 0.0 0.0
0.0 0.3756983240223464 3.613573407202216 0.0 0.0
0.0 0.36312849162011174 3.632963988919667 0.0 0.0
0.0 0.38407821229050276 3.6648199445983383 0.0013422818791946308 0.0
0.001360544217687075 0.361731843575419 3.6481994459833795 0.0 0.0
0.0 0.3994413407821229 3.6274238227146816 0.0 0.0
0.0 0.3924581005586592 3.817174515235457 0.0 0.0
0.0 0.39664804469273746 3.835180055401662 0.0 0.0
0.0 0.40502793296089384 3.85595567867036 0.0 0.0
0.001360544217687075 0.4064245810055866 3.801939058171745 0.0013422818791946308 0.0
0.001360544217687075 0.4594972067039106 3.9487534626038783 0.0 0.0
0.0 0.4371508379888268 3.8822714681440442 0.0013422818791946308 0.0
0.0 0.41899441340782123 3.8047091412742384 0.0013422818791946308 0.0
0.0 0.39664804469273746 3.81994459833795 0.0013422818791946308 0.0
0.0 0.40083798882681565 3.8130193905817173 0.0 0.0
0.001360544217687075 0.4162011173184358 3.8545706371191133 0.0013422818791946308 0.0
0.0 0.41201117318435754 3.8822714681440442 0.0013422818791946308 0.0
0.001360544217687075 0.3994413407821229 3.871191135734072 0.0 0.0
0.0 0.40083798882681565 3.886426592797784 0.0013422818791946308 0.0
0.0 0.4036312849162011 3.829639889196676 0.0 0.0
0.0 0.40083798882681565 3.8504155124653736 0.0013422818791946308 0.0
0.0 0.41899441340782123 3.8185595567867034 0.0013422818791946308 0.0
0.001360544217687075 0.40782122905027934 3.858725761772853 0.0 0.0
0.001360544217687075 0.39106145251396646 3.826869806094183 0.0 0.0
0.0 0.4162011173184358 3.8698060941828256 0.0013422818791946308 0.0
0.0 0.4245810055865922 3.8310249307479225 0.0013422818791946308 0.0
0.0 0.4092178770949721 3.764542936288089 0.0 0.0
0.0 0.3770949720670391 3.757617728531856 0.0 0.0
