8.931034482758621 20.25 15.133333333333333 9.285714285714286 9.827586206896552
8.96551724137931 20.642857142857142 16.0 9.928571428571429 8.827586206896552
10.89655172413793 18.67857142857143 16.866666666666664 10.392857142857142 9.793103448275861
10.448275862068964 19.285714285714285 16.766666666666666 8.821428571428573 9.86206896551724
9.86206896551724 17.857142857142858 16.400000000000002 10.357142857142856 9.86206896551724
9.965517241379311 19.214285714285715 16.866666666666664 9.428571428571429 8.96551724137931
10.206896551724139 20.75 15.933333333333334 8.035714285714285 9.06896551724138
10.793103448275863 18.964285714285715 15.366666666666667 9.214285714285715 8.241379310344827
10.10344827586207 18.53571428571429 15.733333333333333 9.071428571428571 8.103448275862068
11.06896551724138 19.535714285714285 16.2 10.071428571428571 9.241379310344827
10.344827586206897 18.357142857142858 17.333333333333332 9.75 9.655172413793103
10.862068965517242 17.821428571428573 15.866666666666667 9.107142857142858 8.89655172413793
8.275862068965518 21.607142857142858 15.8 10.142857142857142 9.310344827586206
10.724137931034482 20.0 16.23333333333333 9.892857142857142 8.482758620689657
9.06896551724138 19.071428571428573 16.133333333333333 10.285714285714285 10.310344827586206
10.310344827586206 18.857142857142858 15.366666666666667 10.071428571428571 10.068965517241379
10.241379310344827 19.392857142857142 15.633333333333333 9.821428571428571 9.03448275862069
10.241379310344827 19.107142857142858 16.366666666666667 10.107142857142858 9.206896551724137
9.0 18.785714285714285 15.8 9.857142857142858 8.862068965517242
8.724137931034482 18.357142857142858 14.733333333333333 10.071428571428571 9.448275862068966
10.275862068965518 19.535714285714285 14.766666666666667 9.0 10.482758620689657
10.172413793103447 18.0 15.100000000000001 9.25 8.448275862068964
10.172413793103447 19.214285714285715 16.266666666666666 10.285714285714285 9.758620689655173
10.586206896551724 19.82142857142857 15.866666666666667 11.357142857142858 9.620689655172415
10.137931034482758 18.714285714285715 15.7 9.892857142857142 9.241379310344827
9.482758620689655 18.53571428571429 16.46666666666667 10.428571428571429 9.206896551724137
9.931034482758621 19.535714285714285 15.766666666666666 9.107142857142858 8.827586206896552
10.344827586206897 19.285714285714285 15.866666666666667 10.071428571428571 8.413793103448276
10.310344827586206 18.214285714285715 16.833333333333332 8.892857142857144 8.0
9.344827586206897 17.0 16.833333333333332 9.892857142857142 9.206896551724137
9.0 17.535714285714285 15.100000000000001 10.178571428571429 9.0
9.413793103448276 18.714285714285715 16.46666666666667 9.25 9.965517241379311
10.413793103448276 19.0 16.166666666666664 10.0 9.586206896551724
8.931034482758621 19.857142857142858 16.166666666666664 9.642857142857142 9.448275862068966
9.344827586206897 20.0 16.566666666666666 10.035714285714285 9.310344827586206
10.344827586206897 19.107142857142858 16.299999999999997 9.535714285714286 10.275862068965518
9.241379310344827 19.071428571428573 15.566666666666666 9.535714285714286 9.10344827586207
9.689655172413794 18.857142857142858 15.733333333333333 10.142857142857142 9.344827586206897
9.310344827586206 21.857142857142858 15.866666666666667 9.5 9.275862068965516
9.275862068965516 20.142857142857142 16.6 9.285714285714286 8.96551724137931
9.827586206896552 18.821428571428573 17.566666666666666 9.75 9.344827586206897
10.10344827586207 19.535714285714285 16.7 8.964285714285715 9.206896551724137
8.310344827586206 19.0 16.133333333333333 9.321428571428571 9.10344827586207
10.689655172413792 19.035714285714285 16.866666666666664 9.892857142857142 9.551724137931034
10.344827586206897 19.142857142857142 16.1 9.607142857142858 9.689655172413794
11.137931034482758 19.25 16.133333333333333 10.5 9.172413793103448
9.965517241379311 20.392857142857142 16.333333333333332 9.642857142857142 8.96551724137931
10.655172413793103 20.25 16.5 8.785714285714285 8.689655172413792
9.413793103448276 19.25 17.066666666666666 9.357142857142858 9.241379310344827
10.862068965517242 18.75 16.8 10.107142857142858 9.379310344827587
10.482758620689657 18.857142857142858 15.333333333333332 9.857142857142858 9.10344827586207
10.379310344827585 18.17857142857143 15.666666666666666 9.107142857142858 8.413793103448276
9.517241379310345 18.42857142857143 16.166666666666664 9.892857142857142 10.344827586206897
9.586206896551724 19.75 14.7 9.928571428571429 9.137931034482758
10.482758620689657 19.428571428571427 15.7 9.392857142857142 9.344827586206897
10.241379310344827 18.5 17.333333333333332 9.464285714285715 9.896551724137932
11.275862068965516 20.178571428571427 16.1 9.357142857142858 9.0
10.10344827586207 20.535714285714285 15.5 9.142857142857144 9.137931034482758
9.344827586206897 20.178571428571427 15.366666666666667 9.821428571428571 9.689655172413794
9.551724137931034 19.392857142857142 15.866666666666667 10.428571428571429 10.310344827586206
8.724137931034482 18.42857142857143 16.299999999999997 9.464285714285715 10.724137931034482
10.482758620689657 20.392857142857142 15.0 10.142857142857142 10.586206896551724
10.344827586206897 21.0 16.733333333333334 11.0 9.586206896551724
9.344827586206897 20.25 16.366666666666667 9.214285714285715 9.482758620689655
10.793103448275863 19.25 16.23333333333333 10.071428571428571 10.0
10.0 21.107142857142854 15.666666666666666 8.928571428571429 9.413793103448276
9.86206896551724 19.785714285714285 16.0 10.035714285714285 10.655172413793103
9.931034482758621 19.107142857142858 15.633333333333333 9.071428571428571 8.724137931034482
10.275862068965518 19.82142857142857 15.733333333333333 10.071428571428571 9.172413793103448
9.586206896551724 19.571428571428573 15.8 9.571428571428571 8.758620689655173
10.655172413793103 20.178571428571427 17.733333333333334 9.535714285714286 10.0
9.379310344827587 18.321428571428573 15.433333333333334 9.178571428571429 10.172413793103447
10.586206896551724 18.714285714285715 15.6 9.178571428571429 9.0
10.517241379310345 19.785714285714285 15.833333333333334 10.428571428571429 8.310344827586206
10.275862068965518 19.571428571428573 14.233333333333334 8.428571428571429 9.206896551724137
10.241379310344827 19.642857142857142 15.9 9.178571428571429 9.517241379310345
8.89655172413793 18.92857142857143 16.733333333333334 10.071428571428571 8.137931034482758
10.068965517241379 19.321428571428573 14.200000000000001 9.214285714285715 10.03448275862069
10.689655172413792 19.214285714285715 14.866666666666667 9.964285714285714 9.517241379310345
9.896551724137932 18.785714285714285 15.5 9.214285714285715 8.206896551724139
9.931034482758621 19.5 16.23333333333333 10.321428571428571 8.724137931034482
11.241379310344827 17.0 15.4 10.535714285714285 9.586206896551724
10.586206896551724 18.821428571428573 14.966666666666667 10.142857142857142 9.275862068965516
9.827586206896552 19.678571428571427 15.566666666666666 10.071428571428571 8.931034482758621
9.482758620689655 20.25 16.166666666666664 9.214285714285715 9.06896551724138
10.344827586206897 19.392857142857142 16.6 10.142857142857142 8.689655172413792
10.379310344827585 20.035714285714285 16.46666666666667 9.25 10.482758620689657
10.068965517241379 19.142857142857142 15.666666666666666 9.142857142857144 9.586206896551724
9.137931034482758 20.32142857142857 17.066666666666666 10.178571428571429 9.03448275862069
10.482758620689657 19.5 15.433333333333334 9.571428571428571 10.10344827586207
10.10344827586207 18.214285714285715 15.7 10.714285714285714 8.517241379310345
9.172413793103448 19.357142857142858 16.666666666666668 10.5 9.724137931034482
9.137931034482758 19.25 16.9 9.678571428571429 8.586206896551724
10.0 20.035714285714285 15.8 10.75 8.758620689655173
10.448275862068964 19.607142857142858 15.533333333333333 9.857142857142858 9.137931034482758
10.310344827586206 18.857142857142858 14.766666666666667 10.714285714285714 10.172413793103447
10.413793103448276 18.42857142857143 16.299999999999997 9.785714285714286 9.379310344827587
9.965517241379311 18.785714285714285 16.133333333333333 9.678571428571429 9.10344827586207
9.275862068965516 19.571428571428573 14.833333333333334 9.535714285714286 9.379310344827587
10.137931034482758 17.535714285714285 15.466666666666667 10.178571428571429 9.379310344827587
9.689655172413794 18.53571428571429 17.3 10.071428571428571 7.344827586206896
11.413793103448276 9.928571428571429 10.733333333333333 11.178571428571429 9.03448275862069
10.068965517241379 9.642857142857142 11.2 11.714285714285714 9.931034482758621
10.137931034482758 9.535714285714286 9.533333333333333 10.535714285714285 9.551724137931034
10.89655172413793 10.107142857142858 9.9 10.785714285714286 10.448275862068964
10.96551724137931 19.785714285714285 16.400000000000002 9.642857142857142 8.206896551724139
10.517241379310345 9.75 10.233333333333334 10.0 10.862068965517242
9.448275862068966 10.178571428571429 10.366666666666667 11.357142857142858 11.413793103448276
9.620689655172415 9.678571428571429 9.9 9.892857142857142 10.0
10.448275862068964 10.071428571428571 9.133333333333333 9.928571428571429 10.344827586206897
9.551724137931034 18.357142857142858 18.700000000000003 10.321428571428571 9.724137931034482
10.344827586206897 10.357142857142856 11.033333333333333 10.607142857142856 10.379310344827585
9.793103448275861 9.964285714285714 10.7 10.071428571428571 10.724137931034482
10.655172413793103 10.142857142857142 10.933333333333334 10.571428571428571 9.482758620689655
9.724137931034482 10.178571428571429 9.933333333333334 10.142857142857142 10.482758620689657
10.827586206896552 18.892857142857142 15.133333333333333 10.464285714285714 9.413793103448276
10.206896551724139 9.321428571428571 12.1 8.892857142857144 10.0
10.0 10.25 11.1 10.357142857142856 9.551724137931034
9.689655172413794 9.678571428571429 10.666666666666666 10.714285714285714 10.241379310344827
10.482758620689657 9.964285714285714 10.566666666666666 9.535714285714286 8.827586206896552
9.241379310344827 16.32142857142857 19.03333333333333 10.107142857142858 8.89655172413793
9.413793103448276 9.142857142857144 10.5 9.75 11.10344827586207
10.448275862068964 11.107142857142858 8.833333333333334 10.035714285714285 10.931034482758621
10.344827586206897 10.392857142857142 9.533333333333333 11.035714285714286 9.689655172413794
8.827586206896552 10.392857142857142 10.233333333333334 11.821428571428571 11.551724137931034
10.862068965517242 10.035714285714285 11.1 11.142857142857144 11.310344827586206
9.379310344827587 10.75 10.8 10.678571428571427 11.172413793103448
9.551724137931034 9.607142857142858 10.733333333333333 9.25 9.206896551724137
9.965517241379311 10.321428571428571 9.933333333333334 10.607142857142856 9.965517241379311
10.620689655172415 9.964285714285714 10.233333333333334 10.035714285714285 9.0
10.068965517241379 9.285714285714286 10.5 11.0 9.344827586206897
10.344827586206897 16.678571428571427 17.4 9.535714285714286 10.620689655172415
10.793103448275863 16.96428571428571 18.466666666666665 10.071428571428571 10.931034482758621
9.86206896551724 16.96428571428571 16.9 10.107142857142858 9.793103448275861
9.137931034482758 17.892857142857146 17.3 9.892857142857142 9.482758620689655
9.586206896551724 16.642857142857142 17.7 10.035714285714285 9.310344827586206
10.620689655172415 17.5 16.2 10.428571428571429 8.413793103448276
9.517241379310345 17.46428571428571 18.166666666666668 9.25 8.482758620689657
10.758620689655173 14.892857142857144 17.333333333333332 9.142857142857144 10.344827586206897
9.06896551724138 16.892857142857142 17.866666666666667 8.5 10.206896551724139
8.517241379310345 16.535714285714285 16.866666666666664 9.428571428571429 8.206896551724139
9.482758620689655 16.32142857142857 18.333333333333332 10.178571428571429 8.862068965517242
10.10344827586207 16.107142857142858 18.53333333333333 10.428571428571429 10.344827586206897
10.275862068965518 17.0 16.96666666666667 9.678571428571429 10.689655172413792
9.413793103448276 16.57142857142857 17.9 9.714285714285714 9.310344827586206
9.241379310344827 16.642857142857142 19.03333333333333 9.464285714285715 8.310344827586206
11.137931034482758 17.5 18.599999999999998 9.75 9.379310344827587
9.10344827586207 17.07142857142857 16.866666666666664 10.142857142857142 8.96551724137931
9.758620689655173 16.214285714285715 18.633333333333333 9.785714285714286 8.931034482758621
9.275862068965516 17.21428571428571 19.3 9.285714285714286 10.551724137931036
9.827586206896552 16.71428571428571 18.266666666666666 10.071428571428571 9.551724137931034
9.241379310344827 15.928571428571427 17.666666666666668 10.535714285714285 9.689655172413794
9.931034482758621 16.214285714285715 16.1 9.928571428571429 9.793103448275861
9.793103448275861 17.642857142857146 19.133333333333333 10.071428571428571 9.03448275862069
10.241379310344827 16.428571428571427 17.5 10.428571428571429 10.03448275862069
9.448275862068966 17.25 18.3 10.321428571428571 8.862068965517242
9.586206896551724 17.5 19.46666666666667 10.571428571428571 8.379310344827585
10.586206896551724 17.892857142857146 18.76666666666667 9.178571428571429 9.10344827586207
10.275862068965518 15.928571428571427 16.866666666666664 9.857142857142858 8.96551724137931
10.793103448275863 17.428571428571427 16.633333333333333 10.821428571428573 9.0
10.413793103448276 16.642857142857142 19.099999999999998 11.285714285714286 10.068965517241379
8.482758620689657 16.928571428571427 19.26666666666667 10.642857142857142 8.931034482758621
10.03448275862069 17.57142857142857 18.433333333333334 9.142857142857144 9.379310344827587
9.758620689655173 16.75 17.633333333333333 10.357142857142856 8.689655172413792
11.0 16.75 18.333333333333332 9.642857142857142 8.413793103448276
9.551724137931034 18.28571428571429 17.933333333333334 10.857142857142858 9.06896551724138
9.275862068965516 17.357142857142854 17.1 9.642857142857142 9.06896551724138
10.89655172413793 16.642857142857142 17.266666666666666 10.25 8.448275862068964
10.206896551724139 18.53571428571429 17.2 10.892857142857144 9.10344827586207
8.793103448275863 16.82142857142857 16.8 9.964285714285714 9.965517241379311
9.965517241379311 16.857142857142858 17.733333333333334 10.178571428571429 9.586206896551724
8.482758620689657 17.07142857142857 19.666666666666664 10.142857142857142 8.586206896551724
9.413793103448276 16.357142857142858 17.233333333333334 12.5 8.551724137931036
11.344827586206897 17.92857142857143 18.133333333333333 9.75 9.379310344827587
10.413793103448276 16.428571428571427 18.1 10.285714285714285 9.482758620689655
10.03448275862069 15.857142857142858 17.066666666666666 10.142857142857142 10.551724137931036
10.275862068965518 15.964285714285715 18.53333333333333 10.357142857142856 8.241379310344827
9.06896551724138 17.535714285714285 18.166666666666668 9.357142857142858 10.310344827586206
10.172413793103447 16.678571428571427 18.5 10.285714285714285 8.689655172413792
9.965517241379311 15.178571428571429 18.233333333333334 10.0 10.03448275862069
10.0 17.5 17.333333333333332 10.071428571428571 9.896551724137932
10.137931034482758 16.96428571428571 17.333333333333332 10.107142857142858 9.310344827586206
9.827586206896552 17.285714285714285 17.733333333333334 10.071428571428571 9.482758620689655
11.206896551724137 16.607142857142858 16.833333333333332 10.678571428571427 9.724137931034482
9.86206896551724 17.07142857142857 18.633333333333333 10.75 9.655172413793103
10.0 16.892857142857142 18.8 10.392857142857142 9.06896551724138
10.482758620689657 17.67857142857143 17.866666666666667 10.464285714285714 8.103448275862068
9.482758620689655 17.607142857142858 17.6 9.892857142857142 10.241379310344827
8.931034482758621 17.32142857142857 18.266666666666666 9.857142857142858 8.758620689655173
10.275862068965518 17.5 19.46666666666667 9.285714285714286 9.137931034482758
9.86206896551724 17.07142857142857 18.133333333333333 10.285714285714285 10.10344827586207
9.10344827586207 16.928571428571427 18.266666666666666 9.607142857142858 9.06896551724138
10.241379310344827 17.857142857142858 17.466666666666665 10.392857142857142 9.241379310344827
10.931034482758621 17.535714285714285 17.933333333333334 10.357142857142856 9.793103448275861
11.034482758620689 17.57142857142857 17.9 10.571428571428571 9.10344827586207
9.344827586206897 17.0 18.53333333333333 10.928571428571429 9.827586206896552
10.827586206896552 17.75 18.133333333333333 10.107142857142858 9.517241379310345
9.448275862068966 18.964285714285715 18.433333333333334 9.0 8.827586206896552
10.827586206896552 15.857142857142858 17.233333333333334 10.964285714285715 8.586206896551724
10.206896551724139 17.142857142857142 17.666666666666668 11.107142857142858 8.758620689655173
9.551724137931034 17.21428571428571 17.6 10.25 9.517241379310345
10.827586206896552 17.714285714285715 19.400000000000002 9.035714285714286 7.931034482758621
10.03448275862069 17.285714285714285 17.4 11.464285714285715 9.724137931034482
9.827586206896552 18.571428571428573 18.233333333333334 10.714285714285714 9.413793103448276
9.137931034482758 16.535714285714285 18.166666666666668 10.821428571428573 8.758620689655173
9.137931034482758 17.67857142857143 18.599999999999998 10.535714285714285 8.862068965517242
9.551724137931034 17.0 18.233333333333334 10.285714285714285 9.413793103448276
10.344827586206897 16.035714285714285 16.666666666666668 11.285714285714286 10.137931034482758
10.655172413793103 17.107142857142854 18.966666666666665 10.642857142857142 9.275862068965516
8.655172413793103 17.178571428571427 17.366666666666667 10.321428571428571 9.586206896551724
9.310344827586206 17.21428571428571 18.133333333333333 9.321428571428571 8.89655172413793
10.137931034482758 18.28571428571429 18.433333333333334 10.107142857142858 9.241379310344827
9.931034482758621 18.964285714285715 17.933333333333334 10.5 9.137931034482758
10.241379310344827 18.607142857142858 17.966666666666665 9.892857142857142 8.793103448275863
10.689655172413792 17.535714285714285 18.599999999999998 10.928571428571429 9.0
10.206896551724139 18.571428571428573 18.3 10.714285714285714 9.344827586206897
10.724137931034482 16.07142857142857 19.166666666666664 10.25 11.275862068965516
8.586206896551724 17.142857142857142 17.633333333333333 11.535714285714286 8.275862068965518
9.689655172413794 15.821428571428573 19.333333333333336 11.607142857142858 9.482758620689655
10.413793103448276 17.428571428571427 17.833333333333332 11.0 9.655172413793103
9.10344827586207 17.964285714285715 19.666666666666664 11.535714285714286 10.172413793103447
11.758620689655173 16.71428571428571 17.966666666666665 11.428571428571429 9.758620689655173
9.0 17.67857142857143 19.833333333333336 10.178571428571429 9.482758620689655
9.655172413793103 16.785714285714285 15.833333333333334 9.821428571428571 9.620689655172415
11.241379310344827 19.357142857142858 18.8 10.321428571428571 9.310344827586206
10.517241379310345 16.678571428571427 18.9 11.357142857142858 9.275862068965516
10.620689655172415 18.142857142857142 17.666666666666668 9.5 8.724137931034482
10.206896551724139 17.428571428571427 18.466666666666665 10.25 9.482758620689655
10.931034482758621 18.392857142857142 18.4 10.321428571428571 9.551724137931034
9.551724137931034 17.035714285714285 20.133333333333333 10.928571428571429 9.724137931034482
