73.53846153846153 73.57142857142857 72.3125 76.41666666666666 75.07692307692308
71.76923076923076 72.28571428571429 71.6875 74.16666666666667 73.38461538461539
72.15384615384615 71.85714285714286 71.625 74.75 73.61538461538461
72.0 72.07142857142858 70.875 75.5 73.38461538461539
72.23076923076924 72.14285714285715 71.4375 74.83333333333333 73.76923076923077
73.3076923076923 71.78571428571429 72.375 75.41666666666667 73.6923076923077
73.3076923076923 72.5 72.0 75.75 74.15384615384616
71.15384615384615 71.0 71.1875 74.08333333333333 71.92307692307692
72.23076923076924 72.07142857142858 70.8125 74.66666666666667 73.46153846153847
73.53846153846153 74.78571428571429 72.125 75.16666666666667 73.3076923076923
71.92307692307692 72.28571428571429 70.25 73.08333333333333 72.6923076923077
71.23076923076924 72.21428571428572 72.125 74.66666666666667 73.46153846153847
71.76923076923076 72.42857142857143 71.375 74.41666666666667 74.23076923076923
72.61538461538461 71.57142857142858 70.4375 73.58333333333333 73.3076923076923
73.07692307692308 72.64285714285715 72.25 74.91666666666667 73.76923076923077
72.61538461538461 72.78571428571429 71.5625 75.08333333333333 74.0
72.23076923076924 72.5 72.4375 74.25 73.84615384615385
73.0 72.78571428571429 72.1875 76.58333333333334 74.23076923076923
73.6923076923077 72.42857142857143 71.75 76.08333333333334 75.0
72.53846153846153 72.78571428571429 70.875 75.75 73.53846153846153
72.38461538461539 73.21428571428572 71.8125 75.66666666666666 73.6923076923077
72.46153846153847 72.42857142857143 70.875 76.08333333333334 74.15384615384616
73.38461538461539 73.07142857142857 72.5 75.41666666666667 73.23076923076923
72.23076923076924 71.85714285714286 70.1875 74.33333333333333 71.92307692307692
74.3076923076923 73.64285714285715 72.8125 76.75 74.38461538461539
71.92307692307692 72.0 71.0625 73.5 71.6923076923077
71.84615384615385 71.64285714285715 72.25 74.08333333333333 74.23076923076923
72.92307692307692 72.5 71.25 75.75 72.84615384615385
73.15384615384615 72.92857142857143 72.0 75.5 74.6923076923077
71.23076923076924 71.5 70.75 73.83333333333333 72.0
71.15384615384615 71.0 71.5 74.75 72.23076923076924
73.53846153846153 72.71428571428572 71.9375 76.08333333333334 73.38461538461539
73.46153846153847 74.21428571428572 72.75 75.5 75.38461538461539
72.0 73.21428571428572 71.8125 75.5 72.46153846153847
72.84615384615385 73.07142857142857 72.25 75.75 74.6923076923077
74.15384615384616 73.78571428571429 72.6875 76.08333333333334 73.6923076923077
72.61538461538461 72.85714285714286 71.5625 74.0 73.3076923076923
70.76923076923076 71.0 72.0625 74.5 73.15384615384615
72.84615384615385 73.71428571428572 71.6875 76.83333333333334 73.76923076923077
74.07692307692308 73.64285714285715 73.5 76.75 74.6923076923077
74.07692307692308 74.14285714285715 73.5625 76.91666666666666 75.6923076923077
74.23076923076923 73.21428571428572 72.125 75.58333333333334 73.92307692307692
73.53846153846153 72.5 71.5 75.83333333333334 73.6923076923077
70.3076923076923 71.14285714285715 69.875 73.41666666666667 71.92307692307692
70.84615384615385 72.57142857142857 71.375 73.75 72.92307692307692
72.76923076923077 72.92857142857143 70.5 74.66666666666667 74.15384615384616
73.53846153846153 72.5 71.1875 75.0 74.84615384615384
72.38461538461539 73.64285714285715 73.1875 76.25 74.46153846153847
72.76923076923077 72.14285714285715 71.375 75.0 73.76923076923077
72.07692307692308 72.35714285714286 71.625 75.5 72.92307692307692
72.0 72.57142857142857 71.8125 73.83333333333333 72.6923076923077
72.46153846153847 73.0 71.0625 75.41666666666667 74.53846153846153
72.15384615384615 72.42857142857143 71.75 75.83333333333334 73.23076923076923
73.46153846153847 73.57142857142857 72.0 75.91666666666666 72.84615384615385
73.23076923076923 71.57142857142858 70.8125 75.25 73.46153846153847
72.53846153846153 71.5 71.375 75.91666666666666 74.0
69.3076923076923 69.57142857142857 69.5 72.41666666666667 72.15384615384615
71.92307692307692 71.57142857142858 70.4375 74.58333333333333 73.07692307692308
73.53846153846153 71.92857142857143 71.3125 75.91666666666666 74.3076923076923
73.23076923076923 72.71428571428572 71.875 75.58333333333334 73.53846153846153
73.6923076923077 72.14285714285715 70.6875 75.75 73.84615384615385
71.38461538461539 71.85714285714286 71.375 73.16666666666667 72.07692307692308
72.38461538461539 71.21428571428572 70.25 75.0 73.84615384615385
74.15384615384616 74.07142857142857 72.1875 75.33333333333333 75.15384615384616
70.76923076923076 71.92857142857143 71.3125 74.83333333333333 72.92307692307692
72.84615384615385 72.5 72.5 76.5 73.6923076923077
72.53846153846153 73.5 71.5625 75.08333333333333 74.3076923076923
72.53846153846153 73.5 72.25 75.66666666666666 74.15384615384616
72.15384615384615 73.07142857142857 71.5625 77.08333333333334 72.6923076923077
72.46153846153847 71.78571428571429 73.625 75.41666666666667 73.38461538461539
71.84615384615385 71.85714285714286 71.0625 75.66666666666666 73.07692307692308
72.38461538461539 73.28571428571429 71.8125 75.33333333333333 73.23076923076923
71.6923076923077 72.07142857142858 71.0 74.33333333333333 71.76923076923076
71.84615384615385 72.42857142857143 72.25 75.08333333333333 74.46153846153847
73.46153846153847 73.57142857142857 72.25 75.33333333333333 73.84615384615385
71.38461538461539 71.5 70.625 73.08333333333333 72.92307692307692
70.53846153846153 72.07142857142858 70.4375 75.08333333333333 73.53846153846153
71.53846153846153 72.92857142857143 69.75 73.91666666666667 73.15384615384615
73.92307692307692 73.21428571428572 72.0 76.08333333333334 74.53846153846153
72.07692307692308 71.0 71.0625 74.0 72.92307692307692
72.0 72.92857142857143 69.5 73.16666666666667 72.23076923076924
71.76923076923076 71.71428571428572 71.5625 74.5 74.07692307692308
72.23076923076924 72.28571428571429 70.5625 76.16666666666666 73.23076923076923
72.53846153846153 72.5 71.25 75.5 73.46153846153847
71.92307692307692 71.07142857142858 70.9375 75.83333333333334 72.76923076923077
71.3076923076923 72.0 70.75 74.33333333333333 73.46153846153847
72.15384615384615 73.57142857142857 72.0625 75.08333333333333 73.46153846153847
72.23076923076924 73.42857142857143 72.9375 76.91666666666666 74.92307692307692
72.38461538461539 72.92857142857143 71.6875 75.75 74.23076923076923
72.15384615384615 72.71428571428572 70.625 74.75 72.76923076923077
72.61538461538461 71.92857142857143 70.8125 75.25 74.0
73.76923076923077 74.21428571428572 72.5 75.66666666666666 75.23076923076923
70.61538461538463 70.35714285714286 69.875 73.58333333333333 72.76923076923077
71.38461538461539 72.07142857142858 71.125 73.83333333333333 72.6923076923077
71.38461538461539 71.71428571428572 70.5625 74.0 73.23076923076923
72.38461538461539 72.64285714285715 72.0 75.41666666666667 74.07692307692308
72.15384615384615 71.85714285714286 71.4375 75.83333333333334 72.38461538461539
72.76923076923077 73.64285714285715 71.4375 76.25 74.0
71.23076923076924 71.0 71.125 74.16666666666667 73.53846153846153
69.76923076923076 70.5 70.125 74.83333333333333 70.15384615384615
72.92307692307692 71.57142857142858 70.375 75.33333333333333 73.46153846153847
66.3076923076923 64.57142857142857 64.0 65.66666666666667 66.3076923076923
67.23076923076923 67.42857142857143 66.5 65.66666666666667 65.92307692307692
65.53846153846153 64.71428571428571 66.1875 66.66666666666667 66.07692307692308
65.84615384615384 66.21428571428571 64.875 65.08333333333334 66.0
72.07692307692308 71.42857142857143 71.125 74.41666666666667 72.3076923076923
67.0 67.35714285714285 66.75 66.58333333333333 65.92307692307692
64.61538461538461 64.35714285714286 65.875 64.91666666666666 65.76923076923077
67.61538461538461 66.92857142857143 67.625 66.5 68.23076923076924
66.61538461538461 66.28571428571428 67.1875 67.0 67.15384615384615
72.76923076923077 73.28571428571429 70.375 75.0 72.84615384615385
65.76923076923077 65.14285714285714 64.875 65.75 66.53846153846153
66.0 66.64285714285714 66.9375 66.91666666666667 66.76923076923077
64.84615384615384 65.42857142857143 65.0625 64.33333333333334 65.15384615384616
67.07692307692308 66.35714285714285 67.0 65.91666666666667 68.3076923076923
73.07692307692308 73.35714285714286 72.0625 76.0 73.53846153846153
67.53846153846153 64.85714285714286 66.125 67.41666666666667 66.76923076923077
64.53846153846155 65.42857142857143 66.875 66.83333333333333 65.76923076923077
66.07692307692308 66.42857142857143 66.5 66.75 66.92307692307692
65.6923076923077 66.92857142857143 67.4375 66.58333333333333 66.53846153846153
72.76923076923077 73.57142857142857 73.0 75.58333333333334 75.15384615384616
66.53846153846153 65.85714285714285 66.75 66.25 65.3076923076923
67.23076923076923 66.42857142857143 65.875 65.5 65.46153846153845
66.3076923076923 65.07142857142857 65.375 65.5 66.23076923076923
66.3076923076923 67.0 66.75 66.16666666666667 66.07692307692308
67.84615384615385 66.35714285714285 67.0 65.33333333333333 67.23076923076923
67.38461538461539 66.78571428571428 66.375 66.5 67.6923076923077
66.92307692307692 68.0 66.875 67.75 67.15384615384615
65.53846153846153 65.28571428571428 64.625 66.16666666666667 65.76923076923077
67.92307692307692 67.0 65.625 66.08333333333333 66.38461538461539
65.6923076923077 65.78571428571428 65.5625 65.83333333333333 65.46153846153845
72.38461538461539 74.14285714285715 71.125 74.5 74.15384615384616
72.53846153846153 73.5 71.5 74.5 72.84615384615385
72.61538461538461 73.5 71.4375 76.08333333333334 73.23076923076923
72.92307692307692 73.64285714285715 71.25 76.0 74.07692307692308
72.61538461538461 74.14285714285715 70.0625 75.08333333333333 74.15384615384616
72.84615384615385 73.0 70.75 76.16666666666666 74.3076923076923
72.23076923076924 73.78571428571429 71.125 75.58333333333334 74.15384615384616
72.38461538461539 73.42857142857143 69.75 76.25 74.53846153846153
72.15384615384615 73.21428571428572 69.4375 75.08333333333333 73.53846153846153
71.23076923076924 72.64285714285715 71.75 74.58333333333333 72.92307692307692
73.23076923076923 72.0 70.1875 76.75 74.07692307692308
73.3076923076923 73.85714285714286 70.8125 77.0 74.84615384615384
73.15384615384615 72.78571428571429 70.0625 75.75 72.76923076923077
73.15384615384615 74.78571428571429 70.125 75.91666666666666 73.76923076923077
71.38461538461539 71.64285714285715 67.8125 74.0 73.15384615384615
72.3076923076923 73.07142857142857 68.625 75.75 72.76923076923077
73.23076923076923 70.71428571428572 69.1875 75.5 73.6923076923077
72.15384615384615 72.07142857142858 69.3125 76.25 73.38461538461539
71.76923076923076 71.35714285714286 68.625 75.66666666666666 74.07692307692308
71.15384615384615 72.64285714285715 68.625 75.08333333333333 72.6923076923077
70.6923076923077 70.5 66.625 74.0 71.76923076923076
71.0 71.85714285714286 67.4375 74.91666666666667 72.38461538461539
72.61538461538461 71.85714285714286 66.8125 75.0 73.84615384615385
72.23076923076924 73.21428571428572 66.625 74.5 73.92307692307692
72.53846153846153 73.0 67.1875 75.25 73.76923076923077
71.23076923076924 71.35714285714286 64.8125 74.41666666666667 73.38461538461539
72.92307692307692 72.07142857142858 65.375 76.08333333333334 74.53846153846153
72.23076923076924 72.07142857142858 65.4375 75.83333333333334 74.0
73.23076923076923 72.28571428571429 62.875 76.58333333333334 74.84615384615384
73.46153846153847 71.42857142857143 63.625 75.5 76.07692307692308
71.38461538461539 71.42857142857143 63.375 75.0 73.84615384615385
74.0 72.21428571428572 64.25 76.16666666666666 75.23076923076923
72.15384615384615 70.78571428571429 63.25 76.41666666666666 75.07692307692308
73.84615384615385 72.0 63.43749999999999 76.16666666666666 75.07692307692308
73.61538461538461 72.5 60.0625 75.58333333333334 74.92307692307692
72.84615384615385 71.64285714285715 59.875 76.08333333333334 74.6923076923077
72.92307692307692 70.5 59.875 74.5 75.15384615384616
73.84615384615385 72.14285714285715 59.75 75.25 74.46153846153847
74.23076923076923 71.85714285714286 58.9375 76.75 76.38461538461539
74.0 68.92857142857142 56.6875 77.0 74.53846153846153
72.0 70.0 55.625 74.33333333333333 73.53846153846153
72.61538461538461 69.5 55.4375 75.75 74.15384615384616
72.76923076923077 69.85714285714285 54.0 74.66666666666667 72.6923076923077
74.3076923076923 69.85714285714285 54.1875 75.0 75.23076923076923
73.3076923076923 70.14285714285714 51.25 77.08333333333334 75.0
75.0 69.85714285714285 50.875 77.5 76.23076923076923
73.61538461538461 68.35714285714285 48.0 75.83333333333334 76.07692307692308
74.92307692307692 68.64285714285714 45.75 77.08333333333334 76.76923076923077
75.3076923076923 68.0 45.1875 75.08333333333333 75.61538461538461
74.61538461538461 68.35714285714285 44.1875 77.83333333333334 76.61538461538461
74.15384615384616 68.0 42.375 77.58333333333334 77.23076923076923
75.23076923076923 65.71428571428571 40.9375 76.16666666666666 75.84615384615384
74.07692307692308 66.28571428571428 38.4375 76.0 75.3076923076923
76.23076923076923 67.21428571428571 35.4375 79.0 77.53846153846155
76.23076923076923 65.92857142857143 33.8125 77.41666666666666 77.3076923076923
74.07692307692308 64.78571428571428 31.0 75.91666666666666 76.0
74.53846153846153 62.57142857142857 26.875 75.16666666666667 76.23076923076923
74.92307692307692 63.14285714285714 26.5625 76.08333333333334 76.23076923076923
76.0 63.42857142857143 26.625 76.41666666666666 76.53846153846155
75.6923076923077 62.78571428571429 20.6875 75.58333333333334 77.3076923076923
74.0 60.642857142857146 18.5 75.58333333333334 78.0
75.84615384615384 62.78571428571429 16.125 77.08333333333334 76.46153846153845
76.6923076923077 60.142857142857146 14.125 76.5 78.84615384615384
76.07692307692308 59.28571428571429 11.25 77.0 78.46153846153845
76.53846153846155 59.214285714285715 11.75 77.16666666666666 79.0
76.61538461538461 59.0 9.6875 76.75 79.84615384615384
78.6923076923077 59.85714285714286 9.5625 79.0 80.23076923076923
77.53846153846155 57.357142857142854 9.0 77.33333333333334 78.30769230769232
77.84615384615384 57.92857142857142 7.5 76.08333333333334 78.23076923076923
76.61538461538461 55.357142857142854 5.625 77.0 78.84615384615384
77.0 55.92857142857143 4.375 74.83333333333333 78.76923076923077
76.84615384615384 54.214285714285715 3.3125 75.41666666666667 78.76923076923077
77.84615384615384 52.214285714285715 4.25 76.25 79.3076923076923
78.38461538461539 52.07142857142858 3.1875 76.25 79.53846153846155
78.38461538461539 51.35714285714286 2.5625 76.58333333333334 80.53846153846155
77.38461538461539 51.78571428571429 2.375 75.58333333333334 79.46153846153845
78.84615384615384 52.5 2.375 76.33333333333334 81.0
76.6923076923077 48.714285714285715 1.25 76.0 79.15384615384616
77.38461538461539 48.785714285714285 1.25 75.33333333333333 78.38461538461539
78.46153846153845 49.92857142857142 1.5625 76.08333333333334 80.46153846153845
78.53846153846155 49.42857142857142 1.375 77.66666666666666 80.84615384615384
76.76923076923077 46.714285714285715 1.1875 74.66666666666667 80.84615384615384
77.69230769230768 46.42857142857143 1.4375 73.0 79.0
77.15384615384616 44.92857142857143 1.0 73.83333333333333 79.3076923076923
78.92307692307693 45.5 0.375 74.25 80.84615384615384
79.15384615384616 45.0 0.5625 74.5 79.92307692307693
78.46153846153845 43.85714285714286 0.375 75.16666666666667 79.6923076923077
78.30769230769232 44.42857142857143 0.5625 73.75 80.6923076923077
76.38461538461539 39.142857142857146 0.1875 72.25 79.07692307692307
77.46153846153845 39.357142857142854 0.375 72.5 81.23076923076923
80.23076923076923 40.5 0.125 73.08333333333333 81.0
78.46153846153845 40.214285714285715 0.125 73.66666666666667 81.38461538461539
77.84615384615384 39.5 0.1875 74.16666666666667 79.38461538461539
79.6923076923077 38.214285714285715 0.375 73.83333333333333 83.6923076923077
79.76923076923077 38.142857142857146 0.125 73.58333333333333 82.15384615384616
78.53846153846155 34.92857142857142 0.125 71.66666666666667 80.6923076923077
79.76923076923077 34.64285714285714 0.125 72.75 81.92307692307692
78.07692307692307 34.285714285714285 0.125 72.91666666666667 82.15384615384616
76.76923076923077 34.07142857142857 0.0625 71.25 80.76923076923077
