32935.000 -0.400 -0.400 0.122
32936.000 -0.400 -0.331 0.294
32937.000 -0.400 -0.262 0.094
32938.000 -0.400 -0.192 0.232
32939.000 -0.400 -0.054 0.121
32940.000 -0.400 0.015 0.200
32941.000 -0.400 0.085 0.066
32942.000 -0.400 0.154 0.373
32943.000 -0.400 0.223 0.366
32944.000 -0.400 0.292 0.231
32945.000 -0.400 0.362 0.119
32946.000 -0.400 0.431 0.404
32947.000 -0.331 -0.400 0.331
32948.000 -0.331 -0.331 0.497
32949.000 -0.331 -0.262 0.482
32950.000 -0.331 -0.192 0.002
32951.000 -0.331 -0.123 0.165
32952.000 -0.331 -0.054 0.302
32953.000 -0.331 0.015 0.145
32954.000 -0.331 0.085 0.108
32955.000 -0.331 0.154 0.079
32956.000 -0.331 0.223 0.467
32957.000 -0.331 0.292 0.213
32958.000 -0.331 0.362 0.313
32959.000 -0.331 0.431 0.197
32960.000 -0.262 -0.400 0.286
32961.000 -0.262 -0.331 0.246
32962.000 -0.262 -0.262 0.389
32963.000 -0.262 -0.192 0.338
32964.000 -0.262 -0.123 0.173
32965.000 -0.262 -0.054 0.456
32966.000 -0.262 0.015 0.188
32967.000 -0.262 0.085 0.133
32968.000 -0.262 0.154 0.246
32969.000 -0.262 0.223 0.344
32970.000 -0.262 0.292 0.380
32971.000 -0.262 0.362 0.127
32972.000 -0.262 0.431 0.146
32973.000 -0.192 -0.400 0.239
32974.000 -0.192 -0.331 0.005
32975.000 -0.192 -0.262 0.341
32976.000 -0.192 -0.192 0.397
32977.000 -0.192 -0.123 0.304
32978.000 -0.192 -0.054 0.472
32979.000 -0.192 0.015 0.357
32980.000 -0.192 0.085 0.220
32981.000 -0.192 0.154 0.436
32982.000 -0.192 0.223 0.169
32983.000 -0.192 0.292 0.259
32984.000 -0.192 0.362 0.028
32985.000 -0.192 0.431 0.171
32986.000 -0.123 -0.400 0.149
32987.000 -0.123 -0.331 0.094
32988.000 -0.123 -0.262 0.034
32989.000 -0.123 -0.192 0.203
32990.000 -0.123 -0.123 0.060
32991.000 -0.123 -0.054 0.386
32992.000 -0.123 0.015 0.158
32993.000 -0.123 0.085 0.077
32994.000 -0.123 0.154 0.388
32995.000 -0.123 0.223 0.197
32996.000 -0.123 0.292 0.324
32997.000 -0.123 0.362 0.465
32998.000 -0.123 0.431 0.171
32999.000 -0.054 -0.400 0.403
33000.000 -0.054 -0.331 0.269
33001.000 -0.054 -0.262 0.364
33002.000 -0.054 -0.192 0.446
33003.000 -0.054 -0.123 0.447
33004.000 -0.054 -0.054 0.122
33005.000 -0.054 0.015 0.433
33006.000 -0.054 0.085 0.300
33007.000 -0.054 0.154 0.417
33008.000 -0.054 0.223 0.211
33009.000 -0.054 0.292 0.078
33010.000 -0.054 0.362 0.152
33011.000 -0.054 0.431 0.309
33012.000 0.015 -0.400 0.305
33013.000 0.015 -0.331 0.333
33014.000 0.015 -0.262 0.264
33015.000 0.015 -0.192 0.487
33016.000 0.015 -0.123 0.057
33017.000 0.015 -0.054 0.258
33018.000 0.015 0.015 0.455
33019.000 0.015 0.085 0.033
33020.000 0.015 0.154 0.204
33021.000 0.015 0.223 0.021
33022.000 0.015 0.292 0.318
33023.000 0.015 0.362 0.356
33024.000 0.015 0.431 0.134
33025.000 0.085 -0.400 0.483
33026.000 0.085 -0.331 0.158
33027.000 0.085 -0.262 0.022
33028.000 0.085 -0.192 0.239
33029.000 0.085 -0.123 0.401
33030.000 0.085 -0.054 0.148
33031.000 0.085 0.015 0.384
33032.000 0.085 0.085 0.336
33033.000 0.085 0.154 0.114
33034.000 0.085 0.223 0.199
33035.000 0.085 0.292 0.164
33036.000 0.085 0.362 0.076
33037.000 0.085 0.431 0.203
33038.000 0.154 -0.400 0.358
33039.000 0.154 -0.331 0.113
33040.000 0.154 -0.262 0.046
33041.000 0.154 -0.192 0.261
33042.000 0.154 -0.123 0.406
33043.000 0.154 -0.054 0.091
33044.000 0.154 0.015 0.080
33045.000 0.154 0.085 0.083
33046.000 0.154 0.154 0.235
33047.000 0.154 0.223 0.465
33048.000 0.154 0.292 0.089
33049.000 0.154 0.362 0.083
33050.000 0.154 0.431 0.282
33051.000 0.223 -0.400 0.417
33052.000 0.223 -0.331 0.369
33053.000 0.223 -0.262 0.393
33054.000 0.223 -0.192 0.282
33055.000 0.223 -0.123 0.381
33056.000 0.223 -0.054 0.126
33057.000 0.223 0.015 0.094
33058.000 0.223 0.085 0.221
33059.000 0.223 0.154 0.337
33060.000 0.223 0.223 0.297
33061.000 0.223 0.292 0.492
33062.000 0.223 0.362 0.011
33063.000 0.223 0.431 0.413
33064.000 0.292 -0.400 0.057
33065.000 0.292 -0.331 0.371
33066.000 0.292 -0.262 0.447
33067.000 0.292 -0.192 0.116
33068.000 0.292 -0.123 0.243
33069.000 0.292 -0.054 0.027
33070.000 0.292 0.015 0.406
33071.000 0.292 0.085 0.054
33072.000 0.292 0.154 0.096
33073.000 0.292 0.223 0.377
33074.000 0.292 0.292 0.356
33075.000 0.292 0.362 0.143
33076.000 0.292 0.431 0.398
33077.000 0.362 -0.400 0.004
33078.000 0.362 -0.331 0.298
33079.000 0.362 -0.262 0.069
33080.000 0.362 -0.192 0.390
33081.000 0.362 -0.123 0.043
33082.000 0.362 -0.054 0.261
33083.000 0.362 0.015 0.041
33084.000 0.362 0.085 0.344
33085.000 0.362 0.154 0.291
33086.000 0.362 0.223 0.187
33087.000 0.362 0.292 0.425
33088.000 0.362 0.362 0.483
33089.000 0.362 0.431 0.380
33090.000 0.431 -0.400 0.265
33091.000 0.431 -0.331 0.341
33092.000 0.431 -0.262 0.416
33093.000 0.431 -0.192 0.114
33094.000 0.431 -0.123 0.092
33095.000 0.431 -0.054 0.079
33096.000 0.431 0.015 0.459
33097.000 0.431 0.085 0.222
33098.000 0.431 0.154 0.004
33099.000 0.431 0.223 0.145
33100.000 0.431 0.292 0.416
33101.000 0.431 0.362 0.382
33102.000 0.431 0.431 0.372
