85.22222222222223 83.0 84.875 87.4 86.55555555555556
85.11111111111111 82.8 82.375 85.8 85.44444444444444
85.55555555555556 81.4 81.875 85.6 84.66666666666667
84.55555555555556 82.3 83.75 85.9 85.33333333333333
82.66666666666667 82.19999999999999 83.25 86.0 84.66666666666667
84.0 83.1 83.875 86.7 85.77777777777777
86.11111111111111 83.6 83.5 86.5 86.77777777777777
85.22222222222223 81.10000000000001 82.25 85.7 84.77777777777777
84.88888888888889 82.8 84.0 86.8 85.77777777777777
84.77777777777777 81.8 83.875 86.4 86.33333333333333
83.77777777777779 81.9 82.625 86.0 85.11111111111111
85.88888888888889 81.19999999999999 82.75 87.0 85.0
84.33333333333333 80.9 83.625 86.7 85.22222222222223
84.88888888888889 81.8 82.875 85.2 84.88888888888889
85.55555555555556 81.19999999999999 84.125 86.3 85.0
84.77777777777777 82.10000000000001 84.5 86.8 86.55555555555556
84.66666666666667 82.0 83.0 85.8 84.77777777777777
86.44444444444444 81.10000000000001 82.875 87.4 87.11111111111111
85.44444444444444 82.4 83.5 86.5 85.66666666666667
85.22222222222223 82.19999999999999 82.125 87.4 86.77777777777777
85.88888888888889 81.5 83.25 86.9 87.0
84.44444444444444 80.4 83.125 85.9 85.66666666666667
84.77777777777777 81.10000000000001 82.75 86.0 85.11111111111111
83.77777777777779 80.8 81.875 84.8 85.77777777777777
84.77777777777777 81.0 83.75 86.1 85.77777777777777
83.77777777777779 79.3 82.375 84.8 84.44444444444444
84.22222222222223 80.4 82.75 86.0 85.22222222222223
84.77777777777777 81.69999999999999 83.125 85.3 84.55555555555556
85.11111111111111 80.5 83.375 86.2 86.11111111111111
84.11111111111111 80.0 81.5 84.7 84.88888888888889
83.88888888888889 78.60000000000001 81.125 85.8 85.11111111111111
85.22222222222223 81.10000000000001 82.125 86.0 86.88888888888889
86.11111111111111 81.10000000000001 82.375 87.4 87.66666666666667
84.66666666666667 79.60000000000001 82.5 84.8 85.88888888888889
86.33333333333333 79.9 83.125 86.8 86.22222222222223
84.77777777777777 79.39999999999999 83.5 87.1 87.66666666666667
85.0 78.7 80.125 85.6 85.55555555555556
84.33333333333333 78.2 81.875 86.0 85.44444444444444
85.22222222222223 78.10000000000001 82.25 87.4 86.22222222222223
85.33333333333333 78.89999999999999 82.75 86.2 86.11111111111111
86.77777777777777 79.10000000000001 82.5 88.4 86.0
84.88888888888889 78.0 82.25 86.5 86.44444444444444
85.66666666666667 78.0 81.75 86.7 86.77777777777777
83.55555555555554 75.39999999999999 81.375 85.9 84.88888888888889
84.77777777777777 77.5 81.875 85.9 85.22222222222223
84.44444444444444 77.39999999999999 81.375 85.7 85.88888888888889
84.88888888888889 77.60000000000001 82.125 86.4 86.33333333333333
85.55555555555556 76.8 82.875 86.7 86.55555555555556
84.22222222222223 76.5 81.375 86.2 84.66666666666667
84.77777777777777 75.6 80.375 85.9 85.0
84.0 75.0 81.5 85.4 84.77777777777777
84.22222222222223 75.80000000000001 80.125 87.2 85.44444444444444
85.0 76.8 81.75 86.2 86.22222222222223
84.0 74.2 79.375 85.3 86.33333333333333
84.11111111111111 73.6 80.875 85.1 83.44444444444444
84.88888888888889 74.89999999999999 80.0 85.7 86.11111111111111
83.77777777777779 71.4 78.875 84.9 85.33333333333333
85.22222222222223 72.2 79.125 86.7 85.0
84.88888888888889 73.2 81.375 86.3 86.0
85.55555555555556 73.1 80.25 86.4 86.55555555555556
84.22222222222223 71.4 79.875 85.4 85.77777777777777
84.88888888888889 72.7 80.75 86.0 85.0
85.44444444444444 71.7 81.375 86.4 84.88888888888889
86.0 72.4 81.5 86.9 87.11111111111111
84.77777777777777 72.0 79.0 85.6 85.11111111111111
85.66666666666667 70.0 80.5 86.2 86.77777777777777
84.0 69.6 80.25 87.2 86.0
84.11111111111111 70.3 79.0 86.1 85.88888888888889
85.0 69.9 78.875 86.0 86.66666666666667
84.77777777777777 66.69999999999999 79.25 87.1 85.77777777777777
84.11111111111111 67.0 78.5 86.5 86.0
85.77777777777777 67.2 79.0 86.9 85.33333333333333
83.66666666666667 68.4 77.75 84.6 83.88888888888889
85.33333333333333 65.60000000000001 77.875 85.9 84.66666666666667
84.66666666666667 66.5 78.5 86.2 86.11111111111111
84.33333333333333 64.10000000000001 77.25 85.8 85.33333333333333
84.88888888888889 66.19999999999999 77.5 85.2 85.22222222222223
84.33333333333333 64.9 78.25 85.4 85.0
85.0 64.0 78.25 85.6 85.11111111111111
83.77777777777779 63.3 76.875 86.1 84.33333333333333
83.44444444444444 61.9 76.375 85.0 85.11111111111111
84.66666666666667 61.0 76.5 86.7 85.77777777777777
85.22222222222223 61.199999999999996 76.875 85.3 85.0
84.55555555555556 62.0 76.5 84.5 85.55555555555556
84.22222222222223 57.6 76.125 84.9 85.66666666666667
84.66666666666667 57.1 74.5 85.3 85.11111111111111
84.55555555555556 58.8 76.0 86.6 85.0
85.55555555555556 60.1 76.75 85.9 85.77777777777777
84.11111111111111 57.9 74.25 86.6 85.0
84.11111111111111 56.7 74.75 85.6 85.22222222222223
85.0 56.599999999999994 76.25 85.4 86.11111111111111
85.66666666666667 55.9 74.5 86.2 86.66666666666667
84.66666666666667 53.1 74.625 84.8 84.55555555555556
84.44444444444444 54.1 73.875 86.0 85.33333333333333
83.88888888888889 54.300000000000004 74.25 85.4 84.88888888888889
84.33333333333333 53.400000000000006 74.0 86.4 86.55555555555556
84.66666666666667 52.5 74.25 86.5 85.66666666666667
84.77777777777777 51.4 73.5 86.6 86.88888888888889
83.77777777777779 48.7 72.625 86.2 84.33333333333333
83.77777777777779 49.4 72.875 85.1 85.77777777777777
84.66666666666667 46.0 72.375 85.2 84.66666666666667
81.1111111111111 77.5 80.375 81.69999999999999 82.0
81.33333333333333 78.5 80.75 81.3 81.1111111111111
80.22222222222223 77.5 81.0 80.60000000000001 81.22222222222223
80.66666666666666 77.10000000000001 80.125 80.69999999999999 81.33333333333333
83.33333333333333 48.5 72.875 85.3 84.55555555555556
81.66666666666667 78.2 80.75 81.9 81.33333333333333
81.0 77.8 80.125 81.3 81.0
82.88888888888889 79.10000000000001 81.75 81.8 82.0
82.1111111111111 79.2 82.0 82.60000000000001 82.1111111111111
85.22222222222223 56.099999999999994 69.625 85.5 85.44444444444444
81.33333333333333 77.8 80.375 81.69999999999999 80.88888888888889
81.44444444444444 78.7 81.5 82.0 81.66666666666667
81.44444444444444 76.89999999999999 79.375 81.19999999999999 82.0
81.1111111111111 78.10000000000001 81.25 81.4 81.0
85.22222222222223 46.9 73.125 86.4 85.33333333333333
81.66666666666667 78.89999999999999 80.25 81.0 82.0
80.77777777777779 77.60000000000001 79.625 81.19999999999999 81.1111111111111
81.22222222222223 78.10000000000001 81.625 81.5 81.88888888888889
81.66666666666667 78.5 81.625 82.0 82.66666666666667
84.88888888888889 53.699999999999996 69.75 86.4 86.11111111111111
81.44444444444444 78.10000000000001 80.25 81.60000000000001 80.88888888888889
81.0 79.0 80.875 82.0 81.44444444444444
81.55555555555556 77.89999999999999 81.125 82.0 82.1111111111111
80.55555555555556 79.0 81.125 83.0 81.22222222222223
81.66666666666667 79.39999999999999 80.625 81.9 80.77777777777779
81.55555555555556 78.89999999999999 80.875 80.9 81.33333333333333
82.22222222222223 78.89999999999999 82.375 82.5 82.66666666666667
80.66666666666666 78.3 80.0 81.0 80.77777777777779
81.77777777777779 77.8 82.125 82.8 81.1111111111111
81.22222222222223 77.60000000000001 80.0 80.8 80.66666666666666
85.11111111111111 55.800000000000004 70.625 86.1 86.0
84.44444444444444 55.300000000000004 70.375 85.1 85.0
85.44444444444444 55.9 71.25 85.3 85.55555555555556
85.55555555555556 56.099999999999994 70.625 85.5 86.22222222222223
84.55555555555556 55.800000000000004 71.75 85.8 85.44444444444444
84.77777777777777 55.4 70.0 85.9 85.22222222222223
85.88888888888889 56.0 68.125 86.9 85.77777777777777
85.55555555555556 56.5 71.5 85.6 86.44444444444444
84.44444444444444 57.2 70.5 87.3 86.66666666666667
85.0 56.5 71.0 86.2 85.33333333333333
85.44444444444444 55.300000000000004 71.125 86.0 86.11111111111111
86.11111111111111 56.599999999999994 70.25 86.5 86.33333333333333
84.88888888888889 54.699999999999996 70.25 84.8 84.55555555555556
85.11111111111111 55.7 70.5 86.0 85.33333333333333
85.22222222222223 56.300000000000004 70.0 85.4 85.77777777777777
85.11111111111111 54.0 70.25 86.2 85.0
84.33333333333333 53.3 71.625 85.5 86.11111111111111
84.44444444444444 55.0 69.625 86.0 85.33333333333333
84.33333333333333 56.2 69.625 85.3 85.88888888888889
84.44444444444444 57.0 70.5 85.4 85.77777777777777
83.77777777777779 53.6 69.125 84.1 86.22222222222223
84.44444444444444 54.800000000000004 70.625 86.5 85.11111111111111
84.55555555555556 55.599999999999994 71.375 86.0 85.88888888888889
85.0 56.5 70.75 86.3 85.44444444444444
84.77777777777777 57.5 73.125 86.4 85.77777777777777
84.88888888888889 54.0 70.375 85.3 85.11111111111111
86.11111111111111 56.4 71.125 85.8 86.66666666666667
85.11111111111111 58.1 72.125 87.2 86.55555555555556
86.0 56.300000000000004 71.75 85.8 85.11111111111111
85.44444444444444 54.9 71.5 86.2 85.77777777777777
84.55555555555556 55.300000000000004 71.75 85.8 86.55555555555556
86.44444444444444 57.9 73.125 88.4 88.11111111111111
86.0 57.1 72.375 86.0 86.22222222222223
86.11111111111111 58.4 74.875 86.7 86.22222222222223
84.88888888888889 57.4 73.75 86.9 86.55555555555556
86.33333333333333 55.9 72.25 86.3 85.55555555555556
85.33333333333333 57.0 72.25 85.7 85.77777777777777
84.77777777777777 57.6 72.625 87.3 86.0
85.66666666666667 58.4 74.375 85.7 87.33333333333333
85.11111111111111 58.5 75.125 85.5 85.66666666666667
85.44444444444444 58.3 72.25 86.7 84.88888888888889
84.88888888888889 59.1 73.875 86.7 86.55555555555556
85.0 57.8 74.625 85.3 86.66666666666667
85.66666666666667 59.0 74.375 86.9 85.88888888888889
86.33333333333333 60.8 76.0 87.2 87.55555555555556
85.22222222222223 59.7 75.625 88.2 87.55555555555556
85.77777777777777 59.6 76.5 87.0 86.0
86.0 60.3 76.0 87.8 87.0
84.77777777777777 59.8 77.5 87.1 86.77777777777777
85.77777777777777 60.699999999999996 78.25 87.6 87.11111111111111
86.44444444444444 59.0 78.75 88.8 87.22222222222223
86.0 60.0 78.75 88.0 86.77777777777777
86.55555555555556 61.5 79.5 87.9 87.33333333333333
86.77777777777777 61.3 79.125 88.2 88.0
86.0 62.4 80.25 88.6 87.55555555555556
87.22222222222223 61.0 80.0 88.8 86.44444444444444
85.44444444444444 61.400000000000006 79.375 87.9 86.33333333333333
86.55555555555556 61.3 79.75 89.0 87.55555555555556
86.0 62.300000000000004 81.875 88.2 88.88888888888889
86.33333333333333 61.6 81.0 88.9 87.0
86.33333333333333 62.7 82.5 88.5 87.44444444444444
85.88888888888889 62.300000000000004 83.875 88.8 86.88888888888889
86.22222222222223 64.10000000000001 83.5 89.7 89.0
86.88888888888889 65.60000000000001 83.75 89.2 87.88888888888889
86.77777777777777 65.60000000000001 84.625 89.30000000000001 88.11111111111111
87.0 64.69999999999999 84.125 90.1 89.22222222222221
88.55555555555556 65.69999999999999 84.75 91.0 89.44444444444444
86.66666666666667 63.3 86.0 90.30000000000001 88.88888888888889
87.33333333333333 65.0 84.625 90.6 88.55555555555556
87.77777777777777 66.60000000000001 85.0 90.39999999999999 88.33333333333333
87.11111111111111 66.9 86.625 90.89999999999999 88.55555555555556
86.88888888888889 66.60000000000001 85.5 90.39999999999999 89.0
88.33333333333333 66.3 86.75 90.7 89.11111111111111
87.11111111111111 66.5 86.625 90.2 88.0
88.88888888888889 66.5 86.5 91.2 89.11111111111111
89.11111111111111 66.3 87.0 91.30000000000001 89.66666666666667
88.11111111111111 67.6 86.625 91.1 89.22222222222221
87.33333333333333 65.9 85.5 90.5 88.66666666666667
88.22222222222221 65.60000000000001 85.125 89.2 88.33333333333333
89.22222222222221 67.5 86.75 91.30000000000001 89.33333333333333
88.22222222222221 67.0 86.375 91.5 89.0
88.0 67.0 86.625 91.2 90.11111111111111
87.22222222222223 67.8 86.75 90.2 87.55555555555556
87.33333333333333 67.4 86.5 91.7 88.55555555555556
88.0 67.7 88.75 91.80000000000001 90.11111111111111
89.22222222222221 68.8 87.875 91.1 89.22222222222221
88.77777777777777 68.8 87.375 91.1 88.66666666666667
88.66666666666667 68.1 88.125 91.89999999999999 90.11111111111111
87.33333333333333 68.2 87.375 90.6 88.11111111111111
88.66666666666667 66.8 86.125 90.89999999999999 89.33333333333333
88.44444444444446 72.2 88.5 91.5 89.66666666666667
88.33333333333333 69.2 88.0 92.0 89.66666666666667
87.11111111111111 70.5 88.625 92.1 89.77777777777777
88.11111111111111 69.8 87.75 92.1 89.22222222222221
88.77777777777777 70.2 89.25 91.7 90.44444444444444
87.77777777777777 70.7 86.5 92.3 89.0
89.11111111111111 67.9 89.5 92.3 90.66666666666667
88.88888888888889 70.0 88.25 92.60000000000001 89.22222222222221
88.66666666666667 69.7 87.75 91.39999999999999 89.44444444444444
