0.0027173913043478264 0.18922852983988356 0.05562913907284769 0.0 0.0014184397163120568
0.0013586956521739132 0.17903930131004367 0.06490066225165564 0.0 0.0
0.0 0.14847161572052403 0.060927152317880796 0.0 0.0
0.0013586956521739132 0.16885007278020378 0.054304635761589407 0.0 0.0
0.0027173913043478264 0.15574963609898107 0.05695364238410596 0.0 0.0
0.0 0.14410480349344978 0.05165562913907285 0.001364256480218281 0.0
0.0027173913043478264 0.16739446870451236 0.060927152317880796 0.0 0.0
0.0 0.1819505094614265 0.06357615894039735 0.0 0.0
0.0 0.12954876273653565 0.06490066225165564 0.0 0.0
0.0 0.1848617176128093 0.05827814569536424 0.0 0.0
0.0 0.17030567685589518 0.060927152317880796 0.0 0.0
0.0 0.17903930131004367 0.06887417218543047 0.0 0.0
0.0 0.16593886462882096 0.038410596026490065 0.0 0.0
0.0 0.16011644832605532 0.052980132450331126 0.0 0.0
0.0 0.15574963609898107 0.04900662251655629 0.0 0.0
0.0 0.13828238719068411 0.038410596026490065 0.0 0.0
0.0 0.15138282387190685 0.04768211920529801 0.0 0.0014184397163120568
0.0013586956521739132 0.15574963609898107 0.052980132450331126 0.0 0.0
0.0013586956521739132 0.18340611353711792 0.06490066225165564 0.0 0.0
0.0 0.13973799126637554 0.06622516556291391 0.0 0.0
0.0027173913043478264 0.1470160116448326 0.050331125827814564 0.0 0.0
0.0 0.1353711790393013 0.05827814569536424 0.0 0.0
0.0027173913043478264 0.12518195050946143 0.06225165562913907 0.0 0.0
0.0 0.13828238719068411 0.050331125827814564 0.002728512960436562 0.0
0.0027173913043478264 0.13828238719068411 0.07019867549668875 0.001364256480218281 0.0
0.0 0.13100436681222707 0.06622516556291391 0.0 0.0
0.0 0.13973799126637554 0.04105960264900662 0.0 0.0
0.0 0.1208151382823872 0.05695364238410596 0.0 0.0
0.0027173913043478264 0.15574963609898107 0.04900662251655629 0.0 0.0
0.0027173913043478264 0.14410480349344978 0.038410596026490065 0.0 0.0
0.0013586956521739132 0.14264919941775836 0.06887417218543047 0.0 0.0
0.0 0.15574963609898107 0.05827814569536424 0.0 0.0
0.0 0.10043668122270742 0.03443708609271524 0.0 0.0
0.0027173913043478264 0.1586608442503639 0.054304635761589407 0.0 0.0
0.0 0.13973799126637554 0.04105960264900662 0.0 0.0
0.0013586956521739132 0.15138282387190685 0.046357615894039736 0.0 0.0
0.0 0.13245997088791847 0.054304635761589407 0.0 0.0
0.0027173913043478264 0.1353711790393013 0.052980132450331126 0.0 0.0
0.0 0.1339155749636099 0.054304635761589407 0.0 0.0
0.0 0.12663755458515283 0.054304635761589407 0.001364256480218281 0.0
0.0 0.14410480349344978 0.046357615894039736 0.0 0.0
0.0 0.14119359534206694 0.06754966887417219 0.0 0.0
0.0013586956521739132 0.13828238719068411 0.050331125827814564 0.001364256480218281 0.0014184397163120568
0.0 0.11935953420669577 0.059602649006622516 0.002728512960436562 0.0
0.0 0.11935953420669577 0.05695364238410596 0.0 0.0
0.0013586956521739132 0.16739446870451236 0.05695364238410596 0.002728512960436562 0.0
0.0 0.14992721979621543 0.045033112582781455 0.0 0.0
0.0 0.10625909752547308 0.04900662251655629 0.0 0.0
0.0027173913043478264 0.13100436681222707 0.06887417218543047 0.0 0.0
0.0 0.1339155749636099 0.06754966887417219 0.0 0.0
0.0 0.13828238719068411 0.027814569536423844 0.0 0.0
0.0 0.12809315866084425 0.05695364238410596 0.0 0.0
0.0013586956521739132 0.13973799126637554 0.033112582781456956 0.0 0.0
0.0 0.1353711790393013 0.06225165562913907 0.0 0.0
0.0013586956521739132 0.15429403202328967 0.052980132450331126 0.0 0.0
0.0 0.14119359534206694 0.06357615894039735 0.0 0.0014184397163120568
0.0027173913043478264 0.13682678311499272 0.06754966887417219 0.001364256480218281 0.0
0.0 0.1950509461426492 0.06754966887417219 0.001364256480218281 0.0
0.0013586956521739132 0.1339155749636099 0.06754966887417219 0.0 0.0
0.0 0.12809315866084425 0.05695364238410596 0.001364256480218281 0.0
0.0013586956521739132 0.15283842794759825 0.039735099337748346 0.0 0.0
0.0027173913043478264 0.10334788937409024 0.02913907284768212 0.0 0.0
0.0 0.14119359534206694 0.05165562913907285 0.0 0.0
0.0 0.11644832605531295 0.05695364238410596 0.0 0.0
0.0 0.11935953420669577 0.039735099337748346 0.002728512960436562 0.0
0.0 0.1339155749636099 0.043708609271523174 0.0 0.0
0.0 0.15283842794759825 0.06622516556291391 0.001364256480218281 0.0
0.0 0.15429403202328967 0.06225165562913907 0.0 0.0
0.0 0.10189228529839883 0.039735099337748346 0.002728512960436562 0.0
0.0 0.16302765647743814 0.05695364238410596 0.0 0.0
0.0027173913043478264 0.12227074235807861 0.03708609271523179 0.0 0.0
0.0 0.12518195050946143 0.054304635761589407 0.0 0.0
0.0 0.10480349344978167 0.04768211920529801 0.001364256480218281 0.0
0.0013586956521739132 0.1470160116448326 0.039735099337748346 0.001364256480218281 0.0
0.0 0.10480349344978167 0.052980132450331126 0.0 0.0
0.0 0.12227074235807861 0.06887417218543047 0.0 0.0
0.0013586956521739132 0.10625909752547308 0.043708609271523174 0.001364256480218281 0.0
0.0013586956521739132 0.10043668122270742 0.02913907284768212 0.0 0.0
0.0013586956521739132 0.13682678311499272 0.03576158940397351 0.0 0.0
0.0027173913043478264 0.11353711790393013 0.039735099337748346 0.002728512960436562 0.0
0.0013586956521739132 0.11353711790393013 0.05695364238410596 0.001364256480218281 0.0014184397163120568
0.0013586956521739132 0.13682678311499272 0.07417218543046358 0.0 0.0
0.0013586956521739132 0.12954876273653565 0.054304635761589407 0.0 0.0
0.0 0.10625909752547308 0.05165562913907285 0.001364256480218281 0.0
0.0 0.1353711790393013 0.050331125827814564 0.001364256480218281 0.0014184397163120568
0.0 0.13828238719068411 0.043708609271523174 0.0 0.0
0.0013586956521739132 0.10625909752547308 0.0423841059602649 0.0 0.0
0.0 0.11499272197962154 0.06754966887417219 0.0 0.0
0.0 0.11644832605531295 0.04900662251655629 0.0 0.0
0.0013586956521739132 0.1353711790393013 0.04900662251655629 0.001364256480218281 0.0
0.0 0.12518195050946143 0.03443708609271524 0.0 0.0
0.0 0.1208151382823872 0.06490066225165564 0.0 0.0
0.0 0.12518195050946143 0.04900662251655629 0.0 0.0
0.0 0.11644832605531295 0.04105960264900662 0.0 0.0
0.0 0.10771470160116449 0.038410596026490065 0.002728512960436562 0.0
0.0 0.09170305676855896 0.03443708609271524 0.0 0.0
0.0013586956521739132 0.10043668122270742 0.050331125827814564 0.0 0.0
0.0013586956521739132 0.09606986899563319 0.043708609271523174 0.0 0.0
0.0013586956521739132 0.14410480349344978 0.04768211920529801 0.0 0.0
0.0013586956521739132 0.0975254730713246 0.04900662251655629 0.0 0.0
0.0027173913043478264 0.10480349344978167 0.04105960264900662 0.0 0.0
0.0 0.0 0.0 0.0 0.0
0.0 0.0 0.0 0.0 0.0
0.0 0.0 0.0 0.0 0.0
0.0 0.0 0.0013245033112582781 0.0 0.0
0.0013586956521739132 0.08733624454148471 0.03708609271523179 0.0 0.0
0.0 0.0 0.0 0.0 0.0
0.0 0.0 0.0 0.0 0.0
0.0 0.0 0.0 0.0 0.0
0.0 0.0 0.0 0.0 0.0
0.0013586956521739132 0.03784570596797671 0.12980132450331128 0.0 0.0
0.0 0.0 0.0 0.0 0.0
0.0 0.0 0.0 0.0 0.0
0.0 0.0 0.0 0.0 0.0
0.0013586956521739132 0.0 0.0 0.0 0.0
0.0013586956521739132 0.12809315866084425 0.059602649006622516 0.001364256480218281 0.0
0.0 0.0 0.0 0.0 0.0
0.0 0.0 0.0 0.0 0.0
0.0 0.0 0.0 0.0 0.0
0.0 0.0 0.0 0.0 0.0
0.0 0.05822416302765648 0.15496688741721854 0.002728512960436562 0.0
0.0 0.0 0.0 0.0 0.0
0.0 0.0 0.0 0.0 0.0
0.0 0.0 0.0 0.0 0.0
0.0 0.002911208151382824 0.0 0.0 0.0
0.0 0.0 0.0 0.0 0.0
0.0 0.0 0.0 0.0 0.0
0.0 0.0 0.0013245033112582781 0.0 0.0
0.0 0.0 0.0 0.0 0.0
0.0 0.001455604075691412 0.0013245033112582781 0.0 0.0
0.0 0.0 0.0 0.0 0.0014184397163120568
0.0 0.050946142649199416 0.13112582781456952 0.002728512960436562 0.0
0.0 0.052401746724890834 0.10596026490066225 0.0 0.0
0.0 0.04512372634643377 0.11258278145695365 0.002728512960436562 0.0
0.0 0.049490538573508006 0.12582781456953643 0.004092769440654843 0.0
0.0 0.026200873362445417 0.12847682119205298 0.0 0.0
0.0 0.05967976710334789 0.1629139072847682 0.0 0.0
0.0 0.046579330422125184 0.17218543046357615 0.0 0.0
0.0 0.055312954876273655 0.15364238410596026 0.001364256480218281 0.0
0.0013586956521739132 0.043668122270742356 0.176158940397351 0.0 0.0
0.0 0.06404657933042213 0.14304635761589404 0.0 0.0
0.0 0.055312954876273655 0.2052980132450331 0.001364256480218281 0.0
0.0 0.05967976710334789 0.1695364238410596 0.0 0.0
0.0 0.05967976710334789 0.1708609271523179 0.001364256480218281 0.0
0.0 0.039301310043668124 0.22251655629139075 0.0 0.0
0.0 0.06841339155749636 0.24238410596026488 0.0 0.0
0.0 0.053857350800582245 0.2251655629139073 0.0 0.0
0.0 0.09461426491994178 0.26622516556291387 0.0 0.0
0.0 0.08442503639010189 0.24503311258278146 0.001364256480218281 0.0
0.0 0.07423580786026202 0.33642384105960266 0.0 0.0
0.0 0.061135371179039305 0.32052980132450326 0.0 0.0
0.0 0.0727802037845706 0.38013245033112586 0.0 0.0
0.0 0.08005822416302766 0.35894039735099337 0.0 0.0
0.0 0.07714701601164484 0.42119205298013246 0.0 0.0
0.0 0.06404657933042213 0.47019867549668876 0.0 0.0
0.0 0.09170305676855896 0.48079470198675495 0.0 0.0
0.0 0.09606986899563319 0.4768211920529801 0.0 0.0
0.0 0.10771470160116449 0.5933774834437087 0.0 0.0
0.0 0.08296943231441048 0.5549668874172186 0.0 0.0
0.0 0.11062590975254731 0.6913907284768213 0.001364256480218281 0.0
0.0 0.1091703056768559 0.7695364238410596 0.002728512960436562 0.0
0.0 0.11790393013100436 0.7562913907284767 0.0 0.0
0.0 0.11644832605531295 0.7311258278145695 0.001364256480218281 0.0
0.0 0.11790393013100436 0.8119205298013245 0.0 0.0
0.0 0.1208151382823872 0.8397350993377483 0.001364256480218281 0.0
0.0 0.12663755458515283 0.9298013245033112 0.0 0.0
0.0 0.13100436681222707 0.9708609271523179 0.0 0.0
0.0 0.1353711790393013 1.0 0.001364256480218281 0.0
0.0 0.13682678311499272 1.047682119205298 0.0 0.0
0.0 0.15138282387190685 1.1165562913907285 0.0 0.0
0.0 0.17903930131004367 1.2026490066225166 0.0 0.0
0.0 0.18631732168850074 1.2966887417218544 0.001364256480218281 0.0
0.0013586956521739132 0.1804949053857351 1.3682119205298013 0.0 0.0
0.0013586956521739132 0.1819505094614265 1.4291390728476823 0.0 0.0
0.0 0.20087336244541484 1.5602649006622515 0.001364256480218281 0.0
0.0 0.2081513828238719 1.6887417218543048 0.0 0.0
0.0 0.24454148471615722 1.8158940397350993 0.0 0.0
0.0 0.2678311499272198 1.9496688741721855 0.0 0.0
0.0027173913043478264 0.29985443959243085 2.116556291390728 0.0 0.0
0.0 0.3013100436681223 2.1880794701986757 0.0 0.0
0.0 0.33915574963609896 2.3033112582781454 0.0 0.0
0.0 0.3245997088791849 2.390728476821192 0.001364256480218281 0.0
0.0 0.35807860262008734 2.4225165562913906 0.001364256480218281 0.0
0.0013586956521739132 0.38573508005822416 2.6543046357615894 0.0 0.0
0.0013586956521739132 0.38719068413391555 2.773509933774834 0.0 0.0
0.0 0.4264919941775837 2.8980132450331126 0.004092769440654843 0.0
0.0 0.4163027656477438 3.0821192052980133 0.0 0.0
0.0 0.44395924308588064 3.196026490066225 0.0 0.0
0.0 0.5007278020378457 3.403973509933775 0.0 0.0
0.0 0.48034934497816595 3.6079470198675496 0.0 0.0
0.0 0.5487627365356623 3.8807947019867552 0.001364256480218281 0.0
0.0 0.6026200873362446 3.9509933774834436 0.0 0.0
0.0 0.6259097525473072 4.160264900662252 0.0 0.0
0.0 0.6593886462882096 4.532450331125828 0.001364256480218281 0.0014184397163120568
0.0 0.653566229985444 4.6662251655629134 0.0 0.0
0.0 0.6899563318777292 4.774834437086093 0.001364256480218281 0.0
0.0 0.7714701601164483 5.098013245033113 0.0 0.0
0.0 0.7816593886462881 5.172185430463577 0.0 0.0
0.0 0.8136826783114992 5.1735099337748345 0.0 0.0
0.0 0.8064046579330422 5.3192052980132445 0.0 0.0
0.0 0.8282387190684133 5.5682119205298015 0.0 0.0
0.0 0.8646288209606987 5.827814569536423 0.0 0.0
0.0013586956521739132 0.9199417758369723 6.066225165562914 0.0 0.0
0.0 0.9985443959243087 6.398675496688742 0.0 0.0
0.0 1.024745269286754 6.588079470198675 0.0 0.0
0.0 1.1120815138282387 6.768211920529802 0.0 0.0
0.0 1.0291120815138282 6.780132450331126 0.002728512960436562 0.0
0.0 1.106259097525473 7.137748344370861 0.0 0.0
0.0013586956521739132 1.1630276564774382 7.218543046357616 0.004092769440654843 0.0
0.0 1.1950509461426493 7.34569536423841 0.002728512960436562 0.0
0.0013586956521739132 1.262008733624454 7.5284768211920525 0.0 0.0
0.0 1.3275109170305677 8.09139072847682 0.0 0.0
0.0 1.3013100436681222 8.088741721854305 0.0 0.0
0.0013586956521739132 1.3245997088791848 8.291390728476822 0.001364256480218281 0.0
0.0 1.4381368267831152 8.651655629139073 0.0 0.0
0.0 1.4992721979621544 9.056953642384105 0.0 0.0
0.0013586956521739132 1.547307132459971 9.243708609271524 0.0 0.0
0.0 1.6084425036390102 9.525827814569535 0.001364256480218281 0.0
0.0 1.633187772925764 9.80794701986755 0.0 0.0
0.0 1.777292576419214 10.021192052980133 0.0 0.0
0.0 1.9257641921397382 10.574834437086093 0.0 0.0
0.0 1.8879184861717613 10.671523178807947 0.001364256480218281 0.0
0.0 1.9461426491994178 10.741721854304634 0.0 0.0
0.0 1.918486171761281 10.883443708609272 0.0 0.0
0.0 2.1295487627365355 11.508609271523179 0.0 0.0
0.0 2.1703056768558953 11.486092715231788 0.0 0.0
0.0 2.3144104803493453 12.083443708609272 0.0 0.0
0.0 2.3930131004366815 12.512582781456954 0.001364256480218281 0.0
0.0 2.490538573508006 12.605298013245033 0.0 0.0
0.0013586956521739132 2.475982532751092 12.552317880794702 0.0 0.0
