9.692307692307693 16.5 17.516129032258068 9.076923076923077 9.923076923076923
10.923076923076923 17.115384615384617 18.161290322580648 9.846153846153847 8.615384615384615
11.76923076923077 17.73076923076923 16.903225806451612 9.884615384615383 10.153846153846153
10.0 17.0 17.806451612903224 10.307692307692308 9.692307692307693
10.769230769230768 16.346153846153847 17.64516129032258 10.538461538461538 9.692307692307693
10.076923076923077 18.23076923076923 16.548387096774196 11.26923076923077 9.230769230769232
10.076923076923077 17.30769230769231 16.064516129032256 11.0 9.115384615384615
10.576923076923077 16.923076923076923 16.29032258064516 10.423076923076923 8.653846153846155
10.730769230769232 16.23076923076923 17.806451612903224 10.115384615384615 9.76923076923077
10.038461538461538 16.384615384615383 16.161290322580644 10.576923076923077 9.73076923076923
10.615384615384615 16.76923076923077 18.225806451612904 10.0 10.23076923076923
10.038461538461538 16.653846153846153 14.96774193548387 10.307692307692308 10.23076923076923
10.653846153846155 18.076923076923077 17.32258064516129 10.576923076923077 9.153846153846153
10.115384615384615 17.346153846153843 16.548387096774196 9.5 9.653846153846153
10.769230769230768 18.461538461538463 16.225806451612904 11.192307692307692 9.73076923076923
9.76923076923077 18.5 18.516129032258064 9.884615384615383 8.769230769230768
10.807692307692308 18.26923076923077 16.032258064516128 9.538461538461538 8.576923076923077
10.26923076923077 17.615384615384617 15.741935483870966 10.23076923076923 8.23076923076923
10.884615384615385 16.76923076923077 18.032258064516128 10.307692307692308 8.5
10.23076923076923 15.846153846153847 17.32258064516129 10.423076923076923 9.0
9.807692307692307 18.115384615384617 16.870967741935484 10.5 8.961538461538462
10.615384615384615 19.57692307692308 17.483870967741932 10.769230769230768 9.5
9.807692307692307 17.461538461538463 16.70967741935484 9.423076923076923 8.961538461538462
10.769230769230768 18.038461538461537 17.580645161290324 10.0 9.423076923076923
10.653846153846155 18.73076923076923 16.516129032258064 11.346153846153847 9.038461538461538
10.884615384615385 18.5 15.61290322580645 9.884615384615383 10.153846153846153
9.961538461538462 18.076923076923077 17.129032258064516 11.923076923076923 10.307692307692308
10.346153846153847 17.69230769230769 16.096774193548388 10.115384615384615 10.115384615384615
11.192307692307692 16.115384615384613 15.741935483870966 9.807692307692307 10.038461538461538
9.923076923076923 20.153846153846153 15.677419354838708 10.153846153846153 9.307692307692308
9.538461538461538 16.423076923076923 16.903225806451612 11.384615384615385 7.6923076923076925
9.923076923076923 16.807692307692307 16.580645161290324 9.961538461538462 9.423076923076923
9.76923076923077 17.961538461538463 17.806451612903224 10.884615384615385 9.230769230769232
10.23076923076923 19.307692307692307 17.774193548387096 10.846153846153845 10.26923076923077
10.961538461538462 17.115384615384617 18.58064516129032 10.423076923076923 8.846153846153845
9.615384615384617 19.923076923076923 16.451612903225808 10.461538461538462 9.192307692307692
10.346153846153847 17.923076923076923 17.161290322580644 10.076923076923077 9.807692307692307
10.807692307692308 17.423076923076923 17.06451612903226 9.653846153846153 8.23076923076923
11.038461538461538 16.53846153846154 16.612903225806452 11.038461538461538 9.846153846153847
9.846153846153847 18.307692307692307 18.29032258064516 8.923076923076923 8.115384615384615
9.576923076923077 17.961538461538463 16.258064516129032 11.307692307692308 8.769230769230768
12.653846153846155 17.615384615384617 17.612903225806452 10.615384615384615 8.884615384615385
10.846153846153845 18.846153846153847 17.225806451612904 9.423076923076923 9.5
10.461538461538462 15.538461538461538 17.96774193548387 11.26923076923077 7.884615384615384
10.538461538461538 16.653846153846153 18.096774193548388 10.346153846153847 8.423076923076923
10.346153846153847 16.73076923076923 16.41935483870968 10.26923076923077 9.26923076923077
11.038461538461538 18.576923076923077 15.838709677419356 9.307692307692308 9.346153846153847
10.346153846153847 17.76923076923077 17.548387096774196 10.461538461538462 9.384615384615385
10.653846153846155 16.73076923076923 15.935483870967742 10.538461538461538 10.153846153846153
9.653846153846153 17.461538461538463 15.161290322580646 10.769230769230768 9.153846153846153
11.538461538461538 16.153846153846153 16.806451612903224 9.423076923076923 9.538461538461538
9.115384615384615 17.5 17.838709677419356 10.538461538461538 8.153846153846153
11.423076923076923 16.961538461538463 15.258064516129032 10.5 9.230769230769232
10.461538461538462 17.423076923076923 16.774193548387096 10.076923076923077 8.653846153846155
10.961538461538462 18.23076923076923 16.741935483870968 9.76923076923077 9.038461538461538
9.346153846153847 18.576923076923077 16.483870967741936 9.692307692307693 9.230769230769232
9.461538461538462 15.923076923076922 17.03225806451613 10.153846153846153 8.653846153846155
10.0 17.923076923076923 16.70967741935484 10.615384615384615 8.923076923076923
11.038461538461538 17.0 16.580645161290324 9.653846153846153 10.26923076923077
9.384615384615385 17.423076923076923 17.0 10.846153846153845 9.230769230769232
10.5 18.038461538461537 20.06451612903226 10.346153846153847 9.5
8.961538461538462 16.46153846153846 17.67741935483871 11.076923076923077 9.961538461538462
10.961538461538462 18.038461538461537 16.806451612903224 10.5 8.769230769230768
10.0 17.423076923076923 16.38709677419355 10.923076923076923 9.076923076923077
8.730769230769232 18.307692307692307 16.193548387096772 9.884615384615383 9.423076923076923
10.923076923076923 17.73076923076923 17.161290322580644 10.153846153846153 10.461538461538462
11.153846153846153 18.96153846153846 16.967741935483872 9.73076923076923 10.307692307692308
9.230769230769232 19.53846153846154 16.903225806451612 11.346153846153847 8.961538461538462
10.153846153846153 17.23076923076923 17.0 10.615384615384615 10.0
10.0 17.0 16.870967741935484 10.423076923076923 9.192307692307692
10.692307692307692 18.192307692307693 17.0 11.307692307692308 10.0
10.23076923076923 18.5 15.903225806451614 11.653846153846153 9.076923076923077
10.153846153846153 17.384615384615383 18.419354838709676 9.307692307692308 7.653846153846153
10.538461538461538 17.0 18.06451612903226 9.423076923076923 9.26923076923077
8.769230769230768 16.53846153846154 16.258064516129032 11.307692307692308 8.692307692307692
10.961538461538462 18.884615384615387 17.193548387096776 11.0 9.923076923076923
10.23076923076923 17.461538461538463 17.129032258064516 10.076923076923077 9.230769230769232
11.846153846153847 17.80769230769231 16.32258064516129 10.884615384615385 9.73076923076923
10.538461538461538 16.615384615384617 18.58064516129032 9.961538461538462 9.653846153846153
10.461538461538462 17.23076923076923 17.548387096774196 10.653846153846155 9.26923076923077
10.5 17.69230769230769 17.64516129032258 10.0 8.423076923076923
10.461538461538462 16.76923076923077 16.35483870967742 10.153846153846153 8.769230769230768
10.153846153846153 16.807692307692307 15.677419354838708 9.115384615384615 8.192307692307692
10.961538461538462 17.26923076923077 16.41935483870968 10.307692307692308 9.73076923076923
10.307692307692308 18.5 17.06451612903226 11.346153846153847 10.461538461538462
10.461538461538462 18.0 17.129032258064516 10.346153846153847 10.192307692307692
11.115384615384615 15.538461538461538 16.70967741935484 11.26923076923077 9.038461538461538
10.115384615384615 16.884615384615383 18.29032258064516 10.884615384615385 9.230769230769232
11.807692307692307 17.538461538461537 17.838709677419356 10.615384615384615 8.461538461538462
11.115384615384615 19.03846153846154 17.0 11.884615384615383 10.23076923076923
11.076923076923077 17.73076923076923 17.548387096774196 9.230769230769232 9.346153846153847
11.0 19.0 17.451612903225804 11.26923076923077 7.730769230769231
10.576923076923077 16.923076923076923 16.548387096774196 10.346153846153847 9.961538461538462
10.153846153846153 17.846153846153847 18.741935483870968 10.730769230769232 9.230769230769232
9.846153846153847 18.576923076923077 16.41935483870968 10.423076923076923 9.346153846153847
10.346153846153847 17.30769230769231 17.483870967741932 11.576923076923077 10.307692307692308
11.461538461538462 17.26923076923077 17.29032258064516 10.192307692307692 10.307692307692308
10.576923076923077 16.384615384615383 17.741935483870968 9.76923076923077 9.0
9.26923076923077 18.461538461538463 15.032258064516128 9.576923076923077 9.615384615384617
10.346153846153847 18.153846153846153 15.903225806451614 10.769230769230768 9.538461538461538
10.692307692307692 17.884615384615383 15.258064516129032 11.5 8.346153846153847
11.0 10.346153846153847 11.258064516129032 10.23076923076923 11.038461538461538
10.807692307692308 10.730769230769232 10.064516129032258 10.26923076923077 10.576923076923077
8.615384615384615 10.192307692307692 9.580645161290322 10.23076923076923 10.576923076923077
10.730769230769232 9.5 11.032258064516128 11.461538461538462 9.615384615384617
9.923076923076923 16.03846153846154 16.516129032258064 9.423076923076923 10.576923076923077
9.307692307692308 12.5 11.032258064516128 10.346153846153847 10.153846153846153
10.5 10.26923076923077 10.064516129032258 10.307692307692308 10.0
11.192307692307692 11.153846153846153 10.258064516129032 10.23076923076923 10.384615384615385
11.0 10.730769230769232 9.838709677419354 10.423076923076923 9.884615384615383
10.538461538461538 15.115384615384615 20.580645161290324 8.923076923076923 9.384615384615385
10.192307692307692 10.846153846153845 10.483870967741936 11.038461538461538 11.384615384615385
11.038461538461538 9.230769230769232 9.967741935483872 10.23076923076923 11.423076923076923
10.192307692307692 9.230769230769232 10.903225806451612 9.846153846153847 11.76923076923077
10.038461538461538 9.73076923076923 10.32258064516129 10.115384615384615 11.0
9.346153846153847 19.230769230769234 17.193548387096776 9.76923076923077 10.692307692307692
9.73076923076923 9.961538461538462 10.064516129032258 8.884615384615385 10.076923076923077
10.653846153846155 10.192307692307692 10.838709677419356 11.076923076923077 11.115384615384615
10.615384615384615 11.26923076923077 10.67741935483871 11.038461538461538 10.576923076923077
8.884615384615385 11.0 10.741935483870966 11.307692307692308 10.0
10.5 15.5 19.161290322580644 10.038461538461538 8.730769230769232
9.884615384615383 10.346153846153847 10.193548387096776 9.76923076923077 9.5
11.076923076923077 10.730769230769232 11.225806451612902 10.576923076923077 9.961538461538462
10.615384615384615 10.115384615384615 10.516129032258066 11.423076923076923 9.961538461538462
10.692307692307692 9.461538461538462 10.96774193548387 10.26923076923077 10.807692307692308
9.538461538461538 10.538461538461538 9.903225806451614 10.538461538461538 9.307692307692308
10.846153846153845 10.307692307692308 9.838709677419354 10.153846153846153 10.192307692307692
9.76923076923077 9.807692307692307 10.35483870967742 9.807692307692307 8.846153846153845
10.384615384615385 10.076923076923077 10.64516129032258 9.653846153846153 10.115384615384615
10.461538461538462 10.076923076923077 10.548387096774194 10.653846153846155 10.807692307692308
10.5 10.26923076923077 10.67741935483871 9.884615384615383 10.346153846153847
9.923076923076923 15.730769230769232 18.967741935483872 10.26923076923077 9.73076923076923
9.576923076923077 16.846153846153847 20.193548387096772 10.538461538461538 9.692307692307693
10.384615384615385 15.153846153846153 20.193548387096772 10.923076923076923 9.692307692307693
9.615384615384617 15.653846153846153 20.967741935483872 10.576923076923077 9.076923076923077
8.423076923076923 15.884615384615387 19.741935483870968 10.961538461538462 9.884615384615383
10.461538461538462 15.769230769230768 18.35483870967742 10.5 11.23076923076923
10.153846153846153 16.423076923076923 18.61290322580645 11.346153846153847 8.923076923076923
10.26923076923077 16.26923076923077 18.903225806451612 10.961538461538462 9.5
9.230769230769232 15.23076923076923 20.741935483870968 11.653846153846153 9.076923076923077
9.307692307692308 15.615384615384617 19.806451612903228 10.346153846153847 8.846153846153845
11.115384615384615 15.384615384615385 20.70967741935484 9.576923076923077 9.153846153846153
12.269230769230768 16.423076923076923 17.96774193548387 10.23076923076923 8.846153846153845
11.115384615384615 15.615384615384617 19.032258064516128 11.692307692307693 8.576923076923077
10.692307692307692 17.115384615384617 19.677419354838708 10.576923076923077 8.307692307692308
9.73076923076923 14.076923076923077 18.741935483870968 11.461538461538462 8.961538461538462
9.307692307692308 14.807692307692308 19.064516129032256 10.807692307692308 8.653846153846155
10.961538461538462 17.30769230769231 18.096774193548388 9.807692307692307 8.884615384615385
8.576923076923077 16.115384615384613 20.774193548387096 11.5 8.769230769230768
10.961538461538462 16.153846153846153 19.870967741935484 11.423076923076923 9.615384615384617
9.807692307692307 15.846153846153847 19.258064516129032 11.26923076923077 8.884615384615385
9.538461538461538 15.807692307692307 20.032258064516128 10.346153846153847 9.961538461538462
9.73076923076923 14.461538461538462 20.548387096774196 10.846153846153845 9.0
10.884615384615385 13.923076923076923 20.29032258064516 10.615384615384615 9.346153846153847
10.153846153846153 17.23076923076923 19.677419354838708 10.038461538461538 11.153846153846153
9.961538461538462 15.26923076923077 18.58064516129032 9.961538461538462 9.692307692307693
10.538461538461538 15.692307692307693 19.032258064516128 11.0 9.307692307692308
9.807692307692307 15.538461538461538 19.161290322580644 9.615384615384617 9.0
10.423076923076923 15.846153846153847 19.838709677419356 10.076923076923077 9.307692307692308
