70.64285714285715 69.64285714285714 69.0625 72.07142857142858 73.3076923076923
70.07142857142857 70.07142857142857 69.1875 72.0 72.61538461538461
70.0 70.07142857142857 70.0 71.85714285714286 72.84615384615385
70.28571428571428 70.71428571428572 70.4375 70.57142857142858 72.3076923076923
70.21428571428571 69.57142857142857 68.9375 70.71428571428572 71.38461538461539
69.64285714285714 71.14285714285715 69.875 70.78571428571429 70.92307692307692
71.28571428571429 70.85714285714286 70.75 72.35714285714286 73.84615384615385
70.21428571428571 70.28571428571428 69.6875 71.21428571428572 72.53846153846153
70.42857142857143 69.35714285714285 69.75 70.5 71.92307692307692
71.21428571428572 70.5 69.6875 71.21428571428572 71.3076923076923
68.85714285714285 68.64285714285714 68.1875 70.28571428571428 69.84615384615385
69.21428571428571 70.5 69.625 70.85714285714286 72.23076923076924
69.64285714285714 69.92857142857142 69.875 71.21428571428572 71.6923076923077
69.92857142857142 70.07142857142857 70.25 71.14285714285715 72.0
70.35714285714286 70.28571428571428 69.9375 70.5 73.15384615384615
71.64285714285715 71.5 70.375 71.78571428571429 72.61538461538461
71.07142857142858 70.42857142857143 70.5 71.64285714285715 72.61538461538461
70.0 69.92857142857142 70.75 71.42857142857143 72.07692307692308
70.21428571428571 70.5 70.0625 71.0 72.61538461538461
70.07142857142857 70.0 69.6875 71.71428571428572 73.15384615384615
68.85714285714285 68.92857142857142 69.3125 70.5 71.23076923076924
71.28571428571429 72.5 71.25 73.07142857142857 73.0
70.35714285714286 70.35714285714286 70.375 71.0 72.61538461538461
71.28571428571429 70.42857142857143 69.1875 71.14285714285715 72.46153846153847
69.78571428571428 68.5 70.25 71.28571428571429 72.3076923076923
70.5 69.57142857142857 69.0625 70.78571428571429 71.92307692307692
70.64285714285715 68.85714285714285 68.1875 69.92857142857142 72.0
70.92857142857143 70.0 70.625 71.21428571428572 72.38461538461539
70.35714285714286 70.64285714285715 70.6875 71.07142857142858 71.53846153846153
71.5 70.28571428571428 70.5625 72.71428571428572 73.76923076923077
70.5 70.28571428571428 69.9375 72.14285714285715 73.15384615384615
70.57142857142858 71.85714285714286 71.1875 72.35714285714286 72.92307692307692
69.0 68.78571428571428 70.1875 71.21428571428572 71.61538461538461
70.35714285714286 71.28571428571429 69.5 70.57142857142858 72.92307692307692
69.92857142857142 70.92857142857143 68.9375 71.78571428571429 72.53846153846153
71.5 70.71428571428572 70.375 71.64285714285715 73.23076923076923
69.35714285714285 69.64285714285714 69.0 72.5 71.53846153846153
71.85714285714286 70.71428571428572 70.125 72.07142857142858 72.15384615384615
69.64285714285714 68.14285714285714 69.0625 71.07142857142858 70.53846153846153
72.14285714285715 71.28571428571429 70.375 72.5 72.23076923076924
70.5 68.92857142857142 69.125 72.07142857142858 73.15384615384615
69.5 69.42857142857142 69.25 70.85714285714286 71.6923076923077
69.71428571428571 69.14285714285714 68.25 70.21428571428571 70.6923076923077
70.5 70.78571428571429 69.625 71.78571428571429 73.07692307692308
71.71428571428572 70.78571428571429 70.1875 71.21428571428572 71.6923076923077
69.85714285714285 69.85714285714285 70.125 71.35714285714286 72.6923076923077
69.85714285714285 69.07142857142857 69.0625 70.5 71.23076923076924
71.85714285714286 71.57142857142858 71.25 72.5 73.0
70.78571428571429 69.64285714285714 69.5 71.85714285714286 71.3076923076923
71.28571428571429 69.57142857142857 70.25 71.5 71.92307692307692
70.71428571428572 70.57142857142858 70.5625 72.21428571428572 73.6923076923077
71.42857142857143 71.57142857142858 70.375 72.35714285714286 74.3076923076923
70.14285714285714 69.28571428571428 70.1875 70.85714285714286 72.84615384615385
70.42857142857143 69.35714285714285 69.0 71.0 72.23076923076924
70.14285714285714 69.35714285714285 69.9375 70.64285714285715 71.23076923076924
69.35714285714285 69.28571428571428 69.25 71.57142857142858 72.53846153846153
70.92857142857143 70.64285714285715 70.6875 71.92857142857143 73.84615384615385
70.5 69.78571428571428 70.75 72.28571428571429 73.76923076923077
70.78571428571429 69.42857142857142 68.3125 71.64285714285715 70.46153846153847
72.21428571428572 70.14285714285714 70.1875 71.78571428571429 73.61538461538461
70.92857142857143 70.57142857142858 69.875 72.64285714285715 73.38461538461539
70.85714285714286 69.78571428571428 70.375 72.14285714285715 73.23076923076923
70.28571428571428 68.28571428571428 68.9375 71.07142857142858 71.61538461538461
71.42857142857143 69.64285714285714 70.0 71.07142857142858 72.6923076923077
72.07142857142858 70.92857142857143 71.5 72.35714285714286 73.6923076923077
66.92857142857143 67.07142857142857 67.125 69.14285714285714 71.53846153846153
69.5 68.28571428571428 68.8125 70.42857142857143 72.23076923076924
72.71428571428572 70.21428571428571 72.25 72.71428571428572 74.61538461538461
70.42857142857143 69.57142857142857 70.3125 71.35714285714286 72.0
69.64285714285714 67.71428571428571 68.9375 70.21428571428571 71.76923076923076
70.64285714285715 68.28571428571428 69.4375 70.85714285714286 73.23076923076923
70.78571428571429 69.78571428571428 70.6875 72.57142857142857 74.07692307692308
71.14285714285715 68.42857142857142 70.5625 72.07142857142858 73.0
71.21428571428572 70.5 71.5 72.0 73.38461538461539
70.35714285714286 67.85714285714285 70.3125 70.85714285714286 72.07692307692308
69.14285714285714 68.07142857142857 68.9375 71.07142857142858 71.0
70.42857142857143 68.14285714285714 69.875 71.71428571428572 72.84615384615385
71.07142857142858 69.14285714285714 69.75 71.64285714285715 73.38461538461539
71.28571428571429 68.57142857142857 69.8125 71.85714285714286 72.23076923076924
69.28571428571428 66.35714285714285 68.75 70.71428571428572 72.15384615384615
69.28571428571428 68.07142857142857 69.9375 71.35714285714286 71.61538461538461
70.35714285714286 68.28571428571428 69.75 71.78571428571429 72.07692307692308
70.92857142857143 67.92857142857143 69.9375 70.78571428571429 73.53846153846153
69.71428571428571 67.57142857142857 68.125 69.92857142857142 72.15384615384615
70.14285714285714 67.71428571428571 68.0625 70.92857142857143 72.07692307692308
70.0 67.0 68.3125 70.42857142857143 71.53846153846153
70.5 70.07142857142857 70.25 72.35714285714286 73.15384615384615
72.28571428571429 69.5 70.1875 73.28571428571429 73.92307692307692
69.64285714285714 67.78571428571428 68.8125 70.78571428571429 73.0
71.85714285714286 67.64285714285714 68.875 71.64285714285715 72.15384615384615
70.71428571428572 70.07142857142857 69.25 71.71428571428572 73.6923076923077
70.85714285714286 68.07142857142857 69.0 71.21428571428572 71.6923076923077
69.78571428571428 66.85714285714285 67.625 70.85714285714286 71.3076923076923
69.92857142857142 66.5 67.25 70.0 70.38461538461537
71.14285714285715 68.07142857142857 68.9375 71.64285714285715 71.76923076923076
70.71428571428572 68.0 69.0 71.64285714285715 71.92307692307692
71.28571428571429 69.5 70.6875 73.71428571428572 73.46153846153847
70.71428571428572 66.5 69.625 70.92857142857143 72.53846153846153
70.28571428571428 67.35714285714285 69.25 71.85714285714286 73.07692307692308
70.71428571428572 67.28571428571428 68.3125 71.71428571428572 71.61538461538461
70.0 67.14285714285714 69.0 71.0 72.61538461538461
66.35714285714285 66.0 66.5625 66.78571428571428 66.23076923076923
67.07142857142857 68.64285714285714 67.1875 66.92857142857143 66.92307692307692
65.57142857142857 65.21428571428571 66.125 65.07142857142857 66.07692307692308
66.5 66.57142857142857 65.8125 66.42857142857143 65.84615384615384
70.21428571428571 67.21428571428571 69.4375 71.42857142857143 72.15384615384615
66.35714285714285 66.21428571428571 66.0625 65.71428571428571 67.07692307692308
65.71428571428571 66.0 65.3125 66.21428571428571 66.15384615384616
64.64285714285714 65.92857142857143 65.5 65.5 65.92307692307692
65.64285714285714 66.5 66.0625 66.14285714285714 66.61538461538461
71.0 69.42857142857142 69.125 71.78571428571429 73.61538461538461
64.78571428571428 64.35714285714286 64.75 64.71428571428571 66.38461538461539
66.07142857142857 66.85714285714285 66.9375 67.21428571428571 67.76923076923077
65.64285714285714 65.57142857142857 65.9375 67.21428571428571 67.07692307692308
67.28571428571428 68.35714285714285 66.5625 67.42857142857143 66.23076923076923
70.5 68.0 69.0625 71.14285714285715 72.6923076923077
65.64285714285714 66.42857142857143 65.3125 65.78571428571428 66.6923076923077
65.78571428571428 66.42857142857143 66.8125 67.28571428571428 66.92307692307692
63.85714285714286 64.42857142857143 65.25 64.35714285714286 65.38461538461539
65.57142857142857 65.0 64.8125 66.14285714285714 65.6923076923077
70.64285714285715 69.21428571428571 68.6875 72.14285714285715 73.46153846153847
66.0 66.28571428571428 66.125 66.21428571428571 66.23076923076923
64.78571428571428 64.78571428571428 66.125 66.28571428571428 65.92307692307692
65.42857142857143 64.71428571428571 66.1875 66.07142857142857 66.07692307692308
65.85714285714285 65.57142857142857 65.5625 66.71428571428571 66.0
65.5 66.71428571428571 66.0625 65.71428571428571 65.84615384615384
67.07142857142857 65.21428571428571 65.3125 65.71428571428571 65.92307692307692
67.42857142857143 66.42857142857143 66.6875 67.14285714285714 67.61538461538461
64.92857142857143 66.0 65.8125 66.35714285714285 66.38461538461539
66.21428571428571 66.35714285714285 67.0625 66.64285714285714 66.92307692307692
65.64285714285714 67.14285714285714 66.75 67.21428571428571 67.23076923076923
69.71428571428571 67.64285714285714 67.4375 70.92857142857143 72.0
71.64285714285715 66.78571428571428 64.25 72.14285714285715 73.15384615384615
71.28571428571429 68.71428571428571 64.625 72.07142857142858 73.76923076923077
71.5 67.42857142857143 64.4375 72.35714285714286 73.15384615384615
71.42857142857143 67.5 65.5625 71.78571428571429 73.46153846153847
71.42857142857143 67.78571428571428 62.5 72.14285714285715 73.07692307692308
72.21428571428572 67.28571428571428 64.3125 71.71428571428572 72.23076923076924
73.0 67.78571428571428 65.0625 73.14285714285715 75.23076923076923
72.28571428571429 69.0 64.0 72.92857142857143 73.15384615384615
72.21428571428572 67.85714285714285 64.4375 72.71428571428572 74.38461538461539
72.28571428571429 68.21428571428571 64.8125 73.5 75.0
71.64285714285715 67.85714285714285 65.75 72.85714285714286 73.53846153846153
70.28571428571428 68.14285714285714 63.06249999999999 71.14285714285715 73.6923076923077
72.21428571428572 67.64285714285714 64.3125 72.14285714285715 74.23076923076923
73.21428571428572 68.78571428571428 65.0 73.71428571428572 75.84615384615384
71.57142857142858 69.28571428571428 62.875 72.5 72.07692307692308
70.78571428571429 66.85714285714285 60.625 71.35714285714286 72.76923076923077
71.78571428571429 67.0 60.6875 72.07142857142858 74.46153846153847
70.85714285714286 66.14285714285714 59.4375 71.57142857142858 73.61538461538461
71.35714285714286 66.0 60.3125 73.21428571428572 74.76923076923077
73.21428571428572 70.42857142857143 58.8125 73.0 75.6923076923077
72.28571428571429 67.07142857142857 55.0 70.42857142857143 72.84615384615385
72.21428571428572 68.07142857142857 56.5625 72.92857142857143 75.46153846153845
70.5 64.21428571428571 53.0625 71.5 73.53846153846153
73.64285714285715 66.64285714285714 53.4375 73.0 75.15384615384616
73.07142857142857 66.14285714285714 51.6875 73.0 75.76923076923077
72.92857142857143 66.92857142857143 52.0 73.35714285714286 75.76923076923077
73.21428571428572 66.14285714285714 48.9375 71.5 75.23076923076923
