83.25 81.10000000000001 82.625 83.8 85.0
85.375 79.39999999999999 82.125 84.4 84.66666666666667
84.5 80.8 82.25 84.6 85.11111111111111
84.625 80.8 82.5 83.5 85.33333333333333
85.75 80.5 82.125 83.5 84.88888888888889
84.75 81.5 81.625 83.5 84.66666666666667
84.375 81.10000000000001 83.25 84.6 86.55555555555556
85.25 81.19999999999999 81.375 83.6 84.77777777777777
84.25 81.60000000000001 82.75 84.3 84.33333333333333
84.5 80.3 81.75 83.1 84.55555555555556
83.75 79.69999999999999 81.625 83.6 83.22222222222223
83.125 80.0 82.375 83.2 84.88888888888889
84.625 80.3 82.25 83.0 84.33333333333333
85.0 81.19999999999999 83.0 83.9 84.66666666666667
84.375 81.9 81.5 84.1 84.77777777777777
84.375 80.10000000000001 82.625 83.8 83.88888888888889
84.75 80.5 82.125 83.9 84.44444444444444
84.625 81.5 82.0 83.5 84.33333333333333
84.625 80.9 83.125 84.3 84.22222222222223
84.875 80.19999999999999 82.5 84.1 84.33333333333333
82.75 80.0 82.25 84.2 84.0
84.0 80.8 83.125 84.2 84.88888888888889
84.625 80.19999999999999 81.75 84.3 83.77777777777779
84.75 81.60000000000001 81.875 83.6 84.44444444444444
85.0 79.69999999999999 81.625 83.6 85.0
84.25 80.5 82.75 83.7 84.33333333333333
84.625 79.5 81.625 84.4 84.22222222222223
84.375 80.69999999999999 82.75 83.4 84.22222222222223
84.75 79.5 82.125 83.3 84.22222222222223
85.0 79.10000000000001 83.0 84.3 85.66666666666667
83.5 79.60000000000001 82.25 84.6 83.88888888888889
85.75 80.5 82.25 84.1 84.11111111111111
83.75 79.60000000000001 81.75 83.5 83.11111111111111
85.0 80.8 82.375 84.4 85.44444444444444
85.25 78.8 82.375 83.3 84.22222222222223
82.875 79.69999999999999 81.625 84.1 85.0
84.625 77.60000000000001 81.875 84.3 84.66666666666667
84.5 80.4 82.5 85.0 84.33333333333333
83.25 79.2 81.125 82.9 83.44444444444444
84.375 80.10000000000001 81.625 84.6 85.22222222222223
84.125 78.2 82.25 84.2 83.55555555555554
83.875 79.0 82.625 82.69999999999999 83.88888888888889
82.625 78.0 82.0 84.7 83.0
85.125 78.3 82.125 84.9 85.22222222222223
85.5 78.89999999999999 82.75 84.1 84.22222222222223
84.5 76.30000000000001 81.75 84.2 85.77777777777777
82.625 78.89999999999999 80.375 84.2 84.33333333333333
85.875 78.10000000000001 82.625 85.5 86.0
85.0 76.39999999999999 81.0 83.8 85.33333333333333
83.875 77.10000000000001 81.625 84.0 84.77777777777777
85.0 77.2 82.125 84.1 84.77777777777777
85.625 77.39999999999999 83.75 85.4 85.66666666666667
84.875 75.30000000000001 80.875 83.9 86.11111111111111
85.625 75.6 80.0 83.1 84.22222222222223
84.0 76.1 79.875 84.0 85.11111111111111
84.375 76.6 81.125 83.1 83.77777777777779
85.0 75.30000000000001 80.625 84.4 84.44444444444444
83.875 76.5 81.0 84.2 84.66666666666667
85.25 74.39999999999999 81.5 83.4 84.22222222222223
85.125 75.1 81.375 84.5 84.88888888888889
84.625 75.30000000000001 82.25 84.5 85.66666666666667
85.25 74.89999999999999 81.375 83.8 84.22222222222223
83.75 74.0 79.875 84.0 85.22222222222223
84.625 73.89999999999999 80.375 84.4 83.77777777777779
84.625 74.5 81.375 84.9 85.66666666666667
83.125 73.0 80.625 83.0 83.22222222222223
83.0 71.8 79.625 83.4 84.22222222222223
85.125 71.6 80.375 85.6 85.22222222222223
84.125 72.5 80.625 84.5 84.11111111111111
82.75 70.6 78.875 83.3 84.44444444444444
83.875 70.9 79.875 83.8 84.0
85.375 70.3 81.0 84.9 84.77777777777777
84.125 71.7 81.0 84.7 84.88888888888889
85.5 70.8 80.125 85.0 84.77777777777777
85.25 69.9 79.875 84.3 85.44444444444444
84.125 69.0 79.625 83.7 84.33333333333333
84.25 69.0 80.375 83.8 84.44444444444444
85.25 68.1 78.75 83.5 84.44444444444444
84.0 67.8 79.75 83.6 84.66666666666667
84.375 68.0 77.375 83.5 84.44444444444444
84.625 67.10000000000001 79.625 83.4 83.88888888888889
83.25 65.3 78.25 83.6 83.33333333333333
83.75 66.5 80.375 84.3 85.33333333333333
83.625 64.3 79.25 85.2 85.66666666666667
84.0 65.5 78.375 84.1 82.66666666666667
84.625 63.0 78.75 83.0 84.33333333333333
85.25 66.60000000000001 79.5 85.0 86.11111111111111
86.375 63.9 80.5 85.2 84.88888888888889
84.75 63.1 78.75 83.4 83.77777777777779
84.375 64.0 78.25 84.3 85.77777777777777
84.25 63.8 79.0 85.3 85.44444444444444
84.625 64.19999999999999 78.125 83.8 84.33333333333333
83.5 60.5 77.75 84.2 84.66666666666667
83.75 59.8 77.125 83.6 84.22222222222223
85.125 60.8 79.5 84.4 84.55555555555556
84.75 61.1 77.625 85.0 84.11111111111111
86.25 60.1 78.25 84.3 85.11111111111111
83.625 60.400000000000006 77.375 83.2 84.66666666666667
84.625 56.0 77.0 84.4 85.55555555555556
85.25 56.4 76.875 83.3 83.44444444444444
84.5 55.7 76.875 83.1 84.44444444444444
82.75 79.10000000000001 81.75 82.19999999999999 80.55555555555556
82.375 79.39999999999999 81.75 81.8 81.55555555555556
81.375 79.2 81.125 80.9 81.22222222222223
81.875 80.0 81.0 82.0 81.88888888888889
85.0 55.4 77.0 84.6 84.66666666666667
82.375 79.8 80.5 81.19999999999999 82.1111111111111
79.75 78.7 82.0 81.3 81.55555555555556
80.75 78.3 81.125 81.60000000000001 81.0
81.375 80.0 81.0 81.69999999999999 81.22222222222223
84.875 62.199999999999996 75.625 85.1 85.0
81.0 79.5 80.5 80.69999999999999 81.66666666666667
81.0 80.10000000000001 81.25 82.19999999999999 81.66666666666667
81.375 79.2 81.25 81.60000000000001 82.33333333333333
82.25 80.69999999999999 82.625 82.0 81.0
84.625 55.1 77.125 84.7 85.11111111111111
81.375 78.3 81.0 81.0 81.33333333333333
81.875 79.8 81.25 82.10000000000001 82.0
80.375 79.10000000000001 80.75 81.4 81.88888888888889
80.5 80.19999999999999 81.25 81.69999999999999 81.55555555555556
85.0 61.400000000000006 75.5 84.2 85.44444444444444
81.5 79.10000000000001 80.375 80.8 81.1111111111111
81.0 79.0 80.75 81.4 81.0
81.625 78.5 80.5 81.5 81.33333333333333
81.0 79.39999999999999 80.875 81.69999999999999 82.0
81.625 79.69999999999999 82.0 82.10000000000001 81.22222222222223
81.75 78.89999999999999 81.25 80.5 81.55555555555556
81.375 80.69999999999999 81.25 82.10000000000001 83.44444444444444
81.25 79.0 81.625 81.10000000000001 80.22222222222223
80.625 79.69999999999999 80.875 82.0 82.44444444444444
82.25 80.9 81.0 82.10000000000001 82.66666666666667
84.25 61.699999999999996 76.25 84.1 85.22222222222223
84.875 63.1 74.375 83.9 85.66666666666667
84.625 65.10000000000001 75.625 84.8 86.11111111111111
85.25 62.5 74.25 84.6 85.66666666666667
84.25 62.8 74.5 83.8 84.66666666666667
84.875 62.1 73.875 83.8 85.77777777777777
84.25 62.8 74.25 84.7 85.22222222222223
85.0 62.6 75.0 84.6 86.88888888888889
84.25 62.6 73.625 84.4 86.11111111111111
84.125 63.0 74.375 84.6 87.22222222222223
85.5 62.4 75.0 85.7 86.44444444444444
85.25 62.6 75.625 83.9 84.11111111111111
84.25 63.2 74.25 84.4 85.77777777777777
85.125 64.4 73.875 85.5 86.66666666666667
86.5 63.4 75.375 85.3 86.22222222222223
85.75 62.199999999999996 75.0 84.9 86.33333333333333
84.625 61.3 73.625 84.0 84.11111111111111
86.25 61.5 72.125 84.1 87.44444444444444
84.5 64.19999999999999 74.75 83.6 85.33333333333333
85.5 63.6 73.625 85.5 86.77777777777777
85.25 65.4 73.125 85.1 87.66666666666667
84.375 62.6 72.25 84.9 86.33333333333333
85.5 65.4 72.625 85.2 86.33333333333333
84.5 62.300000000000004 72.25 84.5 86.44444444444444
85.5 64.10000000000001 72.75 86.1 86.66666666666667
85.875 64.3 71.375 85.2 86.88888888888889
86.375 63.3 72.75 85.6 86.77777777777777
85.375 63.4 70.25 84.8 85.66666666666667
