32935.000 -0.400 -0.400 0.201
32936.000 -0.400 -0.331 0.363
32937.000 -0.400 -0.262 0.052
32938.000 -0.400 -0.192 0.459
32939.000 -0.400 -0.123 0.438
32940.000 -0.400 -0.054 0.162
32941.000 -0.400 0.015 0.203
32942.000 -0.400 0.085 0.440
32943.000 -0.400 0.154 0.120
32944.000 -0.400 0.223 0.453
32945.000 -0.400 0.292 0.095
32946.000 -0.400 0.362 0.046
32947.000 -0.400 0.431 0.217
32948.000 -0.331 -0.400 0.291
32949.000 -0.331 -0.331 0.436
32950.000 -0.331 -0.262 0.300
32951.000 -0.331 -0.192 0.293
32952.000 -0.331 -0.123 0.045
32953.000 -0.331 -0.054 0.293
32954.000 -0.331 0.015 0.472
32955.000 -0.331 0.085 0.132
32956.000 -0.331 0.154 0.020
32957.000 -0.331 0.223 0.188
32958.000 -0.331 0.292 0.248
32959.000 -0.331 0.362 0.071
32960.000 -0.331 0.431 0.172
32961.000 -0.262 -0.400 0.336
32962.000 -0.262 -0.331 0.314
32963.000 -0.262 -0.262 0.162
32964.000 -0.262 -0.192 0.122
32965.000 -0.262 -0.123 0.078
32966.000 -0.262 -0.054 0.040
32967.000 -0.262 0.015 0.452
32968.000 -0.262 0.085 0.498
32969.000 -0.262 0.154 0.192
32970.000 -0.262 0.223 0.203
32971.000 -0.262 0.292 0.357
32972.000 -0.262 0.362 0.053
32973.000 -0.262 0.431 0.292
32974.000 -0.192 -0.400 0.044
32975.000 -0.192 -0.331 0.028
32976.000 -0.192 -0.262 0.244
32977.000 -0.192 -0.192 0.067
32978.000 -0.192 -0.123 0.492
32979.000 -0.192 -0.054 0.365
32980.000 -0.192 0.015 0.232
32981.000 -0.192 0.085 0.078
32982.000 -0.192 0.154 0.182
32983.000 -0.192 0.223 0.287
32984.000 -0.192 0.292 0.287
32985.000 -0.192 0.362 0.179
32986.000 -0.192 0.431 0.211
32987.000 -0.123 -0.400 0.115
32988.000 -0.123 -0.331 0.408
32989.000 -0.123 -0.262 0.477
32990.000 -0.123 -0.192 0.346
32991.000 -0.123 -0.123 0.444
32992.000 -0.123 -0.054 0.309
32993.000 -0.123 0.015 0.293
32994.000 -0.123 0.085 0.016
32995.000 -0.123 0.154 0.297
32996.000 -0.123 0.223 0.257
32997.000 -0.123 0.292 0.044
32998.000 -0.123 0.362 0.071
32999.000 -0.123 0.431 0.456
33000.000 -0.054 -0.400 0.392
33001.000 -0.054 -0.331 0.334
33002.000 -0.054 -0.262 0.208
33003.000 -0.054 -0.192 0.176
33004.000 -0.054 -0.123 0.099
33005.000 -0.054 -0.054 0.308
33006.000 -0.054 0.015 0.078
33007.000 -0.054 0.085 0.117
33008.000 -0.054 0.154 0.089
33009.000 -0.054 0.223 0.083
33010.000 -0.054 0.292 0.472
33011.000 -0.054 0.362 0.151
33012.000 -0.054 0.431 0.112
33013.000 0.015 -0.400 0.185
33014.000 0.015 -0.331 0.453
33015.000 0.015 -0.262 0.405
33016.000 0.015 -0.192 0.499
33017.000 0.015 -0.123 0.041
33018.000 0.015 -0.054 0.351
33019.000 0.015 0.015 0.075
33020.000 0.015 0.085 0.046
33021.000 0.015 0.154 0.427
33022.000 0.015 0.223 0.362
33023.000 0.015 0.292 0.362
33024.000 0.015 0.362 0.246
33025.000 0.015 0.431 0.204
33026.000 0.085 -0.400 0.291
33027.000 0.085 -0.331 0.259
33028.000 0.085 -0.262 0.289
33029.000 0.085 -0.192 0.239
33030.000 0.085 -0.123 0.155
33031.000 0.085 -0.054 0.300
33032.000 0.085 0.015 0.328
33033.000 0.085 0.085 0.078
33034.000 0.085 0.154 0.134
33035.000 0.085 0.223 0.124
33036.000 0.085 0.292 0.170
33037.000 0.085 0.362 0.143
33038.000 0.085 0.431 0.368
33039.000 0.154 -0.400 0.063
33040.000 0.154 -0.331 0.059
33041.000 0.154 -0.262 0.364
33042.000 0.154 -0.192 0.262
33043.000 0.154 -0.123 0.461
33044.000 0.154 -0.054 0.055
33045.000 0.154 0.015 0.003
33046.000 0.154 0.085 0.257
33047.000 0.154 0.154 0.290
33048.000 0.154 0.223 0.279
33049.000 0.154 0.292 0.147
33050.000 0.154 0.362 0.456
33051.000 0.154 0.431 0.048
33052.000 0.223 -0.400 0.179
33053.000 0.223 -0.331 0.335
33054.000 0.223 -0.262 0.190
33055.000 0.223 -0.192 0.126
33056.000 0.223 -0.123 0.134
33057.000 0.223 -0.054 0.457
33058.000 0.223 0.015 0.188
33059.000 0.223 0.085 0.339
33060.000 0.223 0.154 0.349
33061.000 0.223 0.223 0.200
33062.000 0.223 0.292 0.240
33063.000 0.223 0.362 0.220
33064.000 0.223 0.431 0.095
33065.000 0.292 -0.400 0.082
33066.000 0.292 -0.331 0.108
33067.000 0.292 -0.262 0.060
33068.000 0.292 -0.192 0.090
33069.000 0.292 -0.054 0.093
33070.000 0.292 0.015 0.443
33071.000 0.292 0.085 0.267
33072.000 0.292 0.154 0.058
33073.000 0.292 0.223 0.356
33074.000 0.292 0.292 0.010
33075.000 0.292 0.362 0.186
33076.000 0.292 0.431 0.070
33077.000 0.362 -0.400 0.033
33078.000 0.362 -0.331 0.284
33079.000 0.362 -0.262 0.023
33080.000 0.362 -0.192 0.240
33081.000 0.362 -0.123 0.068
33082.000 0.362 -0.054 0.211
33083.000 0.362 0.015 0.202
33084.000 0.362 0.085 0.497
33085.000 0.362 0.154 0.019
33086.000 0.362 0.223 0.278
33087.000 0.362 0.292 0.464
33088.000 0.362 0.362 0.070
33089.000 0.362 0.431 0.213
33090.000 0.431 -0.400 0.308
33091.000 0.431 -0.331 0.136
33092.000 0.431 -0.262 0.064
33093.000 0.431 -0.192 0.099
33094.000 0.431 -0.123 0.263
33095.000 0.431 -0.054 0.073
33096.000 0.431 0.015 0.109
33097.000 0.431 0.085 0.303
33098.000 0.431 0.154 0.104
33099.000 0.431 0.223 0.094
33100.000 0.431 0.292 0.252
33101.000 0.431 0.362 0.264
33102.000 0.431 0.431 0.089
