0.002106741573033708 0.14941690962099125 0.04958100558659218 0.0006657789613848203 0.0
0.002106741573033708 0.18221574344023322 0.07122905027932962 0.0 0.0
0.002106741573033708 0.12536443148688048 0.07122905027932962 0.0006657789613848203 0.0
0.002106741573033708 0.14067055393586006 0.05726256983240224 0.0006657789613848203 0.0
0.000702247191011236 0.15160349854227406 0.05656424581005587 0.0 0.0
0.0 0.12244897959183673 0.05656424581005587 0.0 0.0
0.000702247191011236 0.1552478134110787 0.06075418994413408 0.0 0.0
0.000702247191011236 0.13848396501457727 0.05307262569832402 0.0006657789613848203 0.0
0.0 0.11880466472303207 0.04050279329608939 0.0 0.0
0.001404494382022472 0.16690962099125364 0.06983240223463687 0.0006657789613848203 0.0
0.002106741573033708 0.18002915451895043 0.05516759776536313 0.0006657789613848203 0.0006793478260869566
0.0 0.12682215743440234 0.031424581005586594 0.0 0.0
0.002106741573033708 0.14285714285714288 0.051675977653631286 0.0013315579227696406 0.0
0.000702247191011236 0.14212827988338192 0.04958100558659218 0.0 0.0
0.001404494382022472 0.14212827988338192 0.0670391061452514 0.0 0.0
0.001404494382022472 0.14358600583090378 0.06634078212290503 0.0 0.0
0.001404494382022472 0.14212827988338192 0.06494413407821228 0.0 0.0
0.001404494382022472 0.15379008746355685 0.06843575418994413 0.0 0.0
0.0 0.12390670553935859 0.054469273743016765 0.0 0.0
0.0 0.14285714285714288 0.05656424581005587 0.0006657789613848203 0.0
0.001404494382022472 0.15816326530612246 0.05097765363128492 0.0 0.0
0.000702247191011236 0.13411078717201166 0.05027932960893855 0.0013315579227696406 0.0
0.0 0.19387755102040816 0.05027932960893855 0.0006657789613848203 0.0
0.000702247191011236 0.14067055393586006 0.051675977653631286 0.0 0.0
0.002106741573033708 0.19533527696793002 0.05377094972067039 0.0 0.0006793478260869566
0.0 0.16618075801749269 0.043994413407821224 0.0 0.0
0.000702247191011236 0.19825072886297376 0.07192737430167598 0.0006657789613848203 0.0
0.000702247191011236 0.16763848396501457 0.04259776536312849 0.0 0.0
0.000702247191011236 0.13338192419825073 0.05377094972067039 0.0 0.0
0.001404494382022472 0.22230320699708453 0.07332402234636871 0.0 0.0
0.000702247191011236 0.18950437317784255 0.06564245810055866 0.0 0.0
0.000702247191011236 0.17128279883381925 0.0579608938547486 0.0006657789613848203 0.0
0.002106741573033708 0.14504373177842564 0.052374301675977654 0.0006657789613848203 0.0
0.001404494382022472 0.1858600583090379 0.05935754189944134 0.0006657789613848203 0.0
0.000702247191011236 0.17857142857142858 0.05935754189944134 0.0006657789613848203 0.0
0.001404494382022472 0.2033527696793003 0.08729050279329609 0.0006657789613848203 0.0
0.000702247191011236 0.2084548104956268 0.06284916201117319 0.0013315579227696406 0.0
0.0 0.18731778425655976 0.051675977653631286 0.0 0.0
0.001404494382022472 0.2055393586005831 0.06843575418994413 0.0019973368841544607 0.0
0.000702247191011236 0.19169096209912537 0.07332402234636871 0.0 0.0
0.000702247191011236 0.2325072886297376 0.06773743016759777 0.0 0.0
0.0 0.19169096209912537 0.05377094972067039 0.0 0.0
0.001404494382022472 0.2099125364431487 0.08729050279329609 0.0 0.0
0.002106741573033708 0.23104956268221574 0.07472067039106145 0.0006657789613848203 0.0
0.002808988764044944 0.24271137026239067 0.0670391061452514 0.0006657789613848203 0.0
0.001404494382022472 0.25510204081632654 0.06215083798882681 0.0006657789613848203 0.0
0.001404494382022472 0.20626822157434405 0.05097765363128492 0.0 0.0
0.000702247191011236 0.20699708454810495 0.07192737430167598 0.0 0.0
0.0 0.25583090379008744 0.06983240223463687 0.0006657789613848203 0.0
0.0 0.2864431486880466 0.08519553072625698 0.0006657789613848203 0.0
0.0 0.2485422740524781 0.06983240223463687 0.0006657789613848203 0.0
0.002106741573033708 0.24489795918367346 0.06564245810055866 0.0 0.0
0.0 0.28717201166180756 0.07332402234636871 0.0006657789613848203 0.0
0.000702247191011236 0.2638483965014577 0.09217877094972067 0.0013315579227696406 0.0
0.002106741573033708 0.2886297376093295 0.08030726256983241 0.0013315579227696406 0.0
0.000702247191011236 0.2820699708454811 0.06075418994413408 0.0006657789613848203 0.0
0.000702247191011236 0.2755102040816326 0.07891061452513967 0.0 0.0006793478260869566
0.0 0.28717201166180756 0.08379888268156424 0.0006657789613848203 0.0
0.001404494382022472 0.3017492711370262 0.07541899441340782 0.0 0.0
0.000702247191011236 0.30976676384839646 0.0935754189944134 0.0 0.0006793478260869566
0.001404494382022472 0.336734693877551 0.09078212290502793 0.0006657789613848203 0.0
0.0 0.32798833819241985 0.09986033519553073 0.0 0.0
0.0 0.3250728862973761 0.10684357541899442 0.0013315579227696406 0.0006793478260869566
0.002106741573033708 0.3462099125364432 0.09497206703910614 0.0 0.0
0.0 0.37317784256559766 0.09078212290502793 0.0006657789613848203 0.0
0.0 0.33090379008746357 0.07472067039106145 0.0006657789613848203 0.0
0.001404494382022472 0.3775510204081633 0.0935754189944134 0.0 0.0006793478260869566
0.000702247191011236 0.39067055393586003 0.08868715083798882 0.0 0.0
0.001404494382022472 0.3935860058309038 0.10614525139664804 0.0006657789613848203 0.0
0.0 0.4154518950437318 0.09916201117318436 0.0 0.0006793478260869566
0.000702247191011236 0.4424198250728863 0.09776536312849161 0.0 0.0
0.002106741573033708 0.44387755102040816 0.09776536312849161 0.0 0.0
0.0 0.4365889212827988 0.09986033519553073 0.0 0.0
0.001404494382022472 0.4577259475218659 0.1005586592178771 0.0 0.0
0.001404494382022472 0.45408163265306123 0.09287709497206703 0.0006657789613848203 0.0
0.001404494382022472 0.4293002915451895 0.10754189944134078 0.0013315579227696406 0.0
0.002106741573033708 0.456268221574344 0.10405027932960895 0.0 0.0
0.002106741573033708 0.5029154518950438 0.11452513966480447 0.0006657789613848203 0.0
0.001404494382022472 0.5313411078717201 0.10474860335195531 0.0006657789613848203 0.0
0.001404494382022472 0.49562682215743437 0.11522346368715083 0.0 0.0
0.001404494382022472 0.499271137026239 0.11452513966480447 0.0 0.0
0.000702247191011236 0.5422740524781341 0.10893854748603353 0.0006657789613848203 0.0
0.000702247191011236 0.5379008746355686 0.10754189944134078 0.0006657789613848203 0.0
0.002808988764044944 0.5415451895043731 0.11871508379888268 0.0006657789613848203 0.0
0.000702247191011236 0.5335276967930029 0.1389664804469274 0.0006657789613848203 0.0
0.001404494382022472 0.5685131195335277 0.10963687150837989 0.0 0.0
0.000702247191011236 0.5313411078717201 0.11382681564245811 0.0 0.0
0.0 0.6100583090379008 0.13128491620111732 0.0 0.0
0.002808988764044944 0.6137026239067055 0.13058659217877094 0.0 0.0
0.0 0.565597667638484 0.11522346368715083 0.0006657789613848203 0.0
0.001404494382022472 0.630466472303207 0.15013966480446927 0.0 0.0
0.002106741573033708 0.587463556851312 0.11522346368715083 0.0006657789613848203 0.0
0.00351123595505618 0.6705539358600583 0.12918994413407822 0.0013315579227696406 0.0
0.002808988764044944 0.6574344023323615 0.1452513966480447 0.0 0.0
0.000702247191011236 0.6778425655976676 0.12639664804469272 0.0 0.0
0.0 0.64067055393586 0.13058659217877094 0.0006657789613848203 0.0
0.002106741573033708 0.7142857142857143 0.13337988826815642 0.0006657789613848203 0.0
0.0 0.7230320699708455 0.1473463687150838 0.0006657789613848203 0.0
0.001404494382022472 0.7820699708454811 0.138268156424581 0.0 0.0
0.001404494382022472 0.7689504373177842 0.1473463687150838 0.0 0.0
0.000702247191011236 0.793731778425656 0.1319832402234637 0.0006657789613848203 0.0
0.0 0.05466472303206997 0.01047486033519553 0.0006657789613848203 0.0
0.0 0.05903790087463557 0.004189944134078212 0.0 0.0006793478260869566
0.000702247191011236 0.07215743440233237 0.008379888268156424 0.0 0.0
0.0 0.04518950437317784 0.009078212290502794 0.0006657789613848203 0.0
0.000702247191011236 0.7900874635568513 0.15293296089385475 0.0 0.0006793478260869566
0.0 0.05685131195335277 0.009078212290502794 0.0 0.0
0.0 0.05466472303206997 0.004888268156424581 0.0 0.0
0.0 0.05612244897959184 0.006284916201117319 0.0006657789613848203 0.0
0.0 0.05466472303206997 0.011871508379888268 0.0 0.0
0.000702247191011236 0.5728862973760932 0.2318435754189944 0.0013315579227696406 0.0
0.0 0.05685131195335277 0.0076815642458100564 0.0 0.0
0.0 0.059766763848396506 0.009078212290502794 0.0 0.0
0.0 0.05539358600583091 0.006284916201117319 0.0 0.0
0.0 0.05102040816326531 0.01047486033519553 0.0 0.0
0.000702247191011236 0.8309037900874636 0.1361731843575419 0.0 0.0
0.0 0.052478134110787174 0.003491620111731844 0.0006657789613848203 0.0006793478260869566
0.000702247191011236 0.061224489795918366 0.004888268156424581 0.0 0.0
0.0 0.05539358600583091 0.006983240223463688 0.0 0.0
0.0 0.05830903790087464 0.006983240223463688 0.0 0.0
0.001404494382022472 0.6115160349854227 0.25279329608938544 0.0013315579227696406 0.0
0.0 0.05466472303206997 0.004888268156424581 0.0 0.0
0.0 0.05174927113702624 0.009078212290502794 0.0 0.0
0.0 0.05685131195335277 0.00558659217877095 0.0 0.0006793478260869566
0.0 0.05393586005830904 0.01047486033519553 0.0 0.0
0.0 0.052478134110787174 0.008379888268156424 0.0 0.0006793478260869566
0.0 0.05102040816326531 0.009078212290502794 0.0 0.0006793478260869566
0.0 0.052478134110787174 0.009078212290502794 0.0 0.0
0.0 0.05466472303206997 0.009078212290502794 0.0 0.0
0.0 0.061953352769679296 0.004888268156424581 0.0 0.0
0.0 0.05102040816326531 0.008379888268156424 0.0 0.0
0.000702247191011236 0.5612244897959183 0.22765363128491622 0.0 0.0
0.000702247191011236 0.5736151603498543 0.23533519553072624 0.0 0.0
0.000702247191011236 0.5255102040816326 0.24650837988826813 0.0006657789613848203 0.0006793478260869566
0.001404494382022472 0.5903790087463556 0.2681564245810056 0.0006657789613848203 0.0
0.000702247191011236 0.5750728862973762 0.22695530726256985 0.0 0.0
0.0 0.6049562682215743 0.26466480446927376 0.0006657789613848203 0.0
0.0 0.5918367346938775 0.2604748603351955 0.0019973368841544607 0.0
0.000702247191011236 0.5954810495626822 0.26187150837988826 0.0019973368841544607 0.0
0.000702247191011236 0.5867346938775511 0.2458100558659218 0.0 0.0
0.000702247191011236 0.597667638483965 0.2506983240223464 0.0013315579227696406 0.0
0.0 0.6195335276967929 0.2534916201117318 0.0 0.0
0.0 0.5889212827988338 0.22067039106145253 0.0013315579227696406 0.0
0.0 0.575801749271137 0.26466480446927376 0.0 0.0
0.000702247191011236 0.5604956268221575 0.2590782122905028 0.0 0.0
0.001404494382022472 0.5575801749271138 0.2534916201117318 0.003328894806924101 0.0
0.000702247191011236 0.5692419825072886 0.25768156424581007 0.0 0.0
0.0 0.577259475218659 0.2856145251396648 0.0013315579227696406 0.0
0.0 0.5867346938775511 0.3058659217877095 0.0013315579227696406 0.0
0.000702247191011236 0.5597667638483965 0.28212290502793297 0.0006657789613848203 0.0
0.001404494382022472 0.5947521865889214 0.2974860335195531 0.0006657789613848203 0.0
0.001404494382022472 0.5386297376093294 0.3268156424581006 0.0019973368841544607 0.0
0.0 0.5634110787172012 0.3470670391061452 0.0006657789613848203 0.0
0.000702247191011236 0.5262390670553936 0.3477653631284916 0.0 0.0
0.0 0.6027696793002916 0.3505586592178771 0.0013315579227696406 0.0
0.0 0.5787172011661808 0.3652234636871508 0.0019973368841544607 0.0
0.0 0.5612244897959183 0.3931564245810056 0.0 0.0
0.000702247191011236 0.5932944606413995 0.39175977653631283 0.0019973368841544607 0.0
0.0 0.575801749271137 0.40991620111731847 0.0013315579227696406 0.0
