0.001404494382022472 0.16034985422740525 0.0558659217877095 0.0 0.0
0.001404494382022472 0.16763848396501457 0.06983240223463687 0.0 0.0
0.002808988764044944 0.11661807580174928 0.06145251396648045 0.0013315579227696406 0.0
0.001404494382022472 0.16180758017492713 0.05726256983240224 0.0013315579227696406 0.0
0.001404494382022472 0.16180758017492713 0.058659217877094966 0.0 0.0
0.0 0.12244897959183673 0.0670391061452514 0.0 0.0
0.001404494382022472 0.13994169096209913 0.06284916201117319 0.0 0.0
0.001404494382022472 0.1370262390670554 0.05027932960893855 0.0 0.0
0.0 0.11807580174927114 0.0335195530726257 0.0 0.0
0.0 0.16180758017492713 0.07541899441340782 0.0013315579227696406 0.0
0.004213483146067416 0.16034985422740525 0.05726256983240224 0.0 0.0
0.0 0.09766763848396501 0.0335195530726257 0.0 0.0
0.001404494382022472 0.1326530612244898 0.0446927374301676 0.0013315579227696406 0.0
0.001404494382022472 0.12973760932944606 0.05027932960893855 0.0 0.0
0.001404494382022472 0.1457725947521866 0.06564245810055866 0.0 0.0
0.002808988764044944 0.12099125364431487 0.058659217877094966 0.0 0.0
0.001404494382022472 0.11661807580174928 0.04748603351955307 0.0 0.0
0.001404494382022472 0.12973760932944606 0.07681564245810056 0.0 0.0
0.0 0.11078717201166181 0.06145251396648045 0.0 0.0
0.0 0.11953352769679301 0.0558659217877095 0.0 0.0
0.0 0.13411078717201166 0.043296089385474856 0.0 0.0
0.001404494382022472 0.10641399416909621 0.051675977653631286 0.0013315579227696406 0.0
0.0 0.14868804664723034 0.04189944134078212 0.0013315579227696406 0.0
0.0 0.13411078717201166 0.03770949720670391 0.0 0.0
0.002808988764044944 0.16034985422740525 0.05307262569832402 0.0 0.0013586956521739132
0.0 0.1326530612244898 0.0335195530726257 0.0 0.0
0.0 0.1545189504373178 0.058659217877094966 0.0013315579227696406 0.0
0.001404494382022472 0.12973760932944606 0.046089385474860335 0.0 0.0
0.0 0.08017492711370262 0.051675977653631286 0.0 0.0
0.001404494382022472 0.19387755102040816 0.06145251396648045 0.0 0.0
0.0 0.1326530612244898 0.0558659217877095 0.0 0.0
0.0 0.12099125364431487 0.06145251396648045 0.0 0.0
0.001404494382022472 0.10058309037900874 0.0335195530726257 0.0013315579227696406 0.0
0.001404494382022472 0.1370262390670554 0.03770949720670391 0.0013315579227696406 0.0
0.0 0.11953352769679301 0.051675977653631286 0.0 0.0
0.001404494382022472 0.12244897959183673 0.07122905027932962 0.0 0.0
0.001404494382022472 0.14285714285714288 0.04748603351955307 0.0013315579227696406 0.0
0.0 0.1282798833819242 0.0446927374301676 0.0 0.0
0.001404494382022472 0.14431486880466474 0.06284916201117319 0.002663115845539281 0.0
0.001404494382022472 0.12244897959183673 0.06564245810055866 0.0 0.0
0.0 0.14868804664723034 0.06284916201117319 0.0 0.0
0.0 0.10787172011661808 0.04189944134078212 0.0 0.0
0.001404494382022472 0.1282798833819242 0.07262569832402235 0.0 0.0
0.004213483146067416 0.1457725947521866 0.06284916201117319 0.0 0.0
0.005617977528089888 0.16909620991253643 0.046089385474860335 0.0013315579227696406 0.0
0.002808988764044944 0.1326530612244898 0.043296089385474856 0.0013315579227696406 0.0
0.001404494382022472 0.1151603498542274 0.04189944134078212 0.0 0.0
0.001404494382022472 0.10495626822157435 0.06005586592178771 0.0 0.0
0.0 0.13119533527696794 0.051675977653631286 0.0 0.0
0.0 0.13848396501457727 0.06424581005586592 0.0013315579227696406 0.0
0.0 0.11224489795918367 0.043296089385474856 0.0013315579227696406 0.0
0.004213483146067416 0.10495626822157435 0.0446927374301676 0.0 0.0
0.0 0.12682215743440234 0.06145251396648045 0.0 0.0
0.0 0.11224489795918367 0.0670391061452514 0.002663115845539281 0.0
0.002808988764044944 0.15306122448979592 0.06145251396648045 0.0 0.0
0.001404494382022472 0.13556851311953352 0.03910614525139665 0.0 0.0
0.001404494382022472 0.10787172011661808 0.06564245810055866 0.0 0.0
0.0 0.11661807580174928 0.05726256983240224 0.0013315579227696406 0.0
0.001404494382022472 0.12390670553935859 0.0446927374301676 0.0 0.0
0.001404494382022472 0.10349854227405247 0.05726256983240224 0.0 0.0
0.001404494382022472 0.13848396501457727 0.05027932960893855 0.0013315579227696406 0.0
0.0 0.13994169096209913 0.06424581005586592 0.0 0.0
0.0 0.11078717201166181 0.07402234636871509 0.0013315579227696406 0.0
0.004213483146067416 0.13848396501457727 0.06005586592178771 0.0 0.0
0.0 0.1282798833819242 0.06284916201117319 0.0013315579227696406 0.0
0.0 0.09037900874635568 0.0335195530726257 0.0 0.0
0.0 0.1326530612244898 0.051675977653631286 0.0 0.0013586956521739132
0.001404494382022472 0.11078717201166181 0.046089385474860335 0.0 0.0
0.001404494382022472 0.1282798833819242 0.051675977653631286 0.0013315579227696406 0.0
0.0 0.12682215743440234 0.046089385474860335 0.0 0.0
0.0 0.141399416909621 0.04888268156424581 0.0 0.0
0.004213483146067416 0.12682215743440234 0.04888268156424581 0.0 0.0
0.0 0.12973760932944606 0.06145251396648045 0.0 0.0
0.001404494382022472 0.11807580174927114 0.043296089385474856 0.0 0.0
0.002808988764044944 0.12099125364431487 0.054469273743016765 0.0 0.0
0.002808988764044944 0.10349854227405247 0.04189944134078212 0.002663115845539281 0.0
0.002808988764044944 0.10787172011661808 0.043296089385474856 0.0 0.0
0.004213483146067416 0.141399416909621 0.07122905027932962 0.0 0.0
0.001404494382022472 0.1545189504373178 0.06005586592178771 0.0013315579227696406 0.0
0.002808988764044944 0.10932944606413994 0.058659217877094966 0.0 0.0
0.001404494382022472 0.11661807580174928 0.051675977653631286 0.0 0.0
0.0 0.11370262390670555 0.0446927374301676 0.0013315579227696406 0.0
0.0 0.13119533527696794 0.03910614525139665 0.0 0.0
0.001404494382022472 0.10349854227405247 0.05027932960893855 0.0 0.0
0.0 0.09620991253644315 0.0782122905027933 0.0 0.0
0.002808988764044944 0.11078717201166181 0.04189944134078212 0.0 0.0
0.001404494382022472 0.09912536443148688 0.05307262569832402 0.0 0.0
0.0 0.12973760932944606 0.05307262569832402 0.0 0.0
0.005617977528089888 0.10932944606413994 0.05027932960893855 0.0 0.0
0.0 0.08746355685131195 0.0446927374301676 0.0 0.0
0.0 0.12973760932944606 0.06843575418994413 0.0 0.0
0.002808988764044944 0.08163265306122448 0.04050279329608939 0.0013315579227696406 0.0
0.001404494382022472 0.11078717201166181 0.0558659217877095 0.0013315579227696406 0.0
0.0 0.11370262390670555 0.06145251396648045 0.0 0.0
0.001404494382022472 0.11370262390670555 0.0558659217877095 0.0 0.0
0.0 0.09037900874635568 0.04050279329608939 0.0 0.0
0.002808988764044944 0.11224489795918367 0.046089385474860335 0.0013315579227696406 0.0
0.0 0.12244897959183673 0.05726256983240224 0.0 0.0
0.0 0.12973760932944606 0.0446927374301676 0.0 0.0
0.001404494382022472 0.10058309037900874 0.058659217877094966 0.0 0.0
0.001404494382022472 0.10349854227405247 0.0446927374301676 0.0 0.0
0.0 0.0 0.0 0.0013315579227696406 0.0
0.0 0.0 0.0 0.0 0.0013586956521739132
0.001404494382022472 0.0 0.0 0.0 0.0
0.0 0.0 0.0 0.0013315579227696406 0.0
0.001404494382022472 0.10204081632653061 0.0446927374301676 0.0 0.0013586956521739132
0.0 0.0 0.0 0.0 0.0
0.0 0.0 0.0 0.0 0.0
0.0 0.0 0.0 0.0 0.0
0.0 0.0 0.0 0.0 0.0
0.0 0.04081632653061224 0.11033519553072627 0.0 0.0
0.0 0.0 0.0 0.0 0.0
0.0 0.0 0.0 0.0 0.0
0.0 0.0 0.0 0.0 0.0
0.0 0.0 0.0 0.0 0.0
0.001404494382022472 0.10932944606413994 0.03770949720670391 0.0 0.0
0.0 0.0 0.0 0.0 0.0013586956521739132
0.0 0.0 0.0 0.0 0.0
0.0 0.0014577259475218659 0.0 0.0 0.0
0.0 0.0 0.0 0.0 0.0
0.001404494382022472 0.04081632653061224 0.13966480446927373 0.0013315579227696406 0.0
0.0 0.0 0.0 0.0 0.0
0.0 0.0 0.0 0.0 0.0
0.0 0.0 0.0 0.0 0.0
0.0 0.0 0.0 0.0 0.0
0.0 0.0 0.0 0.0 0.0013586956521739132
0.0 0.0 0.0 0.0 0.0013586956521739132
0.0 0.0 0.0 0.0 0.0
0.0 0.0 0.0 0.0 0.0
0.0 0.0014577259475218659 0.0 0.0 0.0
0.0 0.0 0.0 0.0 0.0
0.0 0.03644314868804665 0.09776536312849161 0.0 0.0
0.0 0.04227405247813411 0.111731843575419 0.0 0.0
0.0 0.01457725947521866 0.13268156424581007 0.0 0.0013586956521739132
0.002808988764044944 0.043731778425655975 0.15921787709497207 0.0 0.0
0.0 0.03498542274052478 0.11312849162011174 0.0 0.0
0.0 0.048104956268221574 0.15083798882681565 0.0 0.0
0.0 0.04081632653061224 0.15363128491620112 0.0 0.0
0.001404494382022472 0.04518950437317784 0.14804469273743018 0.002663115845539281 0.0
0.0 0.03498542274052478 0.13966480446927373 0.0 0.0
0.001404494382022472 0.048104956268221574 0.16201117318435757 0.0 0.0
0.0 0.05685131195335277 0.16061452513966482 0.0 0.0
0.0 0.04518950437317784 0.13547486033519554 0.0013315579227696406 0.0
0.0 0.03498542274052478 0.18994413407821228 0.0 0.0
0.0 0.026239067055393587 0.17318435754189943 0.0 0.0
0.0 0.04227405247813411 0.17039106145251395 0.0013315579227696406 0.0
0.001404494382022472 0.03498542274052478 0.18575418994413406 0.0 0.0
0.0 0.037900874635568516 0.20670391061452514 0.002663115845539281 0.0
0.0 0.03498542274052478 0.25279329608938544 0.0013315579227696406 0.0
0.001404494382022472 0.05685131195335277 0.23743016759776536 0.0013315579227696406 0.0
0.002808988764044944 0.05539358600583091 0.26536312849162014 0.0 0.0
0.001404494382022472 0.026239067055393587 0.31424581005586594 0.0013315579227696406 0.0
0.0 0.02915451895043732 0.3575418994413408 0.0013315579227696406 0.0
0.001404494382022472 0.03498542274052478 0.38407821229050276 0.0 0.0
0.0 0.05102040816326531 0.4092178770949721 0.002663115845539281 0.0
0.0 0.059766763848396506 0.43156424581005587 0.0039946737683089215 0.0
0.0 0.05830903790087464 0.4692737430167597 0.0 0.0
0.0 0.05830903790087464 0.4832402234636871 0.002663115845539281 0.0
0.0 0.037900874635568516 0.5418994413407822 0.0013315579227696406 0.0
