32935.000 -0.400 -0.400 0.267
32936.000 -0.400 -0.331 0.234
32937.000 -0.400 -0.262 0.033
32938.000 -0.400 -0.192 0.356
32939.000 -0.400 -0.123 0.346
32940.000 -0.400 -0.054 0.285
32941.000 -0.400 0.015 0.417
32942.000 -0.400 0.085 0.308
32943.000 -0.400 0.154 0.027
32944.000 -0.400 0.223 0.310
32945.000 -0.400 0.292 0.316
32946.000 -0.400 0.362 0.123
32947.000 -0.400 0.431 0.004
32948.000 -0.331 -0.400 0.417
32949.000 -0.331 -0.331 0.040
32950.000 -0.331 -0.262 0.244
32951.000 -0.331 -0.192 0.317
32952.000 -0.331 -0.123 0.364
32953.000 -0.331 -0.054 0.169
32954.000 -0.331 0.015 0.324
32955.000 -0.331 0.085 0.407
32956.000 -0.331 0.154 0.011
32957.000 -0.331 0.223 0.001
32958.000 -0.331 0.292 0.402
32959.000 -0.331 0.362 0.236
32960.000 -0.331 0.431 0.185
32961.000 -0.262 -0.400 0.085
32962.000 -0.262 -0.331 0.009
32963.000 -0.262 -0.262 0.404
32964.000 -0.262 -0.192 0.495
32965.000 -0.262 -0.123 0.043
32966.000 -0.262 -0.054 0.348
32967.000 -0.262 0.015 0.106
32968.000 -0.262 0.085 0.191
32969.000 -0.262 0.154 0.144
32970.000 -0.262 0.223 0.003
32971.000 -0.262 0.292 0.038
32972.000 -0.262 0.362 0.112
32973.000 -0.262 0.431 0.476
32974.000 -0.192 -0.400 0.322
32975.000 -0.192 -0.331 0.065
32976.000 -0.192 -0.262 0.396
32977.000 -0.192 -0.192 0.082
32978.000 -0.192 -0.123 0.375
32979.000 -0.192 -0.054 0.428
32980.000 -0.192 0.015 0.343
32981.000 -0.192 0.085 0.348
32982.000 -0.192 0.154 0.416
32983.000 -0.192 0.223 0.279
32984.000 -0.192 0.292 0.461
32985.000 -0.192 0.362 0.031
32986.000 -0.192 0.431 0.180
32987.000 -0.123 -0.400 0.264
32988.000 -0.123 -0.331 0.439
32989.000 -0.123 -0.262 0.419
32990.000 -0.123 -0.192 0.338
32991.000 -0.123 -0.123 0.007
32992.000 -0.123 -0.054 0.358
32993.000 -0.123 0.015 0.287
32994.000 -0.123 0.085 0.013
32995.000 -0.123 0.154 0.496
32996.000 -0.123 0.223 0.498
32997.000 -0.123 0.292 0.055
32998.000 -0.123 0.362 0.192
32999.000 -0.123 0.431 0.369
33000.000 -0.054 -0.400 0.040
33001.000 -0.054 -0.331 0.490
33002.000 -0.054 -0.262 0.258
33003.000 -0.054 -0.192 0.066
33004.000 -0.054 -0.123 0.422
33005.000 -0.054 -0.054 0.466
33006.000 -0.054 0.015 0.215
33007.000 -0.054 0.085 0.079
33008.000 -0.054 0.154 0.433
33009.000 -0.054 0.223 0.070
33010.000 -0.054 0.292 0.295
33011.000 -0.054 0.362 0.399
33012.000 -0.054 0.431 0.136
33013.000 0.015 -0.400 0.284
33014.000 0.015 -0.331 0.179
33015.000 0.015 -0.262 0.496
33016.000 0.015 -0.192 0.182
33017.000 0.015 -0.123 0.470
33018.000 0.015 -0.054 0.040
33019.000 0.015 0.015 0.366
33020.000 0.015 0.085 0.495
33021.000 0.015 0.154 0.108
33022.000 0.015 0.223 0.170
33023.000 0.015 0.292 0.491
33024.000 0.015 0.362 0.419
33025.000 0.015 0.431 0.339
33026.000 0.085 -0.400 0.171
33027.000 0.085 -0.331 0.168
33028.000 0.085 -0.262 0.395
33029.000 0.085 -0.192 0.148
33030.000 0.085 -0.123 0.059
33031.000 0.085 -0.054 0.276
33032.000 0.085 0.015 0.405
33033.000 0.085 0.085 0.206
33034.000 0.085 0.154 0.282
33035.000 0.085 0.223 0.389
33036.000 0.085 0.292 0.044
33037.000 0.085 0.362 0.141
33038.000 0.085 0.431 0.495
33039.000 0.154 -0.400 0.163
33040.000 0.154 -0.331 0.211
33041.000 0.154 -0.262 0.032
33042.000 0.154 -0.192 0.437
33043.000 0.154 -0.123 0.348
33044.000 0.154 -0.054 0.376
33045.000 0.154 0.015 0.106
33046.000 0.154 0.085 0.112
33047.000 0.154 0.154 0.314
33048.000 0.154 0.223 0.208
33049.000 0.154 0.292 0.124
33050.000 0.154 0.362 0.085
33051.000 0.154 0.431 0.255
33052.000 0.223 -0.331 0.374
33053.000 0.223 -0.262 0.276
33054.000 0.223 -0.192 0.497
33055.000 0.223 -0.123 0.068
33056.000 0.223 -0.054 0.034
33057.000 0.223 0.015 0.140
33058.000 0.223 0.085 0.308
33059.000 0.223 0.154 0.191
33060.000 0.223 0.223 0.203
33061.000 0.223 0.292 0.366
33062.000 0.223 0.362 0.195
33063.000 0.223 0.431 0.298
33064.000 0.292 -0.400 0.420
33065.000 0.292 -0.331 0.359
33066.000 0.292 -0.262 0.138
33067.000 0.292 -0.192 0.216
33068.000 0.292 -0.123 0.424
33069.000 0.292 -0.054 0.311
33070.000 0.292 0.015 0.470
33071.000 0.292 0.085 0.218
33072.000 0.292 0.154 0.104
33073.000 0.292 0.223 0.448
33074.000 0.292 0.292 0.176
33075.000 0.292 0.362 0.298
33076.000 0.292 0.431 0.125
33077.000 0.362 -0.400 0.406
33078.000 0.362 -0.331 0.249
33079.000 0.362 -0.262 0.421
33080.000 0.362 -0.192 0.108
33081.000 0.362 -0.123 0.160
33082.000 0.362 -0.054 0.001
33083.000 0.362 0.015 0.092
33084.000 0.362 0.085 0.437
33085.000 0.362 0.154 0.213
33086.000 0.362 0.223 0.140
33087.000 0.362 0.292 0.470
33088.000 0.362 0.362 0.499
33089.000 0.362 0.431 0.091
33090.000 0.431 -0.400 0.219
33091.000 0.431 -0.331 0.309
33092.000 0.431 -0.262 0.336
33093.000 0.431 -0.192 0.302
33094.000 0.431 -0.123 0.014
33095.000 0.431 -0.054 0.336
33096.000 0.431 0.015 0.360
33097.000 0.431 0.085 0.007
33098.000 0.431 0.154 0.266
33099.000 0.431 0.223 0.051
33100.000 0.431 0.292 0.078
33101.000 0.431 0.362 0.166
33102.000 0.431 0.431 0.278
