15.5 34.833333333333336 29.8 14.5 11.833333333333332
15.166666666666666 35.833333333333336 29.8 15.0 11.0
15.0 37.83333333333333 27.599999999999998 13.5 11.333333333333334
15.333333333333332 39.0 29.4 11.833333333333332 11.666666666666668
12.333333333333334 38.33333333333333 26.4 17.0 12.166666666666666
14.333333333333334 35.333333333333336 26.8 16.0 14.5
13.166666666666666 35.5 28.6 13.5 13.333333333333334
15.5 36.666666666666664 29.6 15.0 14.166666666666666
14.333333333333334 35.333333333333336 28.400000000000002 15.166666666666666 12.0
16.0 39.33333333333333 31.2 14.833333333333334 12.833333333333334
16.166666666666664 35.833333333333336 25.2 16.166666666666664 13.666666666666668
16.5 37.166666666666664 30.4 14.666666666666666 12.0
17.0 37.166666666666664 26.8 14.0 15.833333333333334
14.666666666666666 39.16666666666667 29.8 14.666666666666666 15.166666666666666
15.333333333333332 38.0 28.6 15.0 13.833333333333332
15.5 38.16666666666667 25.4 13.666666666666668 12.833333333333334
17.5 36.333333333333336 27.599999999999998 14.166666666666666 12.666666666666666
16.5 34.5 30.8 13.833333333333332 11.833333333333332
16.5 37.5 28.8 13.666666666666668 12.333333333333334
17.333333333333332 35.166666666666664 28.6 17.0 14.666666666666666
16.0 35.833333333333336 25.8 15.166666666666666 12.666666666666666
14.5 39.33333333333333 23.400000000000002 15.166666666666666 13.833333333333332
16.166666666666664 33.833333333333336 30.8 16.333333333333332 12.0
13.833333333333332 38.5 25.4 15.0 12.666666666666666
13.833333333333332 33.833333333333336 29.6 15.166666666666666 13.5
17.166666666666668 35.5 26.599999999999998 15.5 11.5
16.833333333333332 38.5 29.0 14.5 13.666666666666668
14.0 37.333333333333336 26.4 14.833333333333334 12.333333333333334
14.833333333333334 35.0 28.8 17.666666666666668 13.833333333333332
16.0 34.166666666666664 28.6 16.166666666666664 11.666666666666668
11.333333333333334 41.0 27.799999999999997 11.333333333333334 15.166666666666666
14.666666666666666 35.5 25.6 16.5 13.166666666666666
14.5 39.16666666666667 30.599999999999998 14.5 13.333333333333334
15.833333333333334 36.333333333333336 27.799999999999997 13.833333333333332 13.666666666666668
13.166666666666666 35.0 29.8 16.0 12.666666666666666
15.666666666666666 36.0 31.0 14.666666666666666 11.333333333333334
18.166666666666668 36.833333333333336 27.599999999999998 15.666666666666666 13.5
15.166666666666666 34.0 31.2 17.5 13.833333333333332
14.833333333333334 34.5 28.8 15.333333333333332 13.833333333333332
14.333333333333334 37.666666666666664 27.400000000000002 14.166666666666666 12.333333333333334
15.5 34.666666666666664 30.200000000000003 14.833333333333334 13.166666666666666
15.833333333333334 38.83333333333333 27.400000000000002 13.166666666666666 13.0
11.833333333333332 35.833333333333336 29.8 17.0 13.5
16.0 37.666666666666664 27.0 16.166666666666664 12.333333333333334
15.0 38.16666666666667 26.599999999999998 15.0 13.833333333333332
18.166666666666668 36.166666666666664 31.0 14.666666666666666 12.333333333333334
18.333333333333332 36.333333333333336 30.200000000000003 11.166666666666666 12.5
17.0 32.0 26.599999999999998 16.166666666666664 12.666666666666666
14.833333333333334 35.333333333333336 31.2 14.833333333333334 13.333333333333334
13.666666666666668 38.16666666666667 32.0 13.0 12.0
15.333333333333332 35.166666666666664 29.2 15.0 12.666666666666666
14.833333333333334 34.5 28.0 12.5 12.666666666666666
16.666666666666668 32.833333333333336 28.400000000000002 17.166666666666668 13.5
17.166666666666668 38.33333333333333 26.200000000000003 14.166666666666666 10.333333333333334
15.333333333333332 35.5 27.400000000000002 12.5 14.666666666666666
15.833333333333334 34.833333333333336 26.4 13.5 12.5
15.333333333333332 39.83333333333333 29.8 14.5 15.166666666666666
12.666666666666666 38.33333333333333 29.4 14.666666666666666 12.333333333333334
17.666666666666668 34.166666666666664 30.0 16.333333333333332 12.833333333333334
15.0 38.66666666666667 27.599999999999998 11.333333333333334 14.333333333333334
17.333333333333332 37.83333333333333 26.4 16.0 13.166666666666666
15.5 40.5 29.6 15.166666666666666 15.166666666666666
15.166666666666666 37.83333333333333 26.599999999999998 15.5 12.333333333333334
16.0 40.16666666666667 29.2 14.166666666666666 13.5
14.666666666666666 38.33333333333333 29.0 16.833333333333332 11.666666666666668
15.666666666666666 40.666666666666664 32.0 13.666666666666668 13.5
12.166666666666666 37.166666666666664 29.2 15.0 13.5
16.166666666666664 40.5 28.8 14.666666666666666 15.666666666666666
16.833333333333332 37.666666666666664 25.6 17.166666666666668 13.333333333333334
14.5 37.5 27.0 11.833333333333332 11.5
13.166666666666666 36.5 31.4 18.166666666666668 12.833333333333334
17.333333333333332 38.33333333333333 27.799999999999997 15.333333333333332 15.5
16.166666666666664 37.166666666666664 27.599999999999998 15.333333333333332 12.0
15.0 34.333333333333336 30.200000000000003 10.333333333333334 12.666666666666666
16.0 36.333333333333336 27.2 15.0 17.0
15.0 36.5 29.8 15.833333333333334 15.0
15.166666666666666 36.666666666666664 30.0 13.5 10.5
16.333333333333332 38.16666666666667 27.599999999999998 15.666666666666666 13.166666666666666
18.166666666666668 35.166666666666664 28.0 18.333333333333332 13.0
14.833333333333334 35.333333333333336 28.6 15.166666666666666 14.0
13.833333333333332 35.833333333333336 30.599999999999998 15.5 12.0
16.333333333333332 40.666666666666664 29.8 14.166666666666666 12.5
16.666666666666668 35.333333333333336 24.6 13.166666666666666 14.5
17.833333333333332 38.0 29.8 14.833333333333334 12.666666666666666
14.833333333333334 40.16666666666667 28.2 15.5 13.666666666666668
14.333333333333334 38.0 25.2 15.166666666666666 13.666666666666668
18.166666666666668 40.33333333333333 30.0 16.5 12.0
13.666666666666668 41.166666666666664 29.0 17.0 10.666666666666666
15.0 37.5 28.2 13.0 14.166666666666666
13.5 36.5 31.2 16.666666666666668 15.166666666666666
16.0 33.833333333333336 28.0 13.833333333333332 13.166666666666666
14.333333333333334 36.666666666666664 29.0 12.666666666666666 13.666666666666668
18.5 40.16666666666667 26.200000000000003 13.5 12.333333333333334
15.666666666666666 38.83333333333333 28.0 16.333333333333332 11.666666666666668
17.0 36.833333333333336 29.2 11.833333333333332 15.5
12.5 37.83333333333333 29.8 15.166666666666666 11.333333333333334
14.5 36.166666666666664 31.2 11.166666666666666 15.333333333333332
14.0 35.666666666666664 29.2 15.0 12.833333333333334
15.833333333333334 37.333333333333336 27.2 17.0 14.5
14.333333333333334 36.333333333333336 29.2 13.0 13.333333333333334
15.666666666666666 35.333333333333336 32.599999999999994 16.0 14.666666666666666
14.0 15.833333333333334 11.2 16.5 13.0
15.833333333333334 13.833333333333332 15.4 15.666666666666666 14.333333333333334
14.5 17.166666666666668 14.6 13.833333333333332 13.333333333333334
17.666666666666668 16.666666666666668 14.6 15.0 15.833333333333334
12.666666666666666 39.16666666666667 31.0 16.0 12.5
15.333333333333332 16.5 14.8 18.666666666666668 12.5
15.166666666666666 15.333333333333332 17.0 15.0 15.333333333333332
15.166666666666666 16.666666666666668 15.6 18.833333333333332 15.666666666666666
16.0 15.666666666666666 16.8 16.666666666666668 12.666666666666666
16.666666666666668 33.5 30.0 15.5 12.0
15.0 14.333333333333334 17.8 16.166666666666664 17.333333333333332
14.833333333333334 14.0 16.6 16.666666666666668 17.0
14.833333333333334 15.833333333333334 13.799999999999999 17.0 19.166666666666664
13.333333333333334 15.0 15.4 13.666666666666668 15.5
15.333333333333332 38.0 25.8 13.666666666666668 13.166666666666666
16.333333333333332 16.0 16.0 14.833333333333334 15.0
15.5 16.166666666666664 14.4 16.166666666666664 13.0
14.333333333333334 15.333333333333332 14.8 17.666666666666668 12.5
13.666666666666668 16.166666666666664 18.4 12.666666666666666 14.666666666666666
15.5 32.833333333333336 34.4 16.5 13.666666666666668
14.833333333333334 15.0 15.4 16.833333333333332 17.166666666666668
14.166666666666666 15.333333333333332 16.8 13.333333333333334 17.0
14.166666666666666 16.333333333333332 16.6 17.333333333333332 15.166666666666666
16.5 14.166666666666666 15.6 15.0 14.833333333333334
16.0 14.333333333333334 16.8 14.166666666666666 17.0
13.0 13.833333333333332 13.799999999999999 13.166666666666666 16.166666666666664
14.833333333333334 15.333333333333332 14.200000000000001 13.166666666666666 14.0
16.166666666666664 13.666666666666668 16.400000000000002 15.666666666666666 15.833333333333334
17.0 16.0 13.2 14.833333333333334 13.333333333333334
15.333333333333332 14.833333333333334 17.2 15.666666666666666 14.166666666666666
18.5 28.5 31.8 14.0 11.833333333333332
15.666666666666666 33.166666666666664 36.0 18.333333333333332 10.833333333333334
15.666666666666666 33.0 33.6 15.666666666666666 13.0
15.833333333333334 34.166666666666664 32.800000000000004 13.0 13.166666666666666
14.5 33.166666666666664 31.4 14.333333333333334 13.0
14.833333333333334 36.0 35.0 17.666666666666668 13.0
18.333333333333332 34.166666666666664 31.4 17.333333333333332 14.5
16.333333333333332 34.5 33.8 13.666666666666668 14.5
16.333333333333332 34.333333333333336 34.0 16.166666666666664 13.5
15.666666666666666 33.833333333333336 27.400000000000002 16.166666666666664 14.333333333333334
11.5 33.333333333333336 32.2 13.833333333333332 12.5
15.333333333333332 29.333333333333332 30.599999999999998 14.166666666666666 12.833333333333334
15.0 31.333333333333332 34.6 15.333333333333332 12.5
14.5 34.166666666666664 32.4 12.333333333333334 13.333333333333334
17.833333333333332 33.333333333333336 34.4 16.833333333333332 13.166666666666666
14.833333333333334 28.833333333333332 34.4 18.333333333333332 12.833333333333334
17.166666666666668 34.333333333333336 31.0 15.333333333333332 9.833333333333332
14.5 32.5 36.2 15.833333333333334 14.166666666666666
16.666666666666668 33.833333333333336 35.0 15.666666666666666 13.5
15.666666666666666 35.666666666666664 35.6 16.0 11.166666666666666
13.166666666666666 33.833333333333336 33.4 15.833333333333334 13.833333333333332
13.666666666666668 34.5 31.8 13.833333333333332 12.5
16.5 32.16666666666667 34.6 13.333333333333334 10.666666666666666
16.5 34.833333333333336 32.4 15.0 14.333333333333334
16.833333333333332 35.0 32.4 15.333333333333332 14.666666666666666
17.833333333333332 32.5 30.599999999999998 16.166666666666664 10.333333333333334
14.333333333333334 33.0 31.8 18.0 12.0
16.333333333333332 32.0 33.0 18.0 13.333333333333334
14.5 34.5 35.2 15.166666666666666 11.5
15.5 34.166666666666664 36.6 16.833333333333332 12.333333333333334
12.833333333333334 36.166666666666664 35.2 17.5 13.833333333333332
12.666666666666666 31.5 31.6 13.166666666666666 13.0
13.666666666666668 34.5 35.4 14.5 12.0
13.833333333333332 33.666666666666664 33.6 14.333333333333334 10.833333333333334
12.5 34.5 37.0 16.5 17.166666666666668
14.666666666666666 34.333333333333336 34.0 15.166666666666666 15.333333333333332
15.5 36.5 32.800000000000004 16.5 12.833333333333334
15.0 33.166666666666664 38.4 15.5 11.333333333333334
14.666666666666666 34.833333333333336 35.6 14.5 15.166666666666666
14.833333333333334 34.5 34.6 14.5 14.333333333333334
13.833333333333332 36.166666666666664 32.4 15.833333333333334 13.833333333333332
15.833333333333334 32.33333333333333 37.400000000000006 14.166666666666666 12.333333333333334
15.833333333333334 35.5 35.4 16.166666666666664 11.833333333333332
17.333333333333332 32.5 33.8 12.833333333333334 11.666666666666668
15.666666666666666 33.666666666666664 36.0 15.666666666666666 10.333333333333334
15.0 31.333333333333332 37.6 18.166666666666668 14.0
13.833333333333332 32.16666666666667 35.2 16.333333333333332 12.5
16.666666666666668 33.166666666666664 37.199999999999996 14.5 9.5
14.833333333333334 35.5 35.2 15.5 15.333333333333332
17.333333333333332 32.16666666666667 39.4 14.5 12.166666666666666
15.666666666666666 35.333333333333336 34.8 13.833333333333332 11.0
14.333333333333334 32.5 34.8 14.833333333333334 10.833333333333334
14.0 35.666666666666664 36.6 14.166666666666666 12.5
15.0 32.0 35.4 15.0 13.5
14.666666666666666 35.166666666666664 35.2 16.333333333333332 13.666666666666668
15.0 32.5 36.4 16.166666666666664 10.5
15.5 34.333333333333336 41.0 16.166666666666664 12.666666666666666
14.833333333333334 37.0 36.4 16.833333333333332 16.0
16.5 35.666666666666664 34.4 17.0 11.833333333333332
15.833333333333334 33.333333333333336 34.4 14.0 9.0
16.333333333333332 35.0 34.4 15.166666666666666 12.666666666666666
14.333333333333334 37.166666666666664 34.4 16.333333333333332 13.5
15.666666666666666 33.5 35.4 19.333333333333336 10.0
15.833333333333334 35.0 34.2 13.333333333333334 13.666666666666668
15.666666666666666 34.833333333333336 35.2 13.166666666666666 12.333333333333334
13.333333333333334 36.166666666666664 35.0 16.833333333333332 12.0
13.166666666666666 35.5 37.0 16.833333333333332 13.333333333333334
15.666666666666666 34.666666666666664 36.8 13.166666666666666 14.666666666666666
13.166666666666666 34.166666666666664 39.199999999999996 14.333333333333334 12.166666666666666
13.833333333333332 35.0 38.199999999999996 14.0 12.666666666666666
15.666666666666666 32.33333333333333 37.199999999999996 15.833333333333334 13.666666666666668
12.833333333333334 30.666666666666664 35.4 15.5 14.833333333333334
14.166666666666666 32.833333333333336 36.8 14.666666666666666 10.833333333333334
15.5 33.166666666666664 35.4 17.333333333333332 12.333333333333334
16.666666666666668 35.166666666666664 36.0 13.833333333333332 12.0
16.5 35.833333333333336 33.6 14.333333333333334 11.666666666666668
12.833333333333334 37.83333333333333 38.199999999999996 17.5 12.166666666666666
12.666666666666666 34.5 35.8 14.333333333333334 11.833333333333332
15.833333333333334 32.666666666666664 36.0 14.5 14.166666666666666
14.666666666666666 33.5 36.4 13.666666666666668 13.0
12.0 33.833333333333336 35.6 13.5 14.833333333333334
12.666666666666666 32.666666666666664 36.4 13.0 12.833333333333334
17.0 36.833333333333336 36.6 15.0 11.166666666666666
12.833333333333334 33.5 37.8 13.5 11.166666666666666
15.333333333333332 33.5 36.4 17.0 11.333333333333334
13.5 34.833333333333336 36.6 12.666666666666666 10.333333333333334
16.666666666666668 33.833333333333336 33.0 14.0 12.5
14.5 34.5 35.0 18.166666666666668 12.5
16.166666666666664 33.5 38.0 17.166666666666668 11.833333333333332
15.5 34.166666666666664 34.8 16.5 8.666666666666666
12.0 34.166666666666664 33.8 16.0 16.333333333333332
15.833333333333334 31.833333333333332 38.199999999999996 14.833333333333334 11.833333333333332
15.5 34.0 35.2 16.333333333333332 11.666666666666668
15.333333333333332 37.333333333333336 35.2 15.5 11.333333333333334
14.166666666666666 37.666666666666664 38.0 12.5 15.833333333333334
15.833333333333334 34.666666666666664 36.8 16.0 12.166666666666666
15.833333333333334 34.666666666666664 34.8 14.666666666666666 11.833333333333332
14.333333333333334 33.166666666666664 37.400000000000006 12.5 12.333333333333334
12.666666666666666 32.0 33.6 17.5 11.666666666666668
