9.642857142857142 18.53571428571429 16.366666666666667 10.821428571428573 9.74074074074074
10.535714285714285 17.035714285714285 16.766666666666666 12.178571428571429 10.185185185185187
8.714285714285714 18.75 15.833333333333334 10.857142857142858 8.74074074074074
10.142857142857142 18.821428571428573 15.066666666666668 10.142857142857142 8.148148148148147
9.571428571428571 18.321428571428573 15.7 10.535714285714285 10.25925925925926
10.642857142857142 18.642857142857142 16.533333333333335 9.642857142857142 7.962962962962964
9.642857142857142 19.357142857142858 17.6 9.964285714285714 8.851851851851851
10.392857142857142 16.857142857142858 16.933333333333334 9.535714285714286 9.592592592592592
10.071428571428571 18.53571428571429 18.233333333333334 10.142857142857142 8.925925925925926
10.0 20.035714285714285 15.466666666666667 11.071428571428571 9.333333333333334
11.321428571428571 20.57142857142857 17.433333333333334 10.392857142857142 9.555555555555555
9.857142857142858 18.42857142857143 15.033333333333333 10.928571428571429 9.296296296296296
9.821428571428571 18.142857142857142 15.733333333333333 10.142857142857142 9.888888888888888
11.071428571428571 18.53571428571429 18.366666666666667 9.5 9.407407407407408
10.285714285714285 16.46428571428571 16.033333333333335 10.607142857142856 9.481481481481481
9.678571428571429 18.714285714285715 17.3 10.214285714285714 10.592592592592593
9.821428571428571 19.321428571428573 17.3 10.0 8.925925925925926
10.607142857142856 17.78571428571429 14.366666666666667 10.357142857142856 9.592592592592592
11.285714285714286 17.857142857142858 17.366666666666667 10.678571428571427 9.296296296296296
10.035714285714285 21.0 15.2 9.678571428571429 8.851851851851851
11.142857142857144 19.142857142857142 15.9 9.821428571428571 8.814814814814815
9.321428571428571 19.214285714285715 16.166666666666664 9.392857142857142 9.518518518518519
9.678571428571429 19.428571428571427 15.833333333333334 9.107142857142858 9.25925925925926
9.607142857142858 18.607142857142858 17.8 10.821428571428573 9.888888888888888
8.785714285714285 19.285714285714285 16.633333333333333 9.071428571428571 9.074074074074074
9.321428571428571 17.5 17.033333333333335 9.321428571428571 8.518518518518519
9.857142857142858 20.642857142857142 18.3 10.464285714285714 8.962962962962962
10.107142857142858 19.214285714285715 17.866666666666667 9.678571428571429 10.11111111111111
10.214285714285714 20.035714285714285 17.966666666666665 10.5 9.148148148148149
9.25 20.07142857142857 16.96666666666667 9.607142857142858 9.444444444444445
9.928571428571429 18.28571428571429 15.8 11.142857142857144 10.148148148148147
10.107142857142858 19.5 18.0 9.464285714285715 10.703703703703702
10.0 19.392857142857142 15.9 9.678571428571429 10.11111111111111
9.642857142857142 19.357142857142858 15.333333333333332 10.5 9.888888888888888
9.785714285714286 16.678571428571427 16.033333333333335 10.5 10.592592592592593
8.857142857142858 17.142857142857142 16.733333333333334 9.928571428571429 8.666666666666666
10.25 18.53571428571429 17.6 10.035714285714285 9.074074074074074
10.035714285714285 18.892857142857142 15.066666666666668 10.714285714285714 9.296296296296296
9.428571428571429 17.32142857142857 14.9 10.428571428571429 9.37037037037037
9.678571428571429 19.607142857142858 16.1 10.071428571428571 10.037037037037036
9.392857142857142 18.03571428571429 16.2 11.142857142857144 8.74074074074074
9.392857142857142 19.75 15.933333333333334 11.321428571428571 9.814814814814815
9.642857142857142 18.42857142857143 18.3 9.785714285714286 9.703703703703704
9.75 18.5 16.5 10.571428571428571 8.777777777777779
10.535714285714285 19.785714285714285 16.766666666666666 11.25 8.518518518518519
10.75 20.214285714285715 16.866666666666664 9.535714285714286 9.148148148148149
8.678571428571427 19.571428571428573 15.8 11.285714285714286 9.296296296296296
9.928571428571429 19.678571428571427 14.333333333333334 10.857142857142858 9.185185185185185
10.535714285714285 19.5 16.833333333333332 10.785714285714286 10.037037037037036
10.035714285714285 20.46428571428571 15.766666666666666 10.928571428571429 9.222222222222221
10.0 18.071428571428573 14.966666666666667 10.178571428571429 9.777777777777777
9.821428571428571 18.5 17.5 9.535714285714286 8.777777777777779
11.071428571428571 16.71428571428571 15.433333333333334 10.357142857142856 8.777777777777779
9.535714285714286 20.07142857142857 16.033333333333335 10.392857142857142 9.444444444444445
10.321428571428571 19.75 15.833333333333334 10.214285714285714 9.333333333333334
10.25 18.821428571428573 15.833333333333334 9.678571428571429 9.592592592592592
9.107142857142858 17.535714285714285 16.46666666666667 11.357142857142858 9.296296296296296
10.857142857142858 17.78571428571429 16.766666666666666 10.714285714285714 10.037037037037036
10.178571428571429 18.571428571428573 14.966666666666667 10.357142857142856 8.88888888888889
9.142857142857144 17.5 16.1 10.607142857142856 9.0
10.571428571428571 19.214285714285715 15.066666666666668 9.607142857142858 9.222222222222221
10.0 20.928571428571427 16.266666666666666 9.428571428571429 8.518518518518519
9.357142857142858 19.785714285714285 15.666666666666666 8.464285714285714 8.962962962962962
11.142857142857144 17.92857142857143 16.6 9.25 9.925925925925927
9.928571428571429 18.892857142857142 15.566666666666666 9.821428571428571 9.444444444444445
10.035714285714285 18.92857142857143 17.2 10.428571428571429 9.148148148148149
10.285714285714285 17.821428571428573 16.23333333333333 10.928571428571429 8.74074074074074
8.392857142857142 18.42857142857143 16.666666666666668 9.142857142857144 8.074074074074074
10.142857142857142 20.107142857142858 16.266666666666666 11.571428571428571 8.11111111111111
10.607142857142856 19.214285714285715 16.033333333333335 10.285714285714285 11.481481481481481
9.392857142857142 18.92857142857143 16.0 9.821428571428571 8.925925925925926
10.035714285714285 20.32142857142857 17.266666666666666 9.785714285714286 9.703703703703704
9.678571428571429 19.714285714285715 16.2 10.857142857142858 8.814814814814815
10.571428571428571 19.357142857142858 16.833333333333332 10.464285714285714 10.148148148148147
9.857142857142858 18.714285714285715 14.9 9.892857142857142 10.518518518518519
9.714285714285714 17.392857142857142 16.566666666666666 9.5 9.37037037037037
10.107142857142858 17.428571428571427 16.066666666666666 10.5 9.518518518518519
10.428571428571429 18.714285714285715 13.466666666666667 10.892857142857144 8.555555555555555
9.392857142857142 17.57142857142857 18.166666666666668 10.25 9.74074074074074
10.75 18.892857142857142 14.7 11.357142857142858 9.666666666666668
9.607142857142858 18.892857142857142 16.8 9.25 10.037037037037036
9.5 19.142857142857142 16.433333333333334 9.821428571428571 8.296296296296296
10.607142857142856 19.285714285714285 16.96666666666667 10.857142857142858 9.592592592592592
9.678571428571429 18.464285714285715 16.666666666666668 9.107142857142858 8.592592592592593
8.892857142857144 19.321428571428573 17.233333333333334 10.678571428571427 8.333333333333334
10.571428571428571 18.571428571428573 16.23333333333333 11.107142857142858 10.481481481481483
9.821428571428571 19.607142857142858 16.733333333333334 10.928571428571429 9.518518518518519
9.535714285714286 19.214285714285715 17.2 8.928571428571429 8.703703703703702
9.071428571428571 17.357142857142854 15.633333333333333 10.178571428571429 9.444444444444445
8.964285714285715 19.0 15.933333333333334 9.142857142857144 9.777777777777777
9.857142857142858 18.964285714285715 15.633333333333333 10.642857142857142 9.518518518518519
10.678571428571427 19.392857142857142 17.233333333333334 9.892857142857142 9.555555555555555
10.607142857142856 18.714285714285715 16.033333333333335 10.071428571428571 8.666666666666666
9.857142857142858 18.071428571428573 17.433333333333334 10.357142857142856 8.88888888888889
10.25 19.214285714285715 15.8 10.107142857142858 9.444444444444445
10.607142857142856 18.607142857142858 16.400000000000002 10.5 9.148148148148149
10.821428571428573 18.5 16.46666666666667 9.142857142857144 9.37037037037037
10.571428571428571 18.357142857142858 15.633333333333333 11.535714285714286 8.925925925925926
9.285714285714286 19.035714285714285 17.366666666666667 10.107142857142858 8.25925925925926
11.642857142857142 17.357142857142854 16.7 10.678571428571427 8.88888888888889
10.214285714285714 20.32142857142857 16.46666666666667 11.857142857142858 9.0
10.285714285714285 9.535714285714286 10.8 8.571428571428571 10.037037037037036
11.142857142857144 11.035714285714286 9.0 10.107142857142858 9.925925925925927
11.892857142857142 10.178571428571429 10.766666666666667 10.5 9.74074074074074
9.678571428571429 11.571428571428571 10.3 10.75 10.88888888888889
10.392857142857142 19.678571428571427 15.633333333333333 9.5 9.666666666666668
10.285714285714285 10.0 9.633333333333335 11.321428571428571 10.333333333333334
10.892857142857144 10.071428571428571 10.533333333333333 10.535714285714285 10.037037037037036
11.071428571428571 10.5 9.2 9.964285714285714 9.814814814814815
10.285714285714285 10.5 11.700000000000001 10.321428571428571 10.555555555555555
11.178571428571429 15.892857142857142 18.06666666666667 10.392857142857142 9.962962962962964
10.285714285714285 10.25 10.266666666666667 10.321428571428571 10.148148148148147
9.535714285714286 10.892857142857144 9.766666666666666 10.321428571428571 11.037037037037036
11.535714285714286 10.928571428571429 10.0 10.464285714285714 10.074074074074074
9.178571428571429 10.071428571428571 10.0 10.785714285714286 10.62962962962963
9.035714285714286 19.607142857142858 16.2 10.357142857142856 8.62962962962963
10.0 10.75 8.9 10.142857142857142 10.851851851851853
10.0 11.392857142857142 11.166666666666666 10.321428571428571 10.481481481481483
10.5 9.714285714285714 10.233333333333334 10.428571428571429 9.888888888888888
9.107142857142858 11.035714285714286 10.566666666666666 10.142857142857142 10.407407407407407
9.678571428571429 16.25 18.599999999999998 10.035714285714285 8.851851851851851
10.25 10.892857142857144 10.166666666666666 10.821428571428573 9.37037037037037
10.964285714285715 10.5 9.5 9.714285714285714 9.555555555555555
10.357142857142856 9.214285714285715 10.5 10.464285714285714 11.592592592592592
9.964285714285714 10.142857142857142 9.766666666666666 9.75 10.703703703703702
10.857142857142858 9.964285714285714 10.9 9.464285714285715 9.814814814814815
11.571428571428571 10.75 9.233333333333333 10.535714285714285 10.222222222222223
10.142857142857142 10.0 10.8 10.75 11.0
10.178571428571429 9.428571428571429 10.433333333333332 9.892857142857142 9.666666666666668
10.214285714285714 11.214285714285715 10.466666666666667 11.357142857142858 10.333333333333334
11.071428571428571 10.321428571428571 10.233333333333334 11.321428571428571 10.25925925925926
8.964285714285715 18.42857142857143 18.53333333333333 10.642857142857142 9.703703703703704
10.428571428571429 16.678571428571427 19.166666666666664 8.892857142857144 9.407407407407408
10.642857142857142 16.178571428571427 18.06666666666667 10.107142857142858 8.851851851851851
10.107142857142858 16.285714285714285 16.96666666666667 11.321428571428571 10.11111111111111
8.857142857142858 15.392857142857142 19.166666666666664 10.964285714285715 8.333333333333334
10.214285714285714 16.32142857142857 18.53333333333333 11.571428571428571 9.074074074074074
11.357142857142858 17.285714285714285 19.03333333333333 9.142857142857144 8.703703703703702
9.821428571428571 16.75 17.3 10.535714285714285 8.185185185185185
9.857142857142858 17.535714285714285 17.5 11.071428571428571 9.925925925925927
9.964285714285714 17.428571428571427 18.566666666666666 10.464285714285714 9.37037037037037
9.857142857142858 15.5 18.599999999999998 11.321428571428571 8.666666666666666
9.892857142857142 16.607142857142858 17.733333333333334 11.142857142857144 8.851851851851851
9.964285714285714 15.642857142857142 18.76666666666667 10.678571428571427 8.74074074074074
10.464285714285714 16.642857142857142 17.2 10.107142857142858 10.666666666666666
10.464285714285714 16.57142857142857 18.866666666666667 11.25 9.555555555555555
10.428571428571429 16.57142857142857 17.6 10.428571428571429 9.518518518518519
8.285714285714285 15.75 19.3 11.642857142857142 8.777777777777779
10.25 16.285714285714285 20.1 10.5 9.148148148148149
10.535714285714285 15.464285714285715 17.3 9.928571428571429 10.037037037037036
10.321428571428571 18.821428571428573 19.400000000000002 8.678571428571427 9.555555555555555
8.928571428571429 16.5 17.8 10.25 9.222222222222221
10.464285714285714 16.96428571428571 18.433333333333334 9.857142857142858 8.74074074074074
9.857142857142858 18.75 17.133333333333333 10.964285714285715 9.148148148148149
8.928571428571429 14.857142857142858 18.466666666666665 10.107142857142858 9.37037037037037
9.928571428571429 16.642857142857142 17.633333333333333 9.357142857142858 10.074074074074074
9.214285714285715 16.785714285714285 16.933333333333334 10.821428571428573 9.037037037037038
9.25 15.964285714285715 17.966666666666665 10.857142857142858 10.037037037037036
9.178571428571429 17.821428571428573 18.03333333333333 10.892857142857144 8.62962962962963
9.678571428571429 17.142857142857142 16.566666666666666 10.392857142857142 8.777777777777779
9.142857142857144 17.07142857142857 20.400000000000002 12.321428571428571 8.11111111111111
9.785714285714286 15.642857142857142 17.866666666666667 11.321428571428571 9.296296296296296
10.0 16.892857142857142 18.466666666666665 10.821428571428573 9.74074074074074
11.035714285714286 17.25 19.633333333333333 11.678571428571429 8.851851851851851
9.142857142857144 16.857142857142858 18.5 10.5 9.407407407407408
9.785714285714286 16.75 18.53333333333333 11.607142857142858 9.37037037037037
9.964285714285714 17.07142857142857 19.26666666666667 11.428571428571429 9.518518518518519
10.142857142857142 17.78571428571429 17.5 10.642857142857142 9.333333333333334
11.392857142857142 17.25 16.766666666666666 11.678571428571429 7.814814814814814
9.428571428571429 16.142857142857142 19.099999999999998 10.464285714285714 8.0
10.321428571428571 16.75 17.3 9.821428571428571 9.444444444444445
9.964285714285714 16.107142857142858 18.833333333333332 10.464285714285714 9.185185185185185
11.178571428571429 16.214285714285715 18.466666666666665 10.535714285714285 9.62962962962963
10.035714285714285 16.357142857142858 16.8 11.035714285714286 10.407407407407407
10.142857142857142 17.25 20.366666666666667 10.75 8.222222222222223
9.678571428571429 17.25 18.9 10.642857142857142 9.74074074074074
8.964285714285715 16.25 17.833333333333332 10.214285714285714 9.11111111111111
9.107142857142858 17.107142857142854 17.333333333333332 9.642857142857142 8.518518518518519
11.285714285714286 16.678571428571427 18.9 10.357142857142856 9.777777777777777
10.928571428571429 16.535714285714285 17.9 9.678571428571429 9.62962962962963
9.714285714285714 17.07142857142857 17.633333333333333 10.107142857142858 9.814814814814815
9.357142857142858 16.32142857142857 19.066666666666666 11.035714285714286 9.888888888888888
9.0 18.25 17.6 11.392857142857142 9.703703703703704
8.464285714285714 17.107142857142854 18.599999999999998 10.821428571428573 9.333333333333334
10.25 16.357142857142858 18.866666666666667 9.535714285714286 9.481481481481481
9.642857142857142 15.535714285714286 18.4 11.0 9.11111111111111
9.75 15.892857142857142 18.76666666666667 10.857142857142858 9.703703703703704
9.821428571428571 15.928571428571427 17.733333333333334 10.857142857142858 7.777777777777778
10.464285714285714 16.892857142857142 18.53333333333333 9.464285714285715 9.074074074074074
9.928571428571429 16.25 19.599999999999998 9.5 9.518518518518519
9.5 17.0 18.06666666666667 10.285714285714285 9.888888888888888
9.214285714285715 17.892857142857146 17.633333333333333 10.25 9.703703703703704
10.392857142857142 15.821428571428573 18.8 11.0 8.814814814814815
10.357142857142856 16.607142857142858 16.666666666666668 10.75 9.777777777777777
10.75 16.71428571428571 17.3 10.678571428571427 8.481481481481483
9.285714285714286 16.535714285714285 18.4 11.678571428571429 10.333333333333334
9.678571428571429 15.428571428571429 19.0 10.0 9.888888888888888
9.107142857142858 15.75 18.1 10.357142857142856 9.703703703703704
11.178571428571429 14.928571428571429 17.3 11.428571428571429 8.555555555555555
9.535714285714286 16.607142857142858 17.166666666666668 11.642857142857142 8.555555555555555
10.357142857142856 16.46428571428571 18.3 11.0 8.0
9.928571428571429 17.57142857142857 18.233333333333334 10.964285714285715 9.333333333333334
9.535714285714286 15.678571428571427 19.866666666666667 11.571428571428571 8.74074074074074
10.071428571428571 16.142857142857142 17.033333333333335 11.035714285714286 8.481481481481483
9.428571428571429 16.142857142857142 16.933333333333334 11.071428571428571 8.666666666666666
8.892857142857144 17.46428571428571 18.333333333333332 10.928571428571429 8.62962962962963
9.107142857142858 15.75 18.833333333333332 10.785714285714286 9.407407407407408
9.857142857142858 16.607142857142858 17.5 11.035714285714286 9.666666666666668
9.5 16.678571428571427 17.733333333333334 10.892857142857144 9.185185185185185
10.071428571428571 17.142857142857142 18.3 10.642857142857142 9.148148148148149
10.0 17.32142857142857 18.9 10.321428571428571 9.481481481481481
9.714285714285714 17.0 17.966666666666665 11.071428571428571 9.11111111111111
9.821428571428571 16.96428571428571 17.666666666666668 11.607142857142858 8.333333333333334
9.964285714285714 16.642857142857142 17.4 9.178571428571429 9.37037037037037
9.321428571428571 17.178571428571427 18.76666666666667 11.178571428571429 10.11111111111111
10.25 16.5 18.700000000000003 9.678571428571429 8.777777777777779
10.142857142857142 17.21428571428571 17.366666666666667 10.785714285714286 9.814814814814815
10.035714285714285 18.214285714285715 18.5 10.357142857142856 11.037037037037036
11.142857142857144 16.75 18.166666666666668 12.25 9.518518518518519
9.107142857142858 15.571428571428571 16.7 10.428571428571429 9.666666666666668
9.821428571428571 18.357142857142858 18.2 10.142857142857142 8.25925925925926
9.357142857142858 15.642857142857142 18.233333333333334 11.142857142857144 10.148148148148147
9.428571428571429 17.107142857142854 19.599999999999998 9.928571428571429 8.851851851851851
9.571428571428571 14.785714285714286 17.6 11.714285714285714 9.555555555555555
10.642857142857142 17.428571428571427 18.133333333333333 10.535714285714285 8.37037037037037
9.464285714285715 18.357142857142858 18.5 10.107142857142858 9.185185185185185
9.321428571428571 17.714285714285715 18.466666666666665 10.535714285714285 8.962962962962962
9.428571428571429 17.25 18.366666666666667 10.178571428571429 9.962962962962964
10.0 15.642857142857142 18.266666666666666 10.607142857142856 8.814814814814815
8.785714285714285 16.428571428571427 17.9 11.142857142857144 9.407407407407408
