73.07692307692308 68.92307692307692 69.46666666666667 72.3076923076923 72.07142857142858
73.23076923076923 69.61538461538463 70.53333333333333 72.0 73.5
73.3076923076923 68.3076923076923 71.13333333333334 73.84615384615385 72.78571428571429
73.3076923076923 69.38461538461537 69.4 72.76923076923077 73.07142857142857
73.0 68.07692307692308 67.86666666666667 71.61538461538461 71.85714285714286
73.38461538461539 68.84615384615385 70.4 73.15384615384615 73.57142857142857
74.0 70.38461538461537 70.4 73.0 73.92857142857143
73.23076923076923 68.6923076923077 69.86666666666666 72.3076923076923 71.5
74.6923076923077 68.6923076923077 70.6 72.3076923076923 73.42857142857143
73.61538461538461 68.53846153846153 70.73333333333333 73.23076923076923 73.78571428571429
72.53846153846153 67.3076923076923 68.53333333333333 71.6923076923077 71.57142857142858
73.07692307692308 69.3076923076923 70.66666666666667 71.38461538461539 72.5
72.3076923076923 68.07692307692308 70.26666666666667 72.84615384615385 72.57142857142857
72.84615384615385 68.53846153846153 69.93333333333334 73.0 72.85714285714286
75.46153846153845 69.84615384615385 71.0 73.6923076923077 74.71428571428572
72.92307692307692 68.07692307692308 69.13333333333334 72.0 73.85714285714286
72.38461538461539 67.53846153846153 70.6 72.53846153846153 71.71428571428572
74.3076923076923 70.46153846153847 70.8 73.3076923076923 73.28571428571429
72.23076923076924 68.53846153846153 69.73333333333333 72.07692307692308 72.71428571428572
73.3076923076923 71.0 71.73333333333333 74.07692307692308 74.07142857142857
73.61538461538461 70.0 71.4 73.6923076923077 74.14285714285715
72.76923076923077 70.38461538461537 70.4 71.07692307692308 73.0
73.3076923076923 68.07692307692308 69.66666666666667 70.84615384615385 73.07142857142857
73.3076923076923 67.15384615384615 70.4 71.92307692307692 73.14285714285715
75.3076923076923 69.53846153846153 70.93333333333334 74.07692307692308 73.57142857142857
73.23076923076923 69.3076923076923 69.4 72.84615384615385 72.85714285714286
72.23076923076924 67.84615384615385 68.33333333333333 71.3076923076923 73.35714285714286
73.15384615384615 68.84615384615385 69.8 72.07692307692308 72.85714285714286
73.61538461538461 69.6923076923077 70.46666666666667 71.6923076923077 72.78571428571429
72.23076923076924 69.38461538461537 69.8 72.0 72.71428571428572
72.53846153846153 68.07692307692308 70.0 72.3076923076923 72.85714285714286
73.6923076923077 69.92307692307692 71.26666666666667 72.07692307692308 73.85714285714286
72.84615384615385 68.23076923076924 69.26666666666667 71.46153846153847 73.28571428571429
72.23076923076924 67.07692307692308 69.86666666666666 71.15384615384615 72.21428571428572
73.3076923076923 68.0 69.86666666666666 72.61538461538461 73.0
73.6923076923077 70.0 71.2 72.92307692307692 73.35714285714286
72.92307692307692 68.46153846153847 70.4 71.6923076923077 71.92857142857143
74.07692307692308 69.46153846153847 70.33333333333333 73.61538461538461 73.35714285714286
72.46153846153847 68.38461538461539 70.26666666666667 72.15384615384615 71.92857142857143
74.3076923076923 69.15384615384615 70.26666666666667 72.6923076923077 74.07142857142857
73.07692307692308 68.84615384615385 69.26666666666667 72.15384615384615 73.64285714285715
72.38461538461539 68.76923076923076 71.06666666666666 72.23076923076924 73.57142857142857
72.76923076923077 68.15384615384615 70.0 72.46153846153847 72.71428571428572
73.76923076923077 70.46153846153847 70.66666666666667 72.07692307692308 72.35714285714286
73.3076923076923 68.53846153846153 69.33333333333333 73.15384615384615 73.07142857142857
73.84615384615385 69.3076923076923 69.8 73.38461538461539 73.21428571428572
73.3076923076923 67.0 69.8 72.92307692307692 73.64285714285715
72.07692307692308 68.84615384615385 69.66666666666667 72.3076923076923 71.35714285714286
72.23076923076924 69.07692307692308 69.46666666666667 71.92307692307692 73.78571428571429
73.46153846153847 68.76923076923076 69.93333333333334 72.92307692307692 72.42857142857143
73.46153846153847 68.15384615384615 70.86666666666666 73.92307692307692 74.42857142857143
73.15384615384615 69.3076923076923 70.33333333333333 72.46153846153847 71.92857142857143
72.53846153846153 69.46153846153847 69.86666666666666 73.46153846153847 72.07142857142858
73.61538461538461 67.38461538461539 70.0 73.0 73.5
73.0 69.15384615384615 70.66666666666667 74.53846153846153 73.78571428571429
73.61538461538461 69.53846153846153 71.8 73.76923076923077 74.35714285714286
73.0 69.46153846153847 70.0 72.0 72.85714285714286
73.46153846153847 69.07692307692308 70.4 73.6923076923077 73.42857142857143
73.84615384615385 67.46153846153847 68.86666666666667 73.15384615384615 73.35714285714286
72.92307692307692 68.07692307692308 68.53333333333333 71.6923076923077 72.21428571428572
73.3076923076923 68.0 69.06666666666666 72.92307692307692 73.64285714285715
73.76923076923077 69.46153846153847 70.86666666666666 73.53846153846153 72.35714285714286
74.38461538461539 70.84615384615385 70.8 73.23076923076923 72.14285714285715
72.3076923076923 68.92307692307692 70.33333333333333 73.61538461538461 73.07142857142857
74.53846153846153 69.6923076923077 71.66666666666667 72.61538461538461 73.78571428571429
73.46153846153847 69.0 70.6 72.6923076923077 71.71428571428572
73.84615384615385 68.92307692307692 71.2 73.23076923076923 75.14285714285714
74.07692307692308 69.15384615384615 71.2 72.84615384615385 73.71428571428572
73.38461538461539 68.38461538461539 70.13333333333334 72.6923076923077 73.07142857142857
72.46153846153847 67.3076923076923 68.66666666666667 71.6923076923077 71.35714285714286
75.53846153846155 68.38461538461539 71.26666666666667 74.07692307692308 74.78571428571429
73.23076923076923 68.76923076923076 70.06666666666666 72.38461538461539 73.28571428571429
73.84615384615385 68.46153846153847 70.6 72.38461538461539 73.07142857142857
72.92307692307692 67.53846153846153 69.13333333333334 72.46153846153847 72.71428571428572
72.3076923076923 68.53846153846153 69.6 71.53846153846153 73.28571428571429
73.3076923076923 68.46153846153847 69.0 72.84615384615385 73.64285714285715
74.23076923076923 69.61538461538463 70.93333333333334 72.92307692307692 74.21428571428572
73.76923076923077 69.84615384615385 71.26666666666667 73.6923076923077 74.07142857142857
72.92307692307692 67.46153846153847 69.53333333333333 72.61538461538461 72.57142857142857
72.76923076923077 67.6923076923077 68.6 71.07692307692308 72.71428571428572
75.3076923076923 67.76923076923077 69.26666666666667 73.0 73.07142857142857
74.92307692307692 70.23076923076924 72.93333333333334 74.6923076923077 75.21428571428572
72.0 67.15384615384615 70.66666666666667 73.07692307692308 72.5
73.46153846153847 69.0 70.46666666666667 73.15384615384615 73.57142857142857
73.76923076923077 68.38461538461539 70.2 73.0 73.78571428571429
73.46153846153847 67.6923076923077 70.33333333333333 72.3076923076923 73.85714285714286
73.15384615384615 70.15384615384615 70.46666666666667 72.38461538461539 73.71428571428572
73.0 67.84615384615385 70.8 72.92307692307692 73.57142857142857
72.6923076923077 67.92307692307692 69.73333333333333 71.3076923076923 73.07142857142857
72.84615384615385 67.53846153846153 69.86666666666666 72.07692307692308 72.5
73.0 68.46153846153847 71.0 73.53846153846153 73.85714285714286
72.92307692307692 68.38461538461539 69.2 72.0 72.35714285714286
72.84615384615385 68.15384615384615 70.73333333333333 73.07692307692308 74.14285714285715
73.23076923076923 67.23076923076923 69.73333333333333 72.53846153846153 72.71428571428572
73.0 68.53846153846153 70.8 73.07692307692308 73.07142857142857
74.61538461538461 68.92307692307692 70.4 73.76923076923077 73.92857142857143
73.46153846153847 67.84615384615385 70.93333333333334 72.6923076923077 73.07142857142857
72.92307692307692 67.84615384615385 70.13333333333334 72.23076923076924 72.71428571428572
73.61538461538461 70.0 71.13333333333334 72.23076923076924 74.35714285714286
73.07692307692308 67.23076923076923 69.93333333333334 72.0 72.92857142857143
74.0 67.84615384615385 70.86666666666666 73.92307692307692 73.85714285714286
67.0 67.07692307692308 65.19999999999999 66.61538461538461 66.42857142857143
68.0 65.46153846153845 65.8 66.76923076923077 66.5
65.07692307692308 64.61538461538461 65.06666666666666 66.38461538461539 66.0
65.38461538461539 65.6923076923077 65.46666666666667 66.23076923076923 65.35714285714286
74.53846153846153 68.0 70.13333333333334 73.76923076923077 74.64285714285715
66.92307692307692 67.46153846153847 65.19999999999999 66.07692307692308 67.85714285714285
67.15384615384615 66.15384615384616 66.06666666666666 66.53846153846153 66.0
67.38461538461539 66.61538461538461 65.46666666666667 66.0 67.5
67.84615384615385 68.46153846153847 66.93333333333334 67.23076923076923 66.5
75.38461538461539 68.38461538461539 68.73333333333332 73.53846153846153 74.85714285714286
65.6923076923077 65.15384615384616 65.60000000000001 66.53846153846153 66.92857142857143
66.0 65.3076923076923 65.60000000000001 65.15384615384616 65.0
65.3076923076923 65.38461538461539 66.4 66.53846153846153 65.42857142857143
66.23076923076923 65.46153846153845 66.4 65.0 65.35714285714286
74.23076923076923 68.38461538461539 69.66666666666667 73.46153846153847 72.42857142857143
67.0 66.92307692307692 67.06666666666666 68.0 67.64285714285714
66.3076923076923 66.07692307692308 66.53333333333333 66.61538461538461 67.07142857142857
66.46153846153847 66.84615384615385 65.53333333333333 66.76923076923077 66.07142857142857
66.23076923076923 66.46153846153847 64.73333333333333 65.38461538461539 64.78571428571428
72.23076923076924 67.53846153846153 67.13333333333334 71.61538461538461 73.28571428571429
66.46153846153847 67.76923076923077 66.33333333333333 67.76923076923077 67.07142857142857
66.61538461538461 65.15384615384616 66.13333333333334 67.15384615384615 66.5
67.38461538461539 65.6923076923077 65.46666666666667 66.15384615384616 66.5
66.92307692307692 65.92307692307692 65.73333333333333 67.3076923076923 66.35714285714285
67.15384615384615 67.07692307692308 66.93333333333334 67.3076923076923 66.42857142857143
67.0 65.3076923076923 65.33333333333333 65.46153846153845 65.85714285714285
65.3076923076923 65.76923076923077 65.93333333333332 65.0 66.92857142857143
65.0 64.61538461538461 65.60000000000001 65.84615384615384 66.5
66.76923076923077 67.0 67.4 67.15384615384615 67.78571428571428
65.6923076923077 64.61538461538461 65.46666666666667 65.3076923076923 65.35714285714286
72.92307692307692 68.61538461538461 69.06666666666666 72.76923076923077 73.57142857142857
74.23076923076923 67.07692307692308 66.19999999999999 73.46153846153847 73.42857142857143
73.07692307692308 67.15384615384615 66.66666666666667 73.3076923076923 72.64285714285715
74.3076923076923 67.61538461538461 66.46666666666665 73.53846153846153 74.21428571428572
72.15384615384615 64.07692307692307 63.266666666666666 72.38461538461539 72.92857142857143
73.92307692307692 65.38461538461539 64.26666666666667 72.38461538461539 73.78571428571429
74.38461538461539 67.92307692307692 67.0 74.6923076923077 74.5
75.15384615384616 68.46153846153847 65.93333333333332 74.76923076923077 74.85714285714286
72.6923076923077 64.53846153846155 61.800000000000004 71.61538461538461 72.35714285714286
73.15384615384615 65.38461538461539 64.06666666666666 71.61538461538461 72.85714285714286
75.92307692307692 67.6923076923077 65.0 74.15384615384616 75.35714285714286
75.23076923076923 66.53846153846153 64.46666666666667 74.61538461538461 74.0
73.0 65.84615384615384 64.26666666666667 73.23076923076923 73.28571428571429
74.07692307692308 66.53846153846153 64.60000000000001 73.61538461538461 73.71428571428572
73.6923076923077 67.07692307692308 66.19999999999999 73.61538461538461 73.64285714285715
74.92307692307692 67.6923076923077 64.53333333333333 74.0 75.14285714285714
74.61538461538461 68.0 64.33333333333334 72.92307692307692 73.71428571428572
73.84615384615385 65.84615384615384 64.73333333333333 74.23076923076923 73.57142857142857
74.46153846153847 65.84615384615384 62.666666666666664 73.07692307692308 73.71428571428572
73.46153846153847 65.15384615384616 61.86666666666667 73.23076923076923 72.21428571428572
73.53846153846153 64.92307692307692 63.8 73.53846153846153 73.28571428571429
73.92307692307692 65.53846153846153 65.60000000000001 73.92307692307692 74.14285714285715
74.0 66.6923076923077 67.06666666666666 74.38461538461539 74.42857142857143
72.76923076923077 66.3076923076923 63.2 71.3076923076923 72.71428571428572
73.61538461538461 66.23076923076923 64.60000000000001 73.07692307692308 74.35714285714286
74.76923076923077 66.38461538461539 64.06666666666666 73.3076923076923 73.92857142857143
76.0 68.15384615384615 66.26666666666667 75.92307692307692 75.64285714285714
73.38461538461539 65.76923076923077 64.93333333333332 73.3076923076923 73.5
73.38461538461539 66.15384615384616 63.333333333333336 73.6923076923077 74.0
74.53846153846153 65.61538461538461 61.53333333333334 74.23076923076923 74.07142857142857
73.46153846153847 65.38461538461539 63.06666666666666 73.61538461538461 72.57142857142857
73.46153846153847 65.07692307692308 62.13333333333333 72.76923076923077 73.28571428571429
74.15384615384616 66.46153846153847 60.86666666666667 72.84615384615385 74.07142857142857
73.07692307692308 65.46153846153845 64.46666666666667 73.07692307692308 73.64285714285715
74.76923076923077 66.92307692307692 61.266666666666666 73.53846153846153 74.5
73.46153846153847 63.230769230769226 61.33333333333333 72.76923076923077 74.07142857142857
73.6923076923077 62.92307692307693 61.0 73.53846153846153 73.42857142857143
72.6923076923077 64.6923076923077 63.13333333333333 71.84615384615385 73.35714285714286
75.0 64.46153846153845 61.93333333333333 73.84615384615385 75.21428571428572
74.23076923076923 65.84615384615384 60.8 73.07692307692308 74.92857142857143
74.53846153846153 65.3076923076923 60.53333333333333 74.15384615384616 75.64285714285714
73.61538461538461 63.46153846153846 58.6 72.3076923076923 72.42857142857143
75.3076923076923 64.46153846153845 61.93333333333333 75.53846153846155 75.71428571428572
73.84615384615385 64.76923076923077 61.46666666666667 73.84615384615385 74.71428571428572
75.38461538461539 65.15384615384616 62.06666666666666 74.6923076923077 75.5
72.76923076923077 63.3076923076923 61.66666666666667 72.3076923076923 73.57142857142857
74.0 66.0 62.33333333333333 73.92307692307692 74.21428571428572
73.38461538461539 64.6923076923077 60.0 72.84615384615385 74.07142857142857
73.15384615384615 64.6923076923077 61.33333333333333 72.92307692307692 73.92857142857143
73.76923076923077 66.07692307692308 61.6 73.76923076923077 73.92857142857143
74.46153846153847 65.38461538461539 62.199999999999996 73.76923076923077 74.92857142857143
74.61538461538461 66.3076923076923 63.53333333333333 75.0 74.92857142857143
73.0 65.53846153846153 62.33333333333333 73.15384615384615 73.28571428571429
75.07692307692308 66.3076923076923 62.13333333333333 74.46153846153847 74.92857142857143
75.0 64.61538461538461 61.13333333333333 75.84615384615384 74.92857142857143
73.46153846153847 62.92307692307693 58.333333333333336 72.3076923076923 73.57142857142857
73.6923076923077 64.53846153846155 60.93333333333333 73.53846153846153 73.42857142857143
73.0 63.692307692307686 59.2 71.84615384615385 72.85714285714286
74.84615384615384 65.53846153846153 58.666666666666664 74.6923076923077 74.71428571428572
73.84615384615385 65.23076923076923 61.46666666666667 73.92307692307692 74.57142857142857
73.84615384615385 62.61538461538461 59.733333333333334 74.0 74.35714285714286
72.84615384615385 62.230769230769226 57.333333333333336 71.76923076923076 73.35714285714286
74.6923076923077 64.3076923076923 60.86666666666667 74.3076923076923 74.57142857142857
72.6923076923077 65.0 61.13333333333333 71.92307692307692 74.07142857142857
74.92307692307692 66.23076923076923 62.06666666666666 74.84615384615384 74.92857142857143
72.46153846153847 64.53846153846155 62.06666666666666 73.07692307692308 73.21428571428572
73.76923076923077 65.0 58.266666666666666 73.0 73.78571428571429
73.38461538461539 63.07692307692307 57.6 73.0 75.07142857142857
74.84615384615384 64.3076923076923 60.0 74.07692307692308 75.0
74.53846153846153 68.61538461538461 63.4 74.53846153846153 74.5
72.38461538461539 65.23076923076923 61.86666666666667 72.84615384615385 73.42857142857143
73.3076923076923 64.76923076923077 59.266666666666666 72.53846153846153 73.92857142857143
75.38461538461539 65.38461538461539 59.266666666666666 74.15384615384616 74.57142857142857
73.07692307692308 64.3076923076923 59.266666666666666 72.53846153846153 72.92857142857143
74.76923076923077 65.07692307692308 62.46666666666666 72.23076923076924 73.92857142857143
75.53846153846155 65.53846153846153 60.53333333333333 75.15384615384616 75.42857142857143
73.61538461538461 64.76923076923077 60.0 73.15384615384615 73.5
74.23076923076923 65.15384615384616 59.93333333333333 73.23076923076923 74.78571428571429
74.38461538461539 64.6923076923077 63.4 75.15384615384616 75.71428571428572
73.92307692307692 65.61538461538461 58.333333333333336 73.38461538461539 73.85714285714286
73.46153846153847 64.84615384615384 58.93333333333333 73.0 73.57142857142857
74.23076923076923 64.61538461538461 58.8 72.84615384615385 75.07142857142857
74.84615384615384 65.76923076923077 60.733333333333334 73.23076923076923 74.35714285714286
73.92307692307692 64.53846153846155 61.46666666666667 74.46153846153847 74.35714285714286
74.61538461538461 64.76923076923077 61.53333333333334 74.0 74.64285714285715
74.0 65.15384615384616 61.53333333333334 74.0 74.42857142857143
73.76923076923077 64.38461538461539 61.0 74.46153846153847 74.64285714285715
74.46153846153847 66.61538461538461 59.93333333333333 73.23076923076923 74.57142857142857
75.61538461538461 66.0 61.199999999999996 74.46153846153847 74.28571428571429
73.3076923076923 64.46153846153845 60.06666666666666 72.38461538461539 73.64285714285715
73.38461538461539 64.0 58.266666666666666 72.84615384615385 73.07142857142857
74.92307692307692 66.15384615384616 61.199999999999996 75.61538461538461 75.14285714285714
74.76923076923077 64.84615384615384 59.8 74.6923076923077 75.0
75.0 65.23076923076923 61.266666666666666 74.46153846153847 75.57142857142857
75.07692307692308 66.0 60.13333333333333 73.92307692307692 74.35714285714286
74.92307692307692 65.3076923076923 60.8 74.76923076923077 74.64285714285715
75.15384615384616 64.61538461538461 61.6 74.92307692307692 75.42857142857143
74.76923076923077 64.76923076923077 59.6 73.15384615384615 74.42857142857143
74.53846153846153 64.76923076923077 59.06666666666667 72.53846153846153 75.42857142857143
