85.77777777777777 82.60000000000001 82.5 85.6 86.88888888888889
85.88888888888889 83.4 83.5 86.9 86.44444444444444
86.66666666666667 83.5 83.0 85.8 87.0
85.66666666666667 83.8 82.875 87.5 86.77777777777777
85.22222222222223 83.5 83.5 86.2 85.55555555555556
86.44444444444444 83.1 82.625 86.8 86.33333333333333
86.11111111111111 84.1 83.75 88.2 87.0
84.22222222222223 82.69999999999999 82.875 86.2 86.11111111111111
86.44444444444444 83.9 83.75 86.6 86.55555555555556
86.22222222222223 83.4 82.75 87.2 85.77777777777777
85.0 82.9 82.75 85.5 85.88888888888889
85.55555555555556 83.2 83.5 86.7 85.44444444444444
85.88888888888889 81.9 82.5 86.2 86.22222222222223
85.11111111111111 83.3 82.875 87.1 86.11111111111111
86.22222222222223 84.3 84.25 88.0 87.66666666666667
86.22222222222223 82.9 81.625 86.4 86.33333333333333
86.55555555555556 83.0 83.375 85.4 85.66666666666667
86.44444444444444 85.4 85.0 87.9 87.44444444444444
85.22222222222223 83.2 82.875 87.0 86.44444444444444
86.44444444444444 84.0 84.625 87.6 87.88888888888889
87.11111111111111 83.0 83.625 88.0 86.55555555555556
86.33333333333333 83.3 83.125 87.3 85.88888888888889
86.44444444444444 82.60000000000001 82.125 85.3 86.66666666666667
85.22222222222223 82.5 82.375 86.5 86.77777777777777
85.77777777777777 82.8 83.625 86.9 87.33333333333333
84.66666666666667 83.3 82.75 87.0 86.11111111111111
85.22222222222223 83.5 81.625 85.7 85.77777777777777
85.11111111111111 82.60000000000001 83.0 86.9 86.11111111111111
86.33333333333333 82.69999999999999 82.375 87.0 86.22222222222223
85.66666666666667 83.2 82.375 86.3 86.33333333333333
86.44444444444444 82.4 82.875 86.9 86.11111111111111
86.44444444444444 82.8 82.75 86.3 86.88888888888889
86.11111111111111 83.2 83.5 86.3 86.0
85.33333333333333 82.0 81.625 86.2 87.0
85.0 82.69999999999999 82.875 86.1 87.33333333333333
85.11111111111111 83.9 84.125 87.1 86.88888888888889
84.55555555555556 80.69999999999999 83.25 86.9 86.33333333333333
84.55555555555556 84.1 84.0 86.7 87.55555555555556
85.33333333333333 82.9 83.625 85.7 86.44444444444444
87.0 83.0 83.625 87.0 87.33333333333333
86.0 81.60000000000001 83.0 85.7 86.44444444444444
85.66666666666667 82.5 83.625 86.6 86.88888888888889
85.44444444444444 82.3 83.625 86.5 86.0
85.44444444444444 83.5 83.0 87.9 86.66666666666667
85.0 81.9 82.5 86.9 86.44444444444444
86.22222222222223 83.2 82.25 87.8 86.55555555555556
85.22222222222223 82.0 82.75 86.6 86.11111111111111
85.22222222222223 82.19999999999999 83.625 86.6 85.77777777777777
85.77777777777777 81.8 82.0 87.2 85.66666666666667
85.0 83.1 83.0 87.1 85.66666666666667
86.22222222222223 81.19999999999999 82.875 87.5 86.66666666666667
87.11111111111111 82.4 83.5 86.9 86.44444444444444
86.0 81.60000000000001 83.625 87.0 87.11111111111111
85.66666666666667 82.10000000000001 82.625 87.0 87.33333333333333
86.22222222222223 82.4 83.0 87.1 86.66666666666667
86.66666666666667 82.19999999999999 83.375 87.8 86.77777777777777
85.66666666666667 82.4 82.875 86.8 86.33333333333333
85.0 81.3 83.0 87.5 85.22222222222223
85.33333333333333 82.5 81.625 88.0 87.11111111111111
85.55555555555556 82.19999999999999 83.0 86.0 86.66666666666667
86.33333333333333 81.4 83.25 85.5 86.33333333333333
85.22222222222223 81.4 83.125 86.3 86.44444444444444
86.0 81.5 82.25 87.5 86.44444444444444
85.55555555555556 81.5 82.625 86.7 85.88888888888889
86.0 81.9 83.75 87.8 87.0
85.66666666666667 81.3 82.875 86.2 85.88888888888889
87.55555555555556 79.60000000000001 82.375 86.7 87.0
87.22222222222223 80.60000000000001 82.875 87.1 87.0
86.44444444444444 80.19999999999999 82.375 86.7 86.66666666666667
84.44444444444444 78.7 81.75 86.3 85.55555555555556
87.88888888888889 81.69999999999999 83.0 86.8 87.22222222222223
86.44444444444444 79.2 81.625 87.1 87.11111111111111
86.11111111111111 81.0 83.25 88.0 87.55555555555556
84.77777777777777 79.10000000000001 81.25 86.1 86.33333333333333
85.66666666666667 80.0 83.125 86.6 86.44444444444444
86.77777777777777 79.9 81.375 87.3 86.44444444444444
85.55555555555556 80.9 82.75 86.3 87.22222222222223
87.33333333333333 79.2 82.625 88.4 87.66666666666667
85.22222222222223 79.69999999999999 80.375 86.8 86.77777777777777
85.11111111111111 78.2 81.5 86.1 85.77777777777777
85.88888888888889 78.89999999999999 81.375 86.2 87.22222222222223
86.77777777777777 79.39999999999999 82.75 87.3 87.33333333333333
85.22222222222223 78.39999999999999 81.375 86.2 87.22222222222223
86.44444444444444 79.39999999999999 82.5 86.8 86.77777777777777
85.11111111111111 78.5 81.5 86.9 86.55555555555556
85.0 78.8 82.125 85.8 87.44444444444444
85.66666666666667 78.10000000000001 81.75 86.9 86.11111111111111
85.0 78.0 81.625 87.0 85.88888888888889
85.55555555555556 76.89999999999999 80.875 86.3 86.88888888888889
86.0 77.39999999999999 81.375 87.3 85.88888888888889
86.11111111111111 77.89999999999999 81.625 87.2 86.22222222222223
84.44444444444444 77.2 81.125 86.7 86.0
86.44444444444444 76.0 81.5 87.2 87.33333333333333
84.66666666666667 75.89999999999999 81.125 86.2 86.88888888888889
85.11111111111111 74.39999999999999 80.375 87.2 85.66666666666667
85.77777777777777 75.1 80.375 87.7 86.77777777777777
85.77777777777777 74.89999999999999 80.625 87.4 87.11111111111111
84.66666666666667 75.5 80.625 86.3 85.33333333333333
86.44444444444444 76.30000000000001 81.375 88.1 88.0
85.66666666666667 74.39999999999999 79.375 86.5 86.55555555555556
86.66666666666667 73.7 79.875 86.9 86.33333333333333
80.77777777777779 81.9 82.375 82.8 82.33333333333333
82.22222222222223 80.4 82.25 81.60000000000001 81.77777777777779
80.22222222222223 80.8 81.0 81.9 81.22222222222223
81.66666666666667 80.4 81.625 81.10000000000001 82.1111111111111
86.0 73.1 79.0 87.8 86.88888888888889
81.33333333333333 81.10000000000001 81.625 82.10000000000001 81.88888888888889
81.77777777777779 80.5 81.375 81.60000000000001 81.33333333333333
82.0 82.19999999999999 80.75 82.60000000000001 81.44444444444444
81.66666666666667 81.5 82.5 82.8 82.1111111111111
86.44444444444444 77.10000000000001 78.375 86.8 87.44444444444444
81.1111111111111 81.3 81.125 81.69999999999999 82.66666666666667
81.1111111111111 80.5 80.75 80.69999999999999 82.1111111111111
81.0 80.9 81.125 81.69999999999999 81.33333333333333
81.55555555555556 81.0 81.75 81.4 80.77777777777779
85.44444444444444 73.3 79.375 86.3 87.22222222222223
82.1111111111111 82.3 81.125 82.8 82.33333333333333
81.77777777777779 82.19999999999999 82.125 82.69999999999999 81.1111111111111
81.66666666666667 81.69999999999999 82.375 81.60000000000001 81.77777777777779
82.1111111111111 80.9 80.75 80.9 81.22222222222223
85.22222222222223 78.0 78.0 86.9 85.55555555555556
82.66666666666667 81.3 82.375 81.69999999999999 81.77777777777779
82.0 81.5 81.75 80.8 80.77777777777779
83.0 81.69999999999999 81.625 80.8 81.22222222222223
82.0 82.0 81.375 82.5 81.55555555555556
81.55555555555556 81.69999999999999 82.25 82.3 82.0
81.33333333333333 80.3 81.5 81.10000000000001 81.22222222222223
82.1111111111111 81.8 81.5 81.10000000000001 80.88888888888889
80.1111111111111 80.4 80.125 81.5 80.33333333333334
83.22222222222223 83.0 82.625 82.19999999999999 82.22222222222223
81.22222222222223 81.4 81.5 80.69999999999999 81.55555555555556
85.11111111111111 78.5 78.75 86.7 86.77777777777777
85.77777777777777 77.60000000000001 78.75 87.6 86.55555555555556
85.77777777777777 77.3 78.625 87.0 86.88888888888889
86.66666666666667 79.3 79.5 88.3 86.77777777777777
85.11111111111111 77.3 76.625 87.3 86.44444444444444
86.55555555555556 77.8 77.75 87.1 87.88888888888889
86.77777777777777 78.3 79.125 88.0 87.77777777777777
87.11111111111111 78.7 79.625 88.0 88.44444444444446
85.77777777777777 76.0 76.375 87.0 85.66666666666667
84.77777777777777 77.89999999999999 78.25 87.2 86.0
86.22222222222223 79.0 77.75 88.1 87.66666666666667
86.66666666666667 78.8 77.875 87.2 87.55555555555556
85.44444444444444 76.8 76.375 87.3 86.66666666666667
85.77777777777777 75.5 78.0 86.7 86.0
86.11111111111111 79.3 77.875 88.0 87.0
87.22222222222223 78.10000000000001 78.375 87.9 86.55555555555556
86.22222222222223 78.60000000000001 78.375 87.1 86.55555555555556
86.77777777777777 79.3 77.75 87.7 87.22222222222223
86.66666666666667 78.10000000000001 77.5 86.8 87.0
85.55555555555556 76.7 76.5 85.4 85.66666666666667
84.77777777777777 78.39999999999999 77.25 87.9 87.22222222222223
85.77777777777777 77.89999999999999 77.125 87.9 86.77777777777777
87.22222222222223 77.39999999999999 78.25 88.4 87.44444444444444
84.66666666666667 78.7 77.5 87.0 86.77777777777777
85.44444444444444 78.7 77.625 87.1 86.33333333333333
86.0 78.2 78.0 87.4 86.77777777777777
87.0 79.0 79.0 88.4 87.0
85.88888888888889 76.89999999999999 77.5 87.2 87.33333333333333
85.88888888888889 77.39999999999999 78.25 87.3 86.33333333333333
85.88888888888889 78.3 77.375 87.4 88.11111111111111
85.55555555555556 77.60000000000001 78.0 87.5 86.44444444444444
85.88888888888889 77.8 78.0 86.9 87.0
86.0 78.8 78.5 86.3 87.44444444444444
87.0 76.8 77.5 87.3 87.11111111111111
86.44444444444444 77.39999999999999 76.875 87.7 86.44444444444444
86.22222222222223 77.2 76.125 86.4 86.11111111111111
85.44444444444444 76.30000000000001 75.875 87.0 87.0
86.55555555555556 78.10000000000001 76.5 87.4 86.44444444444444
86.55555555555556 78.0 76.125 88.3 87.66666666666667
86.33333333333333 77.5 76.5 87.6 86.0
87.66666666666667 77.2 77.125 87.8 87.44444444444444
84.77777777777777 76.89999999999999 74.25 86.6 86.33333333333333
86.33333333333333 78.2 77.75 87.6 87.22222222222223
86.33333333333333 77.7 75.875 87.7 86.88888888888889
86.77777777777777 79.3 76.75 89.1 88.22222222222221
86.55555555555556 77.10000000000001 76.5 87.9 87.11111111111111
85.66666666666667 78.2 77.25 87.1 86.33333333333333
85.33333333333333 77.8 76.75 87.5 86.77777777777777
85.11111111111111 77.3 76.5 87.1 87.22222222222223
87.0 78.8 77.875 87.5 87.33333333333333
86.88888888888889 77.5 77.875 88.4 87.66666666666667
86.55555555555556 78.60000000000001 77.625 87.5 87.66666666666667
85.44444444444444 77.10000000000001 77.375 87.4 86.77777777777777
86.22222222222223 77.60000000000001 78.0 88.4 86.88888888888889
86.44444444444444 78.5 76.375 88.6 87.77777777777777
85.11111111111111 77.10000000000001 75.625 87.5 87.22222222222223
86.0 77.39999999999999 77.125 87.6 87.11111111111111
85.66666666666667 78.0 76.375 87.2 87.0
86.88888888888889 77.89999999999999 75.625 89.0 87.33333333333333
86.33333333333333 77.39999999999999 77.0 87.9 87.11111111111111
85.55555555555556 76.7 76.625 87.3 87.22222222222223
84.0 77.0 75.75 86.9 85.77777777777777
86.66666666666667 78.10000000000001 77.125 87.4 87.33333333333333
85.66666666666667 77.10000000000001 77.0 86.5 85.88888888888889
86.66666666666667 78.5 77.75 88.3 88.11111111111111
85.55555555555556 77.5 77.25 86.9 87.55555555555556
85.88888888888889 77.8 76.375 87.3 85.66666666666667
87.0 77.39999999999999 75.375 87.3 86.66666666666667
86.77777777777777 77.8 75.25 88.3 87.22222222222223
86.33333333333333 78.60000000000001 77.875 88.0 87.66666666666667
85.44444444444444 78.10000000000001 77.25 86.8 85.55555555555556
85.55555555555556 76.89999999999999 75.75 86.7 87.33333333333333
86.22222222222223 77.89999999999999 77.125 87.0 88.22222222222221
84.77777777777777 76.8 77.0 87.0 85.77777777777777
86.0 78.0 77.75 88.0 87.33333333333333
87.66666666666667 77.89999999999999 76.5 88.3 88.33333333333333
84.66666666666667 77.89999999999999 76.375 86.6 86.44444444444444
85.88888888888889 76.89999999999999 76.875 87.1 85.77777777777777
87.77777777777777 77.89999999999999 77.75 88.0 88.0
86.88888888888889 77.60000000000001 77.125 87.3 87.33333333333333
85.22222222222223 78.8 76.875 87.4 86.11111111111111
85.88888888888889 77.39999999999999 75.625 87.8 87.55555555555556
85.77777777777777 77.89999999999999 76.875 87.8 87.11111111111111
86.0 77.7 76.25 87.6 87.77777777777777
85.33333333333333 78.0 75.875 88.4 87.0
86.55555555555556 77.89999999999999 77.5 88.5 87.77777777777777
85.55555555555556 78.0 76.875 87.7 87.33333333333333
86.11111111111111 78.89999999999999 77.5 87.2 86.55555555555556
85.66666666666667 78.2 77.25 88.0 87.44444444444444
85.88888888888889 76.7 76.125 87.0 86.11111111111111
87.0 77.7 75.125 87.1 87.33333333333333
86.77777777777777 78.5 78.875 88.8 88.44444444444446
85.55555555555556 78.39999999999999 77.125 88.6 86.33333333333333
87.33333333333333 78.8 76.625 86.9 87.55555555555556
86.22222222222223 78.8 76.25 88.1 86.33333333333333
86.55555555555556 77.8 77.125 87.9 87.11111111111111
87.11111111111111 78.60000000000001 77.5 88.7 88.0
86.44444444444444 77.2 76.375 87.6 86.11111111111111
85.88888888888889 78.2 76.0 87.0 86.88888888888889
