0.0019946808510638296 0.14523121387283236 0.05678670360110803 0.0007012622720897616 0.0
0.0019946808510638296 0.11921965317919074 0.0443213296398892 0.0 0.0
0.0026595744680851063 0.14378612716763003 0.04362880886426593 0.0 0.0
0.0006648936170212766 0.15823699421965318 0.062326869806094184 0.0 0.0
0.0019946808510638296 0.12427745664739885 0.054016620498614956 0.0 0.0
0.0013297872340425532 0.13728323699421965 0.054709141274238225 0.0 0.0
0.0026595744680851063 0.1676300578034682 0.055401662049861494 0.0 0.0
0.0026595744680851063 0.16184971098265896 0.0574792243767313 0.0 0.0006830601092896175
0.0006648936170212766 0.13800578034682082 0.053324099722991694 0.0 0.0
0.003989361702127659 0.13872832369942198 0.054016620498614956 0.0007012622720897616 0.0
0.0 0.15173410404624277 0.05124653739612188 0.0007012622720897616 0.0
0.0 0.11849710982658959 0.045706371191135735 0.001402524544179523 0.0
0.0006648936170212766 0.15390173410404623 0.05609418282548477 0.0 0.0
0.0013297872340425532 0.15101156069364163 0.04501385041551246 0.0 0.0
0.0019946808510638296 0.15606936416184972 0.05609418282548477 0.0007012622720897616 0.0
0.003324468085106383 0.1531791907514451 0.053324099722991694 0.0 0.0
0.0006648936170212766 0.13872832369942198 0.04778393351800554 0.0007012622720897616 0.0
0.0013297872340425532 0.12572254335260116 0.0443213296398892 0.0007012622720897616 0.0
0.0026595744680851063 0.14234104046242774 0.054709141274238225 0.001402524544179523 0.0
0.0013297872340425532 0.148121387283237 0.0574792243767313 0.001402524544179523 0.0
0.0006648936170212766 0.16618497109826588 0.04293628808864266 0.001402524544179523 0.0
0.0006648936170212766 0.11849710982658959 0.054709141274238225 0.0 0.0006830601092896175
0.0013297872340425532 0.180635838150289 0.0595567867036011 0.0 0.0
0.0026595744680851063 0.14234104046242774 0.05817174515235457 0.0007012622720897616 0.0
0.003989361702127659 0.13583815028901733 0.05124653739612188 0.0 0.0
0.0006648936170212766 0.1351156069364162 0.046398891966759004 0.0 0.0
0.0013297872340425532 0.15101156069364163 0.05886426592797784 0.0 0.0
0.0019946808510638296 0.15245664739884393 0.062326869806094184 0.0 0.0
0.0006648936170212766 0.15679190751445085 0.055401662049861494 0.0007012622720897616 0.0006830601092896175
0.0013297872340425532 0.12355491329479767 0.046398891966759004 0.0007012622720897616 0.0
0.0013297872340425532 0.20158959537572255 0.05886426592797784 0.001402524544179523 0.0
0.0006648936170212766 0.16546242774566475 0.0574792243767313 0.0007012622720897616 0.0
0.0013297872340425532 0.15606936416184972 0.048476454293628804 0.0007012622720897616 0.0
0.0019946808510638296 0.18280346820809248 0.060941828254847646 0.0007012622720897616 0.0
0.0013297872340425532 0.15751445086705204 0.05817174515235457 0.0007012622720897616 0.0006830601092896175
0.0006648936170212766 0.15823699421965318 0.04016620498614958 0.0 0.0006830601092896175
0.0013297872340425532 0.17991329479768786 0.05609418282548477 0.0007012622720897616 0.0
0.0013297872340425532 0.15751445086705204 0.04778393351800554 0.0 0.0006830601092896175
0.0013297872340425532 0.14234104046242774 0.06024930747922438 0.0 0.0
0.0019946808510638296 0.17630057803468208 0.060941828254847646 0.0 0.0
0.0019946808510638296 0.17196531791907516 0.0574792243767313 0.0007012622720897616 0.0
0.0006648936170212766 0.1351156069364162 0.06509695290858726 0.0 0.0
0.0 0.15101156069364163 0.0443213296398892 0.0007012622720897616 0.0
0.0013297872340425532 0.15968208092485547 0.06163434903047092 0.0 0.0
0.0013297872340425532 0.19002890173410406 0.06717451523545706 0.0 0.0006830601092896175
0.0013297872340425532 0.1813583815028902 0.06024930747922438 0.0 0.0
0.0 0.17341040462427745 0.06440443213296398 0.0007012622720897616 0.0
0.0019946808510638296 0.1430635838150289 0.03670360110803324 0.001402524544179523 0.0006830601092896175
0.0026595744680851063 0.1351156069364162 0.055401662049861494 0.0 0.0
0.0013297872340425532 0.1871387283236994 0.05193905817174515 0.0 0.0
0.0019946808510638296 0.18352601156069365 0.06371191135734072 0.0 0.0
0.0006648936170212766 0.1531791907514451 0.052631578947368425 0.0 0.0006830601092896175
0.0013297872340425532 0.21676300578034682 0.05817174515235457 0.001402524544179523 0.0
0.0026595744680851063 0.19147398843930638 0.0664819944598338 0.001402524544179523 0.0
0.0006648936170212766 0.19653179190751446 0.06371191135734072 0.0 0.0
0.0019946808510638296 0.20014450867052022 0.054709141274238225 0.0 0.0
0.0006648936170212766 0.15028901734104044 0.06163434903047092 0.0 0.0
0.0026595744680851063 0.18786127167630057 0.06509695290858726 0.0007012622720897616 0.0
0.0006648936170212766 0.1936416184971098 0.06578947368421052 0.0007012622720897616 0.0006830601092896175
0.0006648936170212766 0.1791907514450867 0.05817174515235457 0.0007012622720897616 0.0006830601092896175
0.0 0.1958092485549133 0.06440443213296398 0.0007012622720897616 0.0006830601092896175
0.0013297872340425532 0.2189306358381503 0.06578947368421052 0.0 0.0
0.003324468085106383 0.20447976878612717 0.07409972299168975 0.0 0.0
0.0006648936170212766 0.180635838150289 0.06440443213296398 0.0 0.0006830601092896175
0.0013297872340425532 0.2059248554913295 0.052631578947368425 0.0 0.0006830601092896175
0.0026595744680851063 0.1813583815028902 0.0685595567867036 0.0007012622720897616 0.0
0.003324468085106383 0.21676300578034682 0.06509695290858726 0.0007012622720897616 0.0006830601092896175
0.0013297872340425532 0.21098265895953758 0.07340720221606647 0.0 0.0
0.0 0.20809248554913293 0.06578947368421052 0.0007012622720897616 0.0
0.0006648936170212766 0.2398843930635838 0.0574792243767313 0.0 0.0
0.0019946808510638296 0.21748554913294796 0.07202216066481995 0.0 0.0
0.0019946808510638296 0.23265895953757226 0.07409972299168975 0.0 0.0006830601092896175
0.0013297872340425532 0.20809248554913293 0.054709141274238225 0.0 0.0
0.0006648936170212766 0.24927745664739884 0.08310249307479226 0.0007012622720897616 0.0
0.0006648936170212766 0.20881502890173412 0.06578947368421052 0.001402524544179523 0.0
0.0006648936170212766 0.23049132947976878 0.09141274238227147 0.0 0.0
0.0006648936170212766 0.2218208092485549 0.07617728531855956 0.0007012622720897616 0.0
0.0006648936170212766 0.25867052023121384 0.06717451523545706 0.0021037868162692847 0.0
0.0013297872340425532 0.20953757225433525 0.08379501385041552 0.0007012622720897616 0.0
0.0013297872340425532 0.30202312138728327 0.06786703601108032 0.0007012622720897616 0.0
0.0019946808510638296 0.26734104046242774 0.08725761772853186 0.0 0.0
0.0019946808510638296 0.28540462427745666 0.09349030470914127 0.0007012622720897616 0.0006830601092896175
0.003324468085106383 0.24927745664739884 0.09072022160664821 0.0 0.0
0.0013297872340425532 0.2695086705202312 0.07409972299168975 0.0 0.0
0.0006648936170212766 0.28901734104046245 0.08933518005540166 0.0 0.0
0.0006648936170212766 0.2658959537572254 0.08933518005540166 0.0007012622720897616 0.0
0.0 0.2991329479768786 0.0685595567867036 0.0 0.0
0.0013297872340425532 0.30202312138728327 0.06994459833795014 0.0007012622720897616 0.0
0.003324468085106383 0.286849710982659 0.09072022160664821 0.0 0.0
0.0013297872340425532 0.2969653179190751 0.0886426592797784 0.0 0.0
0.0026595744680851063 0.2984104046242775 0.0865650969529086 0.0007012622720897616 0.0
0.0013297872340425532 0.33164739884393063 0.08725761772853186 0.0007012622720897616 0.0
0.0013297872340425532 0.3208092485549133 0.0817174515235457 0.0 0.0
0.0019946808510638296 0.3403179190751445 0.0775623268698061 0.0 0.0006830601092896175
0.0019946808510638296 0.35549132947976875 0.09418282548476455 0.0007012622720897616 0.0
0.003324468085106383 0.3793352601156069 0.1170360110803324 0.0007012622720897616 0.0
0.0026595744680851063 0.40245664739884396 0.09626038781163435 0.0 0.0
0.0026595744680851063 0.37283236994219654 0.10249307479224376 0.0007012622720897616 0.0
0.0013297872340425532 0.3482658959537572 0.0796398891966759 0.0007012622720897616 0.0
0.0026595744680851063 0.38222543352601157 0.10110803324099724 0.0 0.0
0.003324468085106383 0.4436416184971098 0.10595567867036011 0.0 0.0
0.0 0.004335260115606937 0.0006925207756232687 0.0 0.0
0.0 0.0007225433526011561 0.0 0.0 0.0
0.0 0.0007225433526011561 0.0 0.0 0.0
0.0006648936170212766 0.0021676300578034684 0.0006925207756232687 0.0 0.0
0.0006648936170212766 0.4226878612716763 0.1170360110803324 0.001402524544179523 0.0006830601092896175
0.0 0.0007225433526011561 0.0 0.0 0.0
0.0 0.0021676300578034684 0.0 0.0 0.0
0.0006648936170212766 0.0007225433526011561 0.0 0.0007012622720897616 0.0
0.0 0.004335260115606937 0.0 0.0 0.0
0.0 0.25216763005780346 0.18490304709141273 0.0 0.0
0.0 0.0021676300578034684 0.0 0.0 0.0
0.0 0.0014450867052023123 0.0013850415512465374 0.0 0.0
0.0 0.004335260115606937 0.0013850415512465374 0.0 0.0
0.0 0.0007225433526011561 0.0006925207756232687 0.0 0.0
0.0026595744680851063 0.42196531791907516 0.11357340720221606 0.0007012622720897616 0.0
0.0 0.0007225433526011561 0.0006925207756232687 0.0 0.0006830601092896175
0.0 0.0007225433526011561 0.0006925207756232687 0.0 0.0
0.0 0.0021676300578034684 0.0 0.0 0.0
0.0 0.0 0.0 0.0 0.0
0.0006648936170212766 0.2434971098265896 0.2146814404432133 0.0007012622720897616 0.0
0.0 0.0021676300578034684 0.0006925207756232687 0.0 0.0
0.0 0.004335260115606937 0.0006925207756232687 0.0 0.0
0.0 0.0014450867052023123 0.0 0.0 0.0
0.0 0.0036127167630057803 0.0 0.0 0.0
0.0 0.0014450867052023123 0.0006925207756232687 0.0 0.0
0.0 0.005780346820809249 0.0006925207756232687 0.0 0.0006830601092896175
0.0 0.0028901734104046246 0.0 0.0 0.0
0.0006648936170212766 0.0014450867052023123 0.0 0.0 0.0
0.0006648936170212766 0.0021676300578034684 0.0 0.0 0.0
0.0 0.0014450867052023123 0.0006925207756232687 0.0007012622720897616 0.0006830601092896175
0.0006648936170212766 0.2398843930635838 0.19736842105263158 0.0007012622720897616 0.0
0.0 0.23121387283236994 0.1745152354570637 0.001402524544179523 0.0
0.0 0.22976878612716764 0.17174515235457063 0.001402524544179523 0.0
0.0006648936170212766 0.2203757225433526 0.1945983379501385 0.0007012622720897616 0.0
0.0 0.23265895953757226 0.20914127423822712 0.0007012622720897616 0.0
0.0006648936170212766 0.25867052023121384 0.20221606648199447 0.0007012622720897616 0.0
0.0 0.2550578034682081 0.19806094182825484 0.001402524544179523 0.0
0.0 0.23265895953757226 0.1925207756232687 0.0021037868162692847 0.0
0.0 0.27239884393063585 0.2278393351800554 0.001402524544179523 0.0
0.0 0.22687861271676302 0.15789473684210525 0.001402524544179523 0.0
0.0 0.2434971098265896 0.19806094182825484 0.001402524544179523 0.0
0.0006648936170212766 0.21965317919075145 0.2098337950138504 0.0007012622720897616 0.0
0.0006648936170212766 0.21315028901734104 0.20221606648199447 0.0007012622720897616 0.0006830601092896175
0.0006648936170212766 0.2709537572254335 0.2126038781163435 0.001402524544179523 0.0
0.0006648936170212766 0.2138728323699422 0.2236842105263158 0.0007012622720897616 0.0
0.0 0.25216763005780346 0.1772853185595568 0.0 0.0
0.0 0.21098265895953758 0.2056786703601108 0.0 0.0
0.0006648936170212766 0.22471098265895953 0.21537396121883656 0.0 0.0
0.0 0.23554913294797689 0.19806094182825484 0.0007012622720897616 0.0
0.0006648936170212766 0.2398843930635838 0.2056786703601108 0.0 0.0
0.0013297872340425532 0.22471098265895953 0.20152354570637118 0.0 0.0
0.0006648936170212766 0.23265895953757226 0.19667590027700832 0.0007012622720897616 0.0
0.0 0.23338150289017343 0.1682825484764543 0.0007012622720897616 0.0
0.0 0.20881502890173412 0.20429362880886429 0.0 0.0
0.0013297872340425532 0.23482658959537572 0.19806094182825484 0.0007012622720897616 0.0
0.0 0.23554913294797689 0.1945983379501385 0.0 0.0
0.0006648936170212766 0.2254335260115607 0.18559556786703602 0.0007012622720897616 0.0
0.0026595744680851063 0.2507225433526012 0.2056786703601108 0.0007012622720897616 0.0
0.0006648936170212766 0.2398843930635838 0.1994459833795014 0.0021037868162692847 0.0
0.0006648936170212766 0.23265895953757226 0.2257617728531856 0.0 0.0
0.0006648936170212766 0.25794797687861276 0.20290858725761773 0.0007012622720897616 0.0
0.0006648936170212766 0.23482658959537572 0.203601108033241 0.001402524544179523 0.0
0.0013297872340425532 0.2218208092485549 0.20429362880886429 0.001402524544179523 0.0
0.0006648936170212766 0.23482658959537572 0.2126038781163435 0.001402524544179523 0.0
0.0 0.2434971098265896 0.23961218836565099 0.0021037868162692847 0.0
0.0 0.2550578034682081 0.25069252077562326 0.0021037868162692847 0.0
0.0006648936170212766 0.24927745664739884 0.2382271468144044 0.0007012622720897616 0.0
0.0013297872340425532 0.2189306358381503 0.2188365650969529 0.0007012622720897616 0.0
0.0 0.23265895953757226 0.2465373961218837 0.0021037868162692847 0.0
0.0 0.23554913294797689 0.2430747922437673 0.001402524544179523 0.0
0.0 0.24132947976878613 0.25554016620498615 0.0 0.0
0.0006648936170212766 0.24783236994219654 0.2804709141274238 0.0 0.0
0.0019946808510638296 0.23338150289017343 0.2409972299168975 0.0 0.0
0.0006648936170212766 0.22109826589595374 0.25900277008310246 0.0 0.0
0.0 0.23410404624277456 0.23337950138504157 0.0007012622720897616 0.0
0.0 0.23338150289017343 0.22022160664819945 0.0007012622720897616 0.0
0.0006648936170212766 0.24566473988439305 0.22437673130193908 0.004207573632538569 0.0
0.0006648936170212766 0.23482658959537572 0.2562326869806094 0.0007012622720897616 0.0
0.0006648936170212766 0.21965317919075145 0.22437673130193908 0.0 0.0
0.0 0.20664739884393063 0.22922437673130192 0.001402524544179523 0.0006830601092896175
0.0013297872340425532 0.24710982658959535 0.2236842105263158 0.0007012622720897616 0.0
0.0 0.23121387283236994 0.2382271468144044 0.0007012622720897616 0.0
0.0013297872340425532 0.22326589595375723 0.22160664819944598 0.0007012622720897616 0.0
0.0013297872340425532 0.22760115606936415 0.21537396121883656 0.001402524544179523 0.0
0.0 0.22326589595375723 0.27077562326869803 0.0 0.0
0.0006648936170212766 0.23410404624277456 0.26038781163434904 0.0 0.0
0.0006648936170212766 0.2189306358381503 0.22160664819944598 0.0 0.0
0.0 0.20809248554913293 0.25900277008310246 0.0021037868162692847 0.0
0.0 0.24566473988439305 0.2832409972299169 0.0 0.0
0.0 0.24060693641618497 0.26385041551246535 0.0007012622720897616 0.0
0.0006648936170212766 0.23699421965317918 0.2382271468144044 0.0 0.0
0.0 0.24060693641618497 0.2534626038781163 0.001402524544179523 0.0
0.0013297872340425532 0.24205202312138727 0.22922437673130192 0.0007012622720897616 0.0
0.0019946808510638296 0.22254335260115607 0.21537396121883656 0.001402524544179523 0.0
0.0006648936170212766 0.24060693641618497 0.2347645429362881 0.0 0.0
0.0013297872340425532 0.1972543352601156 0.22091412742382271 0.0007012622720897616 0.0
0.0006648936170212766 0.23338150289017343 0.26038781163434904 0.0021037868162692847 0.0006830601092896175
0.0013297872340425532 0.23916184971098267 0.26939058171745156 0.0021037868162692847 0.0
0.0006648936170212766 0.23554913294797689 0.27285318559556787 0.0007012622720897616 0.0
0.0 0.1936416184971098 0.21675900277008311 0.0 0.0006830601092896175
0.0 0.21170520231213874 0.203601108033241 0.0 0.0
0.0006648936170212766 0.2485549132947977 0.2666204986149584 0.0035063113604488078 0.0
0.0019946808510638296 0.24421965317919075 0.26454293628808867 0.0007012622720897616 0.0
0.0026595744680851063 0.24132947976878613 0.23337950138504157 0.0 0.0
0.0013297872340425532 0.23627167630057805 0.22091412742382271 0.001402524544179523 0.0
0.0006648936170212766 0.25867052023121384 0.2867036011080332 0.0021037868162692847 0.0
0.0006648936170212766 0.20881502890173412 0.21537396121883656 0.0 0.0
0.0 0.23627167630057805 0.2513850415512465 0.0007012622720897616 0.0
0.0 0.23916184971098267 0.23684210526315788 0.0 0.0
0.0 0.22398843930635837 0.25415512465373963 0.0 0.0
0.0 0.20664739884393063 0.24030470914127425 0.0007012622720897616 0.0
0.0 0.23049132947976878 0.26454293628808867 0.001402524544179523 0.0
0.0013297872340425532 0.24638728323699421 0.24930747922437674 0.0007012622720897616 0.0
0.0013297872340425532 0.23843930635838148 0.22645429362880887 0.0021037868162692847 0.0
0.0006648936170212766 0.23121387283236994 0.25761772853185594 0.002805049088359046 0.0006830601092896175
0.0019946808510638296 0.2398843930635838 0.22714681440443213 0.0007012622720897616 0.0
0.0 0.23265895953757226 0.2451523545706371 0.0007012622720897616 0.0
0.0006648936170212766 0.19869942196531792 0.22714681440443213 0.0035063113604488078 0.0006830601092896175
0.0006648936170212766 0.22398843930635837 0.2229916897506925 0.0007012622720897616 0.0
0.0 0.23121387283236994 0.23614958448753462 0.0007012622720897616 0.0
0.0013297872340425532 0.24638728323699421 0.2714681440443213 0.0007012622720897616 0.0
0.0019946808510638296 0.2398843930635838 0.2465373961218837 0.001402524544179523 0.0
0.0006648936170212766 0.22615606936416185 0.2790858725761773 0.0007012622720897616 0.0
0.0 0.22109826589595374 0.24030470914127425 0.0 0.0
0.0006648936170212766 0.21965317919075145 0.2721606648199446 0.0021037868162692847 0.0
0.0019946808510638296 0.2434971098265896 0.268005540166205 0.0007012622720897616 0.0
0.0019946808510638296 0.23554913294797689 0.2610803324099723 0.0007012622720897616 0.0006830601092896175
0.0 0.24638728323699421 0.27285318559556787 0.0007012622720897616 0.0
0.0013297872340425532 0.23049132947976878 0.25277008310249305 0.001402524544179523 0.0
