72.76923076923077 71.07692307692308 72.33333333333333 76.58333333333334 72.07142857142858
74.84615384615384 71.3076923076923 72.2 74.33333333333333 72.57142857142857
72.92307692307692 71.0 71.66666666666667 73.16666666666667 72.42857142857143
73.53846153846153 71.6923076923077 71.66666666666667 73.91666666666667 72.57142857142857
72.61538461538461 70.46153846153847 71.4 74.83333333333333 72.5
74.61538461538461 72.0 72.73333333333333 74.83333333333333 72.78571428571429
73.92307692307692 72.23076923076924 72.4 74.91666666666667 72.0
73.0 70.92307692307692 71.8 74.83333333333333 72.57142857142857
75.3076923076923 72.23076923076924 72.53333333333333 74.75 74.0
74.76923076923077 72.38461538461539 72.73333333333333 75.08333333333333 73.71428571428572
74.61538461538461 71.53846153846153 72.53333333333333 74.58333333333333 72.85714285714286
73.38461538461539 71.53846153846153 71.2 73.0 71.85714285714286
73.6923076923077 71.15384615384615 71.73333333333333 73.91666666666667 72.85714285714286
72.07692307692308 70.53846153846153 73.0 74.91666666666667 72.71428571428572
72.84615384615385 71.53846153846153 71.26666666666667 74.41666666666667 71.14285714285715
72.38461538461539 71.3076923076923 71.13333333333334 73.83333333333333 71.92857142857143
73.15384615384615 72.0 71.73333333333333 75.75 72.92857142857143
74.76923076923077 71.84615384615385 72.53333333333333 75.5 73.28571428571429
74.38461538461539 70.84615384615385 72.4 73.66666666666667 71.35714285714286
73.0 69.76923076923076 71.66666666666667 73.75 71.71428571428572
73.07692307692308 72.46153846153847 71.86666666666666 75.83333333333334 72.85714285714286
73.6923076923077 71.3076923076923 72.0 73.41666666666667 71.85714285714286
73.0 72.0 72.2 74.16666666666667 71.85714285714286
73.0 70.23076923076924 73.0 73.5 71.78571428571429
73.15384615384615 71.46153846153847 71.93333333333334 74.91666666666667 73.78571428571429
76.3076923076923 71.07692307692308 72.33333333333333 74.58333333333333 71.5
73.23076923076923 71.07692307692308 73.06666666666666 74.5 71.85714285714286
73.84615384615385 72.0 72.6 74.16666666666667 72.71428571428572
73.53846153846153 69.92307692307692 70.66666666666667 73.08333333333333 70.28571428571428
75.07692307692308 71.92307692307692 70.6 74.75 72.64285714285715
72.07692307692308 70.84615384615385 71.33333333333333 72.83333333333333 72.07142857142858
74.15384615384616 71.6923076923077 72.2 74.33333333333333 73.21428571428572
73.92307692307692 69.92307692307692 71.53333333333333 73.58333333333333 71.92857142857143
74.23076923076923 70.84615384615385 71.66666666666667 73.41666666666667 71.64285714285715
74.0 72.23076923076924 72.6 75.33333333333333 72.42857142857143
72.46153846153847 70.92307692307692 70.53333333333333 74.16666666666667 71.07142857142858
73.38461538461539 71.07692307692308 71.33333333333333 75.75 71.64285714285715
73.53846153846153 70.15384615384615 71.13333333333334 74.0 71.71428571428572
74.61538461538461 70.53846153846153 71.26666666666667 74.91666666666667 72.14285714285715
74.0 71.15384615384615 71.33333333333333 74.66666666666667 71.71428571428572
74.15384615384616 71.53846153846153 72.4 74.91666666666667 72.85714285714286
74.15384615384616 71.23076923076924 72.6 74.08333333333333 73.07142857142857
72.38461538461539 71.3076923076923 70.73333333333333 73.75 71.28571428571429
72.84615384615385 69.23076923076924 71.0 72.25 71.07142857142858
72.6923076923077 69.61538461538463 72.2 74.41666666666667 71.92857142857143
73.0 71.38461538461539 71.73333333333333 74.91666666666667 73.42857142857143
75.6923076923077 71.6923076923077 73.2 74.0 72.57142857142857
73.6923076923077 71.6923076923077 72.0 74.16666666666667 72.5
74.23076923076923 70.76923076923076 72.53333333333333 74.16666666666667 72.35714285714286
74.3076923076923 71.61538461538461 72.26666666666668 74.75 73.0
73.76923076923077 70.15384615384615 70.86666666666666 75.0 72.0
73.3076923076923 71.76923076923076 73.66666666666667 74.08333333333333 73.0
73.61538461538461 71.6923076923077 73.33333333333333 74.91666666666667 73.14285714285715
72.23076923076924 72.07692307692308 71.26666666666667 73.91666666666667 71.92857142857143
74.6923076923077 72.6923076923077 73.6 75.25 72.21428571428572
73.3076923076923 68.84615384615385 71.2 73.33333333333333 71.0
73.3076923076923 71.46153846153847 71.6 74.58333333333333 72.85714285714286
74.46153846153847 70.61538461538463 71.73333333333333 74.33333333333333 72.28571428571429
74.46153846153847 70.92307692307692 71.66666666666667 74.5 72.57142857142857
72.61538461538461 69.53846153846153 70.73333333333333 72.08333333333333 70.5
72.92307692307692 69.07692307692308 72.26666666666668 74.0 72.07142857142858
73.84615384615385 69.38461538461537 71.4 73.0 70.78571428571429
73.76923076923077 70.53846153846153 73.2 74.08333333333333 72.5
73.84615384615385 71.6923076923077 71.06666666666666 74.58333333333333 71.71428571428572
74.0 70.61538461538463 71.6 74.41666666666667 73.0
73.46153846153847 70.3076923076923 70.4 73.33333333333333 71.35714285714286
73.84615384615385 71.46153846153847 71.46666666666667 73.66666666666667 72.5
74.38461538461539 70.61538461538463 71.26666666666667 74.0 72.0
71.6923076923077 70.61538461538463 70.86666666666666 73.08333333333333 71.14285714285715
72.76923076923077 70.38461538461537 71.6 73.5 72.92857142857143
73.23076923076923 70.61538461538463 72.13333333333333 75.16666666666667 72.35714285714286
74.07692307692308 70.76923076923076 71.8 74.25 72.85714285714286
72.6923076923077 70.6923076923077 71.0 74.08333333333333 72.07142857142858
72.46153846153847 70.38461538461537 70.8 74.5 71.92857142857143
72.84615384615385 71.53846153846153 71.93333333333334 74.91666666666667 71.71428571428572
73.53846153846153 69.61538461538463 71.33333333333333 74.41666666666667 72.42857142857143
75.53846153846155 71.6923076923077 72.6 75.33333333333333 73.28571428571429
75.0 71.07692307692308 71.86666666666666 76.08333333333334 73.71428571428572
73.3076923076923 71.0 70.53333333333333 73.0 71.64285714285715
74.0 72.53846153846153 73.4 76.08333333333334 73.71428571428572
74.6923076923077 70.07692307692308 71.13333333333334 72.66666666666667 71.42857142857143
73.92307692307692 68.76923076923076 70.0 72.75 71.14285714285715
75.3076923076923 71.92307692307692 73.06666666666666 75.0 72.64285714285715
73.38461538461539 70.46153846153847 71.73333333333333 73.5 72.42857142857143
73.92307692307692 71.76923076923076 71.6 74.83333333333333 71.78571428571429
73.6923076923077 71.23076923076924 71.93333333333334 73.16666666666667 72.0
72.3076923076923 69.76923076923076 71.53333333333333 73.58333333333333 70.42857142857143
74.92307692307692 71.53846153846153 71.6 74.91666666666667 72.07142857142858
73.84615384615385 70.53846153846153 71.86666666666666 75.08333333333333 72.5
73.07692307692308 68.6923076923077 71.4 74.16666666666667 72.35714285714286
72.3076923076923 70.92307692307692 72.2 73.66666666666667 72.21428571428572
74.23076923076923 70.3076923076923 71.06666666666666 74.5 72.85714285714286
72.92307692307692 68.23076923076924 70.86666666666666 74.16666666666667 72.5
73.61538461538461 71.0 72.86666666666666 74.33333333333333 72.71428571428572
72.0 69.84615384615385 70.2 74.5 71.5
73.53846153846153 71.3076923076923 70.93333333333334 74.25 72.71428571428572
73.3076923076923 69.84615384615385 71.53333333333333 74.16666666666667 72.28571428571429
72.84615384615385 70.6923076923077 71.93333333333334 74.0 72.21428571428572
74.38461538461539 71.53846153846153 72.46666666666667 76.41666666666666 72.71428571428572
73.15384615384615 69.92307692307692 70.6 73.33333333333333 71.57142857142858
74.46153846153847 71.61538461538461 72.13333333333333 75.5 72.78571428571429
66.0 65.76923076923077 65.33333333333333 66.58333333333333 65.35714285714286
65.84615384615384 64.38461538461539 65.86666666666667 66.25 67.0
67.15384615384615 66.92307692307692 67.06666666666666 65.91666666666667 66.71428571428571
68.6923076923077 65.6923076923077 67.93333333333334 67.0 66.57142857142857
72.61538461538461 68.53846153846153 70.53333333333333 73.08333333333333 71.35714285714286
67.3076923076923 65.92307692307692 67.4 68.08333333333333 67.14285714285714
66.23076923076923 65.07692307692308 67.0 66.83333333333333 66.07142857142857
66.07692307692308 65.53846153846153 67.86666666666667 66.0 67.07142857142857
65.92307692307692 66.23076923076923 66.60000000000001 67.75 65.5
74.15384615384616 70.84615384615385 71.2 75.5 73.21428571428572
67.61538461538461 66.23076923076923 66.60000000000001 67.33333333333333 67.0
66.6923076923077 65.76923076923077 66.73333333333333 66.41666666666667 66.14285714285714
66.15384615384616 65.46153846153845 66.13333333333334 64.83333333333334 66.57142857142857
65.53846153846153 65.84615384615384 66.19999999999999 66.58333333333333 65.42857142857143
73.53846153846153 70.6923076923077 73.06666666666666 74.66666666666667 70.78571428571429
65.84615384615384 65.92307692307692 66.86666666666667 67.16666666666667 65.21428571428571
67.15384615384615 66.07692307692308 66.06666666666666 65.83333333333333 66.42857142857143
67.6923076923077 67.3076923076923 66.06666666666666 66.75 66.92857142857143
65.84615384615384 65.53846153846153 64.93333333333332 65.16666666666667 65.64285714285714
72.92307692307692 71.23076923076924 71.13333333333334 75.25 72.14285714285715
67.61538461538461 65.61538461538461 65.8 64.91666666666666 64.92857142857143
65.3076923076923 65.38461538461539 65.19999999999999 65.91666666666667 65.71428571428571
66.46153846153847 65.46153846153845 66.0 64.5 65.78571428571428
67.53846153846153 66.6923076923077 66.46666666666665 65.5 66.21428571428571
66.6923076923077 67.07692307692308 66.73333333333333 66.66666666666667 66.35714285714285
66.92307692307692 67.0 66.46666666666665 67.33333333333333 67.14285714285714
64.46153846153845 64.76923076923077 65.4 64.08333333333334 64.85714285714286
67.15384615384615 67.38461538461539 68.13333333333334 68.33333333333333 67.78571428571428
67.07692307692308 66.61538461538461 66.66666666666667 66.66666666666667 66.5
66.0 66.0 66.46666666666665 65.66666666666667 65.92857142857143
73.15384615384615 70.92307692307692 71.53333333333333 74.66666666666667 71.64285714285715
73.61538461538461 72.84615384615385 71.66666666666667 76.0 73.85714285714286
72.84615384615385 71.15384615384615 71.46666666666667 74.41666666666667 72.14285714285715
74.23076923076923 72.07692307692308 71.4 76.0 73.28571428571429
73.46153846153847 70.61538461538463 69.86666666666666 75.16666666666667 72.21428571428572
74.23076923076923 71.23076923076924 71.26666666666667 76.66666666666666 73.07142857142857
73.76923076923077 71.0 70.26666666666667 75.16666666666667 72.5
73.76923076923077 70.61538461538463 70.06666666666666 75.25 72.14285714285715
74.53846153846153 70.15384615384615 71.2 74.91666666666667 72.28571428571429
73.61538461538461 70.23076923076924 70.73333333333333 76.0 72.28571428571429
71.53846153846153 70.53846153846153 70.86666666666666 74.33333333333333 73.07142857142857
72.53846153846153 69.92307692307692 69.46666666666667 74.41666666666667 70.92857142857143
72.38461538461539 69.15384615384615 69.86666666666666 75.75 72.71428571428572
74.07692307692308 70.92307692307692 69.86666666666666 75.0 71.85714285714286
72.61538461538461 70.84615384615385 69.73333333333333 74.25 71.64285714285715
74.38461538461539 71.53846153846153 70.46666666666667 75.91666666666666 72.64285714285715
73.38461538461539 68.53846153846153 69.0 75.83333333333334 72.64285714285715
73.84615384615385 72.15384615384615 70.53333333333333 75.91666666666666 72.64285714285715
73.23076923076923 70.3076923076923 68.73333333333332 74.0 71.35714285714286
72.46153846153847 68.92307692307692 68.26666666666667 74.5 70.85714285714286
72.84615384615385 69.38461538461537 68.8 73.58333333333333 71.35714285714286
73.92307692307692 71.15384615384615 69.13333333333334 76.58333333333334 74.14285714285715
71.53846153846153 69.6923076923077 68.06666666666666 73.41666666666667 72.35714285714286
73.6923076923077 69.38461538461537 69.26666666666667 76.25 72.35714285714286
74.46153846153847 71.15384615384615 67.4 76.91666666666666 73.5
72.53846153846153 68.61538461538461 65.73333333333333 72.75 71.42857142857143
73.38461538461539 69.76923076923076 66.53333333333333 75.33333333333333 73.0
72.76923076923077 69.38461538461537 65.8 74.41666666666667 71.92857142857143
73.07692307692308 67.76923076923077 64.66666666666666 74.16666666666667 72.71428571428572
73.38461538461539 70.3076923076923 65.8 75.41666666666667 72.92857142857143
74.0 69.53846153846153 64.13333333333334 75.83333333333334 72.57142857142857
74.76923076923077 69.38461538461537 63.06666666666666 75.5 73.07142857142857
75.6923076923077 70.23076923076924 63.733333333333334 76.5 73.5
72.61538461538461 67.6923076923077 60.666666666666664 74.08333333333333 72.5
74.76923076923077 68.53846153846153 61.46666666666667 76.08333333333334 73.21428571428572
73.84615384615385 67.61538461538461 60.13333333333333 75.25 72.07142857142858
74.46153846153847 67.6923076923077 60.26666666666667 77.16666666666666 72.85714285714286
76.0 68.84615384615385 59.86666666666667 77.25 74.35714285714286
73.84615384615385 66.76923076923077 56.46666666666667 75.66666666666666 71.57142857142858
73.38461538461539 67.0 55.599999999999994 75.75 72.78571428571429
74.6923076923077 65.15384615384616 53.93333333333333 74.83333333333333 72.5
75.23076923076923 66.15384615384616 52.2 75.58333333333334 74.07142857142857
75.23076923076923 63.92307692307693 52.333333333333336 74.08333333333333 72.35714285714286
76.53846153846155 66.61538461538461 50.86666666666667 76.33333333333334 74.78571428571429
75.76923076923077 64.3076923076923 50.06666666666667 75.75 73.71428571428572
75.23076923076923 63.692307692307686 47.4 75.75 73.64285714285715
74.38461538461539 63.84615384615385 48.333333333333336 76.5 73.28571428571429
75.0 64.0 47.199999999999996 74.58333333333333 73.71428571428572
73.92307692307692 62.769230769230774 44.46666666666667 76.5 73.78571428571429
76.6923076923077 63.92307692307693 43.6 74.83333333333333 73.35714285714286
75.3076923076923 62.07692307692308 41.06666666666667 76.83333333333334 72.92857142857143
75.76923076923077 61.769230769230774 41.266666666666666 75.25 74.5
75.0 60.76923076923077 38.13333333333333 76.58333333333334 74.42857142857143
76.23076923076923 62.230769230769226 39.06666666666666 75.16666666666667 74.64285714285715
76.76923076923077 63.692307692307686 37.6 76.58333333333334 75.28571428571429
75.6923076923077 61.46153846153846 35.4 76.75 74.71428571428572
75.46153846153845 62.07692307692308 34.266666666666666 76.16666666666666 74.92857142857143
76.53846153846155 61.69230769230769 32.46666666666666 75.5 75.42857142857143
76.38461538461539 59.15384615384615 32.06666666666667 76.25 75.28571428571429
76.15384615384616 58.92307692307693 30.0 75.83333333333334 75.78571428571429
77.38461538461539 59.61538461538462 29.533333333333335 78.0 74.28571428571429
76.38461538461539 58.46153846153846 25.866666666666667 76.58333333333334 74.21428571428572
76.15384615384616 57.84615384615385 24.46666666666667 77.33333333333334 74.78571428571429
76.0 56.53846153846154 19.333333333333336 76.41666666666666 75.42857142857143
78.0 56.53846153846154 19.8 77.41666666666666 76.78571428571429
77.61538461538461 55.30769230769231 17.933333333333334 76.08333333333334 75.57142857142857
77.46153846153845 54.53846153846153 15.866666666666667 76.16666666666666 76.28571428571429
76.07692307692308 54.69230769230769 13.733333333333334 75.83333333333334 74.71428571428572
76.3076923076923 54.230769230769226 13.266666666666666 77.0 75.78571428571429
77.38461538461539 55.46153846153847 14.200000000000001 77.66666666666666 77.14285714285714
77.76923076923077 54.46153846153847 12.066666666666666 76.5 76.14285714285714
77.76923076923077 53.769230769230774 11.0 76.41666666666666 76.07142857142857
78.0 53.15384615384615 9.666666666666668 75.5 77.42857142857143
76.76923076923077 52.53846153846154 9.0 77.5 77.21428571428571
78.61538461538461 54.30769230769231 8.866666666666667 78.0 77.35714285714286
77.69230769230768 50.92307692307693 7.266666666666667 76.66666666666666 76.85714285714286
78.46153846153845 50.76923076923077 6.133333333333334 76.75 77.71428571428571
78.84615384615384 50.92307692307693 6.533333333333334 76.08333333333334 78.64285714285714
78.38461538461539 49.84615384615385 5.666666666666667 76.66666666666666 77.28571428571429
79.23076923076923 50.23076923076923 5.266666666666667 76.08333333333334 78.0
78.15384615384616 49.61538461538461 5.066666666666666 76.0 76.92857142857143
79.46153846153845 49.53846153846154 3.6 74.83333333333333 77.35714285714286
77.53846153846155 48.07692307692308 3.266666666666667 76.08333333333334 78.07142857142857
77.92307692307693 48.0 2.6 74.91666666666667 76.92857142857143
77.92307692307693 47.84615384615385 2.6 75.41666666666667 78.35714285714286
78.53846153846155 48.230769230769226 2.0 74.5 78.35714285714286
79.3076923076923 46.38461538461539 2.066666666666667 75.41666666666667 80.0
80.53846153846155 47.230769230769226 1.9333333333333333 75.33333333333333 79.42857142857143
79.15384615384616 47.769230769230774 2.1333333333333333 76.58333333333334 79.71428571428571
79.53846153846155 46.61538461538461 1.7333333333333332 74.75 79.28571428571428
79.23076923076923 44.30769230769231 1.0 74.91666666666667 79.28571428571428
77.69230769230768 44.23076923076923 0.8 73.66666666666667 77.35714285714286
78.76923076923077 44.53846153846154 0.8 73.66666666666667 77.64285714285714
79.53846153846155 43.53846153846154 0.7333333333333334 74.41666666666667 78.64285714285714
79.76923076923077 44.0 0.8666666666666666 74.66666666666667 78.21428571428571
77.46153846153845 42.84615384615385 0.8 72.91666666666667 77.78571428571429
80.23076923076923 44.61538461538461 0.9333333333333333 75.08333333333333 79.64285714285714
78.61538461538461 44.07692307692307 1.2 75.33333333333333 78.71428571428571
79.53846153846155 45.07692307692308 0.9333333333333333 74.91666666666667 79.5
