84.11111111111111 81.5 85.875 87.1 86.77777777777777
84.55555555555556 81.10000000000001 86.625 87.4 87.0
84.33333333333333 81.19999999999999 85.625 87.5 86.88888888888889
83.77777777777779 81.10000000000001 85.625 87.5 87.22222222222223
83.0 80.69999999999999 86.0 86.9 86.11111111111111
84.0 81.9 87.125 87.0 86.77777777777777
84.33333333333333 81.8 87.0 86.7 86.77777777777777
85.44444444444444 82.5 85.375 87.3 85.55555555555556
84.77777777777777 81.9 87.0 88.0 87.44444444444444
83.22222222222223 82.60000000000001 86.125 88.0 86.66666666666667
84.55555555555556 81.10000000000001 85.75 87.0 87.22222222222223
83.0 81.19999999999999 86.625 86.6 86.22222222222223
84.77777777777777 82.10000000000001 86.25 87.1 86.11111111111111
83.55555555555554 81.9 85.375 87.3 86.66666666666667
83.22222222222223 80.69999999999999 84.375 86.7 87.0
84.33333333333333 80.0 85.625 86.4 86.44444444444444
83.55555555555554 80.4 86.375 86.9 87.33333333333333
83.66666666666667 81.3 85.875 87.8 87.33333333333333
83.55555555555554 81.3 85.25 86.4 86.0
83.0 80.8 85.25 87.5 86.88888888888889
83.44444444444444 81.3 85.5 87.5 87.55555555555556
83.66666666666667 79.60000000000001 85.25 86.5 85.77777777777777
84.44444444444444 82.3 86.75 87.0 87.0
84.33333333333333 80.9 85.75 87.1 86.66666666666667
83.55555555555554 80.60000000000001 84.75 86.5 87.11111111111111
83.88888888888889 79.69999999999999 86.0 86.9 87.55555555555556
83.33333333333333 81.8 85.875 86.3 86.66666666666667
84.77777777777777 81.10000000000001 85.375 87.7 87.33333333333333
82.88888888888889 79.0 85.5 87.3 86.55555555555556
83.88888888888889 79.39999999999999 86.5 87.5 86.0
83.55555555555554 80.5 84.125 85.9 86.77777777777777
84.22222222222223 79.39999999999999 86.0 87.6 87.22222222222223
83.44444444444444 79.8 85.125 87.4 85.44444444444444
84.11111111111111 80.5 84.875 88.0 86.55555555555556
84.11111111111111 80.60000000000001 85.75 87.9 87.0
83.77777777777779 79.69999999999999 85.25 85.8 86.0
83.77777777777779 79.10000000000001 84.5 87.2 87.11111111111111
83.66666666666667 79.2 83.75 85.5 85.77777777777777
84.77777777777777 79.5 86.125 87.6 87.0
83.11111111111111 78.89999999999999 83.875 87.7 86.0
83.77777777777779 79.9 85.5 87.0 87.0
84.55555555555556 78.60000000000001 83.875 86.8 85.22222222222223
83.44444444444444 77.10000000000001 84.125 87.1 87.11111111111111
83.0 76.6 82.875 87.2 85.66666666666667
83.44444444444444 76.7 82.625 87.0 86.33333333333333
83.55555555555554 78.7 84.75 87.9 86.66666666666667
83.33333333333333 77.10000000000001 85.5 87.8 87.33333333333333
83.66666666666667 78.39999999999999 84.375 87.2 86.88888888888889
82.88888888888889 77.10000000000001 84.375 86.5 86.55555555555556
83.33333333333333 77.89999999999999 84.125 86.1 87.22222222222223
83.77777777777779 77.39999999999999 84.125 87.7 86.33333333333333
84.11111111111111 77.5 84.875 87.4 86.77777777777777
84.66666666666667 77.10000000000001 85.625 88.7 86.11111111111111
83.0 76.30000000000001 85.625 87.3 87.11111111111111
84.44444444444444 76.7 84.375 87.3 87.0
83.55555555555554 76.8 82.875 87.5 86.0
84.22222222222223 75.39999999999999 84.625 87.6 87.0
82.88888888888889 75.5 85.25 87.8 86.66666666666667
84.77777777777777 77.2 85.5 87.4 86.33333333333333
83.11111111111111 74.1 83.0 86.9 86.33333333333333
83.44444444444444 75.6 83.5 87.1 86.22222222222223
82.77777777777779 74.80000000000001 83.5 87.0 86.33333333333333
83.11111111111111 74.5 84.5 88.3 87.22222222222223
83.88888888888889 73.5 82.875 87.0 86.44444444444444
83.66666666666667 73.6 85.125 86.9 86.0
83.22222222222223 73.5 83.0 87.1 87.0
84.33333333333333 73.5 83.75 86.8 86.88888888888889
83.33333333333333 71.3 83.375 87.5 85.77777777777777
84.0 73.1 83.375 86.4 86.44444444444444
84.44444444444444 72.0 83.875 87.1 86.0
83.33333333333333 74.5 84.375 86.9 87.11111111111111
83.66666666666667 71.8 83.375 86.9 86.33333333333333
83.22222222222223 72.7 82.25 85.7 86.44444444444444
84.11111111111111 73.0 82.0 86.6 86.88888888888889
84.22222222222223 72.3 83.25 87.4 87.66666666666667
84.66666666666667 70.6 83.5 87.6 87.33333333333333
84.22222222222223 70.6 84.0 87.3 86.66666666666667
84.88888888888889 71.3 83.5 87.8 87.44444444444444
84.22222222222223 70.1 83.5 87.0 85.66666666666667
84.33333333333333 70.0 82.5 87.5 86.88888888888889
83.66666666666667 68.7 82.25 87.6 86.11111111111111
83.44444444444444 66.5 81.25 86.3 85.77777777777777
84.55555555555556 68.3 82.0 87.3 86.11111111111111
84.0 66.8 83.75 88.2 87.0
82.66666666666667 66.8 81.875 87.5 87.33333333333333
84.0 66.3 82.5 86.7 86.55555555555556
83.44444444444444 65.9 80.75 86.2 86.55555555555556
83.55555555555554 66.60000000000001 82.625 87.1 87.22222222222223
83.33333333333333 64.5 80.875 86.8 87.66666666666667
82.66666666666667 65.10000000000001 80.625 88.1 86.88888888888889
83.33333333333333 64.5 80.25 86.6 86.77777777777777
83.55555555555554 63.9 81.125 87.0 86.66666666666667
84.22222222222223 63.2 80.75 87.6 86.22222222222223
83.88888888888889 64.10000000000001 80.0 87.4 86.88888888888889
83.77777777777779 62.300000000000004 80.75 86.1 86.0
83.55555555555554 61.800000000000004 81.0 86.4 87.44444444444444
83.44444444444444 61.699999999999996 81.5 86.7 86.77777777777777
83.22222222222223 59.7 79.0 86.1 85.88888888888889
83.88888888888889 61.0 79.625 87.2 86.33333333333333
83.22222222222223 60.3 80.875 87.3 87.22222222222223
83.55555555555554 59.3 81.0 86.6 88.44444444444446
80.66666666666666 79.60000000000001 80.25 81.69999999999999 82.33333333333333
81.55555555555556 78.8 81.625 81.8 81.1111111111111
81.44444444444444 79.69999999999999 80.875 81.0 83.66666666666667
81.77777777777779 79.8 81.0 81.8 81.33333333333333
83.11111111111111 59.2 78.75 87.1 86.77777777777777
79.77777777777779 80.0 81.5 81.69999999999999 82.44444444444444
81.33333333333333 79.2 80.625 81.8 82.0
81.88888888888889 79.9 80.75 80.8 81.66666666666667
81.33333333333333 79.9 81.625 81.10000000000001 82.55555555555554
83.55555555555554 66.60000000000001 76.75 87.8 87.22222222222223
82.0 79.8 83.0 82.10000000000001 82.77777777777779
80.22222222222223 80.19999999999999 81.75 81.19999999999999 81.88888888888889
81.44444444444444 79.39999999999999 80.625 80.8 81.44444444444444
80.77777777777779 79.8 80.375 80.8 81.77777777777779
83.0 59.2 80.375 88.0 87.11111111111111
80.88888888888889 79.60000000000001 81.125 81.4 81.22222222222223
82.0 78.7 81.0 81.19999999999999 81.1111111111111
82.55555555555554 80.19999999999999 82.375 82.5 81.66666666666667
81.33333333333333 79.5 80.625 81.10000000000001 81.0
83.11111111111111 64.60000000000001 77.5 88.2 87.77777777777777
80.55555555555556 79.9 81.625 80.10000000000001 81.1111111111111
81.77777777777779 79.69999999999999 81.0 80.4 81.22222222222223
81.88888888888889 78.89999999999999 79.875 80.60000000000001 81.1111111111111
81.66666666666667 79.0 80.875 82.0 81.77777777777779
82.0 80.69999999999999 81.375 81.5 82.33333333333333
81.66666666666667 79.9 81.375 81.0 81.66666666666667
80.55555555555556 78.8 79.5 80.5 80.77777777777779
82.77777777777779 80.10000000000001 82.125 82.19999999999999 82.1111111111111
81.33333333333333 79.0 81.125 80.3 82.0
81.22222222222223 78.7 81.25 80.9 81.33333333333333
83.44444444444444 66.10000000000001 77.25 87.2 87.22222222222223
83.66666666666667 65.3 79.5 89.2 88.0
84.11111111111111 67.2 77.125 87.4 87.11111111111111
83.44444444444444 66.4 79.125 88.4 87.88888888888889
83.11111111111111 66.8 77.875 87.7 87.0
84.88888888888889 67.10000000000001 78.375 87.3 87.11111111111111
83.66666666666667 65.10000000000001 78.125 87.0 87.55555555555556
83.33333333333333 66.9 78.625 88.1 87.66666666666667
83.44444444444444 65.8 77.25 87.9 87.0
83.44444444444444 65.4 78.5 88.3 87.55555555555556
84.33333333333333 67.3 78.625 87.0 87.77777777777777
83.22222222222223 65.19999999999999 77.875 87.7 87.33333333333333
83.77777777777779 65.5 78.125 88.6 87.0
84.44444444444444 66.19999999999999 78.5 87.7 88.0
82.0 66.0 78.375 86.7 88.11111111111111
83.66666666666667 67.2 78.375 88.2 86.77777777777777
83.11111111111111 67.10000000000001 77.75 87.2 87.44444444444444
83.55555555555554 67.9 78.75 88.5 87.66666666666667
83.77777777777779 65.4 77.25 87.7 87.44444444444444
83.11111111111111 66.60000000000001 77.75 87.2 87.88888888888889
83.77777777777779 67.7 79.625 86.8 86.33333333333333
84.22222222222223 66.8 79.0 88.3 87.44444444444444
83.22222222222223 65.19999999999999 78.5 86.5 86.11111111111111
83.88888888888889 67.2 78.0 87.8 86.66666666666667
85.22222222222223 67.5 77.875 88.2 88.22222222222221
83.0 66.4 78.875 87.1 85.77777777777777
84.0 68.8 79.625 88.7 88.11111111111111
83.55555555555554 67.4 78.625 88.1 87.22222222222223
82.66666666666667 66.4 78.5 87.8 87.11111111111111
84.88888888888889 67.6 77.0 88.1 87.44444444444444
83.55555555555554 67.8 80.75 89.1 87.88888888888889
84.55555555555556 67.8 80.0 88.5 87.33333333333333
85.33333333333333 68.1 79.75 88.4 88.0
82.88888888888889 67.2 79.125 87.5 87.22222222222223
84.88888888888889 67.5 79.0 88.1 88.66666666666667
83.66666666666667 68.1 79.0 88.8 89.0
84.66666666666667 69.0 79.875 88.1 87.33333333333333
84.11111111111111 68.1 79.875 88.3 87.77777777777777
83.77777777777779 67.0 79.375 88.3 87.22222222222223
85.11111111111111 68.3 79.625 88.9 88.88888888888889
84.0 67.0 78.5 88.5 87.44444444444444
84.0 66.5 79.0 88.8 88.22222222222221
82.77777777777779 67.9 77.75 88.4 86.77777777777777
84.77777777777777 68.1 79.25 89.5 87.77777777777777
84.11111111111111 67.5 81.375 89.2 87.0
84.33333333333333 68.0 78.625 90.2 87.88888888888889
83.33333333333333 68.4 78.5 88.9 87.11111111111111
84.44444444444444 68.6 79.625 89.2 88.44444444444446
84.0 68.0 79.5 89.6 88.11111111111111
84.88888888888889 70.1 80.875 89.6 88.33333333333333
83.66666666666667 68.0 78.75 89.30000000000001 87.66666666666667
84.11111111111111 68.1 79.25 89.89999999999999 88.44444444444446
84.11111111111111 69.4 79.625 90.30000000000001 88.44444444444446
84.11111111111111 67.6 79.25 89.7 87.66666666666667
84.77777777777777 70.1 80.0 90.1 89.22222222222221
84.77777777777777 68.8 79.625 90.7 88.66666666666667
83.55555555555554 70.4 80.75 90.2 87.88888888888889
85.0 69.1 79.75 89.89999999999999 88.33333333333333
84.77777777777777 69.3 80.875 91.2 89.0
83.77777777777779 69.6 78.25 92.1 89.11111111111111
84.66666666666667 69.3 81.0 91.6 89.33333333333333
84.0 69.1 81.125 91.0 89.44444444444444
84.66666666666667 70.3 79.75 90.89999999999999 89.22222222222221
83.66666666666667 68.3 79.0 90.7 88.44444444444446
84.77777777777777 69.2 79.375 91.7 90.11111111111111
84.33333333333333 69.7 79.625 91.2 88.77777777777777
84.77777777777777 69.1 78.25 91.7 87.88888888888889
83.77777777777779 69.1 78.375 92.0 88.33333333333333
84.11111111111111 69.8 79.375 91.1 90.0
85.55555555555556 72.0 80.125 93.39999999999999 89.66666666666667
84.88888888888889 69.7 79.0 91.7 89.44444444444444
84.22222222222223 70.5 77.75 92.3 88.88888888888889
84.66666666666667 69.2 77.875 91.80000000000001 89.22222222222221
84.44444444444444 69.3 77.625 92.89999999999999 89.66666666666667
85.44444444444444 70.3 78.125 91.7 90.22222222222221
84.55555555555556 70.8 76.5 93.3 90.33333333333333
84.88888888888889 70.8 76.75 93.2 90.55555555555556
85.22222222222223 70.3 76.25 92.39999999999999 89.0
86.22222222222223 70.7 75.25 93.7 90.22222222222221
84.77777777777777 71.3 76.5 92.5 89.77777777777777
84.44444444444444 69.8 76.875 93.0 90.44444444444444
85.11111111111111 69.9 74.625 92.89999999999999 90.22222222222221
83.88888888888889 69.8 73.125 92.8 90.55555555555556
85.0 70.9 72.875 93.3 90.44444444444444
85.55555555555556 69.7 74.25 92.5 89.33333333333333
86.33333333333333 70.1 72.75 93.89999999999999 90.55555555555556
85.22222222222223 70.2 72.625 93.60000000000001 90.44444444444444
86.66666666666667 71.2 73.0 94.39999999999999 90.8888888888889
85.22222222222223 69.5 72.0 94.39999999999999 91.77777777777777
86.33333333333333 71.0 71.375 93.3 90.66666666666667
85.88888888888889 70.0 69.0 94.5 90.55555555555556
85.88888888888889 69.4 69.625 92.89999999999999 90.11111111111111
84.66666666666667 69.3 69.75 93.7 90.55555555555556
85.0 70.9 68.75 93.60000000000001 90.22222222222221
84.88888888888889 71.1 69.125 93.3 90.66666666666667
85.66666666666667 69.3 67.125 92.89999999999999 91.22222222222221
86.33333333333333 71.8 69.375 93.39999999999999 91.44444444444444
86.0 70.9 68.875 93.10000000000001 90.66666666666667
86.0 71.5 69.0 94.60000000000001 91.22222222222221
