16.5 27.166666666666664 34.0 14.666666666666666 12.4
16.833333333333332 31.333333333333332 31.0 16.333333333333332 15.0
17.166666666666668 30.833333333333336 28.166666666666668 14.333333333333334 13.0
18.833333333333332 33.5 28.833333333333332 15.5 14.0
17.5 30.833333333333336 31.333333333333332 13.5 12.0
17.0 31.333333333333332 30.0 12.0 13.799999999999999
17.833333333333332 28.166666666666668 31.5 16.333333333333332 13.4
19.333333333333336 28.833333333333332 31.0 15.333333333333332 14.0
15.666666666666666 32.33333333333333 31.0 16.333333333333332 16.0
19.666666666666664 29.333333333333332 32.33333333333333 15.0 13.0
21.0 33.166666666666664 31.166666666666664 15.666666666666666 13.6
17.166666666666668 32.5 27.833333333333336 15.166666666666666 12.6
16.5 32.833333333333336 30.166666666666668 15.0 15.2
20.0 28.666666666666668 31.833333333333332 13.333333333333334 14.0
17.5 28.166666666666668 33.333333333333336 12.333333333333334 11.799999999999999
16.0 31.333333333333332 27.0 19.5 13.0
17.0 32.0 32.16666666666667 14.0 15.0
18.5 29.333333333333332 30.833333333333336 15.166666666666666 13.6
16.833333333333332 31.833333333333332 29.833333333333332 16.166666666666664 13.4
16.5 30.5 29.333333333333332 16.666666666666668 11.4
17.833333333333332 29.0 32.833333333333336 16.333333333333332 11.799999999999999
17.666666666666668 33.833333333333336 30.333333333333332 14.5 13.2
19.333333333333336 32.16666666666667 30.833333333333336 16.0 10.200000000000001
18.333333333333332 29.333333333333332 29.333333333333332 14.166666666666666 14.4
16.333333333333332 27.666666666666664 31.0 16.5 14.0
18.166666666666668 34.0 30.666666666666664 13.333333333333334 15.0
18.333333333333332 28.5 27.166666666666664 14.833333333333334 13.4
18.0 31.0 31.5 15.666666666666666 14.4
16.166666666666664 29.0 29.5 16.5 14.0
16.833333333333332 32.16666666666667 32.16666666666667 15.666666666666666 9.6
16.0 29.5 28.333333333333332 14.5 11.0
18.166666666666668 30.833333333333336 31.0 14.0 16.0
21.5 29.333333333333332 30.5 13.5 12.8
19.0 30.5 31.0 16.5 11.4
13.5 32.33333333333333 32.666666666666664 14.666666666666666 13.4
16.333333333333332 30.833333333333336 29.333333333333332 17.5 13.2
16.333333333333332 32.0 33.833333333333336 13.833333333333332 11.799999999999999
16.666666666666668 30.0 29.5 14.5 16.400000000000002
19.166666666666664 30.833333333333336 32.33333333333333 14.833333333333334 10.8
17.166666666666668 30.166666666666668 31.0 15.166666666666666 13.6
15.833333333333334 29.666666666666668 30.333333333333332 16.666666666666668 14.4
16.166666666666664 32.0 32.666666666666664 15.5 15.2
19.166666666666664 30.5 29.333333333333332 16.166666666666664 12.200000000000001
16.666666666666668 31.0 28.166666666666668 14.166666666666666 12.8
17.166666666666668 29.166666666666668 28.833333333333332 15.333333333333332 10.200000000000001
16.166666666666664 29.833333333333332 30.166666666666668 13.0 13.2
15.666666666666666 34.333333333333336 31.833333333333332 14.833333333333334 12.6
19.166666666666664 31.166666666666664 31.0 15.5 15.0
15.0 33.166666666666664 30.166666666666668 15.333333333333332 12.200000000000001
18.666666666666668 30.833333333333336 33.166666666666664 13.0 13.0
18.166666666666668 29.5 31.666666666666668 19.333333333333336 11.6
18.833333333333332 31.333333333333332 30.166666666666668 13.166666666666666 12.0
19.5 31.666666666666668 31.833333333333332 16.0 17.6
16.833333333333332 29.833333333333332 30.166666666666668 16.0 13.6
16.833333333333332 30.666666666666664 30.333333333333332 14.666666666666666 12.200000000000001
14.0 31.166666666666664 30.333333333333332 18.0 12.8
19.666666666666664 33.333333333333336 31.166666666666664 17.0 9.799999999999999
18.333333333333332 31.666666666666668 31.666666666666668 17.0 13.4
16.0 29.0 30.5 17.166666666666668 10.8
17.0 31.333333333333332 29.833333333333332 13.666666666666668 11.799999999999999
17.5 28.833333333333332 32.0 18.166666666666668 13.799999999999999
17.666666666666668 32.33333333333333 29.5 12.5 14.200000000000001
14.166666666666666 30.833333333333336 30.5 15.666666666666666 16.6
16.5 28.666666666666668 28.5 15.833333333333334 13.6
18.333333333333332 30.666666666666664 30.0 14.166666666666666 15.0
17.5 31.333333333333332 32.833333333333336 14.0 11.2
18.0 32.5 30.666666666666664 14.333333333333334 11.0
15.0 30.833333333333336 31.666666666666668 16.0 13.2
19.0 30.333333333333332 30.0 16.166666666666664 10.4
16.666666666666668 30.0 28.666666666666668 15.833333333333334 11.799999999999999
15.0 30.5 30.5 16.5 10.200000000000001
17.0 29.166666666666668 31.0 17.833333333333332 12.200000000000001
17.833333333333332 26.833333333333336 28.666666666666668 16.166666666666664 11.6
17.333333333333332 30.5 31.5 16.333333333333332 17.0
16.166666666666664 29.833333333333332 32.5 15.333333333333332 12.200000000000001
20.333333333333332 31.166666666666664 32.16666666666667 16.333333333333332 12.200000000000001
16.666666666666668 35.333333333333336 33.333333333333336 13.833333333333332 11.4
17.166666666666668 33.833333333333336 32.666666666666664 18.166666666666668 13.4
19.0 32.0 28.333333333333332 14.333333333333334 13.799999999999999
18.5 26.666666666666668 32.5 14.666666666666666 16.6
13.666666666666668 32.833333333333336 29.0 16.666666666666668 13.799999999999999
17.0 30.666666666666664 30.666666666666664 16.333333333333332 13.0
17.166666666666668 33.5 32.0 14.833333333333334 16.400000000000002
19.0 29.833333333333332 29.166666666666668 15.333333333333332 13.799999999999999
14.5 31.166666666666664 31.833333333333332 17.5 11.799999999999999
15.833333333333334 32.5 29.5 15.833333333333334 13.6
18.166666666666668 29.833333333333332 30.5 13.833333333333332 12.6
14.666666666666666 31.666666666666668 31.666666666666668 12.833333333333334 14.200000000000001
18.833333333333332 29.166666666666668 33.5 14.333333333333334 14.8
18.166666666666668 28.333333333333332 31.166666666666664 14.0 14.6
18.166666666666668 31.833333333333332 28.666666666666668 15.0 13.799999999999999
16.666666666666668 33.833333333333336 32.33333333333333 14.166666666666666 15.4
15.333333333333332 25.5 29.333333333333332 17.166666666666668 12.200000000000001
15.5 30.833333333333336 30.0 16.5 11.6
16.166666666666664 27.833333333333336 31.5 15.333333333333332 15.8
14.0 31.166666666666664 28.0 15.333333333333332 15.0
16.666666666666668 29.333333333333332 32.666666666666664 14.0 13.4
16.5 31.833333333333332 30.166666666666668 14.5 15.2
16.666666666666668 30.5 30.833333333333336 14.833333333333334 13.6
15.166666666666666 34.5 30.0 14.166666666666666 13.0
18.0 32.33333333333333 31.666666666666668 15.666666666666666 13.4
15.166666666666666 13.166666666666666 16.0 14.333333333333334 16.2
16.166666666666664 18.333333333333332 16.0 14.333333333333334 12.8
15.5 18.666666666666668 18.0 14.5 14.200000000000001
17.333333333333332 16.333333333333332 15.166666666666666 16.333333333333332 21.0
17.5 31.0 33.833333333333336 15.833333333333334 14.8
12.666666666666666 15.0 17.166666666666668 13.333333333333334 17.8
17.333333333333332 14.166666666666666 15.333333333333332 13.833333333333332 16.400000000000002
15.666666666666666 18.166666666666668 12.666666666666666 13.5 16.0
13.5 16.166666666666664 17.833333333333332 13.666666666666668 14.6
14.0 29.0 35.833333333333336 14.0 12.6
16.166666666666664 16.833333333333332 17.0 18.833333333333332 14.6
15.5 16.333333333333332 15.0 16.0 15.0
14.333333333333334 14.0 13.5 16.166666666666664 12.8
14.666666666666666 13.166666666666666 16.5 12.333333333333334 16.2
17.166666666666668 30.666666666666664 33.333333333333336 17.5 14.8
14.833333333333334 17.5 17.0 15.666666666666666 15.0
15.833333333333334 17.166666666666668 14.5 15.666666666666666 13.799999999999999
16.166666666666664 13.833333333333332 16.0 17.5 11.2
14.333333333333334 18.5 13.333333333333334 13.5 13.0
16.0 31.166666666666664 34.5 16.166666666666664 12.6
14.5 16.0 14.333333333333334 14.5 15.8
16.0 13.166666666666666 14.833333333333334 14.5 15.6
13.833333333333332 14.833333333333334 14.666666666666666 16.666666666666668 17.0
14.666666666666666 17.833333333333332 16.833333333333332 13.666666666666668 15.8
14.0 12.833333333333334 17.0 16.666666666666668 16.6
13.833333333333332 13.833333333333332 16.5 16.666666666666668 17.2
12.0 14.5 14.166666666666666 17.0 13.4
17.0 14.833333333333334 15.833333333333334 17.5 16.8
16.666666666666668 15.0 14.666666666666666 16.333333333333332 13.4
15.0 17.5 14.666666666666666 15.333333333333332 12.200000000000001
18.333333333333332 26.833333333333336 34.0 18.666666666666668 13.6
17.333333333333332 29.833333333333332 35.333333333333336 15.166666666666666 12.0
18.166666666666668 26.333333333333332 33.833333333333336 17.333333333333332 13.4
15.333333333333332 29.5 36.333333333333336 14.0 17.2
14.833333333333334 28.5 36.166666666666664 17.166666666666668 11.799999999999999
18.166666666666668 25.166666666666668 35.833333333333336 17.666666666666668 14.8
18.5 28.666666666666668 36.166666666666664 17.0 13.2
16.666666666666668 22.833333333333336 36.166666666666664 16.333333333333332 12.0
16.166666666666664 25.333333333333332 33.0 16.833333333333332 14.200000000000001
16.333333333333332 28.0 36.833333333333336 15.833333333333334 10.4
15.0 25.333333333333332 34.0 17.0 13.2
13.5 26.666666666666668 35.333333333333336 17.166666666666668 11.0
17.833333333333332 26.666666666666668 37.666666666666664 13.833333333333332 13.6
14.166666666666666 27.0 36.0 15.333333333333332 15.6
14.333333333333334 29.5 34.833333333333336 16.0 14.6
15.166666666666666 28.666666666666668 36.166666666666664 18.833333333333332 14.6
14.0 26.0 40.16666666666667 16.666666666666668 11.799999999999999
15.833333333333334 28.833333333333332 35.666666666666664 18.0 11.2
14.666666666666666 25.0 34.833333333333336 15.333333333333332 13.2
14.166666666666666 25.5 36.666666666666664 18.166666666666668 13.2
15.166666666666666 27.5 30.833333333333336 13.833333333333332 13.0
17.833333333333332 28.166666666666668 34.0 17.5 16.400000000000002
17.833333333333332 27.0 33.666666666666664 17.0 13.799999999999999
14.833333333333334 25.666666666666668 34.166666666666664 17.0 12.8
15.833333333333334 29.166666666666668 37.5 17.666666666666668 14.4
16.0 25.166666666666668 32.0 17.833333333333332 12.8
16.333333333333332 27.0 38.5 18.666666666666668 12.8
18.666666666666668 25.333333333333332 31.833333333333332 15.833333333333334 14.4
15.5 26.5 36.166666666666664 17.166666666666668 12.0
18.166666666666668 28.5 39.0 16.333333333333332 12.0
15.833333333333334 29.0 39.0 20.666666666666668 12.0
16.0 29.166666666666668 39.5 17.5 12.4
14.666666666666666 27.166666666666664 38.66666666666667 16.666666666666668 13.4
16.666666666666668 27.0 36.666666666666664 17.0 13.2
17.166666666666668 27.166666666666664 37.166666666666664 18.333333333333332 14.8
17.5 27.166666666666664 37.333333333333336 15.833333333333334 10.8
16.0 27.0 38.5 17.166666666666668 14.200000000000001
16.0 27.333333333333336 41.666666666666664 14.5 13.6
15.666666666666666 29.833333333333332 40.16666666666667 13.5 13.4
16.833333333333332 28.5 38.33333333333333 17.166666666666668 13.6
16.0 26.333333333333332 40.16666666666667 16.5 12.6
13.666666666666668 28.0 42.333333333333336 16.5 11.2
16.333333333333332 27.5 39.5 14.166666666666666 10.4
17.0 30.166666666666668 39.16666666666667 19.166666666666664 12.200000000000001
14.666666666666666 30.833333333333336 43.833333333333336 16.833333333333332 9.2
15.166666666666666 28.5 42.0 15.166666666666666 9.0
13.666666666666668 31.666666666666668 43.666666666666664 14.333333333333334 13.2
15.0 31.5 39.83333333333333 17.166666666666668 13.0
15.666666666666666 25.5 41.666666666666664 15.833333333333334 11.799999999999999
14.166666666666666 28.166666666666668 41.166666666666664 15.666666666666666 14.8
15.0 28.0 47.33333333333333 18.833333333333332 12.200000000000001
14.833333333333334 27.833333333333336 42.5 17.166666666666668 12.200000000000001
18.5 28.333333333333332 45.333333333333336 16.5 13.4
14.5 31.166666666666664 43.166666666666664 15.5 16.400000000000002
14.0 28.166666666666668 43.666666666666664 17.833333333333332 14.0
18.166666666666668 27.333333333333336 45.5 18.0 13.6
14.333333333333334 28.0 45.5 15.833333333333334 15.2
17.5 27.833333333333336 41.666666666666664 19.5 10.8
13.833333333333332 28.666666666666668 48.0 17.666666666666668 11.2
16.0 28.5 44.333333333333336 18.0 13.799999999999999
17.833333333333332 28.5 49.166666666666664 15.666666666666666 11.4
18.333333333333332 29.166666666666668 49.666666666666664 16.833333333333332 10.0
17.0 28.166666666666668 46.33333333333333 16.0 12.6
14.5 30.0 50.166666666666664 13.333333333333334 10.8
15.166666666666666 31.5 51.833333333333336 17.833333333333332 10.4
16.333333333333332 32.0 45.0 18.5 11.6
14.166666666666666 27.5 50.5 18.5 12.8
17.166666666666668 28.166666666666668 48.833333333333336 15.333333333333332 12.4
14.666666666666666 27.5 53.83333333333333 16.333333333333332 9.2
16.0 31.0 50.833333333333336 17.666666666666668 11.6
14.166666666666666 29.166666666666668 49.5 15.333333333333332 11.4
11.666666666666668 30.166666666666668 51.833333333333336 17.166666666666668 13.0
11.166666666666666 33.0 50.0 16.833333333333332 13.799999999999999
15.166666666666666 28.666666666666668 51.833333333333336 15.833333333333334 10.6
15.833333333333334 29.0 50.5 15.5 15.0
16.166666666666664 29.833333333333332 52.833333333333336 16.5 14.6
13.5 28.666666666666668 54.66666666666667 15.0 13.6
13.166666666666666 31.666666666666668 52.333333333333336 17.666666666666668 11.799999999999999
17.166666666666668 28.333333333333332 53.5 18.333333333333332 13.4
15.5 32.5 53.83333333333333 17.5 9.6
13.833333333333332 30.666666666666664 50.833333333333336 19.666666666666664 12.200000000000001
16.166666666666664 29.5 55.16666666666667 14.666666666666666 10.6
10.333333333333334 32.16666666666667 57.0 21.0 9.4
14.666666666666666 31.5 52.666666666666664 15.833333333333334 11.2
12.333333333333334 31.0 55.0 15.833333333333334 13.6
15.5 31.5 52.333333333333336 18.666666666666668 10.4
15.0 32.0 58.333333333333336 16.166666666666664 11.799999999999999
15.666666666666666 35.0 56.0 18.166666666666668 10.4
14.166666666666666 32.16666666666667 56.166666666666664 18.0 10.8
13.5 33.166666666666664 57.0 18.5 12.6
15.166666666666666 30.666666666666664 54.5 18.5 11.0
13.333333333333334 31.0 54.33333333333333 16.833333333333332 11.0
14.333333333333334 31.5 54.83333333333333 17.833333333333332 10.0
17.5 31.333333333333332 56.333333333333336 17.833333333333332 12.8
11.833333333333332 29.333333333333332 53.5 16.833333333333332 10.8
13.333333333333334 31.833333333333332 53.66666666666667 17.0 11.0
15.666666666666666 32.666666666666664 57.166666666666664 18.833333333333332 10.6
14.166666666666666 32.16666666666667 55.16666666666667 19.166666666666664 10.0
15.5 29.166666666666668 57.333333333333336 19.666666666666664 10.200000000000001
