70.92857142857143 69.38461538461537 69.46666666666667 72.07142857142858 71.41666666666667
71.21428571428572 70.61538461538463 70.06666666666666 71.92857142857143 72.41666666666667
72.0 70.53846153846153 70.4 72.64285714285715 71.08333333333333
70.92857142857143 69.6923076923077 70.53333333333333 73.14285714285715 71.25
71.14285714285715 69.46153846153847 70.4 71.07142857142858 72.33333333333333
72.35714285714286 71.53846153846153 72.6 73.64285714285715 73.33333333333333
71.64285714285715 71.0 70.46666666666667 72.42857142857143 71.66666666666667
71.14285714285715 69.84615384615385 71.2 73.71428571428572 71.75
71.0 70.07692307692308 69.46666666666667 71.64285714285715 72.58333333333333
72.21428571428572 70.92307692307692 71.13333333333334 72.78571428571429 73.08333333333333
70.64285714285715 68.53846153846153 68.86666666666667 71.64285714285715 70.91666666666667
72.64285714285715 71.61538461538461 71.13333333333334 74.07142857142857 73.58333333333333
73.14285714285715 72.61538461538461 71.0 73.28571428571429 73.08333333333333
73.71428571428572 71.46153846153847 71.13333333333334 74.14285714285715 73.33333333333333
72.35714285714286 70.46153846153847 69.6 72.5 72.41666666666667
71.35714285714286 70.3076923076923 69.86666666666666 72.92857142857143 71.41666666666667
71.78571428571429 72.46153846153847 70.73333333333333 73.5 70.75
71.64285714285715 69.92307692307692 69.8 72.35714285714286 72.08333333333333
71.71428571428572 69.6923076923077 70.73333333333333 73.78571428571429 72.33333333333333
71.42857142857143 70.46153846153847 70.73333333333333 72.57142857142857 72.16666666666667
71.71428571428572 71.46153846153847 70.26666666666667 73.64285714285715 71.0
72.14285714285715 71.61538461538461 71.6 72.85714285714286 72.66666666666667
72.0 71.0 70.0 72.14285714285715 70.66666666666667
71.35714285714286 70.3076923076923 70.26666666666667 72.28571428571429 72.08333333333333
71.92857142857143 71.61538461538461 71.6 74.5 71.25
71.42857142857143 71.07692307692308 70.93333333333334 73.07142857142857 71.91666666666667
72.35714285714286 71.15384615384615 71.2 72.5 71.5
71.35714285714286 69.38461538461537 70.2 73.64285714285715 71.58333333333333
70.42857142857143 70.53846153846153 69.8 71.85714285714286 71.0
70.92857142857143 71.76923076923076 71.46666666666667 73.0 70.58333333333333
72.07142857142858 71.15384615384615 70.93333333333334 71.0 71.83333333333333
71.57142857142858 69.46153846153847 69.8 71.92857142857143 71.91666666666667
71.57142857142858 69.23076923076924 71.13333333333334 72.57142857142857 71.5
72.14285714285715 71.76923076923076 70.4 72.92857142857143 72.33333333333333
72.14285714285715 71.38461538461539 71.4 72.28571428571429 71.0
71.85714285714286 71.84615384615385 70.86666666666666 72.92857142857143 71.75
72.71428571428572 71.38461538461539 71.53333333333333 73.85714285714286 74.08333333333333
70.92857142857143 70.3076923076923 69.93333333333334 72.85714285714286 70.83333333333333
73.14285714285715 72.3076923076923 72.0 74.92857142857143 73.33333333333333
72.21428571428572 71.46153846153847 70.13333333333334 73.21428571428572 71.83333333333333
72.0 70.6923076923077 70.06666666666666 72.5 71.08333333333333
72.57142857142857 71.38461538461539 70.46666666666667 74.0 72.83333333333333
71.35714285714286 70.07692307692308 70.13333333333334 71.92857142857143 71.75
72.07142857142858 70.61538461538463 69.73333333333333 72.57142857142857 70.25
72.92857142857143 72.23076923076924 71.8 74.71428571428572 72.33333333333333
72.92857142857143 70.92307692307692 70.6 72.64285714285715 71.25
72.64285714285715 72.6923076923077 72.93333333333334 74.07142857142857 73.75
69.92857142857142 70.07692307692308 70.26666666666667 72.57142857142857 71.41666666666667
73.14285714285715 71.92307692307692 71.2 73.92857142857143 73.25
70.0 69.3076923076923 68.2 71.28571428571429 70.66666666666667
72.14285714285715 70.07692307692308 70.73333333333333 72.92857142857143 72.91666666666667
71.14285714285715 70.0 71.06666666666666 73.5 72.16666666666667
71.14285714285715 70.38461538461537 71.66666666666667 74.35714285714286 72.33333333333333
72.5 71.53846153846153 72.4 74.21428571428572 72.91666666666667
71.42857142857143 72.38461538461539 71.46666666666667 73.57142857142857 72.33333333333333
71.21428571428572 70.15384615384615 69.93333333333334 72.64285714285715 70.66666666666667
71.57142857142858 71.38461538461539 71.2 73.5 73.58333333333333
70.42857142857143 69.84615384615385 68.93333333333334 71.92857142857143 70.25
72.78571428571429 71.07692307692308 69.86666666666666 72.78571428571429 72.41666666666667
71.85714285714286 72.23076923076924 71.93333333333334 73.21428571428572 71.5
71.42857142857143 70.15384615384615 69.33333333333333 71.5 71.75
71.5 71.84615384615385 72.6 74.14285714285715 72.08333333333333
73.85714285714286 71.76923076923076 71.6 73.28571428571429 73.33333333333333
72.35714285714286 71.53846153846153 72.46666666666667 74.35714285714286 73.75
71.64285714285715 71.23076923076924 71.26666666666667 73.28571428571429 72.33333333333333
72.21428571428572 70.53846153846153 70.6 72.92857142857143 71.91666666666667
70.21428571428571 69.84615384615385 69.8 71.14285714285715 71.66666666666667
71.78571428571429 71.46153846153847 71.53333333333333 73.78571428571429 73.16666666666667
71.64285714285715 70.84615384615385 69.6 71.78571428571429 70.83333333333333
70.85714285714286 70.6923076923077 70.73333333333333 73.0 71.25
71.78571428571429 71.07692307692308 69.93333333333334 71.71428571428572 72.16666666666667
72.07142857142858 70.15384615384615 69.86666666666666 73.14285714285715 71.83333333333333
71.5 71.0 71.2 72.57142857142857 71.66666666666667
70.57142857142858 70.38461538461537 69.66666666666667 72.78571428571429 71.08333333333333
71.64285714285715 70.0 70.2 73.14285714285715 71.16666666666667
71.5 69.23076923076924 69.26666666666667 70.35714285714286 71.33333333333333
71.92857142857143 70.3076923076923 70.2 71.92857142857143 71.58333333333333
72.5 71.92307692307692 71.2 74.92857142857143 73.16666666666667
72.07142857142858 70.6923076923077 70.8 73.14285714285715 72.08333333333333
72.71428571428572 71.76923076923076 70.73333333333333 74.07142857142857 73.0
71.42857142857143 69.92307692307692 70.53333333333333 72.78571428571429 72.41666666666667
71.0 70.07692307692308 69.66666666666667 72.5 70.41666666666667
72.0 72.6923076923077 71.06666666666666 73.71428571428572 71.75
70.42857142857143 70.76923076923076 70.46666666666667 73.28571428571429 71.75
71.21428571428572 69.53846153846153 70.33333333333333 73.07142857142857 71.91666666666667
71.71428571428572 70.6923076923077 70.66666666666667 74.0 72.0
71.57142857142858 71.07692307692308 71.06666666666666 73.0 71.66666666666667
71.35714285714286 71.23076923076924 70.4 73.42857142857143 71.08333333333333
71.92857142857143 71.6923076923077 71.4 73.92857142857143 71.5
72.5 71.53846153846153 70.4 72.42857142857143 72.83333333333333
71.64285714285715 72.07692307692308 71.2 73.35714285714286 71.66666666666667
70.92857142857143 70.07692307692308 69.66666666666667 72.85714285714286 72.41666666666667
71.64285714285715 70.0 70.2 72.42857142857143 72.41666666666667
71.64285714285715 70.53846153846153 71.26666666666667 72.85714285714286 72.08333333333333
70.85714285714286 70.07692307692308 70.33333333333333 72.28571428571429 70.33333333333333
72.14285714285715 71.23076923076924 71.6 73.64285714285715 73.25
71.71428571428572 70.53846153846153 70.46666666666667 72.21428571428572 71.41666666666667
70.57142857142858 69.15384615384615 69.86666666666666 72.57142857142857 71.5
72.35714285714286 71.61538461538461 71.8 74.0 73.16666666666667
73.07142857142857 71.92307692307692 72.53333333333333 73.14285714285715 72.66666666666667
72.5 70.38461538461537 70.66666666666667 73.57142857142857 72.58333333333333
67.5 66.53846153846153 67.53333333333333 66.5 66.58333333333333
65.64285714285714 66.3076923076923 66.8 66.14285714285714 66.41666666666667
66.21428571428571 66.15384615384616 66.26666666666667 64.78571428571428 66.08333333333333
63.35714285714286 64.3076923076923 64.33333333333334 65.42857142857143 65.0
72.35714285714286 70.61538461538463 70.26666666666667 72.92857142857143 71.5
67.42857142857143 66.92307692307692 67.66666666666667 68.0 66.66666666666667
67.92857142857143 66.3076923076923 67.46666666666665 67.57142857142857 68.16666666666667
66.5 67.23076923076923 66.93333333333334 66.5 67.5
65.21428571428571 65.76923076923077 65.66666666666667 66.21428571428571 65.0
71.85714285714286 70.92307692307692 70.26666666666667 73.92857142857143 72.16666666666667
65.07142857142857 64.84615384615384 65.46666666666667 65.14285714285714 66.25
66.21428571428571 66.76923076923077 66.8 65.64285714285714 66.75
66.5 66.61538461538461 65.93333333333332 66.78571428571428 65.16666666666667
66.85714285714285 65.84615384615384 67.26666666666667 66.85714285714285 66.66666666666667
69.35714285714285 70.84615384615385 69.4 71.85714285714286 71.41666666666667
65.92857142857143 64.84615384615384 65.46666666666667 65.64285714285714 65.66666666666667
66.35714285714285 66.38461538461539 66.8 66.64285714285714 66.25
64.92857142857143 63.92307692307693 63.53333333333333 64.92857142857143 65.91666666666667
65.42857142857143 64.84615384615384 65.86666666666667 64.92857142857143 66.16666666666667
72.07142857142858 71.23076923076924 69.93333333333334 73.07142857142857 72.16666666666667
65.42857142857143 66.0 64.60000000000001 65.35714285714286 65.83333333333333
66.0 65.0 65.93333333333332 65.35714285714286 66.16666666666667
66.42857142857143 65.23076923076923 66.26666666666667 66.28571428571428 65.58333333333333
66.71428571428571 66.84615384615385 66.73333333333333 66.5 67.0
66.0 64.84615384615384 65.86666666666667 66.07142857142857 66.75
64.92857142857143 66.84615384615385 65.86666666666667 65.35714285714286 64.66666666666666
67.14285714285714 68.0 67.86666666666667 65.78571428571428 68.08333333333333
64.78571428571428 65.0 65.06666666666666 65.92857142857143 65.33333333333333
65.85714285714285 65.23076923076923 64.8 65.21428571428571 65.66666666666667
65.92857142857143 65.61538461538461 65.06666666666666 65.35714285714286 65.83333333333333
71.28571428571429 71.3076923076923 70.8 73.57142857142857 73.25
71.57142857142858 71.46153846153847 69.73333333333333 73.28571428571429 72.75
71.85714285714286 72.23076923076924 70.2 74.78571428571429 71.83333333333333
71.07142857142858 70.07692307692308 70.46666666666667 73.57142857142857 72.16666666666667
73.14285714285715 72.15384615384615 69.93333333333334 73.28571428571429 71.75
70.14285714285714 72.0 68.2 72.78571428571429 71.58333333333333
73.21428571428572 71.46153846153847 70.33333333333333 72.92857142857143 73.91666666666667
71.21428571428572 70.76923076923076 69.33333333333333 73.28571428571429 72.16666666666667
72.21428571428572 69.53846153846153 69.93333333333334 73.21428571428572 72.83333333333333
73.78571428571429 72.53846153846153 70.26666666666667 75.42857142857143 73.5
70.92857142857143 70.23076923076924 68.46666666666667 73.28571428571429 71.66666666666667
71.0 71.15384615384615 68.66666666666667 73.92857142857143 71.33333333333333
72.85714285714286 69.6923076923077 68.6 72.85714285714286 71.33333333333333
70.78571428571429 71.53846153846153 68.73333333333332 73.35714285714286 71.16666666666667
71.07142857142858 70.23076923076924 68.33333333333333 72.5 71.16666666666667
70.92857142857143 70.38461538461537 67.93333333333334 72.92857142857143 71.25
71.57142857142858 70.15384615384615 67.4 72.21428571428572 71.83333333333333
70.42857142857143 70.07692307692308 67.93333333333334 73.85714285714286 71.5
72.0 71.15384615384615 67.73333333333333 73.57142857142857 73.08333333333333
71.71428571428572 70.23076923076924 67.46666666666665 72.0 72.16666666666667
72.71428571428572 70.15384615384615 68.13333333333334 73.42857142857143 72.58333333333333
71.28571428571429 69.07692307692308 66.93333333333334 73.57142857142857 72.33333333333333
72.64285714285715 70.15384615384615 67.66666666666667 72.92857142857143 72.66666666666667
72.14285714285715 71.0 66.86666666666667 73.85714285714286 72.08333333333333
71.21428571428572 70.3076923076923 65.53333333333333 73.57142857142857 71.25
73.64285714285715 72.38461538461539 67.46666666666665 73.07142857142857 71.83333333333333
73.71428571428572 71.76923076923076 67.33333333333333 73.35714285714286 72.5
72.71428571428572 69.84615384615385 65.66666666666667 73.21428571428572 73.25
72.35714285714286 70.0 63.93333333333333 72.85714285714286 71.91666666666667
72.42857142857143 69.61538461538463 63.6 71.85714285714286 72.08333333333333
72.35714285714286 68.38461538461539 63.333333333333336 74.14285714285715 73.83333333333333
72.92857142857143 70.3076923076923 64.60000000000001 74.28571428571429 73.33333333333333
71.42857142857143 68.6923076923077 60.26666666666667 73.42857142857143 72.08333333333333
72.78571428571429 68.92307692307692 61.0 73.07142857142857 72.83333333333333
72.71428571428572 67.92307692307692 60.53333333333333 73.42857142857143 73.83333333333333
72.35714285714286 69.46153846153847 60.53333333333333 75.0 73.66666666666667
73.21428571428572 69.3076923076923 62.0 75.57142857142857 74.33333333333333
71.71428571428572 68.15384615384615 57.53333333333333 73.0 71.08333333333333
73.0 70.46153846153847 59.86666666666667 75.21428571428572 75.0
71.42857142857143 67.84615384615385 57.266666666666666 73.78571428571429 73.25
73.92857142857143 70.3076923076923 58.53333333333333 75.85714285714286 74.66666666666667
71.92857142857143 67.46153846153847 56.13333333333333 74.0 73.41666666666667
72.85714285714286 68.92307692307692 57.0 74.35714285714286 74.0
72.57142857142857 68.15384615384615 55.199999999999996 74.71428571428572 75.0
73.14285714285715 67.92307692307692 55.199999999999996 74.42857142857143 74.0
73.42857142857143 67.76923076923077 53.13333333333333 73.42857142857143 73.16666666666667
73.85714285714286 67.84615384615385 53.6 75.0 74.16666666666667
72.92857142857143 67.07692307692308 51.0 74.5 74.33333333333333
73.5 66.61538461538461 51.06666666666667 74.28571428571429 73.66666666666667
73.14285714285715 67.38461538461539 48.93333333333334 73.5 73.66666666666667
73.5 64.92307692307692 45.6 74.28571428571429 74.0
72.0 63.46153846153846 45.06666666666666 73.28571428571429 73.08333333333333
74.21428571428572 65.84615384615384 47.199999999999996 74.42857142857143 74.41666666666667
74.35714285714286 65.46153846153845 43.13333333333333 74.28571428571429 75.83333333333334
73.71428571428572 64.38461538461539 43.06666666666667 74.35714285714286 74.08333333333333
73.28571428571429 64.07692307692307 40.86666666666667 74.71428571428572 74.33333333333333
75.14285714285714 63.692307692307686 39.266666666666666 74.28571428571429 75.91666666666666
73.42857142857143 61.769230769230774 37.733333333333334 73.42857142857143 74.83333333333333
74.0 62.92307692307693 37.13333333333333 75.35714285714286 75.58333333333334
75.14285714285714 63.0 36.06666666666666 74.78571428571429 75.58333333333334
74.28571428571429 62.07692307692308 31.733333333333334 73.64285714285715 75.83333333333334
74.28571428571429 62.38461538461539 31.866666666666667 74.35714285714286 76.41666666666666
73.78571428571429 61.69230769230769 30.666666666666664 74.14285714285715 74.0
75.35714285714286 60.76923076923077 29.066666666666666 75.78571428571429 77.25
74.42857142857143 60.53846153846154 26.733333333333334 74.21428571428572 76.66666666666666
75.64285714285714 59.69230769230769 25.333333333333332 75.28571428571429 76.5
74.85714285714286 60.30769230769231 23.599999999999998 74.28571428571429 77.5
74.71428571428572 56.61538461538461 20.333333333333332 74.07142857142857 76.08333333333334
74.78571428571429 57.15384615384615 19.8 73.5 76.5
74.57142857142857 56.76923076923077 18.733333333333334 76.14285714285714 77.66666666666666
74.64285714285715 57.0 17.4 74.92857142857143 76.91666666666666
74.85714285714286 57.38461538461539 17.466666666666665 75.0 75.66666666666666
75.92857142857143 57.15384615384615 15.866666666666667 75.71428571428572 77.08333333333334
75.64285714285714 56.76923076923077 15.533333333333333 74.42857142857143 76.16666666666666
75.0 55.84615384615385 15.733333333333333 75.42857142857143 77.25
75.28571428571429 56.46153846153846 13.066666666666668 76.21428571428572 77.5
74.85714285714286 54.769230769230774 12.866666666666667 75.35714285714286 77.66666666666666
74.85714285714286 53.53846153846154 11.933333333333334 75.0 77.66666666666666
75.5 54.92307692307692 10.466666666666667 75.85714285714286 77.91666666666666
75.35714285714286 51.92307692307693 9.733333333333334 75.42857142857143 78.33333333333334
75.14285714285714 51.23076923076923 9.133333333333333 74.57142857142857 79.08333333333334
75.14285714285714 52.92307692307692 8.533333333333333 75.07142857142857 78.0
74.85714285714286 49.92307692307693 8.133333333333333 74.0 77.66666666666666
76.35714285714286 51.23076923076923 8.066666666666666 74.42857142857143 78.33333333333334
76.57142857142857 50.307692307692314 5.8 75.64285714285714 79.5
77.14285714285714 51.07692307692307 7.0 76.14285714285714 79.66666666666666
77.21428571428571 49.53846153846154 6.2 75.78571428571429 79.66666666666666
76.64285714285714 48.61538461538461 5.533333333333334 73.71428571428572 79.0
77.57142857142857 48.38461538461539 4.866666666666667 74.71428571428572 79.75
77.07142857142857 48.30769230769231 4.933333333333333 75.85714285714286 80.41666666666666
77.07142857142857 47.69230769230769 4.2 74.92857142857143 80.41666666666666
76.42857142857143 45.769230769230774 3.4666666666666663 72.5 78.5
75.5 45.69230769230769 3.2 74.92857142857143 79.5
78.42857142857143 45.46153846153846 3.533333333333333 75.5 79.08333333333334
78.14285714285714 46.30769230769231 3.4666666666666663 74.5 80.16666666666666
77.07142857142857 44.15384615384615 3.0 72.71428571428572 78.83333333333334
77.35714285714286 45.15384615384615 2.7333333333333334 73.64285714285715 79.16666666666666
76.35714285714286 42.76923076923077 2.2 72.85714285714286 79.5
76.78571428571429 42.61538461538462 2.7333333333333334 72.57142857142857 79.66666666666666
