83.88888888888889 80.4 82.0 84.1 84.44444444444444
84.33333333333333 80.69999999999999 83.375 84.2 84.88888888888889
83.22222222222223 81.69999999999999 83.125 84.2 84.55555555555556
84.44444444444444 81.3 82.875 84.1 84.22222222222223
84.22222222222223 80.69999999999999 83.375 85.2 84.44444444444444
84.44444444444444 80.10000000000001 84.125 85.5 85.88888888888889
84.88888888888889 80.8 83.0 84.4 84.88888888888889
84.88888888888889 79.5 83.25 85.1 85.22222222222223
83.77777777777779 81.4 82.875 84.1 83.55555555555554
84.77777777777777 80.60000000000001 82.625 84.3 86.0
82.66666666666667 79.69999999999999 81.5 84.2 84.11111111111111
84.55555555555556 82.60000000000001 82.875 85.0 84.55555555555556
85.33333333333333 81.0 82.875 85.1 84.77777777777777
84.44444444444444 81.3 82.5 85.9 85.66666666666667
83.33333333333333 80.10000000000001 83.875 84.7 84.77777777777777
83.33333333333333 79.8 82.0 84.7 84.44444444444444
84.22222222222223 81.5 83.125 84.2 84.33333333333333
84.22222222222223 79.39999999999999 82.125 85.1 85.22222222222223
85.11111111111111 79.2 82.75 85.1 84.55555555555556
84.44444444444444 79.2 82.75 85.3 84.55555555555556
85.0 81.3 82.5 84.4 84.77777777777777
83.77777777777779 81.10000000000001 83.375 85.4 84.77777777777777
83.77777777777779 80.69999999999999 82.125 84.6 83.11111111111111
84.33333333333333 79.60000000000001 82.25 85.1 84.33333333333333
84.88888888888889 80.3 82.625 84.3 85.22222222222223
84.55555555555556 79.8 82.5 84.3 85.55555555555556
84.66666666666667 80.60000000000001 83.0 85.3 85.22222222222223
84.22222222222223 79.0 82.625 84.7 84.55555555555556
83.88888888888889 78.8 82.125 85.0 84.33333333333333
85.0 79.60000000000001 82.0 86.1 85.11111111111111
84.88888888888889 80.5 82.75 85.3 84.33333333333333
83.11111111111111 80.19999999999999 82.25 83.5 84.11111111111111
84.0 78.7 82.0 85.1 85.11111111111111
84.55555555555556 79.69999999999999 82.375 83.9 84.77777777777777
84.0 79.0 82.25 84.8 85.11111111111111
84.0 77.60000000000001 81.625 85.0 85.11111111111111
84.55555555555556 79.3 82.125 85.5 85.11111111111111
83.88888888888889 78.89999999999999 80.75 84.8 84.44444444444444
85.44444444444444 79.60000000000001 82.375 86.1 85.33333333333333
84.77777777777777 80.0 82.625 85.2 83.55555555555554
84.33333333333333 78.60000000000001 82.375 84.0 84.77777777777777
85.44444444444444 78.39999999999999 82.125 84.9 85.0
84.22222222222223 77.8 80.75 85.4 84.0
82.88888888888889 77.3 81.875 84.6 84.33333333333333
84.44444444444444 78.2 81.875 85.6 85.55555555555556
83.0 77.5 80.5 84.6 84.0
85.44444444444444 77.39999999999999 82.375 85.5 85.44444444444444
84.55555555555556 75.89999999999999 80.375 83.8 83.55555555555554
84.66666666666667 77.3 82.25 86.7 85.33333333333333
83.77777777777779 75.39999999999999 80.125 84.6 83.11111111111111
84.77777777777777 76.0 81.375 85.1 85.33333333333333
84.11111111111111 75.89999999999999 80.875 84.9 84.55555555555556
84.55555555555556 75.30000000000001 80.75 85.9 85.11111111111111
84.44444444444444 75.0 80.625 85.8 85.66666666666667
84.44444444444444 75.39999999999999 81.625 85.8 84.88888888888889
83.77777777777779 75.1 79.625 85.3 84.22222222222223
84.44444444444444 74.7 80.5 84.3 83.88888888888889
82.77777777777779 75.2 79.5 84.6 84.88888888888889
84.77777777777777 74.6 81.25 85.3 84.55555555555556
84.33333333333333 73.6 80.25 85.7 84.55555555555556
83.66666666666667 73.3 79.875 85.2 84.66666666666667
84.0 71.1 79.875 84.1 85.55555555555556
85.11111111111111 74.6 79.75 85.8 84.88888888888889
85.11111111111111 72.1 80.875 85.2 86.11111111111111
84.11111111111111 71.0 78.875 84.9 84.44444444444444
82.88888888888889 70.6 79.0 84.9 86.0
83.22222222222223 69.7 77.125 84.2 84.11111111111111
85.0 70.6 79.25 85.2 84.66666666666667
83.55555555555554 70.1 77.5 85.5 84.88888888888889
84.11111111111111 70.7 78.25 84.0 84.55555555555556
83.66666666666667 67.8 77.875 85.1 86.0
83.0 68.3 76.625 84.7 84.66666666666667
83.11111111111111 66.5 77.375 84.5 85.11111111111111
83.55555555555554 65.19999999999999 77.375 85.2 84.66666666666667
82.88888888888889 64.8 77.0 85.3 84.66666666666667
82.33333333333333 64.4 75.375 84.4 83.66666666666667
83.66666666666667 67.8 76.375 84.9 84.22222222222223
84.77777777777777 66.8 76.125 86.0 85.66666666666667
83.44444444444444 65.0 76.375 84.4 85.11111111111111
84.77777777777777 64.5 76.25 85.9 85.11111111111111
84.11111111111111 61.699999999999996 75.0 84.4 85.11111111111111
82.66666666666667 63.3 75.625 84.7 85.33333333333333
84.33333333333333 64.0 75.875 84.2 83.66666666666667
82.77777777777779 63.3 76.0 85.9 85.22222222222223
82.77777777777779 61.400000000000006 74.0 85.5 84.22222222222223
83.55555555555554 62.0 74.25 85.3 84.66666666666667
83.0 62.0 74.0 85.4 84.77777777777777
83.55555555555554 61.5 73.75 85.6 85.33333333333333
83.66666666666667 59.8 73.875 85.2 84.77777777777777
83.44444444444444 58.5 73.75 85.4 84.11111111111111
84.55555555555556 56.2 72.75 85.7 84.77777777777777
84.22222222222223 56.099999999999994 71.875 85.2 85.11111111111111
83.88888888888889 54.300000000000004 72.625 85.0 85.55555555555556
83.88888888888889 53.900000000000006 73.125 85.5 85.44444444444444
82.55555555555554 54.1 70.5 84.1 84.11111111111111
83.55555555555554 54.0 71.625 85.2 85.33333333333333
83.77777777777779 51.8 70.0 85.3 83.33333333333333
83.55555555555554 47.7 67.875 85.4 85.11111111111111
84.11111111111111 49.3 70.875 85.4 84.77777777777777
84.33333333333333 51.6 70.375 85.2 85.55555555555556
82.66666666666667 48.5 70.0 85.6 86.0
82.33333333333333 79.10000000000001 80.875 81.4 80.88888888888889
81.66666666666667 79.39999999999999 80.5 82.19999999999999 81.0
80.77777777777779 78.3 80.375 81.69999999999999 80.66666666666666
80.0 77.8 76.75 80.9 81.22222222222223
82.88888888888889 49.9 69.625 84.6 83.77777777777779
82.0 79.69999999999999 80.625 81.19999999999999 82.55555555555554
81.88888888888889 79.10000000000001 80.75 81.60000000000001 82.22222222222223
82.33333333333333 79.8 81.375 82.4 81.33333333333333
80.55555555555556 78.8 79.375 81.0 81.66666666666667
85.44444444444444 56.2 69.375 84.9 85.44444444444444
81.22222222222223 79.5 79.75 82.19999999999999 81.22222222222223
82.0 79.39999999999999 80.625 82.10000000000001 82.0
82.44444444444444 79.8 80.375 81.60000000000001 82.1111111111111
82.44444444444444 79.3 80.25 81.60000000000001 81.44444444444444
83.0 47.1 68.625 85.4 84.33333333333333
82.22222222222223 79.0 80.25 81.4 80.77777777777779
81.44444444444444 79.69999999999999 80.875 81.3 81.55555555555556
80.22222222222223 78.8 80.125 80.0 80.33333333333334
80.55555555555556 78.7 80.125 81.60000000000001 82.22222222222223
83.77777777777779 56.7 69.625 84.5 85.55555555555556
81.33333333333333 78.39999999999999 80.75 81.19999999999999 81.66666666666667
81.0 79.60000000000001 81.0 82.60000000000001 81.0
80.33333333333334 79.3 79.125 80.4 80.44444444444444
81.0 79.39999999999999 80.375 81.10000000000001 81.44444444444444
80.88888888888889 78.2 80.25 81.4 81.22222222222223
81.33333333333333 79.69999999999999 80.75 81.0 80.77777777777779
81.77777777777779 79.39999999999999 81.125 81.8 81.33333333333333
81.1111111111111 79.0 79.75 80.9 81.55555555555556
81.0 78.8 81.0 80.69999999999999 81.55555555555556
81.77777777777779 78.5 79.125 82.19999999999999 81.77777777777779
84.88888888888889 55.5 68.0 84.8 84.55555555555556
83.33333333333333 55.5 68.25 84.2 85.66666666666667
84.11111111111111 58.0 69.75 85.5 85.0
84.44444444444444 58.3 69.125 85.1 84.0
83.22222222222223 58.9 69.875 84.6 86.0
83.11111111111111 55.800000000000004 68.75 84.6 85.22222222222223
83.0 57.2 68.875 85.6 85.66666666666667
83.88888888888889 56.2 68.375 83.9 84.44444444444444
84.33333333333333 55.9 67.75 84.8 85.0
84.44444444444444 57.7 69.75 85.5 86.11111111111111
82.55555555555554 55.599999999999994 67.875 85.1 84.33333333333333
83.88888888888889 57.3 71.125 84.2 85.11111111111111
83.33333333333333 58.4 69.625 84.4 84.66666666666667
83.55555555555554 55.9 68.25 84.9 86.0
83.66666666666667 55.5 68.375 84.8 85.44444444444444
82.88888888888889 57.6 70.0 84.9 84.11111111111111
84.22222222222223 57.5 68.75 84.4 84.0
83.66666666666667 58.0 68.0 85.3 86.22222222222223
83.44444444444444 57.7 69.625 85.4 85.22222222222223
83.44444444444444 56.800000000000004 69.75 85.0 84.77777777777777
85.22222222222223 59.7 70.875 85.5 84.77777777777777
83.44444444444444 57.5 70.375 85.4 85.0
83.55555555555554 57.1 70.75 85.3 84.55555555555556
84.0 59.4 70.375 85.7 85.66666666666667
83.44444444444444 57.8 70.625 84.7 85.33333333333333
84.22222222222223 57.7 69.75 85.8 85.88888888888889
85.0 59.2 70.375 85.7 86.55555555555556
84.55555555555556 58.8 70.875 86.3 87.0
84.88888888888889 58.0 70.625 84.9 84.55555555555556
84.55555555555556 58.8 69.875 84.8 84.44444444444444
84.0 57.5 70.25 85.9 85.0
84.77777777777777 61.1 73.875 86.6 86.44444444444444
83.55555555555554 58.6 70.75 84.4 85.0
84.22222222222223 58.9 72.0 85.3 84.88888888888889
84.0 58.8 70.75 85.5 85.55555555555556
84.88888888888889 61.0 72.75 85.7 86.0
85.44444444444444 60.5 73.25 86.1 85.33333333333333
83.33333333333333 57.8 72.375 85.2 84.55555555555556
84.77777777777777 60.6 74.25 86.3 85.77777777777777
84.11111111111111 61.400000000000006 73.875 86.4 87.55555555555556
85.55555555555556 59.9 74.75 86.7 86.66666666666667
83.11111111111111 61.199999999999996 74.125 85.6 86.0
85.66666666666667 60.3 73.125 86.4 86.55555555555556
84.88888888888889 59.7 74.75 85.5 85.88888888888889
84.0 62.199999999999996 73.875 86.2 86.22222222222223
84.44444444444444 60.8 74.75 86.7 86.11111111111111
84.22222222222223 61.5 75.5 86.9 86.66666666666667
84.66666666666667 61.800000000000004 74.5 86.3 86.0
85.66666666666667 60.3 74.75 85.9 86.33333333333333
84.11111111111111 61.3 75.125 87.4 86.33333333333333
84.66666666666667 60.900000000000006 73.75 87.0 86.66666666666667
83.55555555555554 61.199999999999996 73.875 85.7 86.11111111111111
84.22222222222223 61.1 77.0 86.7 86.55555555555556
84.88888888888889 61.9 75.0 87.2 86.11111111111111
84.88888888888889 64.10000000000001 76.625 87.2 86.88888888888889
83.77777777777779 62.0 76.5 88.6 87.22222222222223
84.66666666666667 62.9 78.5 86.6 86.33333333333333
84.55555555555556 63.3 77.5 87.9 87.33333333333333
84.44444444444444 62.7 79.0 87.3 87.0
84.66666666666667 63.6 78.375 87.9 86.77777777777777
84.44444444444444 62.0 79.0 88.3 86.33333333333333
84.22222222222223 64.3 78.875 87.3 86.66666666666667
84.55555555555556 64.69999999999999 80.125 88.2 86.44444444444444
85.0 66.5 79.375 89.1 87.66666666666667
84.66666666666667 63.70000000000001 80.0 88.0 86.77777777777777
85.44444444444444 64.10000000000001 79.25 88.7 87.44444444444444
85.33333333333333 64.3 80.875 88.1 88.33333333333333
84.77777777777777 64.10000000000001 80.0 88.3 87.0
84.11111111111111 62.5 81.375 88.7 87.11111111111111
84.88888888888889 64.3 81.125 89.1 88.44444444444446
83.77777777777779 64.10000000000001 80.0 88.2 86.88888888888889
85.33333333333333 66.10000000000001 82.625 88.6 88.11111111111111
84.77777777777777 66.60000000000001 83.125 90.0 87.33333333333333
84.33333333333333 66.69999999999999 83.25 89.30000000000001 87.11111111111111
85.77777777777777 66.8 81.875 88.5 87.0
85.22222222222223 66.5 82.625 88.9 87.44444444444444
85.88888888888889 65.9 83.625 88.5 87.77777777777777
84.55555555555556 67.3 82.25 89.7 88.33333333333333
86.22222222222223 68.6 82.75 89.39999999999999 89.22222222222221
84.88888888888889 67.9 84.5 89.2 88.11111111111111
85.22222222222223 66.19999999999999 83.625 89.5 89.0
85.22222222222223 67.8 83.625 89.1 87.22222222222223
84.77777777777777 65.8 83.375 89.7 88.11111111111111
85.55555555555556 68.0 85.5 90.1 88.88888888888889
85.77777777777777 68.6 85.75 90.6 88.0
85.88888888888889 69.8 86.75 90.6 89.44444444444444
86.11111111111111 69.9 85.625 90.1 89.66666666666667
86.0 68.1 85.75 89.5 88.55555555555556
85.66666666666667 68.3 86.625 90.30000000000001 88.33333333333333
86.66666666666667 69.6 86.875 90.5 89.77777777777777
86.33333333333333 70.9 86.875 90.6 90.22222222222221
85.55555555555556 70.4 86.375 90.0 88.11111111111111
87.0 71.1 87.625 90.39999999999999 89.33333333333333
86.66666666666667 72.9 87.375 91.0 89.33333333333333
86.33333333333333 72.1 87.5 90.80000000000001 90.22222222222221
85.77777777777777 69.2 85.375 90.80000000000001 88.88888888888889
86.33333333333333 71.9 86.5 91.0 88.55555555555556
85.22222222222223 70.7 88.625 90.30000000000001 89.44444444444444
86.22222222222223 69.9 86.625 89.89999999999999 88.77777777777777
