32935.000 -0.400 -0.400 0.347
32936.000 -0.400 -0.331 0.264
32937.000 -0.400 -0.262 0.496
32938.000 -0.400 -0.192 0.418
32939.000 -0.400 -0.123 0.120
32940.000 -0.400 -0.054 0.178
32941.000 -0.400 0.015 0.260
32942.000 -0.400 0.085 0.401
32943.000 -0.400 0.154 0.208
32944.000 -0.400 0.223 0.386
32945.000 -0.400 0.292 0.462
32946.000 -0.400 0.362 0.077
32947.000 -0.400 0.431 0.187
32948.000 -0.331 -0.400 0.357
32949.000 -0.331 -0.331 0.019
32950.000 -0.331 -0.262 0.296
32951.000 -0.331 -0.192 0.275
32952.000 -0.331 -0.123 0.113
32953.000 -0.331 -0.054 0.222
32954.000 -0.331 0.015 0.016
32955.000 -0.331 0.085 0.060
32956.000 -0.331 0.154 0.258
32957.000 -0.331 0.223 0.215
32958.000 -0.331 0.292 0.019
32959.000 -0.331 0.362 0.277
32960.000 -0.331 0.431 0.241
32961.000 -0.262 -0.400 0.187
32962.000 -0.262 -0.331 0.282
32963.000 -0.262 -0.262 0.242
32964.000 -0.262 -0.192 0.263
32965.000 -0.262 -0.123 0.399
32966.000 -0.262 -0.054 0.348
32967.000 -0.262 0.015 0.498
32968.000 -0.262 0.085 0.208
32969.000 -0.262 0.154 0.324
32970.000 -0.262 0.223 0.498
32971.000 -0.262 0.292 0.456
32972.000 -0.262 0.362 0.167
32973.000 -0.262 0.431 0.246
32974.000 -0.192 -0.400 0.159
32975.000 -0.192 -0.331 0.229
32976.000 -0.192 -0.262 0.388
32977.000 -0.192 -0.192 0.335
32978.000 -0.192 -0.123 0.376
32979.000 -0.192 -0.054 0.355
32980.000 -0.192 0.015 0.202
32981.000 -0.192 0.085 0.392
32982.000 -0.192 0.154 0.460
32983.000 -0.192 0.223 0.295
32984.000 -0.192 0.292 0.229
32985.000 -0.192 0.362 0.262
32986.000 -0.192 0.431 0.328
32987.000 -0.123 -0.400 0.346
32988.000 -0.123 -0.331 0.467
32989.000 -0.123 -0.262 0.022
32990.000 -0.123 -0.192 0.159
32991.000 -0.123 -0.123 0.398
32992.000 -0.123 -0.054 0.008
32993.000 -0.123 0.015 0.227
32994.000 -0.123 0.085 0.272
32995.000 -0.123 0.154 0.065
32996.000 -0.123 0.223 0.430
32997.000 -0.123 0.292 0.230
32998.000 -0.123 0.362 0.096
32999.000 -0.123 0.431 0.151
33000.000 -0.054 -0.331 0.333
33001.000 -0.054 -0.262 0.469
33002.000 -0.054 -0.192 0.342
33003.000 -0.054 -0.123 0.361
33004.000 -0.054 -0.054 0.229
33005.000 -0.054 0.015 0.100
33006.000 -0.054 0.085 0.254
33007.000 -0.054 0.154 0.261
33008.000 -0.054 0.223 0.166
33009.000 -0.054 0.292 0.163
33010.000 -0.054 0.362 0.177
33011.000 -0.054 0.431 0.299
33012.000 0.015 -0.400 0.421
33013.000 0.015 -0.331 0.488
33014.000 0.015 -0.262 0.476
33015.000 0.015 -0.192 0.085
33016.000 0.015 -0.123 0.259
33017.000 0.015 -0.054 0.288
33018.000 0.015 0.015 0.115
33019.000 0.015 0.085 0.098
33020.000 0.015 0.154 0.478
33021.000 0.015 0.223 0.483
33022.000 0.015 0.292 0.082
33023.000 0.015 0.362 0.180
33024.000 0.015 0.431 0.003
33025.000 0.085 -0.400 0.310
33026.000 0.085 -0.331 0.381
33027.000 0.085 -0.262 0.484
33028.000 0.085 -0.192 0.086
33029.000 0.085 -0.123 0.298
33030.000 0.085 -0.054 0.055
33031.000 0.085 0.015 0.237
33032.000 0.085 0.085 0.269
33033.000 0.085 0.154 0.401
33034.000 0.085 0.223 0.343
33035.000 0.085 0.292 0.398
33036.000 0.085 0.362 0.192
33037.000 0.085 0.431 0.393
33038.000 0.154 -0.400 0.333
33039.000 0.154 -0.331 0.312
33040.000 0.154 -0.262 0.351
33041.000 0.154 -0.192 0.101
33042.000 0.154 -0.123 0.148
33043.000 0.154 -0.054 0.207
33044.000 0.154 0.015 0.201
33045.000 0.154 0.085 0.351
33046.000 0.154 0.154 0.145
33047.000 0.154 0.223 0.276
33048.000 0.154 0.292 0.203
33049.000 0.154 0.362 0.094
33050.000 0.154 0.431 0.183
33051.000 0.223 -0.400 0.123
33052.000 0.223 -0.331 0.037
33053.000 0.223 -0.262 0.101
33054.000 0.223 -0.192 0.006
33055.000 0.223 -0.123 0.036
33056.000 0.223 -0.054 0.184
33057.000 0.223 0.015 0.384
33058.000 0.223 0.085 0.410
33059.000 0.223 0.154 0.405
33060.000 0.223 0.223 0.108
33061.000 0.223 0.292 0.212
33062.000 0.223 0.362 0.262
33063.000 0.223 0.431 0.230
33064.000 0.292 -0.400 0.164
33065.000 0.292 -0.331 0.204
33066.000 0.292 -0.262 0.066
33067.000 0.292 -0.192 0.423
33068.000 0.292 -0.123 0.420
33069.000 0.292 -0.054 0.365
33070.000 0.292 0.015 0.216
33071.000 0.292 0.085 0.226
33072.000 0.292 0.154 0.444
33073.000 0.292 0.223 0.006
33074.000 0.292 0.292 0.409
33075.000 0.292 0.362 0.167
33076.000 0.292 0.431 0.154
33077.000 0.362 -0.400 0.082
33078.000 0.362 -0.331 0.196
33079.000 0.362 -0.262 0.243
33080.000 0.362 -0.192 0.263
33081.000 0.362 -0.123 0.244
33082.000 0.362 -0.054 0.431
33083.000 0.362 0.015 0.104
33084.000 0.362 0.085 0.058
33085.000 0.362 0.154 0.093
33086.000 0.362 0.223 0.272
33087.000 0.362 0.292 0.054
33088.000 0.362 0.362 0.102
33089.000 0.362 0.431 0.343
33090.000 0.431 -0.400 0.241
33091.000 0.431 -0.331 0.421
33092.000 0.431 -0.262 0.493
33093.000 0.431 -0.192 0.125
33094.000 0.431 -0.123 0.400
33095.000 0.431 -0.054 0.326
33096.000 0.431 0.015 0.253
33097.000 0.431 0.085 0.275
33098.000 0.431 0.154 0.408
33099.000 0.431 0.223 0.164
33100.000 0.431 0.292 0.254
33101.000 0.431 0.362 0.249
33102.000 0.431 0.431 0.311
