0.002865329512893983 0.15239477503628449 0.06815020862308763 0.0 0.0014450867052023123
0.0 0.12917271407837447 0.04589707927677329 0.0 0.0014450867052023123
0.0 0.169811320754717 0.05006954102920723 0.001455604075691412 0.0
0.0 0.14368650217706821 0.04589707927677329 0.0 0.0
0.002865329512893983 0.1625544267053701 0.043115438108484005 0.0 0.0
0.0 0.1799709724238026 0.06258692628650904 0.0 0.0
0.0014326647564469916 0.15529753265602322 0.05702364394993046 0.0 0.0
0.0 0.14804063860667635 0.0584144645340751 0.002911208151382824 0.0
0.0 0.1669085631349782 0.061196105702364396 0.001455604075691412 0.0
0.004297994269340974 0.18142235123367198 0.041724617524339355 0.002911208151382824 0.0
0.0014326647564469916 0.15820029027576196 0.04728789986091794 0.0 0.0
0.0 0.17851959361393324 0.061196105702364396 0.001455604075691412 0.0
0.0014326647564469916 0.1320754716981132 0.048678720445062586 0.0 0.0
0.0 0.16110304789550073 0.055632823365785816 0.0 0.0
0.0014326647564469916 0.1567489114658926 0.054242002781641166 0.0 0.0
0.0014326647564469916 0.1669085631349782 0.06397774687065369 0.001455604075691412 0.0
0.0014326647564469916 0.12917271407837447 0.07371349095966621 0.0 0.0
0.0 0.17851959361393324 0.05285118219749652 0.0 0.0
0.004297994269340974 0.19448476052249639 0.06815020862308763 0.001455604075691412 0.0
0.0014326647564469916 0.12481857764876635 0.055632823365785816 0.0 0.0
0.0 0.12046444121915821 0.04589707927677329 0.002911208151382824 0.0
0.0 0.15239477503628449 0.05702364394993046 0.001455604075691412 0.0
0.0 0.13352685050798258 0.04728789986091794 0.001455604075691412 0.0
0.0014326647564469916 0.19303338171262702 0.07371349095966621 0.0 0.0
0.0014326647564469916 0.16110304789550073 0.06397774687065369 0.001455604075691412 0.0
0.0 0.15094339622641512 0.08484005563282336 0.001455604075691412 0.0
0.0014326647564469916 0.14078374455732945 0.05285118219749652 0.0 0.0
0.002865329512893983 0.15965166908563136 0.05980528511821975 0.001455604075691412 0.0
0.002865329512893983 0.13642960812772134 0.05146036161335188 0.001455604075691412 0.0
0.0014326647564469916 0.14658925979680695 0.05146036161335188 0.0 0.0
0.0 0.14368650217706821 0.04450625869262865 0.0 0.0
0.004297994269340974 0.12917271407837447 0.043115438108484005 0.0 0.0
0.0 0.1756168359941945 0.06397774687065369 0.0 0.0
0.0 0.14949201741654572 0.03894297635605007 0.0 0.0
0.002865329512893983 0.15965166908563136 0.05702364394993046 0.0 0.0
0.0014326647564469916 0.14513788098693758 0.06675938803894298 0.0 0.0
0.002865329512893983 0.14223512336719882 0.0584144645340751 0.0 0.0
0.0 0.08708272859216255 0.04589707927677329 0.0 0.0
0.0014326647564469916 0.15239477503628449 0.06397774687065369 0.0 0.0
0.0 0.1088534107402032 0.06815020862308763 0.0 0.0
0.0 0.1262699564586357 0.06397774687065369 0.0 0.0
0.0014326647564469916 0.15529753265602322 0.055632823365785816 0.0 0.0
0.0014326647564469916 0.10595065312046444 0.055632823365785816 0.0 0.0
0.0 0.13062409288824384 0.05702364394993046 0.002911208151382824 0.0
0.0 0.13352685050798258 0.05285118219749652 0.0 0.0
0.0 0.12481857764876635 0.04589707927677329 0.0 0.0
0.0 0.12917271407837447 0.041724617524339355 0.0 0.0
0.0 0.11320754716981132 0.043115438108484005 0.001455604075691412 0.0
0.0014326647564469916 0.12481857764876635 0.03477051460361614 0.0 0.0
0.0 0.12481857764876635 0.05980528511821975 0.0 0.0
0.0 0.1625544267053701 0.05146036161335188 0.0 0.0
0.002865329512893983 0.15384615384615385 0.06258692628650904 0.0 0.0
0.0014326647564469916 0.14804063860667635 0.041724617524339355 0.001455604075691412 0.0
0.0014326647564469916 0.16400580551523947 0.04728789986091794 0.0 0.0
0.002865329512893983 0.11756168359941944 0.054242002781641166 0.0 0.0
0.002865329512893983 0.10159651669085631 0.054242002781641166 0.0 0.0
0.0014326647564469916 0.15239477503628449 0.05285118219749652 0.0 0.0
0.0014326647564469916 0.12191582002902758 0.054242002781641166 0.0 0.0
0.002865329512893983 0.1378809869375907 0.05006954102920723 0.0 0.0
0.004297994269340974 0.10740203193033382 0.05980528511821975 0.0 0.0
0.0 0.11901306240928883 0.07093184979137691 0.0 0.0
0.0 0.12336719883889694 0.03894297635605007 0.0 0.0
0.0014326647564469916 0.12191582002902758 0.048678720445062586 0.0 0.0
0.002865329512893983 0.13497822931785197 0.055632823365785816 0.0 0.0
0.0 0.12046444121915821 0.0584144645340751 0.0 0.0
0.002865329512893983 0.11611030478955008 0.04728789986091794 0.001455604075691412 0.0
0.0 0.13352685050798258 0.05702364394993046 0.0 0.0
0.0014326647564469916 0.11175616835994194 0.05006954102920723 0.0 0.0
0.0 0.11175616835994194 0.05702364394993046 0.0 0.0
0.002865329512893983 0.12046444121915821 0.048678720445062586 0.0 0.0
0.0014326647564469916 0.10740203193033382 0.05702364394993046 0.0 0.0
0.0014326647564469916 0.11901306240928883 0.03616133518776078 0.0 0.0
0.0014326647564469916 0.1277213352685051 0.041724617524339355 0.0 0.0
0.0 0.11465892597968069 0.0584144645340751 0.0 0.0
0.0 0.11030478955007257 0.06258692628650904 0.001455604075691412 0.0
0.0014326647564469916 0.12481857764876635 0.04728789986091794 0.0 0.0
0.0 0.11175616835994194 0.031988873435326845 0.0 0.0
0.0 0.10595065312046444 0.0584144645340751 0.001455604075691412 0.0
0.0 0.1262699564586357 0.041724617524339355 0.0 0.0
0.002865329512893983 0.12046444121915821 0.06258692628650904 0.0 0.0
0.0 0.16400580551523947 0.04033379694019471 0.0 0.0
0.0014326647564469916 0.09724238026124819 0.05285118219749652 0.0 0.0
0.004297994269340974 0.10595065312046444 0.04450625869262865 0.001455604075691412 0.0
0.002865329512893983 0.10595065312046444 0.048678720445062586 0.0 0.0
0.0 0.14078374455732945 0.05006954102920723 0.0 0.0
0.0014326647564469916 0.12917271407837447 0.05006954102920723 0.0 0.0
0.0 0.12481857764876635 0.05146036161335188 0.0 0.0
0.0 0.11030478955007257 0.061196105702364396 0.0 0.0
0.002865329512893983 0.10595065312046444 0.043115438108484005 0.0 0.0
0.0 0.11465892597968069 0.054242002781641166 0.0 0.0
0.005730659025787966 0.10449927431059507 0.054242002781641166 0.001455604075691412 0.0
0.0014326647564469916 0.15820029027576196 0.05702364394993046 0.001455604075691412 0.0
0.0 0.11175616835994194 0.04450625869262865 0.0 0.0
0.002865329512893983 0.13933236574746008 0.054242002781641166 0.001455604075691412 0.0
0.002865329512893983 0.10014513788098695 0.03477051460361614 0.001455604075691412 0.0
0.0 0.11756168359941944 0.054242002781641166 0.0 0.0014450867052023123
0.0 0.11175616835994194 0.031988873435326845 0.0 0.0
0.0 0.14804063860667635 0.054242002781641166 0.0 0.0
0.002865329512893983 0.11030478955007257 0.04728789986091794 0.0 0.0
0.0 0.0899854862119013 0.04450625869262865 0.002911208151382824 0.0
0.0 0.1378809869375907 0.048678720445062586 0.002911208151382824 0.0
0.0 0.0 0.0 0.0 0.0
0.0 0.0 0.0 0.0 0.0
0.0 0.0 0.0 0.0 0.0
0.0 0.0 0.0 0.0 0.0
0.0 0.10449927431059507 0.031988873435326845 0.0 0.0
0.0 0.0 0.0 0.0 0.0
0.0 0.0 0.0 0.0 0.0
0.0 0.0 0.0 0.0 0.0
0.0014326647564469916 0.0 0.0 0.0 0.0
0.0 0.04499274310595065 0.14881780250347706 0.001455604075691412 0.0
0.0 0.0 0.0 0.0 0.0
0.0 0.0 0.0 0.0 0.0
0.0 0.0 0.0 0.0 0.0
0.0 0.0 0.0 0.0 0.0
0.002865329512893983 0.14513788098693758 0.06258692628650904 0.0 0.0
0.0 0.0 0.0 0.0 0.0
0.0 0.0 0.0 0.0 0.0
0.0 0.0 0.0 0.0 0.0
0.0014326647564469916 0.001451378809869376 0.0 0.0 0.0
0.0014326647564469916 0.02902757619738752 0.13351877607788595 0.002911208151382824 0.0
0.0 0.0 0.0 0.0 0.0
0.0 0.0 0.0 0.0 0.0
0.0 0.0 0.0 0.0 0.0
0.0 0.0 0.0 0.0 0.0
0.0 0.0 0.0 0.0 0.0
0.0 0.0 0.0 0.0 0.0014450867052023123
0.0 0.0 0.0 0.0 0.0
0.0 0.0 0.0 0.0 0.0
0.0 0.0 0.0 0.0 0.0
0.0 0.0 0.0 0.0 0.0
0.0 0.04644412191582003 0.12934631432545202 0.0 0.0
0.0 0.05224963715529753 0.17107093184979136 0.002911208151382824 0.0
0.0 0.03918722786647315 0.11821974965229486 0.001455604075691412 0.0
0.0014326647564469916 0.03918722786647315 0.1168289290681502 0.0 0.0
0.0 0.036284470246734396 0.16689847009735742 0.0 0.0
0.0 0.06386066763425255 0.14742698191933243 0.0 0.0
0.002865329512893983 0.04499274310595065 0.1543810848400556 0.0 0.0
0.0 0.04644412191582003 0.1752433936022253 0.002911208151382824 0.0
0.0014326647564469916 0.05370101596516691 0.16272600834492348 0.002911208151382824 0.0
0.0 0.05370101596516691 0.1933240611961057 0.0 0.0
0.0 0.04354136429608128 0.19749652294853964 0.001455604075691412 0.0
0.0 0.05224963715529753 0.1780250347705146 0.001455604075691412 0.0
0.0014326647564469916 0.04354136429608128 0.1933240611961057 0.0 0.0
0.0 0.059506531204644414 0.1780250347705146 0.002911208151382824 0.0
0.0 0.03773584905660378 0.22809457579972184 0.0 0.0
0.0014326647564469916 0.04354136429608128 0.19610570236439498 0.001455604075691412 0.0
0.0 0.05079825834542816 0.2517385257301808 0.002911208151382824 0.0
0.0 0.04644412191582003 0.25591098748261476 0.0 0.0
0.002865329512893983 0.06821480406386067 0.3045897079276773 0.0 0.0
0.0 0.04499274310595065 0.3101529902642559 0.004366812227074236 0.0
0.0014326647564469916 0.05660377358490566 0.35465924895688455 0.001455604075691412 0.0
0.0 0.04499274310595065 0.39916550764951325 0.001455604075691412 0.0
0.0 0.05079825834542816 0.36439499304589706 0.002911208151382824 0.0
0.0 0.05805515239477504 0.39360222531293465 0.002911208151382824 0.0
0.0 0.05370101596516691 0.40611961057023643 0.0 0.0
0.0 0.05370101596516691 0.4422809457579972 0.0 0.0
0.0 0.047895500725689405 0.4561891515994437 0.001455604075691412 0.0
0.0 0.05079825834542816 0.5382475660639777 0.0 0.0
0.0014326647564469916 0.04644412191582003 0.6091794158553546 0.001455604075691412 0.0
0.0014326647564469916 0.05660377358490566 0.5994436717663422 0.001455604075691412 0.0
0.0 0.06240928882438317 0.7162726008344924 0.001455604075691412 0.0
0.0 0.059506531204644414 0.7218358831710708 0.0 0.0
0.0 0.06821480406386067 0.827538247566064 0.001455604075691412 0.0
0.0014326647564469916 0.06966618287373004 0.8817802503477051 0.0 0.0
0.0 0.059506531204644414 0.9262865090403337 0.001455604075691412 0.0
0.0 0.07111756168359941 1.011126564673157 0.001455604075691412 0.0
0.0 0.055152394775036286 1.0139082058414466 0.0 0.0
0.0 0.04644412191582003 1.0500695410292071 0.001455604075691412 0.0
0.0 0.06386066763425255 1.0834492350486786 0.0 0.0
0.0 0.07982583454281568 1.2517385257301807 0.001455604075691412 0.0
0.0 0.059506531204644414 1.239221140472879 0.001455604075691412 0.0
0.0014326647564469916 0.0783744557329463 1.305980528511822 0.0 0.0
0.0 0.06676342525399129 1.3379694019471489 0.0 0.0
0.0 0.06240928882438317 1.458970792767733 0.001455604075691412 0.0
0.0 0.06240928882438317 1.4381084840055633 0.002911208151382824 0.0
0.0014326647564469916 0.06676342525399129 1.5020862308762168 0.0 0.0
0.0 0.06531204644412192 1.5382475660639778 0.001455604075691412 0.0
0.0 0.07982583454281568 1.7385257301808068 0.0 0.0014450867052023123
0.0 0.0841799709724238 1.788595271210014 0.001455604075691412 0.0
0.002865329512893983 0.06240928882438317 1.827538247566064 0.001455604075691412 0.0
0.0014326647564469916 0.08563134978229318 2.0139082058414464 0.0 0.0
0.0014326647564469916 0.08127721335268505 2.0834492350486786 0.001455604075691412 0.0
0.0 0.08272859216255442 2.0556328233657855 0.005822416302765648 0.0
0.0 0.12046444121915821 2.3087621696801115 0.00727802037845706 0.0
0.0 0.0899854862119013 2.3157162726008345 0.0 0.0
0.0 0.11175616835994194 2.4742698191933243 0.0 0.0
0.0 0.11030478955007257 2.600834492350487 0.004366812227074236 0.0
0.0 0.1262699564586357 2.650904033379694 0.0 0.0
0.0 0.14223512336719882 2.8025034770514603 0.002911208151382824 0.0
0.0 0.12046444121915821 2.898470097357441 0.0 0.0
0.0014326647564469916 0.16110304789550073 3.1502086230876216 0.001455604075691412 0.0
0.0014326647564469916 0.12046444121915821 3.089012517385257 0.001455604075691412 0.0
0.0 0.1378809869375907 3.119610570236439 0.001455604075691412 0.0
0.0014326647564469916 0.1625544267053701 3.33240611961057 0.001455604075691412 0.0
0.0 0.17271407837445574 3.4770514603616136 0.0 0.0
0.0 0.19158200290275762 3.7357440890125173 0.001455604075691412 0.0
0.0014326647564469916 0.19158200290275762 3.8358831710709316 0.0 0.0
0.0014326647564469916 0.2220609579100145 4.068150208623088 0.002911208151382824 0.0
0.002865329512893983 0.22931785195936139 4.069541029207232 0.001455604075691412 0.0014450867052023123
0.0014326647564469916 0.2351233671988389 4.275382475660639 0.002911208151382824 0.0
0.0 0.23947750362844702 4.310152990264256 0.001455604075691412 0.0
0.0 0.24092888243831642 4.344923504867872 0.0 0.0
0.0 0.24818577648766327 4.5577190542420025 0.002911208151382824 0.0
0.0 0.2539912917271408 4.564673157162726 0.0 0.0
0.0 0.2554426705370102 4.7093184979137686 0.0 0.0
0.0 0.24383164005805516 4.965229485396383 0.0 0.0
0.0 0.29172714078374457 5.11961057023644 0.0 0.0
0.0 0.28447024673439764 5.2364394993045895 0.001455604075691412 0.0
0.0 0.32365747460087085 5.5034770514603615 0.001455604075691412 0.0
0.0014326647564469916 0.33526850507982586 5.635605006954103 0.0 0.0
0.0 0.3483309143686502 5.945757997218359 0.002911208151382824 0.0
0.0014326647564469916 0.35413642960812775 6.033379694019471 0.002911208151382824 0.0
0.0 0.36139332365747456 6.190542420027817 0.002911208151382824 0.0
0.0014326647564469916 0.3555878084179971 6.294853963838665 0.0 0.0
0.0 0.41364296081277213 6.610570236439499 0.001455604075691412 0.0
0.0 0.41944847605224966 6.771905424200278 0.001455604075691412 0.0
0.0 0.43831640058055155 6.96105702364395 0.0 0.0
0.0 0.4629898403483309 7.105702364394992 0.0 0.0
0.0 0.48185776487663284 7.524339360222531 0.001455604075691412 0.0
0.0014326647564469916 0.5094339622641509 7.648122392211405 0.0 0.0
0.0014326647564469916 0.5297532656023223 7.997218358831711 0.0 0.0
0.0 0.5384615384615384 8.169680111265647 0.0 0.0
0.0 0.5703918722786647 8.554937413073713 0.0 0.0
0.0014326647564469916 0.6197387518142236 8.849791376912378 0.004366812227074236 0.0
0.0 0.5979680696661829 8.858136300417245 0.0 0.0
0.0014326647564469916 0.6705370101596517 9.21279554937413 0.0 0.0
0.002865329512893983 0.6661828737300436 9.261474269819194 0.001455604075691412 0.0
0.0 0.7184325108853411 9.738525730180806 0.0 0.0
0.0 0.7213352685050799 9.642559109874826 0.001455604075691412 0.0
