0.002865329512893983 0.13933236574746008 0.07093184979137691 0.0 0.0007225433526011561
0.0 0.13570391872278667 0.04659248956884562 0.000727802037845706 0.0007225433526011561
0.0007163323782234958 0.1516690856313498 0.04937413073713491 0.000727802037845706 0.0
0.0 0.14078374455732945 0.04242002781641168 0.0 0.0
0.002865329512893983 0.15529753265602322 0.054242002781641166 0.0 0.0
0.0014326647564469916 0.17198838896952104 0.050764951321279554 0.0 0.0
0.0007163323782234958 0.1516690856313498 0.05702364394993046 0.000727802037845706 0.0
0.002148997134670487 0.17851959361393324 0.05702364394993046 0.002183406113537118 0.0
0.0014326647564469916 0.17126269956458637 0.06536856745479834 0.000727802037845706 0.0
0.002148997134670487 0.18940493468795355 0.04589707927677329 0.001455604075691412 0.0
0.002148997134670487 0.17851959361393324 0.06189151599443672 0.0 0.0
0.0 0.19521044992743106 0.0584144645340751 0.001455604075691412 0.0
0.0014326647564469916 0.15384615384615385 0.057719054242002785 0.0 0.0
0.0014326647564469916 0.18214804063860668 0.0521557719054242 0.0 0.0
0.0014326647564469916 0.18867924528301885 0.06606397774687066 0.0 0.0
0.002865329512893983 0.18940493468795355 0.07093184979137691 0.000727802037845706 0.0
0.0007163323782234958 0.1502177068214804 0.07093184979137691 0.0 0.0
0.0014326647564469916 0.21625544267053703 0.056328233657858134 0.0 0.0
0.0035816618911174787 0.23294629898403485 0.07093184979137691 0.001455604075691412 0.0
0.0007163323782234958 0.18069666182873728 0.06328233657858137 0.0 0.0
0.0 0.17053701015965167 0.05702364394993046 0.001455604075691412 0.0
0.0014326647564469916 0.18650217706821481 0.05980528511821975 0.000727802037845706 0.0
0.0007163323782234958 0.1690856313497823 0.050764951321279554 0.000727802037845706 0.0
0.0007163323782234958 0.23004354136429608 0.07927677329624477 0.0 0.0
0.002148997134670487 0.20609579100145137 0.06467315716272601 0.001455604075691412 0.0
0.0007163323782234958 0.20319303338171263 0.08136300417246174 0.001455604075691412 0.0
0.002148997134670487 0.19303338171262702 0.055632823365785816 0.0 0.0
0.002865329512893983 0.22423802612481858 0.06258692628650904 0.000727802037845706 0.0
0.002865329512893983 0.19593613933236576 0.06258692628650904 0.000727802037845706 0.0
0.0014326647564469916 0.21190130624092887 0.06536856745479834 0.0 0.0
0.0007163323782234958 0.19448476052249639 0.057719054242002785 0.0 0.0
0.002865329512893983 0.20827285921625546 0.06258692628650904 0.0 0.0
0.0014326647564469916 0.24310595065312046 0.07093184979137691 0.0 0.0
0.0007163323782234958 0.22568940493468795 0.0584144645340751 0.0 0.0
0.002148997134670487 0.23439767779390422 0.06467315716272601 0.000727802037845706 0.0
0.0014326647564469916 0.251088534107402 0.07579972183588318 0.0 0.0007225433526011561
0.0014326647564469916 0.22423802612481858 0.07093184979137691 0.0 0.0
0.0 0.20246734397677793 0.06675938803894298 0.001455604075691412 0.0
0.002148997134670487 0.2358490566037736 0.0799721835883171 0.000727802037845706 0.0
0.0 0.2169811320754717 0.0771905424200278 0.0 0.0
0.0007163323782234958 0.23076923076923075 0.0702364394993046 0.001455604075691412 0.0
0.0014326647564469916 0.26995645863570394 0.06328233657858137 0.000727802037845706 0.0
0.0014326647564469916 0.24746008708272857 0.07232267037552156 0.0 0.0
0.0 0.26052249637155295 0.06675938803894298 0.001455604075691412 0.0
0.0007163323782234958 0.262699564586357 0.07093184979137691 0.000727802037845706 0.0
0.0 0.26560232220609575 0.07162726008344925 0.0 0.0
0.0007163323782234958 0.27213352685050796 0.05980528511821975 0.000727802037845706 0.0007225433526011561
0.0007163323782234958 0.2888243831640058 0.06606397774687066 0.001455604075691412 0.0
0.0007163323782234958 0.29100145137880984 0.056328233657858134 0.0 0.0
0.0014326647564469916 0.2764876632801161 0.07579972183588318 0.0 0.0
0.0 0.32801161103047893 0.07927677329624477 0.000727802037845706 0.0
0.0014326647564469916 0.3178519593613933 0.0799721835883171 0.000727802037845706 0.0007225433526011561
0.0014326647564469916 0.3374455732946299 0.0764951321279555 0.000727802037845706 0.0
0.0007163323782234958 0.3519593613933237 0.07858136300417246 0.0 0.0
0.0014326647564469916 0.3207547169811321 0.0771905424200278 0.0 0.0
0.002865329512893983 0.3127721335268505 0.09040333796940195 0.0 0.0
0.0014326647564469916 0.36937590711175616 0.0890125173852573 0.0 0.0007225433526011561
0.0014326647564469916 0.3265602322206096 0.07510431154381085 0.0 0.0
0.002148997134670487 0.3439767779390421 0.0764951321279555 0.000727802037845706 0.0
0.004297994269340974 0.3454281567489115 0.08553546592489568 0.0 0.0
0.0014326647564469916 0.36719883889695215 0.09596662030598052 0.0 0.0
0.0 0.41291727140783746 0.08414464534075104 0.0 0.0
0.0007163323782234958 0.36792452830188677 0.08623087621696801 0.0 0.0
0.002148997134670487 0.4085631349782293 0.07927677329624477 0.000727802037845706 0.0
0.0 0.4100145137880987 0.08553546592489568 0.0 0.0
0.0014326647564469916 0.40711175616835993 0.08414464534075104 0.000727802037845706 0.0
0.0014326647564469916 0.4375907111756168 0.09318497913769123 0.0 0.0
0.0007163323782234958 0.441944847605225 0.08484005563282336 0.0 0.0
0.0014326647564469916 0.4281567489114659 0.0952712100139082 0.0 0.0
0.002148997134670487 0.44847605224963716 0.08553546592489568 0.000727802037845706 0.0
0.0014326647564469916 0.4796806966618287 0.10292072322670376 0.0 0.0
0.0007163323782234958 0.488388969521045 0.09040333796940195 0.0 0.0
0.0007163323782234958 0.5079825834542816 0.09179415855354658 0.0 0.0
0.0007163323782234958 0.534833091436865 0.1168289290681502 0.0 0.0
0.0007163323782234958 0.5333817126269957 0.12169680111265647 0.000727802037845706 0.0
0.0014326647564469916 0.5312046444121915 0.10987482614742698 0.002183406113537118 0.0
0.0 0.5 0.09318497913769123 0.000727802037845706 0.0
0.0007163323782234958 0.530478955007257 0.12100139082058414 0.000727802037845706 0.0
0.0007163323782234958 0.5653120464441219 0.11265646731571627 0.0 0.0
0.002148997134670487 0.576923076923077 0.12169680111265647 0.0 0.0
0.0007163323782234958 0.6596516690856313 0.1168289290681502 0.001455604075691412 0.0
0.0014326647564469916 0.5718432510885342 0.12100139082058414 0.0 0.0
0.002865329512893983 0.5943396226415094 0.12447844228094575 0.002183406113537118 0.0
0.0014326647564469916 0.5878084179970973 0.12100139082058414 0.0 0.0
0.0 0.6523947750362844 0.12795549374130738 0.0 0.0
0.0014326647564469916 0.6545718432510885 0.1286509040333797 0.000727802037845706 0.0
0.0014326647564469916 0.6444121915820029 0.12934631432545202 0.0 0.0
0.0007163323782234958 0.6480406386066764 0.14394993045897078 0.000727802037845706 0.0
0.002148997134670487 0.6719883889695211 0.1356050069541029 0.0 0.0
0.0 0.6879535558780842 0.13490959666203062 0.0 0.0
0.0035816618911174787 0.7387518142235123 0.14394993045897078 0.000727802037845706 0.0
0.0014326647564469916 0.7873730043541365 0.13908205841446455 0.002183406113537118 0.0
0.0014326647564469916 0.7830188679245282 0.14394993045897078 0.0 0.0
0.0035816618911174787 0.8055152394775036 0.1571627260083449 0.001455604075691412 0.0
0.0014326647564469916 0.7873730043541365 0.15229485396383866 0.001455604075691412 0.0
0.0 0.8047895500725689 0.16272600834492348 0.0 0.0007225433526011561
0.0007163323782234958 0.8410740203193033 0.15368567454798332 0.0 0.0
0.0014326647564469916 0.9150943396226415 0.18428372739916551 0.000727802037845706 0.0
0.002865329512893983 0.8962264150943396 0.1620305980528512 0.0 0.0
0.0 0.843976777939042 0.17315716272600834 0.001455604075691412 0.0
0.0014326647564469916 0.9339622641509434 0.17107093184979136 0.001455604075691412 0.0
0.0 0.0834542815674891 0.006258692628650904 0.0 0.0
0.0 0.07547169811320756 0.0027816411682892906 0.0 0.0
0.0 0.08563134978229318 0.010431154381084839 0.0 0.0
0.0007163323782234958 0.07402031930333818 0.009735744089012517 0.0 0.0
0.0014326647564469916 0.893323657474601 0.1564673157162726 0.0 0.0
0.0 0.07111756168359941 0.014603616133518776 0.0 0.0
0.0 0.0783744557329463 0.0076495132127955496 0.0 0.0
0.0 0.0660377358490566 0.004172461752433936 0.0 0.0
0.0007163323782234958 0.0849056603773585 0.008344923504867872 0.0 0.0
0.0014326647564469916 0.6995645863570391 0.2712100139082058 0.001455604075691412 0.0
0.0 0.07329462989840348 0.009735744089012517 0.0 0.0
0.0 0.08780841799709725 0.005563282336578581 0.0 0.0
0.0 0.0841799709724238 0.0034770514603616135 0.0 0.0
0.0 0.07329462989840348 0.0076495132127955496 0.0 0.0
0.002148997134670487 0.9346879535558781 0.17941585535465923 0.0 0.0
0.0 0.07982583454281568 0.010431154381084839 0.0 0.0
0.0 0.07692307692307693 0.004867872044506259 0.0 0.0
0.0 0.06531204644412192 0.004867872044506259 0.0 0.0
0.0007163323782234958 0.07256894049346879 0.011126564673157162 0.0 0.0
0.0007163323782234958 0.683599419448476 0.2670375521557719 0.002183406113537118 0.0
0.0 0.07619738751814224 0.009040333796940195 0.0 0.0
0.0 0.06821480406386067 0.004867872044506259 0.0 0.0
0.0 0.07982583454281568 0.006954102920723227 0.0 0.0
0.0 0.07692307692307693 0.008344923504867872 0.0 0.0
0.0 0.08055152394775036 0.006954102920723227 0.0 0.0
0.0 0.06748911465892599 0.0076495132127955496 0.0 0.0007225433526011561
0.0 0.07910014513788098 0.004172461752433936 0.0 0.0
0.0 0.07039187227866472 0.008344923504867872 0.0 0.0
0.0 0.060232220609579105 0.010431154381084839 0.0 0.0
0.0 0.0660377358490566 0.006954102920723227 0.0 0.0
0.0 0.690856313497823 0.2809457579972184 0.0 0.0
0.0 0.714078374455733 0.28929068150208626 0.002183406113537118 0.0
0.0 0.6828737300435413 0.25104311543810853 0.001455604075691412 0.0
0.0007163323782234958 0.6647314949201741 0.26286509040333794 0.0 0.0
0.0 0.6690856313497823 0.2795549374130737 0.000727802037845706 0.0
0.0 0.7010159651669086 0.26008344923504867 0.0 0.0
0.0014326647564469916 0.6966618287373004 0.27746870653685674 0.0 0.0
0.0 0.6981132075471698 0.29276773296244785 0.001455604075691412 0.0
0.0007163323782234958 0.7104499274310595 0.2983310152990264 0.002911208151382824 0.0
0.0007163323782234958 0.6821480406386067 0.30806675938803896 0.0 0.0007225433526011561
0.0 0.7053701015965167 0.30250347705146036 0.000727802037845706 0.0
0.0 0.6850507982583455 0.2726008344923505 0.000727802037845706 0.0007225433526011561
0.0007163323782234958 0.6502177068214804 0.30250347705146036 0.000727802037845706 0.0
0.0 0.714078374455733 0.28025034770514606 0.002183406113537118 0.0
0.0 0.6995645863570391 0.31084840055632823 0.000727802037845706 0.0007225433526011561
0.0007163323782234958 0.6574746008708273 0.28720445062586925 0.001455604075691412 0.0
0.0 0.6632801161103048 0.32962447844228093 0.002183406113537118 0.0
0.0 0.6574746008708273 0.34075104311543813 0.000727802037845706 0.0
0.0014326647564469916 0.6857764876632801 0.34144645340751045 0.0 0.0
0.0 0.6560232220609579 0.3386648122392212 0.002183406113537118 0.0
0.0007163323782234958 0.6509433962264152 0.3769123783031989 0.002183406113537118 0.0
0.0 0.6799709724238027 0.3963838664812239 0.001455604075691412 0.0
0.0007163323782234958 0.669811320754717 0.3532684283727399 0.001455604075691412 0.0
0.0007163323782234958 0.6552975326560232 0.3838664812239221 0.001455604075691412 0.0
0.0 0.6661828737300436 0.3838664812239221 0.0 0.0
0.0 0.6901306240928882 0.4075104311543811 0.001455604075691412 0.0
0.0 0.6719883889695211 0.4242002781641168 0.000727802037845706 0.0
0.0007163323782234958 0.6632801161103048 0.46314325452016686 0.002183406113537118 0.0
0.0007163323782234958 0.6618287373004353 0.48400556328233657 0.000727802037845706 0.0
0.0007163323782234958 0.6705370101596517 0.4721835883171071 0.000727802037845706 0.0
0.0 0.6661828737300436 0.541029207232267 0.000727802037845706 0.0
0.0014326647564469916 0.6328011611030478 0.5146036161335188 0.000727802037845706 0.0007225433526011561
0.0 0.6661828737300436 0.6036161335187761 0.001455604075691412 0.0
0.0007163323782234958 0.6640058055152395 0.6223922114047288 0.000727802037845706 0.0
0.0 0.6756168359941945 0.6376912378303199 0.000727802037845706 0.0
0.0 0.6625544267053701 0.680806675938804 0.001455604075691412 0.0
0.0 0.6669085631349783 0.6891515994436718 0.001455604075691412 0.0
0.0 0.6552975326560232 0.6835883171070931 0.000727802037845706 0.0
0.0 0.6582002902757619 0.7107093184979139 0.0 0.0007225433526011561
0.0 0.6502177068214804 0.786509040333797 0.000727802037845706 0.0
0.0007163323782234958 0.6436865021770682 0.7788595271210014 0.000727802037845706 0.0
0.0007163323782234958 0.6364296081277213 0.8157162726008345 0.000727802037845706 0.0
0.0 0.6436865021770682 0.8296244784422809 0.001455604075691412 0.0
0.0 0.6647314949201741 0.8970792767732962 0.001455604075691412 0.0
0.0 0.6168359941944848 0.8845618915159944 0.002911208151382824 0.0
0.0007163323782234958 0.6284470246734398 0.9033379694019471 0.001455604075691412 0.0
0.0 0.6451378809869377 0.9297635605006954 0.001455604075691412 0.0
0.0007163323782234958 0.6335268505079825 1.0166898470097356 0.002183406113537118 0.0007225433526011561
0.0 0.6509433962264152 1.0646731571627261 0.001455604075691412 0.0
0.0014326647564469916 0.6124818577648766 1.0514603616133518 0.001455604075691412 0.0
0.0007163323782234958 0.6335268505079825 1.1578581363004172 0.0 0.0
0.0007163323782234958 0.6306240928882438 1.1752433936022253 0.000727802037845706 0.0
0.0 0.6436865021770682 1.1821974965229485 0.002911208151382824 0.0
0.0007163323782234958 0.6712626995645863 1.3129346314325452 0.005094614264919942 0.0
0.0 0.6175616835994194 1.2962447844228095 0.000727802037845706 0.0
0.0007163323782234958 0.6690856313497823 1.3880389429763562 0.0 0.0
0.0 0.634978229317852 1.4422809457579973 0.002911208151382824 0.0
0.0007163323782234958 0.6560232220609579 1.4645340751043117 0.0 0.0007225433526011561
0.0 0.6574746008708273 1.5347705146036161 0.001455604075691412 0.0
0.0 0.6378809869375908 1.5890125173852574 0.0 0.0
0.0014326647564469916 0.6821480406386067 1.7100139082058414 0.000727802037845706 0.0
0.0007163323782234958 0.6473149492017417 1.6808066759388038 0.002911208151382824 0.0
0.0014326647564469916 0.6386066763425254 1.6780250347705148 0.002183406113537118 0.0
0.0007163323782234958 0.6262699564586357 1.8004172461752432 0.002183406113537118 0.0
0.0 0.6625544267053701 1.8650904033379694 0.0 0.0
0.0 0.6857764876632801 2.013212795549374 0.000727802037845706 0.0
0.0007163323782234958 0.6669085631349783 2.0493741307371347 0.0 0.0
0.0014326647564469916 0.6952104499274311 2.166203059805285 0.002183406113537118 0.0
0.002148997134670487 0.7075471698113207 2.1474269819193323 0.000727802037845706 0.0007225433526011561
0.0007163323782234958 0.6966618287373004 2.278164116828929 0.001455604075691412 0.0
0.0 0.6966618287373004 2.277468706536857 0.000727802037845706 0.0
0.0 0.679245283018868 2.292072322670376 0.000727802037845706 0.0
0.0 0.6857764876632801 2.3894297635605004 0.001455604075691412 0.0
0.0 0.6719883889695211 2.3970792767732965 0.0 0.0
0.0 0.6734397677793904 2.4742698191933243 0.0 0.0
0.0 0.6959361393323658 2.59874826147427 0.001455604075691412 0.0
0.0 0.6988388969521045 2.6696801112656465 0.0 0.0
0.0 0.6879535558780842 2.72461752433936 0.002183406113537118 0.0
0.0007163323782234958 0.6959361393323658 2.872739916550765 0.000727802037845706 0.0
0.002148997134670487 0.7126269956458635 2.9269819193324063 0.000727802037845706 0.0
0.0 0.7191582002902758 3.0959666203059806 0.002911208151382824 0.0
0.0007163323782234958 0.7256894049346879 3.118915159944367 0.001455604075691412 0.0
0.0 0.7126269956458635 3.2093184979137694 0.002183406113537118 0.0
0.0007163323782234958 0.6995645863570391 3.246175243393602 0.0 0.0
0.0007163323782234958 0.7322206095791001 3.41307371349096 0.002183406113537118 0.0
0.0007163323782234958 0.7155297532656023 3.499304589707928 0.001455604075691412 0.0
0.0014326647564469916 0.741654571843251 3.577190542420028 0.000727802037845706 0.0
0.0007163323782234958 0.7670537010159652 3.648817802503477 0.0 0.0
0.0 0.7692307692307693 3.8609179415855355 0.000727802037845706 0.0007225433526011561
0.0007163323782234958 0.7714078374455733 3.9165507649513214 0.000727802037845706 0.0
0.0007163323782234958 0.7568940493468794 4.0938803894297635 0.0 0.0
0.0 0.7460087082728593 4.17663421418637 0.000727802037845706 0.0
0.0 0.7750362844702468 4.366481223922114 0.000727802037845706 0.0
0.0014326647564469916 0.7888243831640057 4.518776077885953 0.00363901018922853 0.0
0.0007163323782234958 0.7641509433962264 4.525034770514603 0.000727802037845706 0.0007225433526011561
0.0014326647564469916 0.8432510885341074 4.700973574408901 0.0 0.0
0.0014326647564469916 0.793178519593614 4.7183588317107095 0.000727802037845706 0.0
0.0 0.8323657474600871 4.9603616133518775 0.000727802037845706 0.0
0.0007163323782234958 0.8555878084179971 4.916550764951322 0.001455604075691412 0.0
