83.66666666666667 80.5 83.5 85.1 85.33333333333333
84.33333333333333 81.10000000000001 81.625 84.7 85.66666666666667
83.55555555555554 82.10000000000001 83.625 84.3 85.66666666666667
83.55555555555554 81.10000000000001 82.25 84.7 86.22222222222223
83.55555555555554 80.4 82.875 85.4 86.0
83.0 80.69999999999999 82.0 84.7 84.77777777777777
85.0 82.0 82.0 85.3 85.11111111111111
84.66666666666667 81.3 83.75 85.2 85.22222222222223
84.77777777777777 82.10000000000001 83.125 86.0 85.66666666666667
83.11111111111111 80.9 83.25 84.8 85.11111111111111
84.44444444444444 81.3 83.625 84.3 86.33333333333333
84.77777777777777 82.0 82.125 85.4 84.55555555555556
84.11111111111111 81.0 82.0 86.0 85.88888888888889
83.88888888888889 81.3 82.5 85.5 84.66666666666667
85.11111111111111 82.5 83.0 85.0 86.44444444444444
83.77777777777779 81.5 82.75 84.0 85.0
84.33333333333333 80.8 82.375 84.5 84.22222222222223
84.33333333333333 81.60000000000001 82.625 85.3 85.44444444444444
83.33333333333333 81.0 82.75 84.3 85.22222222222223
83.77777777777779 81.19999999999999 82.5 85.0 85.55555555555556
84.11111111111111 81.10000000000001 83.125 85.2 85.22222222222223
85.22222222222223 81.9 83.125 85.9 84.44444444444444
83.22222222222223 81.60000000000001 83.25 85.7 84.66666666666667
84.0 81.9 83.5 84.8 85.55555555555556
84.44444444444444 80.8 83.75 84.4 85.0
85.22222222222223 80.4 82.375 86.4 86.33333333333333
83.55555555555554 79.5 81.25 85.0 84.66666666666667
83.44444444444444 80.60000000000001 82.75 84.6 85.33333333333333
84.44444444444444 80.60000000000001 82.5 85.5 85.66666666666667
84.44444444444444 80.3 82.75 85.3 86.77777777777777
83.22222222222223 81.4 82.625 84.6 84.44444444444444
83.88888888888889 80.8 82.75 85.0 86.77777777777777
83.33333333333333 81.0 83.25 85.2 84.66666666666667
83.22222222222223 79.9 82.375 84.6 84.0
83.77777777777779 80.5 82.625 84.2 85.33333333333333
82.88888888888889 80.4 81.875 85.4 85.11111111111111
83.55555555555554 79.2 82.0 83.5 84.66666666666667
83.77777777777779 80.69999999999999 82.125 84.7 85.22222222222223
84.55555555555556 81.5 83.375 85.7 85.55555555555556
84.77777777777777 79.69999999999999 83.25 84.8 85.33333333333333
83.77777777777779 81.0 82.25 85.4 84.55555555555556
83.66666666666667 79.8 82.5 85.1 86.0
84.22222222222223 80.0 82.125 84.9 84.88888888888889
83.66666666666667 79.5 82.375 85.4 85.22222222222223
84.88888888888889 80.0 82.25 84.9 85.44444444444444
84.55555555555556 79.9 82.125 84.5 84.33333333333333
84.66666666666667 78.2 81.25 84.0 84.88888888888889
82.77777777777779 78.60000000000001 81.125 84.0 83.66666666666667
83.22222222222223 79.5 81.125 83.7 84.66666666666667
84.33333333333333 79.9 82.375 85.2 85.77777777777777
84.0 80.8 83.25 86.0 85.66666666666667
83.66666666666667 78.10000000000001 80.875 84.3 84.77777777777777
83.55555555555554 79.3 81.5 85.1 85.55555555555556
84.44444444444444 78.60000000000001 82.25 85.9 85.22222222222223
83.0 79.10000000000001 82.125 85.2 84.88888888888889
83.55555555555554 78.89999999999999 82.25 85.7 85.66666666666667
83.88888888888889 78.0 82.125 84.3 85.33333333333333
82.33333333333333 78.2 82.125 85.1 84.11111111111111
84.11111111111111 79.0 82.375 84.7 84.66666666666667
83.77777777777779 77.39999999999999 80.5 84.6 85.22222222222223
85.0 78.3 81.625 85.8 84.66666666666667
83.88888888888889 77.7 81.875 85.1 84.55555555555556
84.33333333333333 77.3 80.375 84.7 84.77777777777777
82.77777777777779 77.8 81.625 84.0 84.44444444444444
83.44444444444444 76.6 82.0 84.9 84.44444444444444
84.11111111111111 76.30000000000001 82.25 85.2 85.44444444444444
83.66666666666667 75.7 81.75 84.2 84.88888888888889
84.88888888888889 75.30000000000001 81.125 85.1 86.22222222222223
84.33333333333333 75.5 80.125 84.1 84.11111111111111
82.22222222222223 73.80000000000001 80.25 84.2 83.66666666666667
83.55555555555554 75.0 80.5 84.6 83.88888888888889
83.88888888888889 76.2 82.375 85.4 85.88888888888889
84.11111111111111 75.0 81.125 84.8 85.22222222222223
83.88888888888889 73.2 80.0 85.3 84.33333333333333
83.44444444444444 72.3 80.375 84.9 85.11111111111111
84.22222222222223 74.5 81.0 85.6 86.0
83.44444444444444 73.0 80.5 84.7 85.44444444444444
83.88888888888889 72.4 80.75 85.3 86.0
82.77777777777779 72.1 80.0 85.5 85.33333333333333
83.77777777777779 72.6 80.25 85.1 84.77777777777777
84.11111111111111 72.0 79.875 84.1 85.11111111111111
83.0 71.8 79.125 84.0 84.55555555555556
83.55555555555554 70.7 79.625 85.9 86.22222222222223
83.22222222222223 70.5 78.25 84.7 84.33333333333333
83.77777777777779 69.7 78.875 85.4 85.77777777777777
83.88888888888889 70.9 78.875 84.5 84.77777777777777
83.66666666666667 70.0 80.625 86.1 85.66666666666667
83.77777777777779 68.6 78.75 85.2 85.66666666666667
83.77777777777779 69.3 78.0 85.1 86.11111111111111
84.88888888888889 67.8 77.5 85.5 86.0
83.88888888888889 67.8 79.875 86.1 85.0
82.44444444444444 65.8 77.875 83.9 84.66666666666667
84.0 66.9 79.25 85.5 84.33333333333333
83.66666666666667 64.4 76.625 85.1 85.66666666666667
83.33333333333333 66.69999999999999 77.0 85.6 85.11111111111111
83.22222222222223 65.9 78.0 85.8 85.77777777777777
83.11111111111111 64.4 76.75 84.5 85.0
83.44444444444444 63.6 77.5 85.2 84.22222222222223
85.0 64.60000000000001 77.0 86.2 85.66666666666667
83.77777777777779 63.5 77.25 85.4 85.11111111111111
84.11111111111111 61.400000000000006 76.125 85.0 85.0
81.33333333333333 80.5 82.125 82.5 82.44444444444444
81.0 80.69999999999999 81.375 80.60000000000001 81.1111111111111
80.33333333333334 81.4 81.125 81.60000000000001 81.22222222222223
80.77777777777779 80.8 81.875 80.8 81.22222222222223
84.77777777777777 64.60000000000001 77.875 85.5 86.0
80.55555555555556 80.3 80.625 80.3 81.1111111111111
81.0 80.4 80.875 81.69999999999999 82.33333333333333
81.88888888888889 80.5 83.0 81.69999999999999 81.77777777777779
81.33333333333333 81.4 82.0 82.9 81.77777777777779
82.66666666666667 68.3 75.0 85.7 85.33333333333333
80.55555555555556 81.10000000000001 80.75 81.8 81.55555555555556
80.66666666666666 80.19999999999999 81.375 82.0 80.77777777777779
81.88888888888889 81.69999999999999 81.75 81.5 81.55555555555556
80.55555555555556 81.5 81.625 81.4 81.33333333333333
83.11111111111111 60.8 76.875 84.0 85.0
81.66666666666667 82.10000000000001 83.25 80.19999999999999 83.0
81.22222222222223 81.10000000000001 81.375 82.10000000000001 81.44444444444444
80.55555555555556 81.8 81.25 80.9 81.33333333333333
81.44444444444444 80.8 81.0 80.69999999999999 82.44444444444444
82.77777777777779 66.3 75.625 85.9 86.77777777777777
81.44444444444444 81.4 81.25 81.8 82.0
82.1111111111111 80.4 81.625 82.3 82.33333333333333
81.55555555555556 80.69999999999999 82.375 81.0 81.22222222222223
81.1111111111111 81.60000000000001 81.375 82.0 81.77777777777779
80.33333333333334 80.3 80.25 81.0 80.44444444444444
82.1111111111111 82.0 81.5 83.3 82.0
81.33333333333333 82.19999999999999 80.125 81.8 81.77777777777779
81.66666666666667 81.8 82.625 81.8 81.77777777777779
81.0 80.8 80.875 82.19999999999999 81.66666666666667
82.1111111111111 82.60000000000001 82.5 80.9 80.66666666666666
83.0 68.2 75.5 86.1 86.44444444444444
83.77777777777779 67.4 76.125 86.1 85.55555555555556
82.66666666666667 68.7 74.875 84.9 84.11111111111111
83.11111111111111 68.6 75.125 84.5 85.44444444444444
83.44444444444444 68.3 75.75 85.2 85.66666666666667
84.11111111111111 68.5 76.875 85.9 85.22222222222223
82.33333333333333 68.5 74.875 84.6 85.22222222222223
83.77777777777779 68.0 76.0 85.8 85.88888888888889
83.44444444444444 68.1 76.125 86.1 86.55555555555556
83.33333333333333 68.3 75.25 86.1 85.77777777777777
83.66666666666667 68.9 76.125 85.5 86.44444444444444
83.33333333333333 68.4 76.25 85.7 85.44444444444444
83.55555555555554 68.2 75.75 85.8 86.11111111111111
83.55555555555554 68.5 74.25 86.5 86.11111111111111
82.88888888888889 66.5 74.25 84.7 85.77777777777777
82.66666666666667 68.1 73.125 85.4 84.55555555555556
83.33333333333333 67.7 75.75 85.3 85.33333333333333
84.11111111111111 66.4 73.375 85.3 86.77777777777777
83.44444444444444 68.1 73.375 85.1 86.44444444444444
84.11111111111111 68.2 74.625 85.7 86.77777777777777
83.44444444444444 67.9 74.25 86.1 85.33333333333333
83.88888888888889 69.5 74.25 86.1 86.55555555555556
83.22222222222223 68.6 72.375 84.7 86.0
82.44444444444444 67.9 73.5 85.7 84.88888888888889
85.0 69.0 74.375 86.4 86.88888888888889
84.44444444444444 68.3 73.0 86.8 86.44444444444444
83.22222222222223 67.9 71.75 85.9 85.44444444444444
82.88888888888889 68.0 70.375 85.0 85.44444444444444
83.33333333333333 68.1 70.75 85.6 85.66666666666667
83.33333333333333 68.1 70.75 84.8 85.0
84.66666666666667 69.8 72.875 85.2 86.66666666666667
82.66666666666667 67.3 70.625 85.0 86.44444444444444
83.66666666666667 68.3 69.75 85.7 85.0
86.0 69.3 71.0 85.5 86.55555555555556
83.88888888888889 69.5 70.375 86.4 86.22222222222223
84.0 67.10000000000001 68.75 84.9 86.33333333333333
83.55555555555554 68.7 66.5 85.2 85.0
83.55555555555554 66.4 67.125 84.8 85.22222222222223
84.66666666666667 67.10000000000001 66.25 85.1 85.11111111111111
83.44444444444444 70.1 68.375 85.9 86.33333333333333
83.44444444444444 68.7 67.875 84.9 85.33333333333333
82.77777777777779 68.6 64.875 83.7 85.11111111111111
82.88888888888889 68.1 65.25 85.1 84.11111111111111
84.11111111111111 67.7 67.125 85.8 87.0
83.66666666666667 68.0 66.5 85.9 86.44444444444444
83.11111111111111 67.2 67.25 85.5 86.44444444444444
84.77777777777777 68.9 66.875 86.5 86.33333333333333
82.55555555555554 67.7 67.25 85.6 85.66666666666667
85.77777777777777 68.9 67.125 85.8 86.33333333333333
83.55555555555554 68.2 67.375 85.2 86.22222222222223
83.88888888888889 68.0 66.25 85.7 86.77777777777777
83.55555555555554 68.2 67.25 86.0 85.33333333333333
83.33333333333333 69.0 67.375 85.6 86.55555555555556
84.22222222222223 68.2 66.125 86.0 85.55555555555556
82.55555555555554 68.0 68.125 85.9 85.66666666666667
83.77777777777779 66.5 64.75 84.6 85.77777777777777
83.33333333333333 66.5 64.5 85.2 85.66666666666667
84.11111111111111 69.0 66.625 85.0 85.44444444444444
84.22222222222223 68.4 67.5 86.0 86.22222222222223
83.11111111111111 68.1 62.75 84.7 85.22222222222223
83.88888888888889 69.0 66.625 84.9 86.88888888888889
83.66666666666667 68.3 65.875 85.1 84.33333333333333
83.77777777777779 67.3 64.125 85.2 86.11111111111111
82.22222222222223 67.0 64.875 84.8 85.22222222222223
83.33333333333333 67.7 63.125 84.3 85.22222222222223
83.44444444444444 66.4 64.875 85.7 86.11111111111111
83.55555555555554 68.4 65.375 85.3 87.0
83.33333333333333 67.8 66.25 84.2 86.11111111111111
84.11111111111111 67.0 64.75 86.1 85.44444444444444
83.11111111111111 67.3 65.375 85.4 85.66666666666667
84.77777777777777 67.3 65.75 86.2 87.44444444444444
83.33333333333333 68.4 65.5 85.2 85.88888888888889
84.33333333333333 68.5 65.875 84.8 86.44444444444444
84.11111111111111 68.9 66.25 85.6 86.88888888888889
84.0 69.3 64.875 85.2 86.0
84.44444444444444 68.6 65.375 86.4 86.55555555555556
83.66666666666667 69.3 66.25 86.4 86.0
83.55555555555554 68.4 64.875 85.1 86.0
84.88888888888889 69.8 65.875 85.3 86.0
83.11111111111111 67.8 65.375 85.8 85.66666666666667
83.88888888888889 68.6 64.625 85.7 86.77777777777777
83.33333333333333 67.0 64.75 85.0 86.0
83.77777777777779 66.9 66.625 85.6 86.44444444444444
83.66666666666667 66.9 64.375 85.5 85.88888888888889
84.0 68.3 63.375 85.1 85.88888888888889
84.0 68.7 64.0 85.5 87.33333333333333
84.22222222222223 68.3 65.0 85.6 86.66666666666667
84.0 68.5 66.375 85.1 85.88888888888889
84.33333333333333 69.5 65.0 85.8 86.22222222222223
83.55555555555554 68.5 65.875 85.6 86.44444444444444
83.0 67.4 65.625 84.8 85.77777777777777
83.88888888888889 68.2 66.25 85.3 85.66666666666667
83.88888888888889 68.4 66.125 85.2 87.33333333333333
83.55555555555554 68.2 65.5 85.3 86.33333333333333
83.77777777777779 69.4 65.5 86.2 85.88888888888889
83.66666666666667 67.3 65.5 85.5 86.55555555555556
84.0 67.2 64.125 85.4 85.77777777777777
83.33333333333333 66.0 65.25 85.4 86.77777777777777
84.33333333333333 69.1 64.75 84.7 86.22222222222223
