0.0 0.20332480818414322 0.05301914580265096 0.0 0.0
0.0013986013986013986 0.19053708439897699 0.051546391752577324 0.0 0.0
0.002797202797202797 0.15601023017902815 0.05891016200294551 0.0 0.0
0.0 0.17135549872122763 0.048600883652430045 0.0 0.0
0.0 0.16240409207161127 0.05449189985272459 0.0014792899408284023 0.0
0.0013986013986013986 0.16751918158567777 0.041237113402061855 0.0014792899408284023 0.0
0.0 0.1739130434782609 0.033873343151693665 0.0 0.0
0.004195804195804196 0.18158567774936063 0.044182621502209134 0.0 0.0
0.0013986013986013986 0.1585677749360614 0.045655375552282766 0.0 0.0
0.0013986013986013986 0.1649616368286445 0.041237113402061855 0.0 0.0
0.0013986013986013986 0.13682864450127877 0.036818851251840944 0.0 0.0
0.0 0.14194373401534527 0.05743740795287187 0.0014792899408284023 0.0
0.0 0.18542199488491048 0.042709867452135494 0.0 0.0
0.0 0.11381074168797954 0.044182621502209134 0.0 0.0
0.0013986013986013986 0.1445012787723785 0.06332842415316642 0.0 0.0
0.0 0.14194373401534527 0.038291605301914576 0.0 0.0
0.0 0.19053708439897699 0.048600883652430045 0.0 0.0
0.0013986013986013986 0.15473145780051153 0.050073637702503684 0.0 0.0
0.0013986013986013986 0.1585677749360614 0.045655375552282766 0.0014792899408284023 0.0
0.0 0.09335038363171357 0.047128129602356406 0.0 0.0
0.0 0.15473145780051153 0.048600883652430045 0.0 0.0
0.002797202797202797 0.1445012787723785 0.048600883652430045 0.0 0.0
0.0 0.14578005115089512 0.061855670103092786 0.0 0.0
0.0013986013986013986 0.15728900255754477 0.048600883652430045 0.0 0.0
0.0 0.159846547314578 0.035346097201767304 0.0 0.0
0.0 0.14578005115089512 0.044182621502209134 0.0014792899408284023 0.0
0.0 0.16112531969309465 0.05891016200294551 0.0 0.0
0.0 0.15728900255754477 0.036818851251840944 0.0 0.0
0.0 0.15473145780051153 0.050073637702503684 0.0 0.0
0.0 0.15601023017902815 0.030927835051546393 0.0 0.0
0.0 0.13682864450127877 0.050073637702503684 0.0 0.0
0.0013986013986013986 0.16240409207161127 0.050073637702503684 0.0 0.0
0.0 0.13810741687979539 0.050073637702503684 0.0 0.001375515818431912
0.0 0.15217391304347824 0.050073637702503684 0.0 0.0
0.0013986013986013986 0.13299232736572889 0.029455081001472753 0.0 0.0
0.0 0.1432225063938619 0.06332842415316642 0.0014792899408284023 0.0
0.0 0.15728900255754477 0.035346097201767304 0.0 0.0
0.0013986013986013986 0.159846547314578 0.045655375552282766 0.0014792899408284023 0.001375515818431912
0.0 0.14066496163682862 0.05301914580265096 0.0 0.0
0.004195804195804196 0.1636828644501279 0.03240058910162003 0.0 0.0
0.0013986013986013986 0.13682864450127877 0.030927835051546393 0.0 0.0
0.0013986013986013986 0.17135549872122763 0.041237113402061855 0.0 0.0
0.004195804195804196 0.14705882352941174 0.035346097201767304 0.0 0.0
0.0 0.19053708439897699 0.042709867452135494 0.0 0.0
0.0 0.15728900255754477 0.061855670103092786 0.0 0.0
0.0 0.15601023017902815 0.05743740795287187 0.0 0.0
0.0 0.16624040920716113 0.042709867452135494 0.0014792899408284023 0.0
0.0 0.13810741687979539 0.042709867452135494 0.0 0.0
0.0013986013986013986 0.12787723785166238 0.039764359351988215 0.0 0.0
0.0013986013986013986 0.12915601023017903 0.045655375552282766 0.0014792899408284023 0.0
0.0 0.09335038363171357 0.036818851251840944 0.0 0.0
0.0 0.15728900255754477 0.041237113402061855 0.0029585798816568047 0.0
0.004195804195804196 0.15345268542199486 0.050073637702503684 0.0014792899408284023 0.0
0.0 0.139386189258312 0.027982326951399114 0.0 0.0
0.0013986013986013986 0.12787723785166238 0.042709867452135494 0.0 0.0
0.0013986013986013986 0.180306905370844 0.048600883652430045 0.0 0.0
0.0013986013986013986 0.1432225063938619 0.042709867452135494 0.0 0.0
0.0013986013986013986 0.11636828644501279 0.038291605301914576 0.0 0.0
0.0013986013986013986 0.13810741687979539 0.036818851251840944 0.0 0.0
0.0013986013986013986 0.1342710997442455 0.045655375552282766 0.0 0.0
0.002797202797202797 0.09718670076726343 0.03240058910162003 0.0 0.0
0.0 0.11636828644501279 0.038291605301914576 0.0 0.0
0.0 0.15728900255754477 0.05891016200294551 0.0 0.0
0.0 0.149616368286445 0.051546391752577324 0.0014792899408284023 0.0
0.0013986013986013986 0.1227621483375959 0.041237113402061855 0.0 0.0
0.0 0.10358056265984655 0.044182621502209134 0.0029585798816568047 0.0
0.0 0.14705882352941174 0.05301914580265096 0.0 0.0
0.0013986013986013986 0.149616368286445 0.045655375552282766 0.0014792899408284023 0.001375515818431912
0.0013986013986013986 0.12020460358056266 0.039764359351988215 0.0 0.0
0.0 0.12787723785166238 0.041237113402061855 0.0 0.0
0.0 0.1227621483375959 0.044182621502209134 0.0 0.0
0.0013986013986013986 0.11764705882352941 0.023564064801178203 0.0 0.0
0.002797202797202797 0.0959079283887468 0.048600883652430045 0.0 0.0
0.004195804195804196 0.14066496163682862 0.048600883652430045 0.0014792899408284023 0.0
0.002797202797202797 0.13299232736572889 0.042709867452135494 0.0014792899408284023 0.001375515818431912
0.0 0.10485933503836317 0.038291605301914576 0.0 0.0
0.0013986013986013986 0.10358056265984655 0.042709867452135494 0.0 0.0
0.0013986013986013986 0.14705882352941174 0.038291605301914576 0.0014792899408284023 0.0
0.0 0.14578005115089512 0.029455081001472753 0.0 0.0
0.0 0.12787723785166238 0.05596465390279823 0.0 0.0
0.0 0.13682864450127877 0.044182621502209134 0.0 0.0
0.0 0.10230179028132992 0.05449189985272459 0.0 0.0
0.0 0.139386189258312 0.041237113402061855 0.0 0.0
0.002797202797202797 0.1227621483375959 0.045655375552282766 0.0 0.0
0.0013986013986013986 0.13682864450127877 0.038291605301914576 0.0 0.0
0.002797202797202797 0.11892583120204604 0.044182621502209134 0.0 0.0
0.0013986013986013986 0.10997442455242967 0.033873343151693665 0.0 0.0
0.0 0.10358056265984655 0.06332842415316642 0.0 0.0
0.0 0.12404092071611252 0.060382916053019146 0.0029585798816568047 0.0
0.0013986013986013986 0.1483375959079284 0.048600883652430045 0.0 0.0
0.0 0.139386189258312 0.047128129602356406 0.0 0.0
0.0013986013986013986 0.10997442455242967 0.045655375552282766 0.0 0.0
0.002797202797202797 0.11764705882352941 0.039764359351988215 0.0 0.0
0.0013986013986013986 0.11636828644501279 0.05743740795287187 0.0 0.0
0.0 0.10741687979539642 0.05301914580265096 0.0014792899408284023 0.0
0.0 0.12020460358056266 0.048600883652430045 0.0 0.0
0.0 0.14194373401534527 0.05301914580265096 0.0 0.0
0.0013986013986013986 0.12404092071611252 0.036818851251840944 0.0014792899408284023 0.0
0.004195804195804196 0.11508951406649617 0.048600883652430045 0.0014792899408284023 0.0
0.0 0.11508951406649617 0.05743740795287187 0.0 0.0
0.0 0.12531969309462915 0.033873343151693665 0.0 0.0
0.0 0.0 0.0 0.0 0.001375515818431912
0.0013986013986013986 0.0 0.0 0.0 0.0
0.0 0.0 0.0 0.0 0.0
0.0 0.0012787723785166241 0.0014727540500736377 0.0 0.0
0.0013986013986013986 0.11381074168797954 0.05301914580265096 0.0 0.0
0.0 0.0012787723785166241 0.0 0.0 0.0
0.0 0.0 0.0 0.0 0.0
0.0 0.0 0.0 0.0 0.0
0.0 0.0 0.0 0.0014792899408284023 0.0
0.0 0.029411764705882353 0.11192930780559646 0.0 0.0
0.0 0.0 0.0 0.0 0.0
0.0 0.0 0.0 0.0 0.0
0.0 0.0 0.0 0.0 0.0
0.0 0.0 0.0 0.0 0.0
0.0013986013986013986 0.0959079283887468 0.042709867452135494 0.0 0.0
0.0 0.0 0.0 0.0 0.0
0.0 0.0 0.0 0.0 0.001375515818431912
0.0 0.0 0.0 0.0014792899408284023 0.0
0.0 0.0 0.0 0.0014792899408284023 0.0
0.0 0.05370843989769821 0.12371134020618557 0.0014792899408284023 0.0
0.0 0.0 0.0 0.0 0.0
0.0 0.0 0.0 0.0014792899408284023 0.0
0.0 0.0 0.0 0.0 0.0
0.0 0.0 0.0 0.0 0.0
0.0 0.0 0.0 0.0 0.0
0.0 0.0 0.0 0.0 0.0
0.0 0.0 0.0 0.0014792899408284023 0.0
0.0 0.0 0.0014727540500736377 0.0 0.0
0.0 0.0 0.0 0.0 0.001375515818431912
0.0 0.0 0.0 0.0 0.0
0.0 0.034526854219948847 0.12665684830633284 0.0 0.0
0.0 0.06521739130434782 0.16200294550810015 0.0 0.0
0.0 0.029411764705882353 0.10456553755522828 0.0 0.0
0.0 0.03580562659846547 0.11782032400589101 0.0 0.0
0.0 0.04475703324808184 0.13991163475699558 0.0029585798816568047 0.0
0.0013986013986013986 0.04859335038363172 0.14580265095729014 0.0 0.001375515818431912
0.0 0.034526854219948847 0.18114874815905746 0.0 0.0
0.0 0.03964194373401535 0.15758468335787923 0.0 0.0
0.0013986013986013986 0.058823529411764705 0.18114874815905746 0.0014792899408284023 0.0
0.0 0.04092071611253197 0.21944035346097202 0.0 0.0
0.0 0.03964194373401535 0.1678939617083947 0.0014792899408284023 0.0
0.0013986013986013986 0.038363171355498715 0.17820324005891017 0.0014792899408284023 0.0
0.0013986013986013986 0.03324808184143222 0.24742268041237114 0.0 0.0
0.0 0.054987212276214836 0.25478645066273936 0.0 0.0
0.0 0.04859335038363172 0.288659793814433 0.0 0.0
0.0 0.04859335038363172 0.27245949926362295 0.0 0.0
0.0 0.054987212276214836 0.3195876288659794 0.0014792899408284023 0.0
0.0 0.07544757033248081 0.3755522827687776 0.0014792899408284023 0.0
0.0 0.04347826086956522 0.35346097201767307 0.0 0.001375515818431912
0.0 0.06010230179028133 0.3637702503681885 0.004437869822485207 0.0
0.0 0.05626598465473146 0.42857142857142855 0.0 0.0
0.0 0.06649616368286444 0.4683357879234168 0.0 0.0
0.0013986013986013986 0.04859335038363172 0.5478645066273933 0.004437869822485207 0.0
0.0 0.05370843989769821 0.5537555228276878 0.0014792899408284023 0.0
0.0013986013986013986 0.06138107416879795 0.572901325478645 0.0 0.0
0.0 0.05370843989769821 0.6156111929307806 0.0014792899408284023 0.0
0.0 0.07289002557544756 0.6612665684830633 0.0 0.0
0.0 0.052429667519181586 0.7437407952871871 0.0014792899408284023 0.0
0.0 0.05754475703324809 0.8100147275405007 0.0014792899408284023 0.0
0.0 0.04731457800511509 0.8424153166421208 0.0014792899408284023 0.0
0.0 0.06010230179028133 0.9175257731958764 0.0 0.0
0.0 0.06777493606138107 0.9896907216494846 0.0 0.0
0.0 0.052429667519181586 0.9396170839469808 0.0 0.0
0.0 0.04092071611253197 1.0265095729013254 0.0029585798816568047 0.0
0.002797202797202797 0.05370843989769821 1.12960235640648 0.0 0.0
0.0 0.08567774936061381 1.2857142857142856 0.0 0.0
0.0 0.06905370843989769 1.357879234167894 0.0 0.0
0.0 0.08823529411764706 1.3019145802650958 0.0 0.0
0.0 0.06777493606138107 1.4786450662739323 0.0014792899408284023 0.0
0.0 0.0741687979539642 1.4786450662739323 0.0 0.0
0.0 0.054987212276214836 1.4123711340206186 0.0 0.0
0.0 0.06138107416879795 1.4698085419734903 0.0014792899408284023 0.0
0.0013986013986013986 0.0741687979539642 1.503681885125184 0.0014792899408284023 0.0
0.0 0.06265984654731457 1.4256259204712813 0.0014792899408284023 0.0
0.0 0.08056265984654733 1.483063328424153 0.0029585798816568047 0.0
0.0 0.0741687979539642 1.4123711340206186 0.0014792899408284023 0.0
0.0 0.09335038363171357 1.519882179675994 0.0029585798816568047 0.0
0.0013986013986013986 0.07161125319693094 1.5390279823269515 0.0 0.0
0.0 0.07161125319693094 1.5405007363770251 0.0 0.0
0.002797202797202797 0.06138107416879795 1.480117820324006 0.004437869822485207 0.001375515818431912
0.0 0.0792838874680307 1.5802650957290132 0.0 0.0
0.0 0.0959079283887468 1.5213549337260677 0.0029585798816568047 0.0
0.0 0.0741687979539642 1.4594992636229749 0.0014792899408284023 0.0
0.0013986013986013986 0.06521739130434782 1.5434462444771724 0.0 0.0
0.0013986013986013986 0.06649616368286444 1.5184094256259204 0.0 0.0
0.002797202797202797 0.06649616368286444 1.614138438880707 0.0014792899408284023 0.0
0.0 0.08567774936061381 1.650957290132548 0.0014792899408284023 0.0
0.0 0.06010230179028133 1.637702503681885 0.0014792899408284023 0.0
0.0 0.0792838874680307 1.6642120765832107 0.0014792899408284023 0.0
0.0 0.0741687979539642 1.7025036818851251 0.0 0.0
0.0 0.07672634271099743 1.6053019145802652 0.0 0.0
0.004195804195804196 0.04603580562659847 1.6391752577319587 0.0 0.0
0.0 0.06393861892583119 1.6804123711340206 0.0 0.001375515818431912
0.0 0.08312020460358056 1.658321060382916 0.0014792899408284023 0.0
0.0013986013986013986 0.07800511508951408 1.6612665684830634 0.0029585798816568047 0.0
0.0 0.0741687979539642 1.6244477172312224 0.0014792899408284023 0.0
0.0 0.06393861892583119 1.6715758468335788 0.0 0.0
0.002797202797202797 0.06138107416879795 1.6111929307805597 0.0 0.0
0.0 0.07800511508951408 1.6656848306332843 0.0 0.0
0.0 0.08567774936061381 1.6185567010309279 0.0 0.0
0.0 0.09718670076726343 1.683357879234168 0.0 0.0
0.0 0.07161125319693094 1.6318114874815906 0.0 0.0
0.0 0.07544757033248081 1.670103092783505 0.0 0.0
0.0 0.0843989769820972 1.706921944035346 0.0014792899408284023 0.0
0.0 0.06777493606138107 1.658321060382916 0.0014792899408284023 0.0
0.0 0.08056265984654733 1.630338733431517 0.0 0.0
0.0 0.06777493606138107 1.637702503681885 0.0 0.0
0.0 0.06905370843989769 1.6568483063328423 0.0014792899408284023 0.0
0.0013986013986013986 0.07800511508951408 1.5846833578792343 0.0 0.0
0.0 0.07544757033248081 1.625920471281296 0.0 0.0
0.0 0.07033248081841431 1.650957290132548 0.0 0.0
0.0 0.08184143222506395 1.6391752577319587 0.0014792899408284023 0.0
0.0 0.07544757033248081 1.650957290132548 0.0 0.0
0.0 0.0741687979539642 1.6185567010309279 0.0014792899408284023 0.0
0.0 0.07161125319693094 1.6995581737849779 0.0014792899408284023 0.0
0.0013986013986013986 0.08567774936061381 1.650957290132548 0.0014792899408284023 0.0
0.0 0.06521739130434782 1.6450662739322532 0.0 0.0
0.0 0.06905370843989769 1.6244477172312224 0.0029585798816568047 0.0
0.0013986013986013986 0.08695652173913045 1.5920471281296023 0.0 0.0
0.0 0.0741687979539642 1.5949926362297495 0.0014792899408284023 0.0
0.0 0.07800511508951408 1.690721649484536 0.0 0.0
0.0 0.08312020460358056 1.5920471281296023 0.0 0.0
0.0013986013986013986 0.06393861892583119 1.609720176730486 0.0014792899408284023 0.0
0.0 0.08567774936061381 1.6480117820324007 0.0014792899408284023 0.0
0.0 0.04859335038363172 1.6494845360824744 0.0 0.0
0.0013986013986013986 0.0843989769820972 1.6185567010309279 0.0 0.0
0.0 0.06649616368286444 1.6804123711340206 0.0 0.0
0.0013986013986013986 0.06265984654731457 1.6480117820324007 0.0 0.0
0.0 0.05370843989769821 1.6318114874815906 0.0 0.0
