71.61538461538461 71.15384615384615 69.2 72.0 72.5
73.76923076923077 71.84615384615385 69.46666666666667 72.0 73.5
72.53846153846153 71.92307692307692 70.0 72.71428571428572 73.41666666666667
72.0 70.38461538461537 71.26666666666667 72.92857142857143 74.83333333333333
73.23076923076923 72.07692307692308 70.4 73.14285714285715 73.58333333333333
73.61538461538461 72.07692307692308 70.86666666666666 73.78571428571429 74.66666666666667
73.3076923076923 71.07692307692308 69.93333333333334 72.07142857142858 73.08333333333333
73.46153846153847 71.46153846153847 71.46666666666667 74.07142857142857 75.41666666666667
72.3076923076923 71.84615384615385 70.73333333333333 72.71428571428572 73.0
72.0 71.15384615384615 70.66666666666667 71.92857142857143 72.91666666666667
72.46153846153847 72.3076923076923 70.33333333333333 72.64285714285715 75.33333333333333
73.0 72.15384615384615 71.53333333333333 72.92857142857143 73.58333333333333
72.3076923076923 70.07692307692308 70.86666666666666 73.0 72.83333333333333
72.46153846153847 71.0 70.06666666666666 72.07142857142858 73.41666666666667
73.15384615384615 73.3076923076923 72.06666666666666 73.28571428571429 74.91666666666667
72.84615384615385 72.0 72.2 73.5 74.25
71.61538461538461 72.6923076923077 70.2 70.78571428571429 72.75
72.53846153846153 72.0 70.46666666666667 71.71428571428572 73.75
71.92307692307692 71.61538461538461 70.86666666666666 73.14285714285715 74.75
73.0 72.38461538461539 70.6 74.92857142857143 75.41666666666667
71.92307692307692 71.3076923076923 69.46666666666667 72.42857142857143 73.58333333333333
72.46153846153847 71.53846153846153 71.33333333333333 72.35714285714286 74.58333333333333
71.76923076923076 71.6923076923077 71.0 73.07142857142857 73.08333333333333
72.3076923076923 71.76923076923076 70.13333333333334 72.5 73.58333333333333
73.92307692307692 72.84615384615385 72.46666666666667 73.92857142857143 74.83333333333333
73.38461538461539 71.84615384615385 71.46666666666667 73.57142857142857 74.41666666666667
72.15384615384615 71.92307692307692 70.46666666666667 73.0 72.83333333333333
72.38461538461539 71.84615384615385 71.4 73.57142857142857 73.66666666666667
71.76923076923076 72.84615384615385 70.6 72.78571428571429 73.41666666666667
72.92307692307692 72.07692307692308 71.8 73.57142857142857 75.16666666666667
72.07692307692308 73.3076923076923 71.2 72.42857142857143 73.83333333333333
73.0 71.6923076923077 71.2 72.85714285714286 73.33333333333333
73.53846153846153 72.07692307692308 70.93333333333334 74.28571428571429 74.91666666666667
73.46153846153847 72.0 70.26666666666667 73.21428571428572 73.91666666666667
71.61538461538461 70.6923076923077 70.33333333333333 72.64285714285715 74.08333333333333
72.92307692307692 73.23076923076923 71.46666666666667 73.85714285714286 74.33333333333333
72.84615384615385 71.84615384615385 70.53333333333333 72.5 73.25
71.53846153846153 69.38461538461537 69.8 71.35714285714286 73.08333333333333
73.38461538461539 72.23076923076924 71.66666666666667 73.64285714285715 74.83333333333333
72.3076923076923 72.61538461538461 70.8 73.57142857142857 74.0
71.92307692307692 72.15384615384615 70.8 72.78571428571429 74.75
71.92307692307692 73.0 71.26666666666667 73.21428571428572 73.16666666666667
74.61538461538461 73.53846153846153 72.8 73.92857142857143 75.66666666666666
72.61538461538461 71.0 70.2 72.92857142857143 74.25
70.61538461538463 70.3076923076923 69.2 71.28571428571429 72.5
72.38461538461539 73.07692307692308 70.8 72.07142857142858 74.83333333333333
73.46153846153847 73.38461538461539 71.86666666666666 73.35714285714286 74.83333333333333
73.15384615384615 71.92307692307692 70.2 72.57142857142857 74.0
72.15384615384615 69.46153846153847 70.33333333333333 72.85714285714286 74.5
71.6923076923077 70.76923076923076 71.4 71.71428571428572 73.16666666666667
71.38461538461539 70.76923076923076 69.06666666666666 71.78571428571429 73.83333333333333
72.23076923076924 71.76923076923076 70.0 72.21428571428572 72.5
73.0 71.38461538461539 70.46666666666667 72.5 74.58333333333333
73.6923076923077 73.15384615384615 71.53333333333333 73.0 73.41666666666667
71.46153846153847 71.76923076923076 71.73333333333333 73.0 73.5
71.61538461538461 71.07692307692308 70.33333333333333 72.35714285714286 73.75
72.38461538461539 71.6923076923077 71.0 73.07142857142857 75.16666666666667
71.3076923076923 69.92307692307692 70.26666666666667 70.92857142857143 73.0
71.61538461538461 71.53846153846153 70.26666666666667 72.57142857142857 75.66666666666666
73.38461538461539 72.84615384615385 72.0 74.57142857142857 74.33333333333333
73.0 72.0 70.93333333333334 73.07142857142857 74.91666666666667
73.46153846153847 72.76923076923077 71.93333333333334 73.92857142857143 74.25
73.3076923076923 71.76923076923076 70.2 73.07142857142857 74.58333333333333
73.15384615384615 72.07692307692308 70.86666666666666 73.57142857142857 74.25
72.92307692307692 72.61538461538461 71.93333333333334 73.21428571428572 73.58333333333333
73.6923076923077 71.07692307692308 72.4 73.07142857142857 74.66666666666667
72.07692307692308 72.0 69.6 72.42857142857143 72.91666666666667
71.38461538461539 69.3076923076923 69.73333333333333 70.85714285714286 73.25
73.0 71.84615384615385 71.13333333333334 72.92857142857143 73.41666666666667
74.46153846153847 70.61538461538463 71.26666666666667 72.35714285714286 73.83333333333333
72.53846153846153 71.84615384615385 70.13333333333334 72.28571428571429 73.16666666666667
72.38461538461539 70.46153846153847 70.6 73.35714285714286 72.41666666666667
71.92307692307692 70.84615384615385 70.6 72.5 74.0
73.15384615384615 70.61538461538463 70.0 73.35714285714286 73.91666666666667
72.61538461538461 71.76923076923076 71.13333333333334 73.71428571428572 75.33333333333333
71.38461538461539 69.07692307692308 70.2 71.42857142857143 72.16666666666667
73.46153846153847 69.61538461538463 71.53333333333333 71.42857142857143 73.0
73.46153846153847 71.92307692307692 70.46666666666667 73.07142857142857 73.91666666666667
71.6923076923077 70.6923076923077 70.0 71.78571428571429 73.25
74.07692307692308 71.46153846153847 71.4 73.42857142857143 74.58333333333333
72.46153846153847 71.0 70.06666666666666 72.07142857142858 73.08333333333333
71.23076923076924 69.61538461538463 69.06666666666666 71.71428571428572 73.5
71.6923076923077 70.3076923076923 69.6 72.42857142857143 73.83333333333333
73.3076923076923 71.15384615384615 71.8 73.07142857142857 74.16666666666667
73.15384615384615 70.07692307692308 72.33333333333333 73.0 73.5
73.46153846153847 71.92307692307692 71.0 74.5 73.91666666666667
71.76923076923076 68.92307692307692 69.4 72.07142857142858 73.58333333333333
71.53846153846153 69.0 70.66666666666667 72.21428571428572 73.91666666666667
72.38461538461539 71.07692307692308 70.53333333333333 73.21428571428572 72.0
72.76923076923077 70.07692307692308 70.73333333333333 72.85714285714286 75.08333333333333
73.23076923076923 69.53846153846153 69.53333333333333 72.5 74.75
73.0 72.0 71.0 74.14285714285715 74.16666666666667
73.61538461538461 71.61538461538461 71.06666666666666 73.71428571428572 75.08333333333333
72.3076923076923 70.84615384615385 70.8 72.35714285714286 74.25
73.0 68.76923076923076 68.86666666666667 71.14285714285715 73.5
71.92307692307692 69.53846153846153 70.6 72.0 73.91666666666667
72.6923076923077 71.61538461538461 71.33333333333333 73.92857142857143 75.25
73.23076923076923 70.84615384615385 71.06666666666666 73.42857142857143 75.25
73.3076923076923 71.15384615384615 71.06666666666666 73.07142857142857 74.08333333333333
72.84615384615385 69.6923076923077 71.26666666666667 73.35714285714286 74.16666666666667
73.46153846153847 70.76923076923076 69.93333333333334 72.5 73.41666666666667
66.38461538461539 65.76923076923077 64.73333333333333 65.92857142857143 65.75
65.6923076923077 65.38461538461539 65.86666666666667 66.0 66.0
66.84615384615385 67.46153846153847 66.60000000000001 66.78571428571428 67.41666666666667
66.15384615384616 66.07692307692308 64.46666666666667 66.57142857142857 65.58333333333333
72.76923076923077 70.53846153846153 70.33333333333333 73.57142857142857 72.91666666666667
65.6923076923077 66.3076923076923 66.60000000000001 66.0 66.58333333333333
66.3076923076923 66.3076923076923 66.13333333333334 67.0 66.58333333333333
67.92307692307692 67.07692307692308 67.33333333333333 66.64285714285714 68.75
67.0 66.61538461538461 65.8 65.64285714285714 66.08333333333333
71.53846153846153 69.76923076923076 70.4 74.0 74.66666666666667
66.92307692307692 66.76923076923077 66.60000000000001 66.35714285714285 66.08333333333333
66.0 66.3076923076923 65.33333333333333 64.78571428571428 67.41666666666667
66.15384615384616 65.07692307692308 64.93333333333332 64.64285714285714 66.41666666666667
64.84615384615384 65.07692307692308 65.60000000000001 65.64285714285714 65.58333333333333
72.92307692307692 70.0 70.06666666666666 74.14285714285715 75.08333333333333
67.0 66.61538461538461 66.73333333333333 67.14285714285714 66.41666666666667
64.6923076923077 64.38461538461539 64.46666666666667 64.85714285714286 65.5
66.53846153846153 67.38461538461539 67.0 67.28571428571428 67.75
65.92307692307692 67.61538461538461 65.93333333333332 65.64285714285714 66.5
72.15384615384615 70.61538461538463 68.0 73.0 73.66666666666667
66.46153846153847 66.46153846153847 66.0 66.42857142857143 66.75
68.38461538461539 67.92307692307692 67.8 67.35714285714285 66.83333333333333
67.23076923076923 68.23076923076924 68.06666666666666 67.14285714285714 66.58333333333333
67.6923076923077 67.46153846153847 67.86666666666667 67.57142857142857 67.58333333333333
65.0 66.61538461538461 67.2 66.35714285714285 67.08333333333333
65.3076923076923 66.3076923076923 66.19999999999999 65.42857142857143 65.83333333333333
66.92307692307692 66.3076923076923 66.4 67.78571428571428 67.0
66.0 66.53846153846153 65.73333333333333 65.21428571428571 66.16666666666667
67.92307692307692 66.84615384615385 67.33333333333333 67.5 67.33333333333333
66.23076923076923 66.53846153846153 67.0 66.64285714285714 65.83333333333333
72.3076923076923 70.23076923076924 69.93333333333334 74.21428571428572 74.33333333333333
72.76923076923077 70.84615384615385 70.6 74.57142857142857 75.75
72.15384615384615 71.76923076923076 70.06666666666666 73.21428571428572 73.08333333333333
73.07692307692308 71.3076923076923 70.06666666666666 74.5 75.25
72.92307692307692 71.07692307692308 69.4 72.21428571428572 74.16666666666667
73.0 71.3076923076923 69.6 72.92857142857143 74.0
71.6923076923077 69.3076923076923 68.53333333333333 72.28571428571429 73.08333333333333
69.46153846153847 69.23076923076924 67.53333333333333 72.07142857142858 73.41666666666667
72.6923076923077 71.6923076923077 70.66666666666667 73.78571428571429 74.83333333333333
72.61538461538461 71.07692307692308 69.33333333333333 72.78571428571429 74.66666666666667
72.92307692307692 71.61538461538461 69.86666666666666 74.14285714285715 73.91666666666667
72.0 70.15384615384615 67.33333333333333 72.14285714285715 72.75
72.84615384615385 70.23076923076924 68.6 73.42857142857143 73.08333333333333
72.0 71.3076923076923 68.46666666666667 72.57142857142857 72.75
73.38461538461539 71.92307692307692 69.53333333333333 75.0 74.66666666666667
73.07692307692308 70.53846153846153 68.13333333333334 73.21428571428572 74.08333333333333
72.61538461538461 71.6923076923077 68.66666666666667 72.71428571428572 73.66666666666667
72.3076923076923 69.6923076923077 68.2 72.85714285714286 74.75
73.92307692307692 71.0 68.33333333333333 73.0 74.66666666666667
73.6923076923077 72.38461538461539 68.93333333333334 74.28571428571429 76.33333333333334
70.46153846153847 70.0 67.86666666666667 72.0 72.0
71.38461538461539 70.84615384615385 67.2 73.71428571428572 74.58333333333333
73.38461538461539 70.76923076923076 67.6 73.5 74.5
72.3076923076923 70.76923076923076 68.13333333333334 73.28571428571429 72.91666666666667
72.46153846153847 71.46153846153847 67.2 73.28571428571429 75.41666666666667
73.38461538461539 72.15384615384615 65.86666666666667 73.0 73.0
72.23076923076924 68.6923076923077 66.06666666666666 73.0 73.66666666666667
71.61538461538461 68.3076923076923 63.733333333333334 72.07142857142858 73.83333333333333
74.6923076923077 70.07692307692308 66.60000000000001 73.71428571428572 75.16666666666667
71.92307692307692 70.38461538461537 64.60000000000001 71.85714285714286 74.16666666666667
73.53846153846153 70.46153846153847 65.33333333333333 73.78571428571429 74.83333333333333
71.38461538461539 70.53846153846153 62.266666666666666 73.71428571428572 75.0
74.0 71.15384615384615 61.6 73.35714285714286 74.75
74.84615384615384 70.3076923076923 64.60000000000001 74.64285714285715 76.58333333333334
72.46153846153847 69.76923076923076 61.86666666666667 72.28571428571429 73.58333333333333
73.92307692307692 69.84615384615385 61.66666666666667 72.78571428571429 75.16666666666667
72.23076923076924 68.38461538461539 59.86666666666667 71.42857142857143 73.5
72.46153846153847 68.92307692307692 58.2 72.78571428571429 75.33333333333333
73.38461538461539 67.61538461538461 57.93333333333334 71.57142857142858 74.75
73.6923076923077 68.07692307692308 57.333333333333336 72.64285714285715 74.91666666666667
73.3076923076923 69.84615384615385 57.733333333333334 73.85714285714286 76.41666666666666
73.3076923076923 68.92307692307692 56.333333333333336 72.85714285714286 75.33333333333333
73.76923076923077 68.84615384615385 57.53333333333333 72.92857142857143 74.58333333333333
72.61538461538461 68.84615384615385 56.266666666666666 73.5 74.91666666666667
74.07692307692308 68.76923076923076 56.06666666666667 74.0 76.5
72.6923076923077 68.23076923076924 55.266666666666666 73.64285714285715 75.66666666666666
73.46153846153847 67.61538461538461 53.86666666666667 73.07142857142857 75.33333333333333
72.92307692307692 68.23076923076924 53.333333333333336 73.21428571428572 75.41666666666667
73.53846153846153 68.3076923076923 54.46666666666666 73.07142857142857 75.5
72.84615384615385 68.07692307692308 55.33333333333333 72.28571428571429 75.16666666666667
73.6923076923077 67.6923076923077 53.53333333333334 74.64285714285715 74.41666666666667
73.84615384615385 68.84615384615385 53.400000000000006 73.78571428571429 75.83333333333334
72.92307692307692 69.92307692307692 54.800000000000004 72.92857142857143 73.91666666666667
73.15384615384615 67.07692307692308 53.333333333333336 73.21428571428572 75.08333333333333
73.84615384615385 68.23076923076924 52.733333333333334 72.5 74.91666666666667
72.84615384615385 67.53846153846153 50.93333333333333 72.07142857142858 74.5
73.92307692307692 68.76923076923076 51.93333333333333 74.07142857142857 74.16666666666667
74.23076923076923 67.76923076923077 53.06666666666666 74.35714285714286 76.75
75.0 70.61538461538463 51.93333333333333 74.35714285714286 77.33333333333334
73.84615384615385 68.46153846153847 49.8 73.5 75.58333333333334
74.07692307692308 68.3076923076923 50.86666666666667 74.14285714285715 74.5
74.3076923076923 67.92307692307692 50.0 73.42857142857143 76.41666666666666
75.3076923076923 67.6923076923077 51.0 73.64285714285715 77.16666666666666
73.07692307692308 66.53846153846153 49.53333333333333 73.42857142857143 77.16666666666666
74.07692307692308 66.92307692307692 49.0 73.21428571428572 76.33333333333334
72.61538461538461 67.23076923076923 48.800000000000004 72.35714285714286 75.16666666666667
74.15384615384616 67.61538461538461 50.0 74.0 75.66666666666666
74.84615384615384 67.23076923076923 49.53333333333333 74.35714285714286 77.83333333333334
72.84615384615385 65.3076923076923 48.599999999999994 71.92857142857143 74.41666666666667
73.6923076923077 68.76923076923076 49.93333333333334 73.21428571428572 74.75
73.61538461538461 66.3076923076923 48.53333333333333 73.5 75.41666666666667
73.53846153846153 67.0 47.733333333333334 73.14285714285715 75.5
73.6923076923077 66.84615384615385 49.06666666666667 73.21428571428572 74.83333333333333
72.61538461538461 66.15384615384616 47.86666666666667 73.85714285714286 75.25
73.61538461538461 66.23076923076923 46.800000000000004 72.85714285714286 75.25
72.76923076923077 67.3076923076923 48.333333333333336 72.42857142857143 74.75
74.3076923076923 68.6923076923077 51.4 74.71428571428572 76.33333333333334
74.3076923076923 66.76923076923077 48.666666666666664 73.42857142857143 76.5
72.53846153846153 65.76923076923077 47.06666666666666 73.0 75.0
73.6923076923077 67.61538461538461 48.06666666666667 73.92857142857143 77.08333333333334
75.61538461538461 68.53846153846153 49.8 74.71428571428572 77.91666666666666
74.3076923076923 67.76923076923077 46.86666666666667 74.71428571428572 75.41666666666667
73.46153846153847 67.76923076923077 45.86666666666667 73.0 75.66666666666666
73.6923076923077 65.23076923076923 45.266666666666666 73.35714285714286 75.08333333333333
74.6923076923077 67.38461538461539 46.93333333333334 73.78571428571429 76.41666666666666
72.92307692307692 65.38461538461539 47.4 73.07142857142857 76.83333333333334
74.15384615384616 66.46153846153847 47.733333333333334 74.5 76.66666666666666
74.61538461538461 68.3076923076923 48.800000000000004 73.42857142857143 75.75
72.46153846153847 66.92307692307692 47.33333333333333 74.21428571428572 74.91666666666667
74.0 67.15384615384615 47.06666666666666 73.0 75.83333333333334
72.92307692307692 66.53846153846153 45.86666666666667 73.0 75.5
72.92307692307692 66.76923076923077 48.2 72.92857142857143 75.08333333333333
73.76923076923077 66.84615384615385 47.733333333333334 72.78571428571429 75.91666666666666
73.53846153846153 64.6923076923077 46.733333333333334 72.35714285714286 75.33333333333333
73.15384615384615 66.53846153846153 46.4 73.92857142857143 76.58333333333334
73.92307692307692 67.0 48.46666666666666 72.92857142857143 75.91666666666666
74.3076923076923 67.6923076923077 47.66666666666667 73.21428571428572 75.58333333333334
73.23076923076923 67.07692307692308 46.733333333333334 72.78571428571429 75.91666666666666
72.15384615384615 65.84615384615384 45.46666666666667 73.07142857142857 76.25
