32935.000 -0.400 -0.400 0.185
32936.000 -0.400 -0.331 0.175
32937.000 -0.400 -0.262 0.056
32938.000 -0.400 -0.192 0.446
32939.000 -0.400 -0.123 0.487
32940.000 -0.400 -0.054 0.441
32941.000 -0.400 0.015 0.319
32942.000 -0.400 0.085 0.104
32943.000 -0.400 0.154 0.389
32944.000 -0.400 0.223 0.472
32945.000 -0.400 0.292 0.185
32946.000 -0.400 0.362 0.491
32947.000 -0.400 0.431 0.194
32948.000 -0.331 -0.400 0.013
32949.000 -0.331 -0.331 0.266
32950.000 -0.331 -0.262 0.140
32951.000 -0.331 -0.192 0.291
32952.000 -0.331 -0.123 0.385
32953.000 -0.331 -0.054 0.482
32954.000 -0.331 0.015 0.472
32955.000 -0.331 0.085 0.431
32956.000 -0.331 0.154 0.341
32957.000 -0.331 0.223 0.401
32958.000 -0.331 0.292 0.417
32959.000 -0.331 0.362 0.441
32960.000 -0.331 0.431 0.012
32961.000 -0.262 -0.400 0.279
32962.000 -0.262 -0.331 0.311
32963.000 -0.262 -0.262 0.095
32964.000 -0.262 -0.192 0.066
32965.000 -0.262 -0.123 0.085
32966.000 -0.262 -0.054 0.214
32967.000 -0.262 0.015 0.265
32968.000 -0.262 0.085 0.137
32969.000 -0.262 0.154 0.190
32970.000 -0.262 0.223 0.276
32971.000 -0.262 0.292 0.214
32972.000 -0.262 0.362 0.122
32973.000 -0.262 0.431 0.389
32974.000 -0.192 -0.400 0.472
32975.000 -0.192 -0.331 0.018
32976.000 -0.192 -0.262 0.012
32977.000 -0.192 -0.192 0.194
32978.000 -0.192 -0.123 0.299
32979.000 -0.192 -0.054 0.071
32980.000 -0.192 0.015 0.395
32981.000 -0.192 0.085 0.392
32982.000 -0.192 0.154 0.476
32983.000 -0.192 0.223 0.072
32984.000 -0.192 0.292 0.368
32985.000 -0.192 0.362 0.312
32986.000 -0.192 0.431 0.475
32987.000 -0.123 -0.400 0.095
32988.000 -0.123 -0.331 0.423
32989.000 -0.123 -0.262 0.217
32990.000 -0.123 -0.192 0.311
32991.000 -0.123 -0.123 0.068
32992.000 -0.123 -0.054 0.314
32993.000 -0.123 0.015 0.182
32994.000 -0.123 0.085 0.243
32995.000 -0.123 0.154 0.141
32996.000 -0.123 0.223 0.083
32997.000 -0.123 0.292 0.288
32998.000 -0.123 0.362 0.383
32999.000 -0.123 0.431 0.311
33000.000 -0.054 -0.400 0.189
33001.000 -0.054 -0.331 0.260
33002.000 -0.054 -0.262 0.313
33003.000 -0.054 -0.192 0.067
33004.000 -0.054 -0.123 0.422
33005.000 -0.054 -0.054 0.111
33006.000 -0.054 0.015 0.127
33007.000 -0.054 0.085 0.279
33008.000 -0.054 0.154 0.033
33009.000 -0.054 0.223 0.232
33010.000 -0.054 0.292 0.430
33011.000 -0.054 0.362 0.447
33012.000 -0.054 0.431 0.187
33013.000 0.015 -0.400 0.152
33014.000 0.015 -0.331 0.322
33015.000 0.015 -0.262 0.167
33016.000 0.015 -0.192 0.114
33017.000 0.015 -0.123 0.313
33018.000 0.015 -0.054 0.390
33019.000 0.015 0.015 0.417
33020.000 0.015 0.085 0.436
33021.000 0.015 0.154 0.068
33022.000 0.015 0.223 0.216
33023.000 0.015 0.292 0.264
33024.000 0.015 0.362 0.283
33025.000 0.015 0.431 0.405
33026.000 0.085 -0.400 0.216
33027.000 0.085 -0.331 0.154
33028.000 0.085 -0.262 0.155
33029.000 0.085 -0.192 0.225
33030.000 0.085 -0.123 0.207
33031.000 0.085 -0.054 0.396
33032.000 0.085 0.015 0.439
33033.000 0.085 0.085 0.300
33034.000 0.085 0.154 0.336
33035.000 0.085 0.223 0.369
33036.000 0.085 0.292 0.402
33037.000 0.085 0.362 0.185
33038.000 0.085 0.431 0.328
33039.000 0.154 -0.400 0.124
33040.000 0.154 -0.331 0.175
33041.000 0.154 -0.262 0.429
33042.000 0.154 -0.192 0.146
33043.000 0.154 -0.123 0.054
33044.000 0.154 -0.054 0.159
33045.000 0.154 0.015 0.225
33046.000 0.154 0.085 0.449
33047.000 0.154 0.154 0.145
33048.000 0.154 0.223 0.054
33049.000 0.154 0.292 0.219
33050.000 0.154 0.362 0.463
33051.000 0.154 0.431 0.446
33052.000 0.223 -0.400 0.384
33053.000 0.223 -0.331 0.185
33054.000 0.223 -0.262 0.054
33055.000 0.223 -0.192 0.458
33056.000 0.223 -0.123 0.085
33057.000 0.223 -0.054 0.107
33058.000 0.223 0.015 0.093
33059.000 0.223 0.085 0.388
33060.000 0.223 0.154 0.100
33061.000 0.223 0.223 0.130
33062.000 0.223 0.292 0.049
33063.000 0.223 0.362 0.115
33064.000 0.223 0.431 0.204
33065.000 0.292 -0.400 0.471
33066.000 0.292 -0.331 0.111
33067.000 0.292 -0.262 0.172
33068.000 0.292 -0.192 0.036
33069.000 0.292 -0.123 0.261
33070.000 0.292 -0.054 0.336
33071.000 0.292 0.015 0.251
33072.000 0.292 0.085 0.199
33073.000 0.292 0.154 0.120
33074.000 0.292 0.223 0.223
33075.000 0.292 0.292 0.230
33076.000 0.292 0.362 0.276
33077.000 0.292 0.431 0.207
33078.000 0.362 -0.400 0.422
33079.000 0.362 -0.331 0.309
33080.000 0.362 -0.262 0.244
33081.000 0.362 -0.192 0.198
33082.000 0.362 -0.123 0.408
33083.000 0.362 -0.054 0.496
33084.000 0.362 0.015 0.423
33085.000 0.362 0.085 0.474
33086.000 0.362 0.154 0.149
33087.000 0.362 0.223 0.333
33088.000 0.362 0.362 0.057
33089.000 0.362 0.431 0.204
33090.000 0.431 -0.400 0.394
33091.000 0.431 -0.331 0.440
33092.000 0.431 -0.262 0.490
33093.000 0.431 -0.192 0.234
33094.000 0.431 -0.123 0.297
33095.000 0.431 -0.054 0.119
33096.000 0.431 0.015 0.209
33097.000 0.431 0.085 0.331
33098.000 0.431 0.154 0.254
33099.000 0.431 0.223 0.289
33100.000 0.431 0.292 0.282
33101.000 0.431 0.362 0.269
33102.000 0.431 0.431 0.167
