0.0013966480446927375 0.1206896551724138 0.06948424068767908 0.0007173601147776183 0.0
0.0006983240223463687 0.15448275862068966 0.0680515759312321 0.0 0.0
0.0013966480446927375 0.1627586206896552 0.061604584527220625 0.0 0.0
0.0006983240223463687 0.15172413793103448 0.05515759312320917 0.0 0.0
0.0006983240223463687 0.15172413793103448 0.052292263610315186 0.0007173601147776183 0.0
0.0006983240223463687 0.16344827586206895 0.04656160458452722 0.0 0.0
0.0013966480446927375 0.12275862068965518 0.05873925501432665 0.0 0.0
0.002094972067039106 0.15931034482758621 0.03939828080229226 0.0 0.0
0.0 0.14896551724137932 0.053724928366762174 0.0007173601147776183 0.0
0.003491620111731844 0.1627586206896552 0.0508595988538682 0.0007173601147776183 0.0
0.002094972067039106 0.1193103448275862 0.05300859598853869 0.0 0.0
0.0006983240223463687 0.15655172413793103 0.044412607449856735 0.0 0.0
0.0 0.1613793103448276 0.06303724928366763 0.0007173601147776183 0.0
0.002793296089385475 0.14413793103448277 0.03796561604584527 0.0 0.0
0.0006983240223463687 0.16 0.05730659025787966 0.0007173601147776183 0.0
0.0006983240223463687 0.14965517241379309 0.05515759312320917 0.0 0.0
0.0006983240223463687 0.12137931034482759 0.0508595988538682 0.0007173601147776183 0.0
0.0006983240223463687 0.15379310344827588 0.055873925501432664 0.0014347202295552366 0.0
0.0013966480446927375 0.1462068965517241 0.06303724928366763 0.0 0.0
0.0 0.18344827586206897 0.04871060171919771 0.0 0.0
0.0006983240223463687 0.1317241379310345 0.061604584527220625 0.0 0.0
0.0006983240223463687 0.14482758620689654 0.0494269340974212 0.0 0.0
0.0013966480446927375 0.1317241379310345 0.03796561604584527 0.0 0.0
0.0 0.15379310344827588 0.06446991404011461 0.0014347202295552366 0.0
0.0013966480446927375 0.15517241379310345 0.04512893982808023 0.0 0.0
0.002094972067039106 0.1462068965517241 0.04799426934097421 0.0014347202295552366 0.0
0.0013966480446927375 0.14965517241379309 0.055873925501432664 0.0007173601147776183 0.0006765899864682003
0.0006983240223463687 0.14413793103448277 0.05515759312320917 0.0 0.0
0.002094972067039106 0.1303448275862069 0.04297994269340974 0.0 0.0
0.0006983240223463687 0.15655172413793103 0.05515759312320917 0.0 0.0
0.0 0.14965517241379309 0.03581661891117478 0.0 0.0
0.002793296089385475 0.11793103448275861 0.055873925501432664 0.0014347202295552366 0.0006765899864682003
0.0006983240223463687 0.18000000000000002 0.06661891117478509 0.0007173601147776183 0.0
0.0006983240223463687 0.14482758620689654 0.04656160458452722 0.0 0.0
0.0 0.20344827586206896 0.05515759312320917 0.0007173601147776183 0.0
0.0 0.16689655172413792 0.0651862464183381 0.0 0.0
0.0006983240223463687 0.15586206896551724 0.06088825214899713 0.0 0.0
0.0006983240223463687 0.15241379310344827 0.04727793696275071 0.0007173601147776183 0.0006765899864682003
0.0013966480446927375 0.1613793103448276 0.058022922636103154 0.0 0.0
0.0 0.16206896551724137 0.04727793696275071 0.0007173601147776183 0.0
0.0013966480446927375 0.18620689655172415 0.053724928366762174 0.0 0.0
0.0006983240223463687 0.1510344827586207 0.04512893982808023 0.0 0.0
0.0013966480446927375 0.19517241379310346 0.04297994269340974 0.0007173601147776183 0.0
0.0 0.18344827586206897 0.05157593123209169 0.0 0.0
0.0013966480446927375 0.16689655172413792 0.04656160458452722 0.0 0.0
0.0013966480446927375 0.17379310344827587 0.05515759312320917 0.0 0.0
0.0013966480446927375 0.1613793103448276 0.04369627507163324 0.0 0.0006765899864682003
0.0013966480446927375 0.18344827586206897 0.061604584527220625 0.0 0.0
0.002793296089385475 0.20689655172413793 0.08595988538681948 0.0 0.0
0.0006983240223463687 0.1889655172413793 0.0508595988538682 0.0 0.0
0.002094972067039106 0.19310344827586207 0.052292263610315186 0.0 0.0
0.0013966480446927375 0.15310344827586206 0.060171919770773644 0.0007173601147776183 0.0
0.0013966480446927375 0.19655172413793104 0.05873925501432665 0.0007173601147776183 0.0
0.002094972067039106 0.17655172413793105 0.053724928366762174 0.0 0.0
0.002094972067039106 0.18206896551724136 0.0501432664756447 0.0 0.0006765899864682003
0.0013966480446927375 0.20965517241379308 0.07234957020057307 0.0 0.0
0.0006983240223463687 0.1703448275862069 0.034383954154727794 0.0007173601147776183 0.0
0.0013966480446927375 0.1889655172413793 0.053724928366762174 0.0007173601147776183 0.0
0.0006983240223463687 0.2303448275862069 0.07306590257879657 0.0 0.0006765899864682003
0.002094972067039106 0.2013793103448276 0.0494269340974212 0.0 0.0
0.0013966480446927375 0.21724137931034482 0.06088825214899713 0.0007173601147776183 0.0006765899864682003
0.002793296089385475 0.2386206896551724 0.04799426934097421 0.0 0.0006765899864682003
0.0006983240223463687 0.24000000000000002 0.0501432664756447 0.0 0.0
0.0006983240223463687 0.2110344827586207 0.06232091690544412 0.0007173601147776183 0.0
0.0013966480446927375 0.20689655172413793 0.04656160458452722 0.0 0.0
0.0006983240223463687 0.20482758620689656 0.0494269340974212 0.0007173601147776183 0.0
0.002094972067039106 0.2296551724137931 0.07234957020057307 0.0007173601147776183 0.0
0.0006983240223463687 0.2475862068965517 0.0680515759312321 0.0007173601147776183 0.0006765899864682003
0.002094972067039106 0.24827586206896554 0.03939828080229226 0.0014347202295552366 0.0
0.003491620111731844 0.2944827586206896 0.05873925501432665 0.0 0.0
0.0013966480446927375 0.2489655172413793 0.06446991404011461 0.0 0.0
0.003491620111731844 0.2675862068965517 0.06446991404011461 0.0 0.0
0.002793296089385475 0.2751724137931035 0.05515759312320917 0.0007173601147776183 0.0
0.0013966480446927375 0.2655172413793104 0.07020057306590258 0.0 0.0
0.0013966480446927375 0.2772413793103448 0.06733524355300859 0.0 0.0
0.002793296089385475 0.31517241379310346 0.08739255014326648 0.0007173601147776183 0.0006765899864682003
0.0006983240223463687 0.31862068965517243 0.08810888252148998 0.0 0.0
0.0006983240223463687 0.2848275862068965 0.07664756446991404 0.0007173601147776183 0.0
0.002094972067039106 0.32620689655172413 0.06661891117478509 0.0007173601147776183 0.0
0.0013966480446927375 0.33793103448275863 0.0680515759312321 0.0007173601147776183 0.0
0.0 0.296551724137931 0.06375358166189113 0.0007173601147776183 0.0
0.0006983240223463687 0.32620689655172413 0.08524355300859598 0.0014347202295552366 0.0
0.0006983240223463687 0.3427586206896552 0.07234957020057307 0.0 0.0
0.0006983240223463687 0.356551724137931 0.0651862464183381 0.0 0.0
0.0 0.37655172413793103 0.07449856733524356 0.0 0.0
0.0013966480446927375 0.37517241379310345 0.080945558739255 0.0007173601147776183 0.0
0.0 0.37310344827586206 0.083810888252149 0.0 0.0006765899864682003
0.0006983240223463687 0.41793103448275865 0.08954154727793696 0.0007173601147776183 0.0006765899864682003
0.0 0.3993103448275862 0.07306590257879657 0.0007173601147776183 0.0
0.002793296089385475 0.3813793103448276 0.08022922636103151 0.0 0.0
0.0006983240223463687 0.4317241379310345 0.09240687679083094 0.0 0.0
0.002793296089385475 0.42137931034482756 0.07593123209169055 0.0 0.0
0.0013966480446927375 0.4048275862068966 0.08595988538681948 0.0 0.0
0.0 0.5117241379310346 0.09383954154727793 0.0 0.0
0.0 0.486896551724138 0.08237822349570201 0.0 0.0
0.0006983240223463687 0.42965517241379314 0.09097421203438397 0.0 0.0
0.002793296089385475 0.44 0.10386819484240688 0.0 0.0
0.0013966480446927375 0.4606896551724138 0.09527220630372492 0.0 0.0
0.002094972067039106 0.4827586206896552 0.08524355300859598 0.0 0.0
0.0 0.4889655172413793 0.07163323782234957 0.0 0.0
0.0 0.4820689655172414 0.1017191977077364 0.0007173601147776183 0.0
0.0 0.007586206896551724 0.0 0.0 0.0
0.0 0.0062068965517241385 0.0 0.0 0.0
0.0 0.0062068965517241385 0.0 0.0 0.0
0.0 0.00896551724137931 0.0 0.0 0.0
0.002094972067039106 0.49379310344827587 0.10315186246418338 0.0 0.0
0.0 0.005517241379310345 0.0 0.0007173601147776183 0.0
0.0006983240223463687 0.008275862068965517 0.0 0.0 0.0
0.0 0.004137931034482759 0.0007163323782234958 0.0 0.0006765899864682003
0.0 0.008275862068965517 0.0 0.0 0.0
0.0 0.3351724137931035 0.17335243553008597 0.002152080344332855 0.0006765899864682003
0.0 0.0034482758620689655 0.0 0.0 0.0
0.0 0.0020689655172413794 0.0007163323782234958 0.0 0.0
0.0 0.010344827586206896 0.0 0.0 0.0
0.0 0.0062068965517241385 0.0007163323782234958 0.0 0.0
0.002793296089385475 0.4889655172413793 0.09097421203438397 0.0 0.0
0.0 0.006896551724137931 0.0007163323782234958 0.0 0.0
0.0 0.009655172413793104 0.0 0.0 0.0
0.0 0.008275862068965517 0.0 0.0 0.0
0.0 0.008275862068965517 0.0 0.0007173601147776183 0.0
0.0013966480446927375 0.3641379310344827 0.1969914040114613 0.003586800573888092 0.0
0.0 0.0027586206896551726 0.0 0.0007173601147776183 0.0
0.0 0.00896551724137931 0.0 0.0 0.0
0.0 0.008275862068965517 0.0 0.0 0.0006765899864682003
0.0 0.004827586206896552 0.0 0.0 0.0
0.0 0.010344827586206896 0.0 0.0 0.0
0.0 0.0062068965517241385 0.0 0.0 0.0006765899864682003
0.0 0.004827586206896552 0.0 0.0 0.0
0.0 0.006896551724137931 0.0 0.0 0.0
0.0 0.007586206896551724 0.0 0.0 0.0
0.0006983240223463687 0.0062068965517241385 0.0007163323782234958 0.0 0.0
0.0006983240223463687 0.3413793103448276 0.15687679083094555 0.0 0.0
0.0 0.3179310344827586 0.1669054441260745 0.0 0.0
0.0013966480446927375 0.34 0.17908309455587393 0.0007173601147776183 0.0
0.0 0.33655172413793105 0.1977077363896848 0.002152080344332855 0.0
0.0006983240223463687 0.3489655172413793 0.2134670487106017 0.0 0.0
0.0006983240223463687 0.35931034482758617 0.1669054441260745 0.0014347202295552366 0.0
0.0 0.3572413793103448 0.2012893982808023 0.0007173601147776183 0.0
0.0 0.33655172413793105 0.16189111747851 0.0 0.0
0.0 0.3324137931034483 0.18266475644699143 0.0 0.0
0.0 0.3158620689655173 0.22277936962750716 0.0007173601147776183 0.0
0.002094972067039106 0.3606896551724138 0.21131805157593125 0.0007173601147776183 0.0
0.0 0.33172413793103445 0.2449856733524355 0.002152080344332855 0.0
0.0006983240223463687 0.3406896551724138 0.2621776504297994 0.0007173601147776183 0.0
0.0 0.3503448275862069 0.24140401146131804 0.0007173601147776183 0.0006765899864682003
0.0006983240223463687 0.37310344827586206 0.2328080229226361 0.0 0.0
0.0006983240223463687 0.34206896551724136 0.22922636103151864 0.0 0.0
0.0006983240223463687 0.33379310344827584 0.20773638968481375 0.0007173601147776183 0.0
0.0006983240223463687 0.37103448275862067 0.25214899713467054 0.0007173601147776183 0.0
0.0 0.323448275862069 0.2650429799426934 0.0014347202295552366 0.0
0.0006983240223463687 0.34827586206896555 0.2700573065902579 0.0007173601147776183 0.0
0.0 0.3427586206896552 0.2671919770773639 0.0 0.0
0.0013966480446927375 0.35172413793103446 0.2929799426934097 0.0007173601147776183 0.0
0.0 0.3179310344827586 0.2535816618911175 0.0 0.0
0.0013966480446927375 0.3386206896551724 0.28724928366762176 0.0 0.0
0.0 0.3510344827586207 0.32091690544412604 0.002152080344332855 0.0
0.0 0.3489655172413793 0.34097421203438394 0.0007173601147776183 0.0
0.0006983240223463687 0.34758620689655173 0.3746418338108883 0.0007173601147776183 0.0
0.0 0.33793103448275863 0.38896848137535817 0.0007173601147776183 0.0
0.0 0.33379310344827584 0.38825214899713467 0.0014347202295552366 0.0006765899864682003
0.0 0.31655172413793103 0.3982808022922636 0.0 0.0
0.0 0.33379310344827584 0.4226361031518625 0.0014347202295552366 0.0
0.0006983240223463687 0.356551724137931 0.5157593123209169 0.0 0.0006765899864682003
0.0 0.33586206896551724 0.5558739255014327 0.0014347202295552366 0.0
0.002094972067039106 0.34 0.5329512893982807 0.0 0.0
0.0013966480446927375 0.3193103448275862 0.5358166189111747 0.002152080344332855 0.0
0.0 0.3393103448275862 0.6045845272206304 0.0 0.0
0.0006983240223463687 0.3468965517241379 0.6246418338108882 0.002869440459110473 0.0
0.0006983240223463687 0.3248275862068965 0.6611747851002865 0.002869440459110473 0.0
0.0006983240223463687 0.37103448275862067 0.7578796561604585 0.0 0.0
0.0 0.34827586206896555 0.7371060171919771 0.0007173601147776183 0.0
0.0 0.3572413793103448 0.7800859598853868 0.0014347202295552366 0.0
0.0006983240223463687 0.3524137931034483 0.7750716332378224 0.0014347202295552366 0.0
0.0 0.3510344827586207 0.7636103151862464 0.0007173601147776183 0.0
0.0006983240223463687 0.3372413793103448 0.8359598853868194 0.002152080344332855 0.0006765899864682003
0.002094972067039106 0.32206896551724135 0.8631805157593123 0.0 0.0
0.0006983240223463687 0.3510344827586207 0.8345272206303725 0.0007173601147776183 0.0
0.0006983240223463687 0.34206896551724136 0.9312320916905444 0.0007173601147776183 0.0
0.0006983240223463687 0.35931034482758617 0.9083094555873925 0.0 0.0006765899864682003
0.0006983240223463687 0.32758620689655177 0.920487106017192 0.0014347202295552366 0.0
0.0 0.3551724137931035 0.9018624641833811 0.0014347202295552366 0.0
0.0006983240223463687 0.3682758620689655 1.005730659025788 0.0007173601147776183 0.0
0.0 0.34551724137931034 0.9412607449856734 0.0014347202295552366 0.0
0.0013966480446927375 0.3551724137931035 0.9061604584527221 0.0014347202295552366 0.0
0.0 0.3531034482758621 0.9512893982808024 0.0007173601147776183 0.0
0.0013966480446927375 0.37310344827586206 0.9477077363896848 0.0007173601147776183 0.0
0.0 0.3531034482758621 1.002865329512894 0.0007173601147776183 0.0
0.0 0.3586206896551724 1.0222063037249283 0.0007173601147776183 0.0
0.0013966480446927375 0.35931034482758617 0.981375358166189 0.0 0.0
0.0006983240223463687 0.3682758620689655 1.0565902578796562 0.0007173601147776183 0.0
0.0006983240223463687 0.3544827586206896 1.060888252148997 0.0007173601147776183 0.0
0.0013966480446927375 0.356551724137931 1.0229226361031518 0.002152080344332855 0.0
0.0006983240223463687 0.3868965517241379 1.1475644699140402 0.0 0.0
0.0 0.38275862068965516 1.1110315186246418 0.0 0.0
0.0 0.3813793103448276 1.1146131805157593 0.0007173601147776183 0.0
0.0013966480446927375 0.36137931034482756 1.083810888252149 0.0014347202295552366 0.0006765899864682003
0.0006983240223463687 0.3427586206896552 1.095272206303725 0.0 0.0
0.0 0.37103448275862067 1.0945558739255015 0.0007173601147776183 0.0
0.0 0.3703448275862069 1.1310888252148998 0.0 0.0
0.0006983240223463687 0.40758620689655173 1.1024355300859598 0.0 0.0
0.0006983240223463687 0.3531034482758621 1.1217765042979944 0.0 0.0
0.0 0.38620689655172413 1.1396848137535815 0.0014347202295552366 0.0
0.0006983240223463687 0.3724137931034483 1.1267908309455588 0.0 0.0
0.0 0.39517241379310347 1.1439828080229226 0.0014347202295552366 0.0
0.0006983240223463687 0.37103448275862067 1.1232091690544412 0.0 0.0
0.0006983240223463687 0.3868965517241379 1.143266475644699 0.002152080344332855 0.0
0.0013966480446927375 0.3813793103448276 1.101002865329513 0.002869440459110473 0.0
0.0006983240223463687 0.3682758620689655 1.0544412607449856 0.002152080344332855 0.0
0.0006983240223463687 0.3779310344827586 1.2027220630372493 0.0014347202295552366 0.0
0.0006983240223463687 0.38551724137931037 1.1955587392550144 0.0 0.0
0.0 0.37724137931034485 1.173352435530086 0.0 0.0
0.0 0.38413793103448274 1.1948424068767909 0.0007173601147776183 0.0
0.0 0.383448275862069 1.2070200573065903 0.0007173601147776183 0.0
0.0006983240223463687 0.3806896551724138 1.2091690544412608 0.002152080344332855 0.0
0.0006983240223463687 0.40620689655172415 1.215616045845272 0.0 0.0
0.0006983240223463687 0.38 1.2191977077363896 0.0014347202295552366 0.0
0.0013966480446927375 0.39724137931034487 1.2091690544412608 0.0 0.0
0.0013966480446927375 0.3903448275862069 1.1611747851002865 0.0014347202295552366 0.0
0.0 0.35586206896551725 1.143266475644699 0.0014347202295552366 0.0
0.0013966480446927375 0.3572413793103448 1.1783667621776504 0.0007173601147776183 0.0
0.0006983240223463687 0.38 1.2299426934097422 0.0007173601147776183 0.0
0.0006983240223463687 0.41379310344827586 1.1962750716332378 0.0007173601147776183 0.0
0.0006983240223463687 0.4 1.1719197707736388 0.0007173601147776183 0.0
0.002094972067039106 0.3806896551724138 1.1812320916905443 0.0 0.0
0.0006983240223463687 0.40344827586206894 1.1755014326647564 0.0 0.0
0.0006983240223463687 0.3806896551724138 1.1998567335243553 0.002152080344332855 0.0
0.0006983240223463687 0.3889655172413793 1.1755014326647564 0.0014347202295552366 0.0
0.002094972067039106 0.39724137931034487 1.1926934097421202 0.0007173601147776183 0.0
0.0 0.34965517241379307 1.1934097421203438 0.0014347202295552366 0.0
0.0 0.3689655172413793 1.215616045845272 0.0 0.0
