0.0013966480446927375 0.11724137931034483 0.07306590257879657 0.0 0.0
0.0 0.1627586206896552 0.0659025787965616 0.0 0.0
0.0 0.15724137931034482 0.06303724928366763 0.0 0.0
0.0013966480446927375 0.16413793103448276 0.0501432664756447 0.0 0.0
0.0013966480446927375 0.16827586206896553 0.04154727793696275 0.0 0.0
0.0 0.18206896551724136 0.044412607449856735 0.0 0.0
0.002793296089385475 0.12689655172413794 0.044412607449856735 0.0 0.0
0.002793296089385475 0.16413793103448276 0.03581661891117478 0.0 0.0
0.0 0.1406896551724138 0.05157593123209169 0.0 0.0
0.004189944134078212 0.17655172413793105 0.04727793696275071 0.0014347202295552366 0.0
0.0 0.14206896551724138 0.04871060171919771 0.0 0.0
0.0 0.15448275862068966 0.04154727793696275 0.0 0.0
0.0 0.16 0.061604584527220625 0.0014347202295552366 0.0
0.002793296089385475 0.1406896551724138 0.0329512893982808 0.0 0.0
0.0013966480446927375 0.1627586206896552 0.05444126074498567 0.0 0.0
0.0 0.1296551724137931 0.04871060171919771 0.0 0.0
0.0013966480446927375 0.12689655172413794 0.05157593123209169 0.0 0.0
0.0 0.15448275862068966 0.04727793696275071 0.0014347202295552366 0.0
0.0 0.12827586206896552 0.04871060171919771 0.0 0.0
0.0 0.2 0.04871060171919771 0.0 0.0
0.0 0.12413793103448277 0.061604584527220625 0.0 0.0
0.0013966480446927375 0.12827586206896552 0.04154727793696275 0.0 0.0
0.0013966480446927375 0.12413793103448277 0.03581661891117478 0.0 0.0
0.0 0.14758620689655175 0.07020057306590258 0.0 0.0
0.0 0.16 0.03151862464183382 0.0 0.0
0.002793296089385475 0.13793103448275862 0.04584527220630373 0.0014347202295552366 0.0
0.0 0.1296551724137931 0.05157593123209169 0.0 0.0013531799729364006
0.0 0.13655172413793104 0.04871060171919771 0.0 0.0
0.0013966480446927375 0.10758620689655173 0.038681948424068774 0.0 0.0
0.0013966480446927375 0.16827586206896553 0.05157593123209169 0.0 0.0
0.0 0.13793103448275862 0.025787965616045846 0.0 0.0
0.002793296089385475 0.10482758620689654 0.04584527220630373 0.0014347202295552366 0.0013531799729364006
0.0 0.18344827586206897 0.05444126074498567 0.0 0.0
0.0 0.13103448275862067 0.0501432664756447 0.0 0.0
0.0 0.18206896551724136 0.04154727793696275 0.0014347202295552366 0.0
0.0 0.1503448275862069 0.05730659025787966 0.0 0.0
0.0 0.14896551724137932 0.05873925501432665 0.0 0.0
0.0 0.14896551724137932 0.04154727793696275 0.0014347202295552366 0.0013531799729364006
0.0 0.14758620689655175 0.04584527220630373 0.0 0.0
0.0 0.13379310344827586 0.04154727793696275 0.0 0.0
0.002793296089385475 0.1462068965517241 0.04297994269340974 0.0 0.0
0.0 0.12000000000000001 0.04154727793696275 0.0 0.0
0.0013966480446927375 0.14758620689655175 0.024355300859598854 0.0 0.0
0.0 0.14482758620689654 0.04297994269340974 0.0 0.0
0.0013966480446927375 0.13655172413793104 0.034383954154727794 0.0 0.0
0.0 0.1296551724137931 0.03581661891117478 0.0 0.0
0.0 0.12551724137931036 0.04297994269340974 0.0 0.0013531799729364006
0.0 0.14758620689655175 0.04154727793696275 0.0 0.0
0.0013966480446927375 0.18344827586206897 0.06446991404011461 0.0 0.0
0.0 0.13103448275862067 0.03724928366762178 0.0 0.0
0.002793296089385475 0.13793103448275862 0.04154727793696275 0.0 0.0
0.0 0.11862068965517242 0.04727793696275071 0.0 0.0
0.0 0.11310344827586208 0.04871060171919771 0.0 0.0
0.0 0.14482758620689654 0.0501432664756447 0.0 0.0
0.0013966480446927375 0.11310344827586208 0.04584527220630373 0.0 0.0013531799729364006
0.0013966480446927375 0.1393103448275862 0.07020057306590258 0.0 0.0
0.0 0.11172413793103447 0.025787965616045846 0.0014347202295552366 0.0
0.0013966480446927375 0.12413793103448277 0.03724928366762178 0.0014347202295552366 0.0
0.0 0.13793103448275862 0.0501432664756447 0.0 0.0
0.0 0.12137931034482759 0.0329512893982808 0.0 0.0
0.0 0.13103448275862067 0.034383954154727794 0.0014347202295552366 0.0013531799729364006
0.0013966480446927375 0.14758620689655175 0.022922636103151865 0.0 0.0
0.0 0.11724137931034483 0.034383954154727794 0.0 0.0
0.0 0.12413793103448277 0.04584527220630373 0.0014347202295552366 0.0
0.0 0.12000000000000001 0.0329512893982808 0.0 0.0
0.0 0.11586206896551723 0.040114613180515755 0.0 0.0
0.002793296089385475 0.13655172413793104 0.05444126074498567 0.0014347202295552366 0.0
0.0013966480446927375 0.16 0.0501432664756447 0.0 0.0
0.0013966480446927375 0.12413793103448277 0.024355300859598854 0.002869440459110473 0.0
0.004189944134078212 0.15724137931034482 0.04584527220630373 0.0 0.0
0.0013966480446927375 0.13655172413793104 0.044412607449856735 0.0 0.0
0.002793296089385475 0.13517241379310346 0.04584527220630373 0.0 0.0
0.00558659217877095 0.13103448275862067 0.038681948424068774 0.0014347202295552366 0.0
0.0013966480446927375 0.11862068965517242 0.04297994269340974 0.0 0.0
0.0 0.11862068965517242 0.055873925501432664 0.0 0.0
0.0013966480446927375 0.1696551724137931 0.05873925501432665 0.0 0.0
0.0013966480446927375 0.14896551724137932 0.05300859598853869 0.0 0.0
0.0013966480446927375 0.11724137931034483 0.04727793696275071 0.0014347202295552366 0.0
0.0013966480446927375 0.15172413793103448 0.04297994269340974 0.0 0.0
0.0 0.15586206896551724 0.03581661891117478 0.0 0.0
0.0 0.09655172413793103 0.03151862464183382 0.0 0.0
0.0013966480446927375 0.11172413793103447 0.06446991404011461 0.0 0.0
0.0 0.12413793103448277 0.04727793696275071 0.0 0.0
0.0 0.14482758620689654 0.044412607449856735 0.0 0.0
0.0 0.12827586206896552 0.04584527220630373 0.0 0.0
0.0013966480446927375 0.13517241379310346 0.04727793696275071 0.0 0.0
0.0 0.1103448275862069 0.05873925501432665 0.0 0.0013531799729364006
0.0 0.15172413793103448 0.061604584527220625 0.0 0.0
0.0 0.12137931034482759 0.0329512893982808 0.0014347202295552366 0.0
0.0013966480446927375 0.1296551724137931 0.04727793696275071 0.0 0.0
0.0013966480446927375 0.1462068965517241 0.044412607449856735 0.0 0.0
0.002793296089385475 0.11724137931034483 0.040114613180515755 0.0 0.0
0.002793296089385475 0.11172413793103447 0.05873925501432665 0.0 0.0
0.0 0.16551724137931034 0.04154727793696275 0.0 0.0
0.0 0.1393103448275862 0.03581661891117478 0.0 0.0
0.0 0.09655172413793103 0.0501432664756447 0.0 0.0
0.0013966480446927375 0.10758620689655173 0.060171919770773644 0.0 0.0
0.0013966480446927375 0.10482758620689654 0.040114613180515755 0.0 0.0
0.002793296089385475 0.09103448275862068 0.03581661891117478 0.0 0.0
0.0 0.11724137931034483 0.02865329512893983 0.0 0.0
0.0 0.11310344827586208 0.044412607449856735 0.0014347202295552366 0.0
0.0 0.0 0.0 0.0 0.0
0.0 0.0 0.0 0.0 0.0
0.0 0.0 0.0 0.0 0.0
0.0 0.0 0.0 0.0 0.0
0.0013966480446927375 0.10758620689655173 0.027220630372492834 0.0 0.0
0.0 0.0 0.0 0.0014347202295552366 0.0
0.0013966480446927375 0.0 0.0 0.0 0.0
0.0 0.0 0.0 0.0 0.0013531799729364006
0.0 0.0 0.0 0.0 0.0
0.0 0.03586206896551724 0.13323782234957018 0.0014347202295552366 0.0
0.0 0.0 0.0 0.0 0.0
0.0 0.0 0.0 0.0 0.0
0.0 0.0013793103448275863 0.0 0.0 0.0
0.0 0.0 0.0014326647564469916 0.0 0.0
0.002793296089385475 0.10206896551724139 0.038681948424068774 0.0 0.0
0.0 0.0 0.0014326647564469916 0.0 0.0
0.0 0.0 0.0 0.0 0.0
0.0 0.0 0.0 0.0 0.0
0.0 0.0 0.0 0.0014347202295552366 0.0
0.0013966480446927375 0.05517241379310345 0.12034383954154729 0.00430416068866571 0.0
0.0 0.0 0.0 0.0 0.0
0.0 0.0 0.0 0.0 0.0
0.0 0.0 0.0 0.0 0.0013531799729364006
0.0 0.0013793103448275863 0.0 0.0 0.0
0.0 0.0 0.0 0.0 0.0
0.0 0.0 0.0 0.0 0.0013531799729364006
0.0 0.0013793103448275863 0.0 0.0 0.0
0.0 0.0 0.0 0.0 0.0
0.0 0.0 0.0 0.0 0.0
0.0 0.0 0.0014326647564469916 0.0 0.0
0.0 0.04275862068965517 0.09598853868194843 0.0 0.0
0.0 0.038620689655172416 0.11174785100286533 0.0 0.0
0.0013966480446927375 0.03724137931034483 0.11318051575931232 0.0 0.0
0.0 0.04275862068965517 0.13896848137535817 0.0 0.0
0.0 0.04965517241379311 0.15329512893982808 0.0 0.0
0.0013966480446927375 0.05517241379310345 0.10888252148997134 0.0014347202295552366 0.0
0.0 0.0703448275862069 0.14326647564469913 0.0 0.0
0.0 0.03724137931034483 0.12177650429799426 0.0 0.0
0.0 0.034482758620689655 0.14040114613180515 0.0 0.0
0.0 0.06482758620689655 0.167621776504298 0.0 0.0
0.0013966480446927375 0.05793103448275862 0.14469914040114615 0.0 0.0
0.0 0.05931034482758621 0.20773638968481375 0.00430416068866571 0.0
0.0 0.05241379310344827 0.22922636103151864 0.0 0.0
0.0 0.05655172413793104 0.19054441260744984 0.0014347202295552366 0.0
0.0 0.06620689655172414 0.20773638968481375 0.0 0.0
0.0 0.062068965517241385 0.18194842406876793 0.0 0.0
0.0 0.05655172413793104 0.1977077363896848 0.0014347202295552366 0.0
0.0 0.06482758620689655 0.2449856733524355 0.0014347202295552366 0.0
0.0 0.05793103448275862 0.27650429799426934 0.0014347202295552366 0.0
0.0 0.06344827586206897 0.27650429799426934 0.0014347202295552366 0.0
0.0 0.05793103448275862 0.28653295128939826 0.0 0.0
0.0013966480446927375 0.06344827586206897 0.32234957020057303 0.0 0.0
0.0 0.04827586206896552 0.3151862464183381 0.0 0.0
0.002793296089385475 0.06482758620689655 0.3495702005730659 0.0 0.0
0.0 0.062068965517241385 0.4140401146131805 0.002869440459110473 0.0
0.0 0.07586206896551724 0.47421203438395415 0.0014347202295552366 0.0
0.0013966480446927375 0.07724137931034483 0.5214899713467048 0.0014347202295552366 0.0
0.0 0.06896551724137931 0.5530085959885387 0.0 0.0
0.0 0.08 0.5315186246418339 0.0014347202295552366 0.0013531799729364006
0.0 0.06620689655172414 0.5988538681948424 0.0 0.0
0.0 0.06482758620689655 0.6303724928366762 0.0014347202295552366 0.0
0.0013966480446927375 0.07724137931034483 0.7779369627507163 0.0 0.0
0.0 0.0703448275862069 0.8553008595988538 0.0 0.0
0.0013966480446927375 0.08275862068965517 0.8624641833810888 0.0 0.0
0.0013966480446927375 0.062068965517241385 0.8796561604584527 0.0014347202295552366 0.0
0.0 0.09931034482758622 0.9842406876790831 0.0 0.0
0.0 0.0813793103448276 1.0429799426934097 0.00430416068866571 0.0
0.0 0.09103448275862068 1.1446991404011462 0.0 0.0
0.0013966480446927375 0.08689655172413793 1.3065902578796562 0.0 0.0
0.0 0.10758620689655173 1.2979942693409743 0.0014347202295552366 0.0
0.0 0.11724137931034483 1.3782234957020056 0.0014347202295552366 0.0
0.0 0.13241379310344828 1.3653295128939829 0.0014347202295552366 0.0
0.0 0.12000000000000001 1.349570200573066 0.0014347202295552366 0.0
0.0013966480446927375 0.11724137931034483 1.505730659025788 0.0 0.0
0.0013966480446927375 0.1103448275862069 1.5515759312320918 0.0 0.0
0.0 0.1089655172413793 1.511461318051576 0.0 0.0
0.0013966480446927375 0.11586206896551723 1.684813753581662 0.0014347202295552366 0.0
0.0 0.13241379310344828 1.66189111747851 0.0 0.0013531799729364006
0.0 0.12689655172413794 1.657593123209169 0.0014347202295552366 0.0
0.0 0.1406896551724138 1.6289398280802292 0.0014347202295552366 0.0
0.0 0.16827586206896553 1.82378223495702 0.0014347202295552366 0.0
0.0 0.11586206896551723 1.6977077363896849 0.0 0.0
0.0 0.15586206896551724 1.6504297994269341 0.002869440459110473 0.0
0.0 0.15172413793103448 1.6819484240687679 0.0 0.0
0.002793296089385475 0.14206896551724138 1.7320916905444126 0.0014347202295552366 0.0
0.0 0.1393103448275862 1.8180515759312321 0.0014347202295552366 0.0
0.0 0.1406896551724138 1.8681948424068768 0.0 0.0
0.0 0.13655172413793104 1.8051575931232091 0.0 0.0
0.0 0.1613793103448276 1.9527220630372493 0.0014347202295552366 0.0
0.0 0.14758620689655175 1.9555873925501435 0.0014347202295552366 0.0
0.0013966480446927375 0.14206896551724138 1.8653295128939829 0.0014347202295552366 0.0
0.0013966480446927375 0.18068965517241378 2.0988538681948423 0.0 0.0
0.0 0.17379310344827587 2.0687679083094554 0.0 0.0
0.0 0.1586206896551724 2.0773638968481376 0.0014347202295552366 0.0
0.0 0.17793103448275863 2.040114613180516 0.0014347202295552366 0.0013531799729364006
0.0013966480446927375 0.14344827586206896 2.041547277936963 0.0 0.0
0.0 0.1627586206896552 2.0530085959885387 0.0014347202295552366 0.0
0.0 0.16413793103448276 2.1031518624641836 0.0 0.0
0.0 0.18068965517241378 2.0530085959885387 0.0 0.0
0.0 0.1696551724137931 2.0702005730659025 0.0 0.0
0.0 0.18068965517241378 2.120343839541547 0.0014347202295552366 0.0
0.0013966480446927375 0.1627586206896552 2.097421203438395 0.0 0.0
0.0 0.2 2.1103151862464182 0.0014347202295552366 0.0
0.0 0.17517241379310344 2.0845272206303727 0.0 0.0
0.0013966480446927375 0.19310344827586207 2.1131805157593124 0.002869440459110473 0.0
0.0013966480446927375 0.18206896551724136 2.0515759312320916 0.00430416068866571 0.0
0.0 0.17103448275862068 1.9871060171919772 0.002869440459110473 0.0
0.0 0.18620689655172415 2.2292263610315186 0.0014347202295552366 0.0
0.0 0.1917241379310345 2.2435530085959887 0.0 0.0
0.0 0.17793103448275863 2.2077363896848134 0.0 0.0
0.0 0.1889655172413793 2.200573065902579 0.0 0.0
0.0 0.18482758620689654 2.2435530085959887 0.0 0.0
0.0 0.20689655172413793 2.232091690544413 0.0 0.0
0.0 0.21379310344827587 2.2664756446991405 0.0 0.0
0.0 0.18620689655172415 2.263610315186247 0.0 0.0
0.0013966480446927375 0.20965517241379308 2.2535816618911175 0.0 0.0
0.0013966480446927375 0.18620689655172415 2.180515759312321 0.002869440459110473 0.0
0.0 0.17517241379310344 2.170487106017192 0.0014347202295552366 0.0
0.0013966480446927375 0.17241379310344826 2.2249283667621778 0.0014347202295552366 0.0
0.0 0.2 2.293696275071633 0.0014347202295552366 0.0
0.0 0.2124137931034483 2.2249283667621778 0.0014347202295552366 0.0
0.0 0.19862068965517243 2.179083094555874 0.0014347202295552366 0.0
0.002793296089385475 0.2013793103448276 2.200573065902579 0.0 0.0
0.0 0.2206896551724138 2.202005730659026 0.0 0.0
0.0 0.18206896551724136 2.2335243553008595 0.0 0.0
0.0 0.1793103448275862 2.1862464183381087 0.0014347202295552366 0.0
0.0013966480446927375 0.17103448275862068 2.2191977077363894 0.0014347202295552366 0.0
0.0 0.15310344827586206 2.2378223495702003 0.002869440459110473 0.0
0.0 0.17517241379310344 2.2621776504297997 0.0 0.0
