0.0013966480446927375 0.12413793103448277 0.0659025787965616 0.0014347202295552366 0.0
0.0013966480446927375 0.1462068965517241 0.07020057306590258 0.0 0.0
0.002793296089385475 0.16827586206896553 0.060171919770773644 0.0 0.0
0.0 0.1393103448275862 0.060171919770773644 0.0 0.0
0.0 0.13517241379310346 0.06303724928366763 0.0014347202295552366 0.0
0.0013966480446927375 0.14482758620689654 0.04871060171919771 0.0 0.0
0.0 0.11862068965517242 0.07306590257879657 0.0 0.0
0.0013966480446927375 0.15448275862068966 0.04297994269340974 0.0 0.0
0.0 0.15724137931034482 0.055873925501432664 0.0014347202295552366 0.0
0.002793296089385475 0.14896551724137932 0.05444126074498567 0.0 0.0
0.004189944134078212 0.09655172413793103 0.05730659025787966 0.0 0.0
0.0013966480446927375 0.1586206896551724 0.04727793696275071 0.0 0.0
0.0 0.1627586206896552 0.06446991404011461 0.0 0.0
0.002793296089385475 0.14758620689655175 0.04297994269340974 0.0 0.0
0.0 0.15724137931034482 0.060171919770773644 0.0014347202295552366 0.0
0.0013966480446927375 0.1696551724137931 0.061604584527220625 0.0 0.0
0.0 0.11586206896551723 0.0501432664756447 0.0014347202295552366 0.0
0.0013966480446927375 0.15310344827586206 0.06446991404011461 0.0014347202295552366 0.0
0.002793296089385475 0.16413793103448276 0.07736389684813755 0.0 0.0
0.0 0.16689655172413792 0.04871060171919771 0.0 0.0
0.0013966480446927375 0.1393103448275862 0.061604584527220625 0.0 0.0
0.0 0.1613793103448276 0.05730659025787966 0.0 0.0
0.0013966480446927375 0.1393103448275862 0.040114613180515755 0.0 0.0
0.0 0.16 0.05873925501432665 0.002869440459110473 0.0
0.002793296089385475 0.1503448275862069 0.05873925501432665 0.0 0.0
0.0013966480446927375 0.15448275862068966 0.0501432664756447 0.0014347202295552366 0.0
0.002793296089385475 0.1696551724137931 0.060171919770773644 0.0014347202295552366 0.0
0.0013966480446927375 0.15172413793103448 0.061604584527220625 0.0 0.0
0.002793296089385475 0.15310344827586206 0.04727793696275071 0.0 0.0
0.0 0.14482758620689654 0.05873925501432665 0.0 0.0
0.0 0.1613793103448276 0.04584527220630373 0.0 0.0
0.002793296089385475 0.13103448275862067 0.0659025787965616 0.0014347202295552366 0.0
0.0013966480446927375 0.17655172413793105 0.07879656160458452 0.0014347202295552366 0.0
0.0013966480446927375 0.1586206896551724 0.04297994269340974 0.0 0.0
0.0 0.22482758620689655 0.06876790830945559 0.0 0.0
0.0 0.18344827586206897 0.07306590257879657 0.0 0.0
0.0013966480446927375 0.1627586206896552 0.06303724928366763 0.0 0.0
0.0013966480446927375 0.15586206896551724 0.05300859598853869 0.0 0.0
0.002793296089385475 0.17517241379310344 0.07020057306590258 0.0 0.0
0.0 0.1903448275862069 0.05300859598853869 0.0014347202295552366 0.0
0.0 0.22620689655172416 0.06446991404011461 0.0 0.0
0.0013966480446927375 0.18206896551724136 0.04871060171919771 0.0 0.0
0.0013966480446927375 0.24275862068965517 0.061604584527220625 0.0014347202295552366 0.0
0.0 0.22206896551724137 0.060171919770773644 0.0 0.0
0.0013966480446927375 0.19724137931034483 0.05873925501432665 0.0 0.0
0.002793296089385475 0.2179310344827586 0.07449856733524356 0.0 0.0
0.002793296089385475 0.19724137931034483 0.044412607449856735 0.0 0.0
0.002793296089385475 0.2193103448275862 0.08166189111747851 0.0 0.0
0.004189944134078212 0.2303448275862069 0.10744985673352435 0.0 0.0
0.0013966480446927375 0.24689655172413794 0.06446991404011461 0.0 0.0
0.0013966480446927375 0.24827586206896554 0.06303724928366763 0.0 0.0
0.002793296089385475 0.18758620689655173 0.07306590257879657 0.0014347202295552366 0.0
0.002793296089385475 0.27999999999999997 0.06876790830945559 0.0014347202295552366 0.0
0.004189944134078212 0.2082758620689655 0.05730659025787966 0.0 0.0
0.002793296089385475 0.2510344827586207 0.05444126074498567 0.0 0.0
0.0013966480446927375 0.27999999999999997 0.07449856733524356 0.0 0.0
0.0013966480446927375 0.2289655172413793 0.04297994269340974 0.0 0.0
0.0013966480446927375 0.2537931034482759 0.07020057306590258 0.0 0.0
0.0013966480446927375 0.3227586206896552 0.09598853868194843 0.0 0.0013531799729364006
0.004189944134078212 0.2813793103448276 0.0659025787965616 0.0 0.0
0.002793296089385475 0.30344827586206896 0.08739255014326648 0.0 0.0
0.004189944134078212 0.3296551724137931 0.07306590257879657 0.0 0.0013531799729364006
0.0013966480446927375 0.3627586206896552 0.0659025787965616 0.0 0.0
0.0013966480446927375 0.29793103448275865 0.07879656160458452 0.0 0.0
0.002793296089385475 0.29379310344827586 0.060171919770773644 0.0 0.0
0.0013966480446927375 0.29379310344827586 0.05873925501432665 0.0014347202295552366 0.0
0.0013966480446927375 0.3227586206896552 0.09025787965616046 0.0 0.0
0.0 0.3351724137931035 0.08595988538681948 0.0014347202295552366 0.0013531799729364006
0.002793296089385475 0.3724137931034483 0.05444126074498567 0.0 0.0
0.002793296089385475 0.4317241379310345 0.07163323782234957 0.0 0.0
0.0013966480446927375 0.36137931034482756 0.08452722063037249 0.0 0.0
0.004189944134078212 0.4 0.0830945558739255 0.0 0.0
0.0 0.41931034482758617 0.07163323782234957 0.0 0.0
0.0013966480446927375 0.4124137931034483 0.09742120343839542 0.0 0.0
0.002793296089385475 0.4358620689655172 0.07879656160458452 0.0 0.0
0.004189944134078212 0.4606896551724138 0.11604584527220631 0.0014347202295552366 0.0013531799729364006
0.0 0.4882758620689655 0.12320916905444125 0.0 0.0
0.0 0.4524137931034483 0.10601719197707737 0.0 0.0
0.002793296089385475 0.5006896551724138 0.09025787965616046 0.0014347202295552366 0.0
0.002793296089385475 0.5199999999999999 0.1002865329512894 0.0014347202295552366 0.0
0.0 0.4965517241379311 0.09598853868194843 0.0014347202295552366 0.0
0.0 0.5406896551724139 0.10601719197707737 0.002869440459110473 0.0
0.0013966480446927375 0.5613793103448276 0.09742120343839542 0.0 0.0
0.0013966480446927375 0.5682758620689655 0.08595988538681948 0.0 0.0
0.0 0.6248275862068965 0.10315186246418338 0.0 0.0
0.0013966480446927375 0.6151724137931035 0.11461318051575932 0.0014347202295552366 0.0
0.0 0.6358620689655172 0.10888252148997134 0.0 0.0
0.0013966480446927375 0.6841379310344827 0.1174785100286533 0.0014347202295552366 0.0013531799729364006
0.0 0.6772413793103448 0.11318051575931232 0.0 0.0
0.004189944134078212 0.6331034482758621 0.11318051575931232 0.0 0.0
0.0 0.7172413793103448 0.14040114613180515 0.0 0.0
0.002793296089385475 0.7255172413793104 0.11174785100286533 0.0 0.0
0.0 0.6979310344827586 0.11318051575931232 0.0 0.0
0.0 0.8579310344827585 0.14613180515759314 0.0 0.0
0.0 0.8344827586206897 0.12893982808022922 0.0 0.0
0.0013966480446927375 0.7627586206896552 0.1318051575931232 0.0 0.0
0.004189944134078212 0.7724137931034483 0.14756446991404013 0.0 0.0
0.0013966480446927375 0.8165517241379311 0.1504297994269341 0.0 0.0
0.0013966480446927375 0.8744827586206897 0.13467048710601717 0.0 0.0
0.0 0.8606896551724138 0.11461318051575932 0.0 0.0
0.0 0.8510344827586207 0.15902578796561603 0.0 0.0
0.0 0.015172413793103448 0.0 0.0 0.0
0.0 0.012413793103448277 0.0 0.0 0.0
0.0 0.012413793103448277 0.0 0.0 0.0
0.0 0.01793103448275862 0.0 0.0 0.0
0.002793296089385475 0.88 0.17908309455587393 0.0 0.0
0.0 0.01103448275862069 0.0 0.0 0.0
0.0 0.016551724137931035 0.0 0.0 0.0
0.0 0.008275862068965517 0.0014326647564469916 0.0 0.0
0.0 0.016551724137931035 0.0 0.0 0.0
0.0 0.6344827586206896 0.2134670487106017 0.002869440459110473 0.0013531799729364006
0.0 0.006896551724137931 0.0 0.0 0.0
0.0 0.004137931034482759 0.0014326647564469916 0.0 0.0
0.0 0.019310344827586208 0.0 0.0 0.0
0.0 0.012413793103448277 0.0 0.0 0.0
0.002793296089385475 0.8758620689655172 0.14326647564469913 0.0 0.0
0.0 0.013793103448275862 0.0 0.0 0.0
0.0 0.019310344827586208 0.0 0.0 0.0
0.0 0.016551724137931035 0.0 0.0 0.0
0.0 0.016551724137931035 0.0 0.0 0.0
0.0013966480446927375 0.6731034482758621 0.27363896848137537 0.002869440459110473 0.0
0.0 0.005517241379310345 0.0 0.0014347202295552366 0.0
0.0 0.01793103448275862 0.0 0.0 0.0
0.0 0.016551724137931035 0.0 0.0 0.0
0.0 0.008275862068965517 0.0 0.0 0.0
0.0 0.020689655172413793 0.0 0.0 0.0
0.0 0.012413793103448277 0.0 0.0 0.0
0.0 0.008275862068965517 0.0 0.0 0.0
0.0 0.013793103448275862 0.0 0.0 0.0
0.0 0.015172413793103448 0.0 0.0 0.0
0.0013966480446927375 0.012413793103448277 0.0 0.0 0.0
0.0013966480446927375 0.64 0.21776504297994267 0.0 0.0
0.0 0.5972413793103448 0.22206303724928367 0.0 0.0
0.0013966480446927375 0.6427586206896552 0.2449856733524355 0.0014347202295552366 0.0
0.0 0.6303448275862069 0.25644699140401145 0.00430416068866571 0.0
0.0013966480446927375 0.6482758620689655 0.27363896848137537 0.0 0.0
0.0 0.6634482758620689 0.22492836676217765 0.0014347202295552366 0.0
0.0 0.6441379310344827 0.2593123209169054 0.0014347202295552366 0.0
0.0 0.6358620689655172 0.2020057306590258 0.0 0.0
0.0 0.6303448275862069 0.22492836676217765 0.0 0.0
0.0 0.566896551724138 0.27793696275071633 0.0014347202295552366 0.0
0.002793296089385475 0.6634482758620689 0.27793696275071633 0.0014347202295552366 0.0
0.0 0.6041379310344828 0.2822349570200573 0.0 0.0
0.0013966480446927375 0.6289655172413793 0.29512893982808025 0.0014347202295552366 0.0
0.0 0.6441379310344827 0.2922636103151863 0.0 0.0013531799729364006
0.0013966480446927375 0.68 0.25787965616045844 0.0 0.0
0.0013966480446927375 0.6220689655172413 0.27650429799426934 0.0 0.0
0.0013966480446927375 0.6110344827586207 0.21776504297994267 0.0 0.0
0.0013966480446927375 0.6772413793103448 0.2593123209169054 0.0 0.0
0.0 0.5889655172413792 0.2535816618911175 0.0014347202295552366 0.0
0.0013966480446927375 0.6331034482758621 0.2636103151862464 0.0 0.0
0.0 0.6275862068965518 0.2478510028653295 0.0 0.0
0.0013966480446927375 0.64 0.2636103151862464 0.0014347202295552366 0.0
0.0 0.5875862068965517 0.19197707736389685 0.0 0.0
0.0 0.6124137931034482 0.22492836676217765 0.0 0.0
0.0 0.64 0.22779369627507162 0.0014347202295552366 0.0
0.0 0.6220689655172413 0.20773638968481375 0.0 0.0
0.0 0.6179310344827587 0.22779369627507162 0.0 0.0
0.0 0.6068965517241379 0.22492836676217765 0.0014347202295552366 0.0
0.0 0.5875862068965517 0.2449856733524355 0.0014347202295552366 0.0
0.0 0.566896551724138 0.1977077363896848 0.0 0.0
0.0 0.6027586206896551 0.2148997134670487 0.0014347202295552366 0.0
0.0 0.6358620689655172 0.2535816618911175 0.0 0.0013531799729364006
0.0 0.6013793103448276 0.25644699140401145 0.002869440459110473 0.0
0.002793296089385475 0.5972413793103448 0.2034383954154728 0.0 0.0
0.0013966480446927375 0.5765517241379311 0.19197707736389685 0.002869440459110473 0.0
0.0 0.5793103448275861 0.22492836676217765 0.0 0.0
0.0013966480446927375 0.6124137931034482 0.20630372492836677 0.0014347202295552366 0.0
0.0013966480446927375 0.5586206896551724 0.17765042979942694 0.005738880918220946 0.0
0.0 0.6551724137931035 0.20916905444126074 0.0 0.0
0.0 0.5889655172413792 0.17621776504297995 0.0 0.0
0.0 0.5972413793103448 0.18194842406876793 0.0014347202295552366 0.0
0.0013966480446927375 0.5724137931034483 0.18481375358166188 0.0014347202295552366 0.0
0.0 0.5820689655172414 0.17765042979942694 0.0 0.0
0.0 0.5572413793103448 0.166189111747851 0.00430416068866571 0.0013531799729364006
0.002793296089385475 0.5337931034482758 0.17478510028653296 0.0 0.0
0.0013966480446927375 0.593103448275862 0.15759312320916904 0.0014347202295552366 0.0
0.0 0.5682758620689655 0.17765042979942694 0.0 0.0
0.0013966480446927375 0.5862068965517242 0.1547277936962751 0.0 0.0
0.0013966480446927375 0.5282758620689655 0.18338108882521492 0.0014347202295552366 0.0
0.0 0.569655172413793 0.17478510028653296 0.0014347202295552366 0.0
0.0013966480446927375 0.5682758620689655 0.18767908309455586 0.0 0.0
0.0 0.5751724137931034 0.18481375358166188 0.002869440459110473 0.0
0.002793296089385475 0.5544827586206896 0.16189111747851 0.0 0.0
0.0 0.5544827586206896 0.22063037249283668 0.0014347202295552366 0.0
0.0 0.6041379310344828 0.16332378223495703 0.0 0.0
0.0 0.566896551724138 0.18767908309455586 0.0 0.0
0.0 0.5765517241379311 0.17621776504297995 0.0014347202295552366 0.0
0.002793296089385475 0.5820689655172414 0.15759312320916904 0.0 0.0
0.0013966480446927375 0.5751724137931034 0.16045845272206302 0.0 0.0
0.0013966480446927375 0.5613793103448276 0.166189111747851 0.0 0.0
0.0013966480446927375 0.5710344827586207 0.18051575931232092 0.002869440459110473 0.0
0.0 0.593103448275862 0.19627507163323782 0.0 0.0
0.0 0.5917241379310345 0.15329512893982808 0.0 0.0
0.0 0.6041379310344828 0.1518624641833811 0.0 0.0
0.002793296089385475 0.5448275862068965 0.12750716332378226 0.0014347202295552366 0.0
0.0 0.5420689655172414 0.1489971346704871 0.0 0.0
0.0 0.5793103448275861 0.1361031518624642 0.0 0.0
0.0 0.5765517241379311 0.15902578796561603 0.0 0.0
0.0013966480446927375 0.6344827586206896 0.1518624641833811 0.0 0.0
0.0013966480446927375 0.5365517241379311 0.17335243553008597 0.0 0.0
0.0 0.5917241379310345 0.15902578796561603 0.0014347202295552366 0.0
0.0 0.5820689655172414 0.15616045845272206 0.0 0.0
0.0 0.590344827586207 0.17765042979942694 0.0014347202295552366 0.0
0.0013966480446927375 0.566896551724138 0.16189111747851 0.0 0.0
0.0 0.5806896551724139 0.17335243553008597 0.0014347202295552366 0.0
0.0013966480446927375 0.5806896551724139 0.1504297994269341 0.0014347202295552366 0.0
0.0013966480446927375 0.5655172413793104 0.12177650429799426 0.0014347202295552366 0.0
0.0013966480446927375 0.569655172413793 0.17621776504297995 0.0014347202295552366 0.0
0.0013966480446927375 0.5793103448275861 0.14756446991404013 0.0 0.0
0.0 0.5765517241379311 0.13896848137535817 0.0 0.0
0.0 0.5793103448275861 0.18911174785100285 0.0014347202295552366 0.0
0.0 0.5820689655172414 0.17048710601719197 0.0014347202295552366 0.0
0.0013966480446927375 0.5544827586206896 0.18624641833810887 0.00430416068866571 0.0
0.0013966480446927375 0.5986206896551723 0.16475644699140402 0.0 0.0
0.0013966480446927375 0.5737931034482758 0.17478510028653296 0.002869440459110473 0.0
0.0013966480446927375 0.5848275862068965 0.16475644699140402 0.0 0.0
0.0013966480446927375 0.5944827586206897 0.14183381088825214 0.0 0.0
0.0 0.5365517241379311 0.11604584527220631 0.0014347202295552366 0.0
0.0013966480446927375 0.5420689655172414 0.1318051575931232 0.0 0.0
0.0013966480446927375 0.5599999999999999 0.166189111747851 0.0 0.0
0.0013966480446927375 0.6151724137931035 0.167621776504298 0.0 0.0
0.0013966480446927375 0.6013793103448276 0.16475644699140402 0.0 0.0
0.0013966480446927375 0.5599999999999999 0.16189111747851 0.0 0.0
0.0013966480446927375 0.5862068965517242 0.1489971346704871 0.0 0.0
0.0013966480446927375 0.5793103448275861 0.166189111747851 0.00430416068866571 0.0
0.0013966480446927375 0.5986206896551723 0.16475644699140402 0.0014347202295552366 0.0
0.002793296089385475 0.623448275862069 0.166189111747851 0.0 0.0
0.0 0.5462068965517242 0.1489971346704871 0.0 0.0
0.0 0.5627586206896552 0.16905444126074498 0.0 0.0
