14.0 27.5 28.0 16.5 13.5
18.166666666666668 29.666666666666668 28.333333333333332 14.0 15.166666666666666
13.666666666666668 31.166666666666664 30.333333333333332 13.166666666666666 13.5
17.833333333333332 33.0 30.666666666666664 14.333333333333334 14.166666666666666
17.333333333333332 33.166666666666664 30.666666666666664 16.166666666666664 13.5
15.166666666666666 31.333333333333332 31.333333333333332 16.0 14.666666666666666
15.666666666666666 28.5 29.166666666666668 15.333333333333332 14.833333333333334
16.833333333333332 29.5 31.0 14.5 14.5
17.5 28.5 28.333333333333332 14.166666666666666 12.333333333333334
16.833333333333332 28.5 27.0 11.833333333333332 15.0
17.333333333333332 32.33333333333333 26.333333333333332 15.833333333333334 14.333333333333334
16.5 26.333333333333332 28.666666666666668 13.666666666666668 11.5
17.666666666666668 29.5 29.833333333333332 13.166666666666666 11.5
15.0 27.666666666666664 28.5 12.0 12.0
16.166666666666664 33.666666666666664 30.666666666666664 13.666666666666668 14.666666666666666
15.833333333333334 32.16666666666667 28.166666666666668 12.833333333333334 12.666666666666666
13.0 33.166666666666664 29.166666666666668 16.166666666666664 13.5
16.5 29.833333333333332 29.666666666666668 15.333333333333332 11.166666666666666
15.333333333333332 30.333333333333332 30.166666666666668 12.333333333333334 14.166666666666666
13.833333333333332 30.333333333333332 31.833333333333332 14.5 15.666666666666666
14.333333333333334 30.333333333333332 29.666666666666668 13.666666666666668 13.5
14.333333333333334 31.5 28.166666666666668 11.166666666666666 12.666666666666666
15.666666666666666 31.0 27.333333333333336 12.5 14.5
18.0 30.666666666666664 29.5 14.5 13.833333333333332
16.166666666666664 33.166666666666664 31.166666666666664 15.666666666666666 12.666666666666666
15.666666666666666 31.166666666666664 29.0 17.5 11.666666666666668
17.166666666666668 29.833333333333332 27.5 13.5 12.833333333333334
17.333333333333332 33.5 32.16666666666667 12.333333333333334 10.333333333333334
14.0 34.5 29.166666666666668 14.666666666666666 14.5
15.5 28.333333333333332 31.833333333333332 13.5 14.5
17.333333333333332 31.666666666666668 30.833333333333336 11.5 12.166666666666666
13.833333333333332 30.833333333333336 31.166666666666664 11.666666666666668 11.333333333333334
17.666666666666668 31.0 31.166666666666664 14.333333333333334 13.5
17.833333333333332 29.0 31.833333333333332 14.5 11.166666666666666
13.5 29.666666666666668 31.0 14.5 14.166666666666666
13.833333333333332 33.0 26.666666666666668 15.666666666666666 13.166666666666666
17.333333333333332 25.333333333333332 30.166666666666668 12.333333333333334 12.166666666666666
12.166666666666666 31.166666666666664 29.833333333333332 13.5 17.5
15.333333333333332 32.833333333333336 32.16666666666667 15.666666666666666 14.0
13.833333333333332 30.666666666666664 30.333333333333332 17.0 12.166666666666666
14.333333333333334 33.333333333333336 31.166666666666664 12.833333333333334 14.166666666666666
14.5 32.0 30.166666666666668 14.833333333333334 13.5
17.5 30.833333333333336 28.833333333333332 11.833333333333332 15.5
18.5 30.333333333333332 31.5 12.666666666666666 14.833333333333334
18.666666666666668 32.5 26.833333333333336 11.833333333333332 11.166666666666666
13.333333333333334 30.833333333333336 27.833333333333336 15.833333333333334 12.166666666666666
16.0 32.16666666666667 29.5 16.166666666666664 11.5
16.166666666666664 28.833333333333332 30.833333333333336 13.166666666666666 12.333333333333334
18.833333333333332 30.333333333333332 28.166666666666668 15.166666666666666 12.666666666666666
16.5 30.166666666666668 28.333333333333332 15.5 12.333333333333334
15.333333333333332 28.666666666666668 30.666666666666664 14.0 14.333333333333334
17.166666666666668 32.16666666666667 25.166666666666668 12.166666666666666 11.666666666666668
15.833333333333334 29.166666666666668 30.166666666666668 15.0 14.166666666666666
12.5 31.833333333333332 31.333333333333332 14.666666666666666 15.666666666666666
17.666666666666668 28.666666666666668 28.333333333333332 12.333333333333334 13.0
16.166666666666664 30.333333333333332 29.666666666666668 15.333333333333332 12.333333333333334
16.833333333333332 31.166666666666664 32.5 13.333333333333334 14.5
14.166666666666666 30.5 30.0 11.166666666666666 12.333333333333334
16.166666666666664 33.833333333333336 32.0 13.166666666666666 14.5
18.166666666666668 31.0 33.0 13.333333333333334 15.833333333333334
15.833333333333334 35.5 31.0 13.666666666666668 10.166666666666666
16.833333333333332 32.16666666666667 34.0 15.0 13.5
17.833333333333332 29.333333333333332 31.0 14.0 11.666666666666668
18.5 34.833333333333336 27.666666666666664 13.833333333333332 16.0
16.0 32.0 28.333333333333332 13.5 13.666666666666668
15.0 29.333333333333332 30.666666666666664 14.5 16.166666666666664
18.166666666666668 28.666666666666668 26.833333333333336 14.833333333333334 14.5
12.166666666666666 30.5 28.0 14.5 11.333333333333334
17.166666666666668 28.333333333333332 29.333333333333332 13.5 14.0
16.0 28.333333333333332 29.5 12.833333333333334 14.0
13.833333333333332 32.833333333333336 26.5 12.0 10.833333333333334
16.666666666666668 30.166666666666668 29.833333333333332 13.833333333333332 14.5
14.166666666666666 30.0 27.0 18.166666666666668 14.666666666666666
12.166666666666666 29.5 32.33333333333333 13.166666666666666 12.166666666666666
14.166666666666666 31.333333333333332 31.333333333333332 15.0 12.166666666666666
13.166666666666666 31.833333333333332 29.5 11.833333333333332 14.166666666666666
13.666666666666668 31.666666666666668 29.833333333333332 12.166666666666666 13.5
17.333333333333332 31.666666666666668 28.5 15.0 13.5
14.333333333333334 30.333333333333332 28.5 12.833333333333334 15.0
16.333333333333332 31.833333333333332 31.666666666666668 16.5 12.333333333333334
15.0 31.333333333333332 29.333333333333332 13.666666666666668 13.333333333333334
17.5 29.833333333333332 30.0 13.833333333333332 11.166666666666666
15.333333333333332 28.166666666666668 30.833333333333336 17.0 13.833333333333332
14.333333333333334 28.0 28.666666666666668 15.333333333333332 15.5
14.5 30.5 29.166666666666668 13.166666666666666 10.5
14.833333333333334 31.333333333333332 32.666666666666664 15.5 10.833333333333334
15.5 29.166666666666668 32.33333333333333 12.833333333333334 16.5
16.5 31.166666666666664 30.333333333333332 15.5 17.0
14.166666666666666 29.5 30.5 12.0 11.333333333333334
17.666666666666668 29.166666666666668 28.166666666666668 12.0 14.5
18.833333333333332 30.333333333333332 29.5 15.166666666666666 11.0
12.833333333333334 32.833333333333336 32.833333333333336 14.333333333333334 12.5
14.0 31.166666666666664 30.333333333333332 13.833333333333332 13.666666666666668
15.166666666666666 30.333333333333332 30.666666666666664 16.833333333333332 13.5
12.666666666666666 30.333333333333332 26.333333333333332 15.666666666666666 14.333333333333334
13.666666666666668 32.16666666666667 29.833333333333332 14.5 14.0
15.666666666666666 32.833333333333336 28.5 13.833333333333332 14.0
15.0 34.5 32.5 13.333333333333334 11.833333333333332
14.833333333333334 30.666666666666664 33.0 12.833333333333334 10.166666666666666
17.166666666666668 28.5 29.666666666666668 14.0 13.0
16.333333333333332 30.0 28.5 15.5 13.5
15.666666666666666 15.833333333333334 16.666666666666668 15.166666666666666 18.0
12.5 17.0 16.0 14.333333333333334 18.0
14.5 16.333333333333332 15.333333333333332 14.666666666666666 16.833333333333332
13.5 17.0 14.666666666666666 15.166666666666666 16.5
15.333333333333332 29.0 31.666666666666668 14.0 11.5
15.5 15.0 16.5 14.5 16.833333333333332
17.333333333333332 13.666666666666668 13.0 17.666666666666668 15.5
14.833333333333334 17.166666666666668 18.333333333333332 15.666666666666666 13.333333333333334
15.0 17.333333333333332 14.166666666666666 14.166666666666666 15.0
17.666666666666668 27.666666666666664 34.666666666666664 12.5 12.166666666666666
11.666666666666668 17.333333333333332 13.833333333333332 16.166666666666664 16.0
17.166666666666668 15.0 15.833333333333334 18.833333333333332 15.0
16.833333333333332 17.833333333333332 13.166666666666666 16.666666666666668 13.666666666666668
16.0 16.0 15.333333333333332 12.833333333333334 16.166666666666664
16.666666666666668 30.5 30.166666666666668 14.5 16.333333333333332
14.666666666666666 15.666666666666666 15.166666666666666 16.5 16.666666666666668
11.833333333333332 13.333333333333334 14.166666666666666 16.5 13.166666666666666
16.333333333333332 16.833333333333332 16.333333333333332 15.0 14.666666666666666
14.833333333333334 15.666666666666666 19.833333333333336 11.666666666666668 16.5
17.333333333333332 25.5 35.333333333333336 14.333333333333334 14.333333333333334
14.166666666666666 16.0 15.333333333333332 14.666666666666666 13.666666666666668
18.666666666666668 16.166666666666664 17.333333333333332 15.5 15.333333333333332
17.0 15.5 12.833333333333334 14.666666666666666 16.0
14.666666666666666 17.5 16.166666666666664 14.333333333333334 16.5
15.0 15.666666666666666 16.0 16.333333333333332 16.666666666666668
18.0 15.333333333333332 13.0 15.166666666666666 13.333333333333334
14.166666666666666 15.166666666666666 16.0 15.166666666666666 14.5
15.0 18.166666666666668 12.333333333333334 16.666666666666668 15.5
15.5 15.833333333333334 14.833333333333334 16.0 17.833333333333332
14.5 15.0 15.5 16.833333333333332 13.0
14.333333333333334 25.5 37.0 13.5 11.833333333333332
15.833333333333334 26.0 32.833333333333336 15.333333333333332 13.5
14.666666666666666 25.0 32.33333333333333 13.0 13.0
13.666666666666668 24.166666666666668 35.833333333333336 13.5 13.666666666666668
13.833333333333332 29.333333333333332 32.16666666666667 10.833333333333334 14.833333333333334
13.833333333333332 27.333333333333336 35.666666666666664 15.5 12.833333333333334
13.333333333333334 27.0 34.166666666666664 13.833333333333332 14.333333333333334
13.166666666666666 28.666666666666668 35.333333333333336 14.166666666666666 12.0
11.833333333333332 28.666666666666668 34.5 15.666666666666666 12.833333333333334
15.0 27.166666666666664 34.0 15.166666666666666 12.666666666666666
14.666666666666666 27.666666666666664 33.166666666666664 13.5 12.666666666666666
14.666666666666666 27.0 33.333333333333336 14.166666666666666 10.5
15.833333333333334 25.833333333333332 34.833333333333336 15.0 14.833333333333334
14.666666666666666 26.666666666666668 34.333333333333336 13.5 10.666666666666666
15.166666666666666 25.666666666666668 36.666666666666664 15.666666666666666 15.0
15.5 25.666666666666668 34.166666666666664 14.666666666666666 15.0
14.166666666666666 26.333333333333332 32.5 14.0 11.666666666666668
15.166666666666666 28.0 34.833333333333336 13.5 14.333333333333334
14.166666666666666 29.166666666666668 33.333333333333336 15.5 15.666666666666666
16.833333333333332 25.333333333333332 37.166666666666664 19.166666666666664 12.166666666666666
14.833333333333334 29.166666666666668 33.666666666666664 13.666666666666668 12.333333333333334
13.333333333333334 27.333333333333336 35.833333333333336 12.666666666666666 12.5
15.0 27.833333333333336 37.0 18.0 12.0
13.833333333333332 29.166666666666668 34.166666666666664 13.666666666666668 14.0
13.833333333333332 30.833333333333336 35.333333333333336 14.333333333333334 15.166666666666666
13.333333333333334 25.166666666666668 35.5 12.0 13.5
12.333333333333334 25.5 36.833333333333336 13.833333333333332 14.333333333333334
12.333333333333334 27.833333333333336 34.5 15.666666666666666 12.166666666666666
17.166666666666668 29.333333333333332 36.666666666666664 16.166666666666664 13.5
15.833333333333334 27.833333333333336 32.33333333333333 15.833333333333334 11.333333333333334
14.0 24.0 35.666666666666664 14.0 11.333333333333334
12.166666666666666 27.5 36.5 15.166666666666666 13.0
14.166666666666666 24.333333333333332 36.0 13.333333333333334 14.5
14.333333333333334 32.33333333333333 37.0 13.166666666666666 15.166666666666666
15.166666666666666 29.333333333333332 36.0 14.0 14.666666666666666
14.666666666666666 27.833333333333336 35.5 16.0 14.333333333333334
13.833333333333332 27.666666666666664 36.333333333333336 14.5 13.666666666666668
15.0 27.333333333333336 37.333333333333336 12.5 12.833333333333334
13.5 30.166666666666668 32.666666666666664 15.5 14.833333333333334
15.333333333333332 26.666666666666668 39.83333333333333 13.0 12.333333333333334
12.333333333333334 26.0 41.0 14.5 14.833333333333334
15.333333333333332 29.166666666666668 39.33333333333333 14.166666666666666 12.333333333333334
14.666666666666666 22.833333333333336 36.666666666666664 15.5 12.333333333333334
13.833333333333332 26.833333333333336 37.83333333333333 12.833333333333334 13.166666666666666
16.0 25.333333333333332 36.666666666666664 13.0 14.0
16.333333333333332 28.666666666666668 41.833333333333336 16.0 12.5
13.166666666666666 27.166666666666664 37.83333333333333 13.5 12.666666666666666
16.166666666666664 29.666666666666668 37.166666666666664 16.0 14.166666666666666
13.833333333333332 27.5 38.83333333333333 13.5 13.166666666666666
13.666666666666668 27.333333333333336 37.333333333333336 16.166666666666664 12.333333333333334
15.833333333333334 25.166666666666668 39.66666666666667 14.0 10.833333333333334
13.666666666666668 26.333333333333332 39.0 14.5 13.666666666666668
11.666666666666668 29.666666666666668 35.5 13.5 12.666666666666666
13.0 28.666666666666668 37.333333333333336 14.833333333333334 12.5
14.666666666666666 27.833333333333336 38.5 12.333333333333334 12.0
18.166666666666668 27.5 37.0 13.333333333333334 12.333333333333334
16.833333333333332 28.0 41.166666666666664 12.833333333333334 10.166666666666666
17.5 26.5 37.0 17.333333333333332 12.5
13.0 30.666666666666664 37.83333333333333 12.666666666666666 11.5
17.0 29.833333333333332 38.66666666666667 13.666666666666668 13.666666666666668
13.166666666666666 29.166666666666668 41.5 11.666666666666668 10.666666666666666
18.333333333333332 27.166666666666664 40.5 15.0 13.166666666666666
17.0 32.16666666666667 38.83333333333333 14.333333333333334 12.0
15.333333333333332 29.5 38.83333333333333 12.833333333333334 14.0
19.166666666666664 25.833333333333332 37.5 15.333333333333332 13.333333333333334
11.833333333333332 31.333333333333332 41.666666666666664 17.166666666666668 13.166666666666666
15.166666666666666 28.166666666666668 38.0 15.333333333333332 11.666666666666668
15.5 31.5 39.33333333333333 15.666666666666666 14.666666666666666
18.166666666666668 26.666666666666668 37.0 13.166666666666666 14.666666666666666
14.333333333333334 26.5 37.83333333333333 15.166666666666666 12.0
17.5 25.5 38.0 15.666666666666666 11.833333333333332
14.833333333333334 25.666666666666668 41.833333333333336 14.333333333333334 12.333333333333334
14.666666666666666 29.833333333333332 35.5 14.666666666666666 12.5
13.0 26.166666666666668 40.33333333333333 13.833333333333332 14.666666666666666
10.333333333333334 30.5 41.0 13.666666666666668 16.0
15.333333333333332 28.333333333333332 37.0 14.833333333333334 11.833333333333332
16.333333333333332 28.5 37.83333333333333 15.833333333333334 14.0
16.0 27.166666666666664 40.833333333333336 13.666666666666668 11.833333333333332
12.333333333333334 29.833333333333332 39.66666666666667 11.333333333333334 12.333333333333334
15.833333333333334 28.5 40.666666666666664 16.666666666666668 14.833333333333334
16.666666666666668 29.833333333333332 41.166666666666664 15.833333333333334 11.166666666666666
13.0 28.333333333333332 41.5 13.833333333333332 12.833333333333334
13.166666666666666 26.333333333333332 39.16666666666667 15.5 14.5
14.166666666666666 27.666666666666664 39.5 16.0 12.0
13.0 30.166666666666668 42.166666666666664 15.333333333333332 12.166666666666666
14.833333333333334 30.0 36.333333333333336 14.333333333333334 14.333333333333334
15.166666666666666 24.0 44.5 15.0 12.5
15.5 28.0 41.833333333333336 15.833333333333334 13.5
12.666666666666666 25.333333333333332 39.16666666666667 16.0 13.333333333333334
13.833333333333332 27.833333333333336 38.33333333333333 12.833333333333334 12.333333333333334
13.666666666666668 26.666666666666668 40.833333333333336 14.5 10.833333333333334
14.333333333333334 27.333333333333336 37.5 14.5 14.333333333333334
16.666666666666668 27.833333333333336 39.16666666666667 13.0 12.666666666666666
15.833333333333334 25.0 38.5 12.0 12.666666666666666
17.666666666666668 26.333333333333332 39.83333333333333 15.666666666666666 11.0
17.333333333333332 29.166666666666668 36.833333333333336 15.5 11.5
13.833333333333332 32.833333333333336 38.66666666666667 14.5 12.0
14.5 26.666666666666668 41.0 15.666666666666666 11.833333333333332
14.5 26.666666666666668 39.5 16.5 14.833333333333334
