10.392857142857142 17.67857142857143 16.741935483870968 9.037037037037038 9.962962962962964
10.357142857142856 19.5 17.483870967741932 10.925925925925926 9.296296296296296
10.75 17.178571428571427 16.70967741935484 10.148148148148147 9.777777777777777
11.357142857142858 18.214285714285715 16.38709677419355 11.333333333333334 8.88888888888889
9.5 16.892857142857142 16.967741935483872 9.777777777777777 8.74074074074074
9.535714285714286 17.57142857142857 15.774193548387098 9.555555555555555 9.592592592592592
11.428571428571429 16.32142857142857 15.774193548387098 9.296296296296296 9.11111111111111
11.285714285714286 17.46428571428571 16.548387096774196 11.222222222222221 9.148148148148149
10.75 16.678571428571427 15.548387096774194 11.444444444444445 9.925925925925927
10.428571428571429 17.607142857142858 16.096774193548388 10.555555555555555 8.62962962962963
9.785714285714286 16.285714285714285 16.38709677419355 10.62962962962963 9.518518518518519
10.25 19.321428571428573 16.29032258064516 9.25925925925926 8.555555555555555
9.607142857142858 18.03571428571429 17.03225806451613 10.074074074074074 10.37037037037037
11.214285714285715 18.785714285714285 15.935483870967742 10.148148148148147 8.37037037037037
10.571428571428571 16.96428571428571 17.35483870967742 11.11111111111111 9.814814814814815
9.964285714285714 17.75 17.129032258064516 10.185185185185187 9.925925925925927
9.821428571428571 18.5 16.41935483870968 9.703703703703704 9.777777777777777
11.321428571428571 16.857142857142858 15.709677419354838 11.814814814814815 9.333333333333334
9.285714285714286 17.714285714285715 16.225806451612904 10.11111111111111 9.296296296296296
9.964285714285714 17.857142857142858 17.0 9.481481481481481 7.962962962962964
10.392857142857142 19.428571428571427 17.548387096774196 9.333333333333334 8.555555555555555
10.071428571428571 18.571428571428573 17.29032258064516 9.851851851851851 9.518518518518519
10.357142857142856 17.607142857142858 16.41935483870968 10.555555555555555 9.666666666666668
8.75 18.03571428571429 16.35483870967742 10.444444444444443 8.333333333333334
10.0 16.428571428571427 14.870967741935484 9.62962962962963 9.777777777777777
10.321428571428571 18.17857142857143 17.258064516129032 10.481481481481483 9.703703703703704
9.678571428571429 18.28571428571429 16.064516129032256 11.74074074074074 10.037037037037036
10.0 17.178571428571427 17.516129032258068 10.814814814814815 8.296296296296296
10.5 17.035714285714285 15.580645161290322 10.962962962962962 10.333333333333334
9.785714285714286 20.07142857142857 17.774193548387096 10.592592592592593 8.703703703703702
10.857142857142858 17.964285714285715 17.29032258064516 11.666666666666668 9.11111111111111
9.321428571428571 17.535714285714285 15.774193548387098 9.851851851851851 9.481481481481481
10.464285714285714 17.07142857142857 15.451612903225806 11.25925925925926 9.703703703703704
11.321428571428571 17.46428571428571 17.93548387096774 9.777777777777777 9.222222222222221
9.535714285714286 17.75 15.0 10.925925925925926 9.777777777777777
9.714285714285714 17.964285714285715 15.35483870967742 12.037037037037036 8.074074074074074
10.071428571428571 17.32142857142857 16.35483870967742 11.074074074074074 9.851851851851851
11.285714285714286 16.285714285714285 16.806451612903224 11.444444444444445 8.222222222222223
10.642857142857142 18.214285714285715 15.709677419354838 10.074074074074074 9.74074074074074
10.035714285714285 19.25 16.935483870967744 9.851851851851851 10.0
11.964285714285714 19.214285714285715 16.064516129032256 9.333333333333334 8.222222222222223
10.5 17.92857142857143 16.32258064516129 10.11111111111111 8.444444444444443
9.964285714285714 18.642857142857142 15.29032258064516 10.777777777777779 9.037037037037038
9.892857142857142 17.32142857142857 15.838709677419356 9.962962962962964 10.407407407407407
10.285714285714285 17.67857142857143 15.741935483870966 11.037037037037036 9.074074074074074
11.25 19.107142857142858 16.677419354838708 10.851851851851853 8.444444444444443
11.25 16.285714285714285 17.35483870967742 9.518518518518519 8.518518518518519
9.642857142857142 17.392857142857142 17.161290322580644 10.481481481481483 9.62962962962963
10.857142857142858 18.107142857142858 15.774193548387098 12.11111111111111 9.074074074074074
10.428571428571429 18.5 16.548387096774196 9.851851851851851 9.0
10.464285714285714 19.464285714285715 16.451612903225808 10.777777777777779 9.481481481481481
10.857142857142858 16.535714285714285 18.322580645161292 11.888888888888888 9.11111111111111
10.928571428571429 16.892857142857142 16.806451612903224 10.11111111111111 9.851851851851851
10.642857142857142 17.392857142857142 16.161290322580644 10.0 8.88888888888889
11.464285714285715 18.03571428571429 17.70967741935484 10.333333333333334 8.0
10.035714285714285 18.25 15.32258064516129 9.481481481481481 8.444444444444443
9.75 17.392857142857142 14.870967741935484 10.037037037037036 8.11111111111111
9.892857142857142 18.785714285714285 16.38709677419355 10.37037037037037 9.0
8.892857142857144 18.28571428571429 15.903225806451614 10.925925925925926 9.222222222222221
10.642857142857142 18.214285714285715 16.612903225806452 10.481481481481483 9.62962962962963
10.75 18.5 16.806451612903224 9.185185185185185 8.62962962962963
10.107142857142858 17.857142857142858 15.677419354838708 10.185185185185187 9.481481481481481
9.535714285714286 17.178571428571427 16.161290322580644 8.777777777777779 8.481481481481483
10.035714285714285 17.75 16.41935483870968 10.25925925925926 9.592592592592592
11.535714285714286 17.392857142857142 17.03225806451613 9.62962962962963 10.481481481481483
9.785714285714286 17.642857142857146 17.161290322580644 10.0 7.962962962962964
9.678571428571429 17.964285714285715 17.29032258064516 10.407407407407407 9.555555555555555
10.535714285714285 17.75 15.838709677419356 11.37037037037037 9.851851851851851
11.0 17.642857142857146 16.193548387096772 11.074074074074074 9.888888888888888
10.142857142857142 17.46428571428571 16.64516129032258 9.0 9.37037037037037
10.607142857142856 16.535714285714285 15.64516129032258 11.0 9.925925925925927
9.857142857142858 19.392857142857142 15.741935483870966 9.777777777777777 9.592592592592592
10.392857142857142 17.892857142857146 17.548387096774196 10.222222222222223 9.666666666666668
10.857142857142858 15.857142857142858 15.35483870967742 10.296296296296296 9.74074074074074
9.142857142857144 18.17857142857143 16.0 11.037037037037036 10.0
9.928571428571429 17.857142857142858 16.0 10.185185185185187 9.074074074074074
11.964285714285714 16.607142857142858 16.483870967741936 11.444444444444445 9.777777777777777
8.857142857142858 18.464285714285715 16.612903225806452 9.703703703703704 8.777777777777779
11.178571428571429 17.178571428571427 16.935483870967744 9.481481481481481 9.296296296296296
12.178571428571429 15.607142857142858 15.870967741935486 10.037037037037036 10.296296296296296
10.25 17.857142857142858 16.096774193548388 9.777777777777777 9.481481481481481
10.928571428571429 17.892857142857146 17.06451612903226 9.851851851851851 10.222222222222223
9.535714285714286 16.71428571428571 16.774193548387096 11.333333333333334 9.333333333333334
10.285714285714285 17.78571428571429 16.741935483870968 12.333333333333334 9.333333333333334
10.964285714285715 16.607142857142858 17.29032258064516 10.0 8.62962962962963
10.142857142857142 17.178571428571427 16.967741935483872 10.0 8.962962962962962
10.928571428571429 17.32142857142857 15.516129032258064 10.481481481481483 9.518518518518519
10.464285714285714 18.28571428571429 15.451612903225806 9.888888888888888 9.296296296296296
9.107142857142858 17.07142857142857 16.903225806451612 9.962962962962964 11.185185185185185
9.785714285714286 17.535714285714285 16.32258064516129 9.296296296296296 10.518518518518519
11.5 17.32142857142857 16.41935483870968 10.481481481481483 8.518518518518519
10.142857142857142 17.642857142857146 15.935483870967742 11.555555555555555 9.555555555555555
11.142857142857144 18.67857142857143 16.32258064516129 10.62962962962963 9.25925925925926
11.035714285714286 18.142857142857142 15.161290322580646 10.11111111111111 8.592592592592593
10.178571428571429 17.92857142857143 16.225806451612904 9.444444444444445 8.555555555555555
10.714285714285714 16.82142857142857 15.516129032258064 10.518518518518519 9.592592592592592
9.892857142857142 18.03571428571429 17.258064516129032 9.222222222222221 9.481481481481481
10.214285714285714 18.857142857142858 16.967741935483872 10.37037037037037 9.37037037037037
10.857142857142858 17.142857142857142 17.548387096774196 10.814814814814815 9.814814814814815
10.5 17.821428571428573 15.29032258064516 11.037037037037036 10.222222222222223
11.107142857142858 17.178571428571427 15.096774193548388 9.703703703703704 9.11111111111111
10.857142857142858 9.321428571428571 10.35483870967742 10.814814814814815 9.296296296296296
10.214285714285714 9.142857142857144 10.64516129032258 10.481481481481483 10.851851851851853
9.857142857142858 10.0 11.387096774193548 9.185185185185185 10.555555555555555
11.178571428571429 9.214285714285715 10.258064516129032 10.518518518518519 9.74074074074074
10.321428571428571 17.035714285714285 16.806451612903224 9.925925925925927 8.703703703703702
10.321428571428571 9.928571428571429 10.193548387096776 10.25925925925926 10.296296296296296
11.0 9.464285714285715 11.064516129032258 10.666666666666666 10.148148148148147
9.5 10.035714285714285 9.806451612903226 10.0 11.37037037037037
10.75 10.571428571428571 10.161290322580644 8.962962962962962 11.37037037037037
9.892857142857142 14.857142857142858 19.322580645161292 11.296296296296296 10.407407407407407
10.928571428571429 10.142857142857142 10.064516129032258 11.296296296296296 11.0
11.035714285714286 10.0 9.193548387096774 11.37037037037037 8.74074074074074
11.214285714285715 10.75 10.096774193548386 10.11111111111111 10.777777777777779
9.75 10.821428571428573 11.032258064516128 10.444444444444443 11.0
10.571428571428571 16.142857142857142 16.258064516129032 11.222222222222221 10.037037037037036
10.178571428571429 9.785714285714286 10.35483870967742 9.777777777777777 9.185185185185185
10.071428571428571 9.714285714285714 10.451612903225806 10.11111111111111 10.074074074074074
9.857142857142858 9.678571428571429 10.161290322580644 11.703703703703704 11.25925925925926
11.285714285714286 10.035714285714285 10.774193548387098 8.851851851851851 10.333333333333334
10.321428571428571 15.928571428571427 17.29032258064516 10.592592592592593 8.74074074074074
9.5 11.285714285714286 11.29032258064516 10.555555555555555 10.407407407407407
10.392857142857142 10.857142857142858 9.35483870967742 8.925925925925926 10.88888888888889
10.178571428571429 9.0 10.483870967741936 10.925925925925926 9.814814814814815
11.071428571428571 9.678571428571429 11.129032258064516 9.444444444444445 9.666666666666668
9.892857142857142 10.607142857142856 11.193548387096774 9.851851851851851 10.185185185185187
10.821428571428573 9.25 9.580645161290322 9.37037037037037 9.703703703703704
10.928571428571429 11.321428571428571 9.387096774193548 10.666666666666666 10.407407407407407
10.357142857142856 10.142857142857142 9.612903225806452 10.037037037037036 11.444444444444445
11.5 10.285714285714285 11.129032258064516 10.296296296296296 9.555555555555555
10.285714285714285 10.0 10.096774193548386 9.518518518518519 9.037037037037038
9.464285714285715 15.25 17.806451612903224 10.481481481481483 9.444444444444445
9.607142857142858 15.464285714285715 19.290322580645164 11.296296296296296 9.444444444444445
10.178571428571429 15.25 19.935483870967744 10.37037037037037 10.25925925925926
9.5 16.035714285714285 18.967741935483872 11.777777777777777 9.666666666666668
9.392857142857142 15.964285714285715 19.161290322580644 10.62962962962963 9.148148148148149
10.321428571428571 15.928571428571427 18.322580645161292 10.148148148148147 10.074074074074074
9.892857142857142 15.357142857142858 16.870967741935484 10.37037037037037 8.592592592592593
9.107142857142858 17.821428571428573 20.032258064516128 10.518518518518519 8.0
10.607142857142856 16.428571428571427 17.225806451612904 8.88888888888889 9.148148148148149
10.107142857142858 14.75 18.838709677419356 10.777777777777779 9.888888888888888
9.821428571428571 16.392857142857142 18.806451612903228 11.962962962962964 9.74074074074074
8.714285714285714 16.285714285714285 19.064516129032256 9.222222222222221 9.74074074074074
10.535714285714285 15.964285714285715 18.322580645161292 9.444444444444445 8.555555555555555
9.535714285714286 16.035714285714285 18.70967741935484 10.88888888888889 9.481481481481481
10.0 15.75 18.645161290322584 10.851851851851853 8.407407407407407
9.285714285714286 15.357142857142858 17.35483870967742 9.851851851851851 9.11111111111111
9.785714285714286 16.392857142857142 18.258064516129032 10.25925925925926 8.74074074074074
9.678571428571429 16.82142857142857 19.64516129032258 10.222222222222223 8.148148148148147
11.035714285714286 16.32142857142857 18.322580645161292 10.333333333333334 8.851851851851851
10.178571428571429 17.25 17.70967741935484 11.0 8.88888888888889
10.928571428571429 14.714285714285715 18.967741935483872 11.222222222222221 8.444444444444443
10.178571428571429 17.57142857142857 17.419354838709676 9.148148148148149 10.481481481481483
10.5 17.857142857142858 18.258064516129032 10.25925925925926 10.666666666666666
10.964285714285715 15.0 19.387096774193548 9.777777777777777 9.407407407407408
9.571428571428571 17.964285714285715 19.032258064516128 10.814814814814815 9.703703703703704
9.178571428571429 15.321428571428571 18.741935483870968 11.518518518518519 8.814814814814815
9.321428571428571 14.964285714285715 18.29032258064516 10.62962962962963 9.222222222222221
9.642857142857142 17.535714285714285 19.64516129032258 11.851851851851851 9.518518518518519
9.571428571428571 15.285714285714286 19.677419354838708 11.62962962962963 8.88888888888889
11.321428571428571 15.5 18.58064516129032 9.703703703703704 9.592592592592592
10.0 15.642857142857142 19.032258064516128 10.74074074074074 9.592592592592592
9.285714285714286 15.571428571428571 19.451612903225808 10.148148148148147 8.592592592592593
9.25 16.25 18.58064516129032 10.666666666666666 9.222222222222221
10.142857142857142 16.25 18.741935483870968 12.037037037037036 9.925925925925927
10.75 15.714285714285715 17.870967741935484 10.814814814814815 9.185185185185185
9.285714285714286 16.32142857142857 18.419354838709676 10.962962962962962 8.703703703703702
9.964285714285714 17.0 18.67741935483871 11.074074074074074 8.37037037037037
10.464285714285714 15.821428571428573 18.806451612903228 10.444444444444443 8.555555555555555
9.178571428571429 16.75 19.58064516129032 10.074074074074074 8.851851851851851
9.892857142857142 14.928571428571429 19.032258064516128 10.333333333333334 9.666666666666668
11.392857142857142 15.75 21.516129032258068 10.62962962962963 9.296296296296296
9.642857142857142 15.714285714285715 19.032258064516128 9.74074074074074 9.444444444444445
9.464285714285715 15.214285714285715 18.93548387096774 10.88888888888889 9.296296296296296
10.142857142857142 18.28571428571429 17.548387096774196 11.62962962962963 10.148148148148147
10.178571428571429 15.607142857142858 18.516129032258064 10.222222222222223 9.62962962962963
10.535714285714285 14.107142857142856 18.193548387096776 10.74074074074074 8.555555555555555
9.035714285714286 14.678571428571429 19.290322580645164 10.148148148148147 8.703703703703702
9.5 16.107142857142858 17.838709677419356 10.222222222222223 8.296296296296296
10.964285714285715 14.678571428571429 16.677419354838708 10.666666666666666 9.481481481481481
11.178571428571429 16.785714285714285 18.645161290322584 10.0 9.222222222222221
11.285714285714286 16.535714285714285 17.774193548387096 10.88888888888889 7.407407407407407
10.321428571428571 15.714285714285715 17.96774193548387 11.148148148148149 9.62962962962963
9.107142857142858 17.21428571428571 18.61290322580645 10.518518518518519 8.444444444444443
10.964285714285715 14.392857142857142 17.774193548387096 11.185185185185185 8.148148148148147
9.785714285714286 15.142857142857144 17.870967741935484 10.407407407407407 8.25925925925926
10.428571428571429 16.392857142857142 17.903225806451612 10.185185185185187 8.777777777777779
10.857142857142858 16.46428571428571 19.677419354838708 11.37037037037037 8.25925925925926
9.392857142857142 15.964285714285715 18.35483870967742 11.814814814814815 9.62962962962963
10.035714285714285 16.642857142857142 18.93548387096774 9.481481481481481 8.11111111111111
10.0 16.035714285714285 19.032258064516128 10.407407407407407 9.851851851851851
10.5 15.964285714285715 18.903225806451612 9.851851851851851 9.11111111111111
10.928571428571429 15.892857142857142 16.806451612903224 10.37037037037037 9.592592592592592
10.321428571428571 15.75 19.064516129032256 9.814814814814815 9.925925925925927
10.25 16.07142857142857 19.161290322580644 10.444444444444443 10.25925925925926
8.857142857142858 16.0 20.774193548387096 10.666666666666666 8.666666666666666
8.928571428571429 16.285714285714285 18.838709677419356 9.62962962962963 10.148148148148147
9.714285714285714 16.357142857142858 17.96774193548387 10.703703703703702 9.444444444444445
10.321428571428571 14.75 19.064516129032256 9.851851851851851 8.037037037037036
9.928571428571429 14.857142857142858 19.193548387096772 10.592592592592593 8.962962962962962
10.285714285714285 14.464285714285714 18.645161290322584 10.296296296296296 9.074074074074074
10.357142857142856 16.57142857142857 18.870967741935484 10.11111111111111 10.185185185185187
9.964285714285714 14.035714285714285 19.096774193548384 10.962962962962962 8.814814814814815
9.464285714285715 15.714285714285715 18.838709677419356 10.148148148148147 9.185185185185185
10.285714285714285 16.71428571428571 17.93548387096774 11.333333333333334 9.0
10.25 16.142857142857142 19.064516129032256 10.814814814814815 9.037037037037038
9.571428571428571 14.964285714285715 18.70967741935484 10.037037037037036 10.25925925925926
11.0 15.535714285714286 17.838709677419356 10.592592592592593 9.25925925925926
10.428571428571429 14.5 18.67741935483871 9.481481481481481 10.0
10.535714285714285 14.535714285714285 18.870967741935484 10.962962962962962 8.0
10.0 16.178571428571427 20.29032258064516 10.962962962962962 9.37037037037037
9.607142857142858 15.142857142857144 19.58064516129032 11.11111111111111 9.74074074074074
11.357142857142858 18.571428571428573 18.096774193548388 10.62962962962963 9.37037037037037
9.25 16.214285714285715 17.93548387096774 10.222222222222223 8.851851851851851
10.928571428571429 14.392857142857142 18.387096774193548 10.592592592592593 9.148148148148149
11.428571428571429 15.321428571428571 19.935483870967744 11.037037037037036 9.888888888888888
10.25 15.892857142857142 19.483870967741936 10.296296296296296 9.444444444444445
11.678571428571429 16.178571428571427 19.225806451612904 10.851851851851853 9.37037037037037
9.928571428571429 16.428571428571427 17.806451612903224 11.037037037037036 8.25925925925926
10.214285714285714 16.178571428571427 19.58064516129032 11.037037037037036 9.814814814814815
9.25 15.785714285714285 17.774193548387096 11.185185185185185 9.25925925925926
9.321428571428571 15.821428571428573 17.161290322580644 10.88888888888889 9.703703703703704
11.285714285714286 14.607142857142856 18.258064516129032 10.777777777777779 8.962962962962962
9.214285714285715 16.178571428571427 17.483870967741932 9.888888888888888 9.444444444444445
9.892857142857142 15.857142857142858 18.419354838709676 9.777777777777777 9.62962962962963
10.0 16.642857142857142 19.225806451612904 10.444444444444443 10.0
11.071428571428571 14.928571428571429 18.032258064516128 11.296296296296296 8.962962962962962
9.035714285714286 15.75 17.129032258064516 10.814814814814815 9.555555555555555
9.321428571428571 15.392857142857142 19.064516129032256 10.555555555555555 10.222222222222223
9.714285714285714 16.46428571428571 18.419354838709676 10.777777777777779 9.25925925925926
