0.00535475234270415 0.17979002624671916 0.05489614243323442 0.0 0.0
0.002677376171352075 0.17191601049868765 0.05489614243323442 0.0 0.0
0.0013386880856760374 0.17191601049868765 0.053412462908011875 0.0 0.0
0.002677376171352075 0.17191601049868765 0.04302670623145401 0.0 0.0
0.00535475234270415 0.15354330708661418 0.057863501483679525 0.001375515818431912 0.0
0.002677376171352075 0.13123359580052493 0.05637982195845698 0.001375515818431912 0.0
0.0013386880856760374 0.15223097112860892 0.06379821958456973 0.0 0.0
0.002677376171352075 0.16141732283464566 0.057863501483679525 0.0 0.0
0.00535475234270415 0.18635170603674542 0.04747774480712166 0.0 0.0
0.0013386880856760374 0.20603674540682415 0.0771513353115727 0.001375515818431912 0.0
0.0 0.1299212598425197 0.04747774480712166 0.0 0.0
0.0 0.2099737532808399 0.07418397626112759 0.0 0.0
0.002677376171352075 0.1837270341207349 0.06973293768545993 0.001375515818431912 0.0
0.0013386880856760374 0.22178477690288714 0.06973293768545993 0.0 0.0
0.002677376171352075 0.20078740157480315 0.07863501483679525 0.0 0.0
0.0013386880856760374 0.18635170603674542 0.09198813056379822 0.001375515818431912 0.0
0.0013386880856760374 0.18503937007874016 0.04599406528189911 0.001375515818431912 0.0
0.0 0.20866141732283464 0.05489614243323442 0.0 0.0
0.0013386880856760374 0.17060367454068243 0.0712166172106825 0.0 0.0
0.0 0.23228346456692914 0.07566765578635014 0.0 0.0
0.0 0.26115485564304464 0.07566765578635014 0.0 0.0
0.0 0.20603674540682415 0.07566765578635014 0.0 0.0
0.004016064257028113 0.2769028871391076 0.0712166172106825 0.001375515818431912 0.0
0.00535475234270415 0.3005249343832021 0.0801186943620178 0.001375515818431912 0.0
0.0013386880856760374 0.2545931758530183 0.0801186943620178 0.001375515818431912 0.0
0.0 0.23622047244094488 0.08605341246290801 0.0 0.0
0.0 0.26115485564304464 0.05637982195845698 0.0 0.0
0.00535475234270415 0.2532808398950131 0.08753709198813056 0.0 0.0
0.0 0.2769028871391076 0.08753709198813056 0.0 0.0
0.0013386880856760374 0.3228346456692913 0.09792284866468842 0.001375515818431912 0.0
0.0 0.2874015748031496 0.10237388724035608 0.0 0.0
0.002677376171352075 0.3123359580052494 0.06528189910979229 0.0 0.0
0.0013386880856760374 0.2637795275590551 0.08160237388724036 0.001375515818431912 0.0
0.0013386880856760374 0.35039370078740156 0.0801186943620178 0.0 0.0
0.0 0.3451443569553806 0.09050445103857567 0.0 0.0
0.0013386880856760374 0.4120734908136483 0.09940652818991097 0.0 0.0
0.0013386880856760374 0.3569553805774278 0.09198813056379822 0.0 0.0
0.0013386880856760374 0.3779527559055118 0.09347181008902077 0.0 0.0013869625520110955
0.004016064257028113 0.40551181102362205 0.0801186943620178 0.0 0.0
0.0 0.40551181102362205 0.07566765578635014 0.0 0.0
0.002677376171352075 0.3884514435695538 0.09050445103857567 0.001375515818431912 0.0
0.0 0.46587926509186356 0.10089020771513353 0.001375515818431912 0.0
0.0013386880856760374 0.4566929133858268 0.0801186943620178 0.0 0.0
0.0 0.42782152230971127 0.10682492581602375 0.0 0.0
0.002677376171352075 0.4356955380577428 0.09792284866468842 0.005502063273727648 0.0
0.0 0.473753280839895 0.09050445103857567 0.001375515818431912 0.0
0.004016064257028113 0.4921259842519685 0.12462908011869435 0.0 0.0
0.004016064257028113 0.5446194225721785 0.12462908011869435 0.001375515818431912 0.0
0.0013386880856760374 0.5196850393700788 0.11127596439169139 0.0 0.0
0.0013386880856760374 0.5603674540682414 0.10385756676557864 0.0 0.0
0.0 0.5708661417322834 0.13353115727002968 0.001375515818431912 0.0
0.00535475234270415 0.5879265091863517 0.13946587537091987 0.0 0.0
0.0 0.5695538057742783 0.10385756676557864 0.0 0.0
0.0013386880856760374 0.6272965879265092 0.15133531157270028 0.0 0.0013869625520110955
0.0013386880856760374 0.5879265091863517 0.13353115727002968 0.0 0.0
0.0 0.6745406824146981 0.12759643916913946 0.0 0.0
0.0013386880856760374 0.6719160104986877 0.14688427299703266 0.001375515818431912 0.0
0.0 0.7007874015748031 0.14688427299703266 0.0 0.0
0.002677376171352075 0.7244094488188976 0.16765578635014836 0.001375515818431912 0.0
0.0013386880856760374 0.7677165354330708 0.14540059347181009 0.0 0.0
0.0 0.7716535433070866 0.14540059347181009 0.0 0.0
0.004016064257028113 0.7598425196850394 0.1572700296735905 0.0 0.0
0.002677376171352075 0.7637795275590552 0.13056379821958458 0.0 0.0
0.0013386880856760374 0.7650918635170604 0.16913946587537093 0.0 0.0
0.002677376171352075 0.7795275590551181 0.15281899109792285 0.0 0.0
0.0013386880856760374 0.7729658792650919 0.16172106824925817 0.0 0.0
0.002677376171352075 0.8228346456692913 0.14985163204747776 0.001375515818431912 0.0
0.0 0.8083989501312335 0.16172106824925817 0.0 0.0
0.0013386880856760374 0.8910761154855643 0.17210682492581603 0.0 0.0
0.0 0.9422572178477691 0.17952522255192876 0.001375515818431912 0.0
0.0013386880856760374 0.9173228346456692 0.1602373887240356 0.001375515818431912 0.0
0.002677376171352075 0.9671916010498688 0.16617210682492584 0.0 0.0
0.0 0.94750656167979 0.185459940652819 0.001375515818431912 0.0
0.0013386880856760374 0.958005249343832 0.1943620178041543 0.001375515818431912 0.0
0.004016064257028113 1.0643044619422573 0.19732937685459942 0.001375515818431912 0.0
0.0 1.0629921259842519 0.19287833827893175 0.001375515818431912 0.0
0.002677376171352075 1.0603674540682415 0.1824925816023739 0.0 0.0
0.0 1.1194225721784776 0.1913946587537092 0.0 0.0
0.002677376171352075 1.10498687664042 0.1913946587537092 0.0 0.0
0.0 1.1299212598425197 0.19287833827893175 0.001375515818431912 0.0
0.004016064257028113 1.1430446194225723 0.22255192878338279 0.0 0.0
0.0013386880856760374 1.2322834645669292 0.20178041543026706 0.0 0.0
0.004016064257028113 1.2808398950131232 0.22700296735905043 0.0 0.0
0.008032128514056226 1.2769028871391075 0.23887240356083086 0.0 0.0
0.004016064257028113 1.2887139107611547 0.21068249258160238 0.0 0.0
0.004016064257028113 1.3162729658792651 0.2195845697329377 0.0 0.0
0.0013386880856760374 1.3385826771653542 0.22403560830860533 0.001375515818431912 0.0
0.0013386880856760374 1.5196850393700787 0.23887240356083086 0.0 0.0
0.0 1.3451443569553805 0.21810089020771511 0.0 0.0
0.0013386880856760374 1.3845144356955381 0.258160237388724 0.002751031636863824 0.0
0.002677376171352075 1.4028871391076114 0.22700296735905043 0.0 0.0
0.0 1.5118110236220472 0.2492581602373887 0.0 0.0
0.0013386880856760374 1.463254593175853 0.258160237388724 0.0 0.0
0.0013386880856760374 1.5170603674540681 0.23590504451038577 0.001375515818431912 0.0
0.004016064257028113 1.599737532808399 0.29673590504451036 0.0 0.0
0.0013386880856760374 1.5866141732283465 0.2655786350148368 0.0 0.0
0.006693440428380187 1.6089238845144356 0.25370919881305637 0.0 0.0
0.0013386880856760374 1.7244094488188977 0.2626112759643917 0.0 0.0
0.0 1.7086614173228347 0.27299703264094954 0.0 0.0
0.002677376171352075 1.669291338582677 0.2878338278931751 0.001375515818431912 0.0
0.004016064257028113 1.7257217847769029 0.27299703264094954 0.0 0.0
0.0 0.2152230971128609 0.04302670623145401 0.0 0.0
0.0 0.18766404199475065 0.03412462908011869 0.0 0.0
0.0 0.1679790026246719 0.02818991097922849 0.0 0.0
0.0 0.16666666666666666 0.03412462908011869 0.0 0.0
0.0013386880856760374 1.8031496062992127 0.2997032640949555 0.0 0.0
0.0 0.1679790026246719 0.0400593471810089 0.0 0.0
0.0 0.20341207349081364 0.04302670623145401 0.0 0.0
0.0 0.1811023622047244 0.0400593471810089 0.0 0.0
0.0 0.1942257217847769 0.02373887240356083 0.0 0.0
0.002677376171352075 1.409448818897638 0.38130563798219586 0.002751031636863824 0.0
0.0 0.19160104986876642 0.04747774480712166 0.0 0.0
0.0 0.1942257217847769 0.0400593471810089 0.0 0.0
0.0 0.17716535433070868 0.037091988130563795 0.0 0.0
0.0 0.17716535433070868 0.031157270029673587 0.0 0.0
0.0013386880856760374 1.805774278215223 0.29821958456973297 0.001375515818431912 0.0
0.0 0.19685039370078738 0.03412462908011869 0.0 0.0
0.0 0.18766404199475065 0.02373887240356083 0.0 0.0
0.0 0.1732283464566929 0.031157270029673587 0.0 0.0
0.0 0.18766404199475065 0.0400593471810089 0.0 0.0
0.0 1.4514435695538057 0.44510385756676557 0.0 0.0
0.0 0.18241469816272965 0.03412462908011869 0.0 0.0
0.0 0.19291338582677164 0.031157270029673587 0.0 0.0
0.0 0.15748031496062992 0.031157270029673587 0.001375515818431912 0.0
0.0 0.1889763779527559 0.0400593471810089 0.0 0.0
0.0 0.20078740157480315 0.02818991097922849 0.0 0.0
0.0 0.19685039370078738 0.019287833827893175 0.0 0.0
0.0 0.20603674540682415 0.037091988130563795 0.0 0.0
0.0 0.1942257217847769 0.02818991097922849 0.0 0.0
0.0 0.20078740157480315 0.04302670623145401 0.0 0.0
0.0 0.17979002624671916 0.03857566765578635 0.0 0.0
0.002677376171352075 1.4868766404199476 0.3620178041543027 0.001375515818431912 0.0
0.002677376171352075 1.4291338582677167 0.43175074183976264 0.0 0.0013869625520110955
0.0 1.4934383202099737 0.4020771513353116 0.0041265474552957355 0.0
0.002677376171352075 1.4133858267716537 0.413946587537092 0.0 0.0
0.0013386880856760374 1.425196850393701 0.4421364985163205 0.001375515818431912 0.0
0.0 1.468503937007874 0.41097922848664686 0.002751031636863824 0.0
0.0 1.4015748031496063 0.4287833827893175 0.0 0.0
0.004016064257028113 1.4488188976377951 0.413946587537092 0.0 0.0
0.0013386880856760374 1.3910761154855642 0.36795252225519287 0.001375515818431912 0.0
0.0 1.330708661417323 0.3724035608308605 0.002751031636863824 0.0
0.0 1.4225721784776904 0.4228486646884273 0.001375515818431912 0.0
0.002677376171352075 1.425196850393701 0.370919881305638 0.0 0.0
0.0013386880856760374 1.44750656167979 0.42136498516320475 0.005502063273727648 0.0
0.0 1.39501312335958 0.38130563798219586 0.002751031636863824 0.0
0.0013386880856760374 1.409448818897638 0.3991097922848665 0.001375515818431912 0.0
0.0 1.4383202099737533 0.4094955489614243 0.0 0.0
0.0013386880856760374 1.4199475065616798 0.3827893175074184 0.0 0.0
0.0 1.4501312335958005 0.3961424332344214 0.001375515818431912 0.0
0.0013386880856760374 1.389763779527559 0.37388724035608306 0.0 0.0
0.004016064257028113 1.4081364829396323 0.3456973293768546 0.0 0.0
0.0 1.4238845144356955 0.3976261127596439 0.0 0.0
0.0 1.3438320209973753 0.3976261127596439 0.0 0.0
0.0 1.3884514435695539 0.4020771513353116 0.0 0.0
0.002677376171352075 1.4028871391076114 0.35756676557863504 0.001375515818431912 0.0
0.0013386880856760374 1.442257217847769 0.3664688427299703 0.0 0.0
0.0013386880856760374 1.4028871391076114 0.4050445103857567 0.002751031636863824 0.0
0.0 1.356955380577428 0.3724035608308605 0.0 0.0
0.0 1.3805774278215224 0.38427299703264095 0.0 0.0
0.0 1.4015748031496063 0.3857566765578635 0.0 0.0
0.002677376171352075 1.374015748031496 0.3219584569732937 0.0 0.0
0.0013386880856760374 1.426509186351706 0.38130563798219586 0.0 0.0
0.0 1.3700787401574803 0.3293768545994065 0.002751031636863824 0.0
0.0 1.3451443569553805 0.3798219584569733 0.0 0.0
0.002677376171352075 1.3398950131233596 0.3783382789317507 0.002751031636863824 0.0
0.0013386880856760374 1.358267716535433 0.3664688427299703 0.0 0.0
0.0013386880856760374 1.356955380577428 0.3664688427299703 0.0 0.0
0.0 1.3267716535433072 0.34124629080118696 0.0 0.0
0.0 1.3188976377952757 0.3694362017804154 0.001375515818431912 0.0
0.0 1.3595800524934385 0.35163204747774485 0.001375515818431912 0.0
0.0 1.379265091863517 0.35905044510385753 0.0 0.0
0.0 1.3884514435695539 0.34124629080118696 0.0 0.0
0.0013386880856760374 1.3359580052493438 0.3649851632047478 0.0 0.0
0.0 1.4212598425196852 0.35756676557863504 0.001375515818431912 0.0
0.0 1.3963254593175853 0.3694362017804154 0.002751031636863824 0.0
0.0013386880856760374 1.3595800524934385 0.3427299703264095 0.002751031636863824 0.0
0.0 1.3451443569553805 0.3086053412462908 0.001375515818431912 0.0
0.0013386880856760374 1.3451443569553805 0.33234421364985167 0.0 0.0
0.0 1.3779527559055118 0.3486646884272997 0.001375515818431912 0.0
0.0 1.3175853018372703 0.33827893175074186 0.001375515818431912 0.0
0.002677376171352075 1.353018372703412 0.34718100890207715 0.0041265474552957355 0.0
0.0 1.3254593175853018 0.33234421364985167 0.001375515818431912 0.0
0.0 1.3858267716535433 0.36795252225519287 0.0 0.0
0.0 1.3608923884514437 0.33086053412462907 0.0 0.0
0.0 1.3083989501312336 0.34124629080118696 0.0 0.0
0.0 1.305774278215223 0.34718100890207715 0.0 0.0
0.0 1.372703412073491 0.3293768545994065 0.0 0.0
0.0013386880856760374 1.3648293963254594 0.3649851632047478 0.0 0.0
0.0 1.3595800524934385 0.31008902077151335 0.002751031636863824 0.0
0.0 1.3805774278215224 0.3219584569732937 0.002751031636863824 0.0
0.0013386880856760374 1.3805774278215224 0.33086053412462907 0.001375515818431912 0.0
0.0 1.358267716535433 0.3367952522255193 0.001375515818431912 0.0
0.0 1.3228346456692914 0.33827893175074186 0.001375515818431912 0.0
0.0013386880856760374 1.3398950131233596 0.3353115727002967 0.001375515818431912 0.0
0.0 1.3385826771653542 0.33976261127596435 0.0 0.0
0.0 1.34251968503937 0.30118694362017806 0.0 0.0
0.0013386880856760374 1.3713910761154855 0.3664688427299703 0.0 0.0
0.0 1.36745406824147 0.3293768545994065 0.0 0.0
0.0013386880856760374 1.3031496062992127 0.33234421364985167 0.001375515818431912 0.0
0.0 1.3136482939632546 0.33382789317507416 0.0 0.0
0.0 1.305774278215223 0.3620178041543027 0.0 0.0
0.0013386880856760374 1.379265091863517 0.3486646884272997 0.002751031636863824 0.0013869625520110955
0.0 1.3517060367454068 0.36795252225519287 0.0041265474552957355 0.0
0.0 1.3989501312335957 0.34718100890207715 0.0 0.0
0.002677376171352075 1.3845144356955381 0.33827893175074186 0.001375515818431912 0.0
0.0 1.3700787401574803 0.35756676557863504 0.0041265474552957355 0.0
0.0 1.3241469816272966 0.3264094955489614 0.0 0.0
0.0 1.3648293963254594 0.3249258160237389 0.0 0.0
0.0 1.3162729658792651 0.34124629080118696 0.001375515818431912 0.0
0.0 1.3136482939632546 0.3204747774480712 0.001375515818431912 0.0
0.0 1.36745406824147 0.33382789317507416 0.002751031636863824 0.0
0.0013386880856760374 1.39501312335958 0.36350148367952523 0.001375515818431912 0.0
0.0 1.3845144356955381 0.3353115727002967 0.0 0.0
0.0013386880856760374 1.4081364829396323 0.35014836795252224 0.001375515818431912 0.0
0.0 1.4107611548556431 0.33086053412462907 0.0 0.0
0.0 1.358267716535433 0.3560830860534125 0.0 0.0
0.0 1.347769028871391 0.35905044510385753 0.0 0.0
0.0 1.3490813648293962 0.33827893175074186 0.002751031636863824 0.0
0.0 1.3490813648293962 0.3293768545994065 0.0 0.0
0.0 1.3503937007874014 0.3427299703264095 0.001375515818431912 0.0
0.0013386880856760374 1.34251968503937 0.33976261127596435 0.0 0.0
0.0 1.3687664041994752 0.35311572700296734 0.001375515818431912 0.0
0.0 1.34251968503937 0.33976261127596435 0.0 0.0
0.0 1.3543307086614174 0.35311572700296734 0.002751031636863824 0.0
0.0013386880856760374 1.3661417322834646 0.33976261127596435 0.0 0.0
0.0 1.2965879265091862 0.3219584569732937 0.0 0.0
0.0 1.2860892388451444 0.35756676557863504 0.001375515818431912 0.0
0.0013386880856760374 1.3123359580052494 0.314540059347181 0.0 0.0
0.0 1.3713910761154855 0.327893175074184 0.0 0.0
0.0 1.3845144356955381 0.3353115727002967 0.001375515818431912 0.0
