0.0033467202141900937 0.1758530183727034 0.055637982195845696 0.0 0.0
0.0013386880856760374 0.15354330708661418 0.06157270029673591 0.0 0.0
0.0006693440428380187 0.17191601049868765 0.05415430267062315 0.0 0.0
0.0020080321285140565 0.16929133858267717 0.04376854599406528 0.0 0.0
0.002677376171352075 0.1437007874015748 0.06750741839762611 0.000687757909215956 0.0
0.002677376171352075 0.13385826771653542 0.06083086053412463 0.001375515818431912 0.0
0.0013386880856760374 0.12795275590551183 0.053412462908011875 0.0 0.0
0.0020080321285140565 0.15748031496062992 0.053412462908011875 0.0 0.0
0.002677376171352075 0.1679790026246719 0.04896142433234421 0.0 0.0
0.0013386880856760374 0.1837270341207349 0.0712166172106825 0.0020632737276478678 0.0
0.0006693440428380187 0.12204724409448818 0.039317507418397624 0.0 0.0
0.0 0.17716535433070868 0.062314540059347175 0.000687757909215956 0.0006934812760055478
0.0020080321285140565 0.1548556430446194 0.055637982195845696 0.000687757909215956 0.0
0.0006693440428380187 0.20078740157480315 0.06750741839762611 0.0 0.0
0.0033467202141900937 0.18503937007874016 0.07047477744807122 0.0 0.0
0.0006693440428380187 0.16732283464566927 0.08160237388724036 0.000687757909215956 0.0
0.0006693440428380187 0.15551181102362205 0.05489614243323442 0.000687757909215956 0.0
0.0 0.18044619422572178 0.05192878338278932 0.0 0.0
0.002677376171352075 0.15288713910761154 0.06528189910979229 0.0 0.0
0.0 0.18832020997375326 0.062314540059347175 0.0 0.0
0.0006693440428380187 0.19028871391076116 0.06083086053412463 0.0 0.0
0.0 0.16338582677165356 0.057863501483679525 0.0 0.0
0.002677376171352075 0.21391076115485563 0.06157270029673591 0.000687757909215956 0.0
0.002677376171352075 0.22440944881889763 0.07047477744807122 0.000687757909215956 0.0
0.0006693440428380187 0.20538057742782154 0.05934718100890208 0.000687757909215956 0.0
0.0006693440428380187 0.18438320209973755 0.06676557863501484 0.0 0.0
0.0013386880856760374 0.19160104986876642 0.05415430267062315 0.000687757909215956 0.0
0.0033467202141900937 0.18438320209973755 0.06899109792284866 0.0 0.0013869625520110955
0.0013386880856760374 0.21325459317585302 0.07195845697329377 0.0 0.0
0.0006693440428380187 0.22572178477690288 0.08382789317507418 0.000687757909215956 0.0
0.0 0.21719160104986876 0.08086053412462908 0.0 0.0
0.0013386880856760374 0.22703412073490814 0.05489614243323442 0.0 0.0
0.0013386880856760374 0.19225721784776903 0.07047477744807122 0.000687757909215956 0.0
0.0006693440428380187 0.2545931758530183 0.06824925816023739 0.0 0.0
0.0006693440428380187 0.234251968503937 0.07566765578635014 0.0 0.0
0.0006693440428380187 0.28215223097112857 0.06899109792284866 0.0 0.0
0.0013386880856760374 0.2388451443569554 0.0712166172106825 0.0 0.0
0.0020080321285140565 0.25262467191601046 0.07492581602373888 0.0 0.0006934812760055478
0.0020080321285140565 0.2769028871391076 0.05934718100890208 0.0 0.0
0.0006693440428380187 0.26443569553805774 0.057863501483679525 0.0 0.0
0.002677376171352075 0.25065616797900264 0.07270029673590504 0.000687757909215956 0.0
0.0006693440428380187 0.3090551181102362 0.07492581602373888 0.000687757909215956 0.0
0.0013386880856760374 0.2926509186351706 0.06602373887240355 0.0 0.0
0.0 0.2703412073490814 0.07640949554896143 0.0 0.0
0.0020080321285140565 0.286745406824147 0.07047477744807122 0.002751031636863824 0.0
0.0006693440428380187 0.30577427821522307 0.064540059347181 0.000687757909215956 0.0
0.002677376171352075 0.3202099737532808 0.09421364985163205 0.001375515818431912 0.0
0.0033467202141900937 0.3458005249343832 0.08382789317507418 0.000687757909215956 0.0006934812760055478
0.0006693440428380187 0.3136482939632546 0.08679525222551929 0.000687757909215956 0.0
0.0013386880856760374 0.3431758530183727 0.07344213649851633 0.0 0.0
0.0013386880856760374 0.3602362204724409 0.0956973293768546 0.000687757909215956 0.0
0.002677376171352075 0.36351706036745407 0.09718100890207715 0.0 0.0
0.0006693440428380187 0.34120734908136485 0.07195845697329377 0.000687757909215956 0.0
0.0006693440428380187 0.38713910761154857 0.1083086053412463 0.0 0.0006934812760055478
0.0013386880856760374 0.33858267716535434 0.08827893175074183 0.0 0.0
0.0 0.4107611548556431 0.08753709198813056 0.0 0.0
0.0006693440428380187 0.39632545931758534 0.09940652818991097 0.000687757909215956 0.0
0.0006693440428380187 0.41338582677165353 0.10385756676557864 0.0 0.0
0.0020080321285140565 0.4225721784776903 0.11275964391691395 0.000687757909215956 0.0
0.0013386880856760374 0.4448818897637795 0.08827893175074183 0.0 0.0
0.0 0.4468503937007874 0.10311572700296735 0.0 0.0
0.0020080321285140565 0.4435695538057743 0.09050445103857567 0.000687757909215956 0.0
0.0020080321285140565 0.44553805774278216 0.08234421364985163 0.0 0.0
0.0006693440428380187 0.45013123359580054 0.10459940652818991 0.0 0.0
0.0020080321285140565 0.44619422572178474 0.10014836795252226 0.0 0.0
0.0013386880856760374 0.4356955380577428 0.09792284866468842 0.0 0.0
0.0020080321285140565 0.47703412073490814 0.10905044510385756 0.0020632737276478678 0.0
0.0 0.4606299212598425 0.10014836795252226 0.0 0.0
0.0013386880856760374 0.5104986876640419 0.1142433234421365 0.0 0.0
0.0 0.5374015748031495 0.12833827893175076 0.000687757909215956 0.0
0.0006693440428380187 0.5131233595800525 0.10089020771513353 0.000687757909215956 0.0
0.0020080321285140565 0.5505249343832022 0.1016320474777448 0.0 0.0
0.0 0.5452755905511811 0.12091988130563798 0.000687757909215956 0.0
0.0006693440428380187 0.5380577427821521 0.1261127596439169 0.000687757909215956 0.0
0.0033467202141900937 0.6017060367454069 0.12982195845697328 0.000687757909215956 0.0
0.0 0.5898950131233596 0.11498516320474778 0.001375515818431912 0.0
0.002677376171352075 0.5905511811023622 0.11201780415430267 0.0 0.0
0.0006693440428380187 0.6220472440944882 0.11572700296735905 0.0 0.0006934812760055478
0.0013386880856760374 0.6128608923884514 0.12091988130563798 0.0 0.0
0.0 0.6174540682414698 0.12240356083086053 0.000687757909215956 0.0
0.0020080321285140565 0.6181102362204725 0.1416913946587537 0.000687757909215956 0.0
0.0013386880856760374 0.676509186351706 0.12982195845697328 0.0 0.0
0.0033467202141900937 0.6994750656167978 0.14540059347181009 0.0 0.0
0.0046854082998661305 0.6994750656167978 0.1446587537091988 0.0 0.0
0.002677376171352075 0.6948818897637795 0.1320474777448071 0.0 0.0
0.0033467202141900937 0.723753280839895 0.14094955489614244 0.0 0.0
0.0006693440428380187 0.7152230971128609 0.13649851632047477 0.001375515818431912 0.0
0.0006693440428380187 0.8379265091863517 0.14317507418397626 0.0 0.0
0.0 0.7230971128608924 0.12537091988130564 0.0 0.0
0.0013386880856760374 0.7519685039370079 0.1572700296735905 0.001375515818431912 0.0
0.0020080321285140565 0.7598425196850394 0.1416913946587537 0.0 0.0
0.0 0.8136482939632546 0.15133531157270028 0.0 0.0
0.0006693440428380187 0.7906824146981628 0.14910979228486648 0.000687757909215956 0.0
0.0006693440428380187 0.8143044619422571 0.13946587537091987 0.000687757909215956 0.0
0.0020080321285140565 0.8582677165354331 0.17359050445103857 0.0 0.0
0.0006693440428380187 0.8490813648293963 0.16543026706231453 0.000687757909215956 0.0
0.0033467202141900937 0.8536745406824147 0.1476261127596439 0.0 0.0
0.002677376171352075 0.9120734908136483 0.15578635014836795 0.0 0.0
0.0006693440428380187 0.9061679790026247 0.15949554896142434 0.0 0.0
0.0013386880856760374 0.8825459317585302 0.16468842729970326 0.001375515818431912 0.0
0.0020080321285140565 0.9127296587926509 0.15504451038575667 0.0 0.0
0.0 0.10761154855643044 0.021513353115727003 0.0 0.0
0.0006693440428380187 0.09383202099737532 0.017804154302670624 0.0 0.0
0.0 0.08398950131233596 0.014094955489614244 0.0 0.0
0.0 0.08333333333333333 0.017804154302670624 0.0 0.0
0.0006693440428380187 0.9612860892388452 0.17655786350148367 0.0 0.0
0.0 0.08398950131233596 0.02002967359050445 0.0 0.0
0.0 0.10170603674540682 0.021513353115727003 0.0 0.0
0.0 0.0905511811023622 0.02002967359050445 0.0 0.0
0.0 0.09711286089238845 0.011869436201780416 0.0 0.0
0.0013386880856760374 0.723753280839895 0.24554896142433236 0.0020632737276478678 0.0
0.0 0.09580052493438321 0.02373887240356083 0.0 0.0
0.0 0.09711286089238845 0.02002967359050445 0.0 0.0
0.0 0.08858267716535434 0.018545994065281898 0.0 0.0
0.0006693440428380187 0.08858267716535434 0.015578635014836794 0.0 0.0
0.0020080321285140565 0.954724409448819 0.17433234421364985 0.000687757909215956 0.0
0.0 0.09842519685039369 0.017062314540059347 0.0 0.0
0.0 0.09383202099737532 0.011869436201780416 0.0 0.0
0.0 0.08661417322834646 0.015578635014836794 0.0 0.0
0.0 0.09383202099737532 0.02002967359050445 0.0 0.0
0.0013386880856760374 0.7519685039370079 0.30192878338278933 0.0 0.0
0.0006693440428380187 0.09120734908136482 0.017062314540059347 0.0 0.0
0.0 0.09645669291338582 0.015578635014836794 0.0 0.0
0.0 0.07874015748031496 0.015578635014836794 0.000687757909215956 0.0
0.0 0.09448818897637795 0.02002967359050445 0.0 0.0
0.0 0.10039370078740158 0.014094955489614244 0.0 0.0
0.0006693440428380187 0.09842519685039369 0.009643916913946587 0.000687757909215956 0.0
0.0 0.10301837270341208 0.018545994065281898 0.0 0.0
0.0006693440428380187 0.09711286089238845 0.014094955489614244 0.0 0.0
0.0 0.10104986876640419 0.021513353115727003 0.0 0.0
0.0 0.08989501312335958 0.019287833827893175 0.0 0.0
0.002677376171352075 0.770997375328084 0.22922848664688428 0.0020632737276478678 0.0
0.0013386880856760374 0.7421259842519685 0.29821958456973297 0.0 0.0006934812760055478
0.0 0.7683727034120735 0.27002967359050445 0.002751031636863824 0.0
0.0013386880856760374 0.729002624671916 0.28115727002967356 0.0 0.0
0.0006693440428380187 0.7355643044619423 0.3048961424332344 0.0020632737276478678 0.0
0.0 0.7506561679790026 0.271513353115727 0.001375515818431912 0.0
0.0 0.7171916010498688 0.30267062314540055 0.0020632737276478678 0.0
0.0020080321285140565 0.7519685039370079 0.3034124629080119 0.0 0.0
0.0006693440428380187 0.7171916010498688 0.24629080118694363 0.001375515818431912 0.0
0.0 0.6843832020997376 0.263353115727003 0.0020632737276478678 0.0
0.0 0.7335958005249344 0.31676557863501487 0.000687757909215956 0.0
0.002677376171352075 0.7329396325459319 0.2818991097922849 0.0 0.0
0.0006693440428380187 0.7526246719160105 0.31973293768545996 0.005502063273727648 0.0
0.0 0.7139107611548556 0.2818991097922849 0.0020632737276478678 0.0
0.0006693440428380187 0.718503937007874 0.2915430267062315 0.001375515818431912 0.0
0.0 0.7467191601049868 0.30415430267062316 0.000687757909215956 0.0
0.0006693440428380187 0.7381889763779528 0.31750741839762614 0.001375515818431912 0.0
0.0 0.7585301837270341 0.33753709198813053 0.000687757909215956 0.0
0.0006693440428380187 0.7178477690288714 0.3204747774480712 0.0020632737276478678 0.0
0.002677376171352075 0.7263779527559054 0.2841246290801187 0.0 0.0
0.0 0.7414698162729659 0.35534124629080116 0.000687757909215956 0.0
0.0 0.6994750656167978 0.3672106824925816 0.0 0.0
0.0 0.7217847769028871 0.3783382789317507 0.000687757909215956 0.0
0.0013386880856760374 0.7244094488188976 0.34421364985163205 0.000687757909215956 0.0
0.0006693440428380187 0.75 0.3724035608308605 0.0 0.0
0.0006693440428380187 0.7303149606299212 0.4606824925816024 0.0020632737276478678 0.0
0.0 0.7086614173228347 0.41839762611275966 0.000687757909215956 0.0
0.0 0.7204724409448818 0.4629080118694362 0.000687757909215956 0.0
0.0 0.734251968503937 0.4792284866468842 0.001375515818431912 0.0
0.0020080321285140565 0.7198162729658792 0.47181008902077154 0.000687757909215956 0.0
0.0006693440428380187 0.7578740157480315 0.5118694362017804 0.001375515818431912 0.0
0.0 0.7244094488188976 0.5222551928783383 0.001375515818431912 0.0
0.0 0.7053805774278216 0.5586053412462908 0.000687757909215956 0.0
0.0013386880856760374 0.7112860892388452 0.6275964391691394 0.0020632737276478678 0.0
0.0013386880856760374 0.7125984251968505 0.669139465875371 0.0 0.0
0.0006693440428380187 0.7217847769028871 0.7106824925816023 0.0 0.0
0.0 0.7145669291338583 0.7010385756676558 0.001375515818431912 0.0
0.0006693440428380187 0.7125984251968505 0.7922848664688428 0.0020632737276478678 0.0
0.0 0.7329396325459319 0.7893175074183977 0.0020632737276478678 0.0006934812760055478
0.0 0.7513123359580052 0.8367952522255193 0.0 0.0
0.0 0.760498687664042 0.8123145400593471 0.000687757909215956 0.0
0.0006693440428380187 0.7244094488188976 0.892433234421365 0.000687757909215956 0.0
0.0 0.7782152230971129 0.8694362017804154 0.001375515818431912 0.0
0.0 0.7650918635170604 0.8612759643916914 0.0020632737276478678 0.0
0.0006693440428380187 0.7362204724409449 0.8538575667655787 0.001375515818431912 0.0
0.0 0.7421259842519685 0.9028189910979229 0.000687757909215956 0.0
0.0006693440428380187 0.7414698162729659 0.9332344213649851 0.0 0.0
0.0 0.7624671916010499 0.973293768545994 0.000687757909215956 0.0006934812760055478
0.0 0.7296587926509186 1.0089020771513353 0.001375515818431912 0.0
0.0013386880856760374 0.7572178477690288 0.9992581602373887 0.0020632737276478678 0.0
0.0 0.7270341207349081 1.002225519287834 0.000687757909215956 0.0
0.0006693440428380187 0.7769028871391076 1.0415430267062313 0.0 0.0
0.0 0.7631233595800525 0.9821958456973294 0.0 0.0
0.0 0.7263779527559054 0.9844213649851633 0.000687757909215956 0.0
0.0006693440428380187 0.7204724409448818 1.0170623145400595 0.000687757909215956 0.0
0.0 0.7611548556430446 0.9851632047477745 0.0 0.0
0.0006693440428380187 0.7716535433070866 1.0229970326409494 0.0 0.0
0.0 0.7578740157480315 0.9792284866468842 0.0020632737276478678 0.0
0.0 0.7755905511811023 0.9977744807121661 0.0020632737276478678 0.0
0.0006693440428380187 0.7631233595800525 0.9925816023738873 0.001375515818431912 0.0
0.0 0.7644356955380578 1.0838278931750742 0.001375515818431912 0.0
0.0013386880856760374 0.7309711286089239 1.0126112759643915 0.001375515818431912 0.0
0.0006693440428380187 0.7598425196850394 1.0637982195845697 0.000687757909215956 0.0
0.0006693440428380187 0.753280839895013 1.0586053412462908 0.001375515818431912 0.0
0.0 0.7611548556430446 1.0014836795252227 0.0 0.0
0.002677376171352075 0.776246719160105 1.1083086053412463 0.001375515818431912 0.0
0.0006693440428380187 0.7650918635170604 1.0422848664688427 0.0 0.0
0.0006693440428380187 0.7257217847769029 1.0652818991097923 0.001375515818431912 0.0
0.0 0.7362204724409449 1.0741839762611276 0.0 0.0
0.0006693440428380187 0.7283464566929133 1.0845697329376855 0.000687757909215956 0.0
0.0006693440428380187 0.7742782152230971 1.0541543026706233 0.0034387895460797797 0.0006934812760055478
0.0 0.7545931758530183 1.096439169139466 0.002751031636863824 0.0
0.0 0.7769028871391076 1.0734421364985163 0.000687757909215956 0.0
0.0013386880856760374 0.7828083989501312 1.043026706231454 0.000687757909215956 0.0
0.0006693440428380187 0.7742782152230971 1.0971810089020773 0.0034387895460797797 0.0006934812760055478
0.0006693440428380187 0.7565616797900262 1.0526706231454006 0.0 0.0
0.0006693440428380187 0.7545931758530183 1.021513353115727 0.000687757909215956 0.0
0.0006693440428380187 0.7375328083989502 1.0801186943620178 0.000687757909215956 0.0
0.0 0.7395013123359581 1.0497032640949555 0.001375515818431912 0.0
0.0 0.7670603674540682 1.0667655786350148 0.001375515818431912 0.0
0.0006693440428380187 0.7828083989501312 1.1008902077151335 0.0020632737276478678 0.0
0.0 0.7814960629921259 1.0563798219584568 0.000687757909215956 0.0
0.0006693440428380187 0.7900262467191601 1.0489614243323442 0.000687757909215956 0.0006934812760055478
0.0 0.7893700787401575 1.083086053412463 0.001375515818431912 0.0
0.0 0.7611548556430446 1.1008902077151335 0.0 0.0
0.0 0.7565616797900262 1.0682492581602374 0.0 0.0
0.0 0.7624671916010499 1.0482195845697329 0.001375515818431912 0.0
0.0006693440428380187 0.7539370078740157 1.0467359050445102 0.001375515818431912 0.0
0.0006693440428380187 0.7473753280839895 1.0422848664688427 0.000687757909215956 0.0
0.0006693440428380187 0.7486876640419947 1.0437685459940653 0.0 0.0
0.0006693440428380187 0.7703412073490814 1.1090504451038574 0.002751031636863824 0.0
0.0 0.7545931758530183 1.0356083086053414 0.000687757909215956 0.0
0.0 0.7585301837270341 1.0370919881305638 0.001375515818431912 0.0
0.0013386880856760374 0.7690288713910761 1.1528189910979227 0.001375515818431912 0.0
0.0013386880856760374 0.7316272965879265 1.1424332344213648 0.0 0.0
0.0 0.7375328083989502 1.1780415430267062 0.001375515818431912 0.0
0.0006693440428380187 0.7434383202099738 1.1053412462908012 0.0 0.0
0.0 0.7670603674540682 1.1201780415430267 0.001375515818431912 0.0
0.0006693440428380187 0.776246719160105 1.117952522255193 0.000687757909215956 0.0
