74.18181818181819 72.6923076923077 72.875 74.36363636363637 72.75
73.63636363636364 71.84615384615385 71.75 74.18181818181819 71.58333333333333
73.9090909090909 72.84615384615385 72.25 73.0 73.33333333333333
74.18181818181819 71.84615384615385 73.0 72.9090909090909 72.83333333333333
73.9090909090909 72.46153846153847 73.125 74.36363636363637 72.58333333333333
73.81818181818183 71.53846153846153 73.25 73.81818181818183 72.91666666666667
74.0 73.15384615384615 73.1875 73.54545454545453 73.41666666666667
72.36363636363636 73.3076923076923 71.6875 73.81818181818183 72.25
75.0 75.84615384615384 73.625 75.45454545454545 73.25
74.0 71.76923076923076 71.5625 73.63636363636364 72.0
72.27272727272727 70.76923076923076 71.6875 73.36363636363637 71.58333333333333
73.63636363636364 72.46153846153847 71.125 72.27272727272727 71.66666666666667
73.18181818181819 72.92307692307692 72.6875 74.45454545454545 72.08333333333333
73.45454545454545 72.76923076923077 71.4375 75.45454545454545 73.0
73.54545454545453 72.46153846153847 72.9375 73.63636363636364 72.41666666666667
73.27272727272727 73.0 71.625 73.54545454545453 72.66666666666667
73.72727272727272 72.76923076923077 71.25 73.0909090909091 73.0
74.0 72.0 73.0 74.18181818181819 72.83333333333333
73.54545454545453 72.6923076923077 71.8125 71.45454545454545 72.75
74.45454545454545 72.76923076923077 73.375 74.27272727272727 72.0
72.81818181818183 73.0 72.125 75.0 72.41666666666667
74.36363636363637 72.3076923076923 73.3125 74.27272727272727 72.75
74.72727272727272 72.53846153846153 73.75 74.9090909090909 72.66666666666667
73.9090909090909 71.07692307692308 72.0625 74.0909090909091 72.91666666666667
73.27272727272727 72.3076923076923 71.8125 74.81818181818181 72.91666666666667
72.81818181818183 72.46153846153847 72.0 73.54545454545453 72.0
72.81818181818183 72.15384615384615 71.8125 74.0909090909091 72.58333333333333
73.9090909090909 73.76923076923077 72.5 73.9090909090909 73.75
73.0 72.84615384615385 72.5 74.0909090909091 71.66666666666667
73.9090909090909 71.92307692307692 72.1875 73.54545454545453 72.41666666666667
73.36363636363637 71.92307692307692 71.9375 73.45454545454545 71.75
74.54545454545455 70.84615384615385 72.625 73.63636363636364 72.66666666666667
74.18181818181819 72.15384615384615 72.9375 74.45454545454545 73.5
71.72727272727272 70.61538461538463 71.75 72.81818181818183 72.0
75.0 72.46153846153847 72.9375 74.63636363636364 73.08333333333333
73.54545454545453 71.84615384615385 72.375 75.27272727272727 73.41666666666667
74.0909090909091 72.46153846153847 73.75 75.0 72.66666666666667
74.0 72.3076923076923 72.5 73.63636363636364 73.0
72.27272727272727 71.15384615384615 71.3125 71.9090909090909 71.91666666666667
74.27272727272727 72.6923076923077 72.375 73.9090909090909 73.75
73.9090909090909 72.92307692307692 72.3125 74.0909090909091 72.33333333333333
73.72727272727272 72.15384615384615 72.0625 73.27272727272727 72.5
74.54545454545455 71.92307692307692 72.375 74.0 71.91666666666667
72.63636363636364 70.76923076923076 71.4375 73.18181818181819 72.5
73.18181818181819 70.76923076923076 71.6875 74.27272727272727 72.41666666666667
72.45454545454545 69.84615384615385 71.0 72.27272727272727 70.58333333333333
72.54545454545455 70.38461538461537 72.125 74.36363636363637 72.16666666666667
74.0909090909091 71.23076923076924 72.5625 74.45454545454545 72.75
73.18181818181819 70.76923076923076 71.3125 72.45454545454545 71.33333333333333
73.27272727272727 71.92307692307692 72.1875 74.0 72.58333333333333
72.27272727272727 71.61538461538461 71.375 73.18181818181819 71.58333333333333
74.72727272727272 72.23076923076924 73.0625 74.36363636363637 73.25
72.72727272727272 71.3076923076923 72.0625 73.72727272727272 71.5
72.54545454545455 71.6923076923077 71.125 72.63636363636364 72.75
73.9090909090909 70.92307692307692 71.4375 73.0909090909091 71.66666666666667
72.63636363636364 71.61538461538461 71.0625 71.81818181818183 71.83333333333333
73.63636363636364 71.23076923076924 72.0625 71.81818181818183 73.0
73.63636363636364 69.15384615384615 71.875 74.81818181818181 72.08333333333333
74.54545454545455 70.15384615384615 71.125 73.0 72.16666666666667
72.9090909090909 70.76923076923076 71.1875 72.72727272727272 71.91666666666667
72.45454545454545 70.23076923076924 71.5 73.0 72.33333333333333
71.72727272727272 70.53846153846153 70.9375 73.0909090909091 71.91666666666667
72.81818181818183 70.38461538461537 70.3125 73.54545454545453 71.75
72.18181818181819 67.76923076923077 70.1875 72.27272727272727 70.08333333333333
74.72727272727272 70.76923076923076 71.8125 73.27272727272727 72.08333333333333
74.0909090909091 70.84615384615385 72.625 74.27272727272727 73.41666666666667
74.9090909090909 68.92307692307692 70.3125 72.9090909090909 73.41666666666667
73.54545454545453 71.76923076923076 73.25 75.0 74.41666666666667
71.63636363636364 68.92307692307692 70.625 72.54545454545455 71.66666666666667
73.54545454545453 70.0 71.25 72.63636363636364 72.66666666666667
73.18181818181819 68.6923076923077 70.1875 73.0 71.41666666666667
73.54545454545453 68.84615384615385 70.375 71.54545454545455 71.25
73.9090909090909 69.0 71.3125 73.63636363636364 72.83333333333333
73.54545454545453 69.46153846153847 73.0 74.81818181818181 71.91666666666667
74.45454545454545 69.0 72.25 74.0 73.25
70.72727272727272 66.46153846153847 69.6875 73.0 69.66666666666667
73.27272727272727 69.46153846153847 70.5625 73.9090909090909 73.91666666666667
73.0 68.53846153846153 70.5 73.72727272727272 71.58333333333333
74.18181818181819 68.23076923076924 72.1875 75.36363636363637 72.41666666666667
73.72727272727272 69.61538461538463 71.8125 74.36363636363637 73.08333333333333
74.45454545454545 67.84615384615385 72.0 73.0909090909091 72.41666666666667
73.54545454545453 67.3076923076923 70.4375 72.27272727272727 72.58333333333333
72.54545454545455 67.6923076923077 71.125 73.0909090909091 71.58333333333333
73.18181818181819 67.84615384615385 70.875 74.81818181818181 72.58333333333333
71.72727272727272 64.3076923076923 68.75 72.45454545454545 71.41666666666667
72.63636363636364 67.84615384615385 71.0625 73.45454545454545 72.66666666666667
73.54545454545453 66.15384615384616 70.625 73.63636363636364 72.83333333333333
72.36363636363636 67.15384615384615 70.4375 73.54545454545453 72.83333333333333
74.27272727272727 65.92307692307692 70.1875 73.72727272727272 73.16666666666667
73.45454545454545 66.53846153846153 70.8125 73.81818181818183 72.91666666666667
74.0909090909091 66.6923076923077 70.625 73.27272727272727 72.75
74.45454545454545 66.76923076923077 70.25 74.45454545454545 73.16666666666667
73.54545454545453 67.76923076923077 71.625 74.63636363636364 72.66666666666667
73.0909090909091 66.0 70.25 73.0909090909091 72.08333333333333
72.72727272727272 63.61538461538461 70.1875 74.0 72.5
72.63636363636364 65.07692307692308 69.5 74.18181818181819 72.16666666666667
72.36363636363636 63.38461538461539 69.5 72.72727272727272 70.91666666666667
73.81818181818183 66.23076923076923 70.5625 74.0 72.0
74.0 65.3076923076923 69.8125 73.45454545454545 72.5
73.63636363636364 66.46153846153847 70.8125 73.54545454545453 72.66666666666667
74.81818181818181 65.23076923076923 70.625 73.81818181818183 73.5
64.45454545454545 64.84615384615384 65.5 67.0 66.08333333333333
66.54545454545455 65.46153846153845 66.9375 66.72727272727273 66.25
65.45454545454545 64.0 65.875 66.0 66.58333333333333
65.45454545454545 64.38461538461539 64.3125 64.81818181818181 63.833333333333336
74.0 66.15384615384616 69.8125 72.0909090909091 73.66666666666667
65.63636363636363 66.61538461538461 66.125 66.45454545454547 67.91666666666667
66.81818181818181 67.0 68.375 67.63636363636364 68.66666666666667
66.9090909090909 66.15384615384616 67.0625 67.54545454545455 66.75
67.0909090909091 65.6923076923077 68.0625 69.36363636363636 67.08333333333333
74.72727272727272 68.61538461538461 71.3125 75.9090909090909 74.16666666666667
65.9090909090909 65.0 66.0625 66.81818181818181 66.41666666666667
66.36363636363636 67.0 66.25 66.81818181818181 66.75
64.18181818181819 65.76923076923077 66.75 66.9090909090909 67.33333333333333
66.0 66.61538461538461 66.3125 65.9090909090909 66.16666666666667
75.0909090909091 64.84615384615384 71.1875 74.45454545454545 73.33333333333333
66.18181818181817 65.76923076923077 67.5625 66.36363636363636 66.58333333333333
67.0909090909091 67.92307692307692 67.5625 69.0 67.33333333333333
64.9090909090909 65.84615384615384 65.75 65.36363636363636 65.75
66.27272727272728 65.92307692307692 65.625 66.27272727272728 67.41666666666667
72.63636363636364 66.92307692307692 68.9375 72.72727272727272 72.33333333333333
65.81818181818181 65.07692307692308 66.0 66.54545454545455 67.83333333333333
67.9090909090909 66.07692307692308 66.5625 66.45454545454547 68.25
68.0 68.23076923076924 67.6875 67.0 68.08333333333333
66.36363636363636 66.3076923076923 66.1875 66.81818181818181 65.91666666666667
65.45454545454545 63.38461538461539 65.9375 65.45454545454545 66.16666666666667
65.0909090909091 65.3076923076923 65.0625 64.18181818181819 64.25
67.36363636363636 67.23076923076923 66.25 67.18181818181817 68.41666666666667
65.0 63.61538461538461 64.5 64.18181818181819 64.66666666666666
66.9090909090909 67.53846153846153 67.375 69.0 66.16666666666667
65.27272727272728 65.23076923076923 65.3125 65.27272727272728 64.91666666666666
72.18181818181819 66.23076923076923 68.5625 73.72727272727272 72.91666666666667
72.81818181818183 66.46153846153847 69.0625 73.9090909090909 72.5
73.9090909090909 68.46153846153847 68.75 74.63636363636364 72.25
73.9090909090909 67.23076923076923 69.0625 74.72727272727272 73.5
72.72727272727272 67.46153846153847 68.125 73.18181818181819 71.83333333333333
72.36363636363636 66.53846153846153 70.1875 73.36363636363637 74.41666666666667
74.18181818181819 67.46153846153847 70.0625 74.63636363636364 73.91666666666667
71.63636363636364 66.38461538461539 68.5 73.36363636363637 72.5
74.0909090909091 67.38461538461539 69.25 74.72727272727272 73.58333333333333
72.0 66.38461538461539 69.0 73.54545454545453 72.75
73.0 66.76923076923077 68.4375 74.18181818181819 71.5
72.9090909090909 67.23076923076923 68.25 72.0909090909091 72.0
72.63636363636364 68.61538461538461 68.25 74.63636363636364 73.25
72.0 66.3076923076923 66.25 72.9090909090909 72.58333333333333
73.0 66.15384615384616 67.3125 74.36363636363637 72.75
75.36363636363637 68.46153846153847 69.375 75.54545454545455 74.0
73.0 66.76923076923077 66.6875 73.18181818181819 71.33333333333333
74.0909090909091 66.46153846153847 68.5 74.0909090909091 73.08333333333333
73.45454545454545 68.3076923076923 67.875 73.81818181818183 72.91666666666667
74.63636363636364 67.23076923076923 67.375 75.36363636363637 73.08333333333333
73.36363636363637 67.84615384615385 66.1875 74.0909090909091 73.66666666666667
74.36363636363637 66.84615384615385 66.625 75.0 73.25
73.18181818181819 67.15384615384615 65.4375 74.63636363636364 72.58333333333333
73.18181818181819 66.92307692307692 64.4375 75.0 73.5
74.0 67.3076923076923 64.3125 74.18181818181819 73.25
72.27272727272727 67.46153846153847 65.5 74.27272727272727 72.0
73.0909090909091 67.38461538461539 63.06249999999999 74.9090909090909 72.58333333333333
73.27272727272727 67.07692307692308 64.9375 74.0 73.33333333333333
74.81818181818181 66.0 63.56249999999999 72.81818181818183 74.5
72.81818181818183 65.15384615384616 63.625 74.36363636363637 73.0
74.36363636363637 65.46153846153845 63.43749999999999 75.0909090909091 73.25
74.81818181818181 67.6923076923077 62.4375 74.54545454545455 74.83333333333333
73.81818181818183 66.76923076923077 60.9375 74.9090909090909 73.08333333333333
72.36363636363636 66.76923076923077 61.75 75.0 72.33333333333333
73.54545454545453 65.3076923076923 60.0625 74.36363636363637 71.91666666666667
73.81818181818183 66.3076923076923 58.75 73.54545454545453 74.0
74.18181818181819 65.53846153846153 59.9375 76.36363636363637 74.41666666666667
73.18181818181819 65.46153846153845 57.625 74.63636363636364 73.41666666666667
72.36363636363636 64.23076923076923 55.75 75.0909090909091 72.33333333333333
74.81818181818181 64.23076923076923 55.875 75.0909090909091 74.16666666666667
73.0 62.92307692307693 56.25 74.72727272727272 71.75
73.9090909090909 66.0 57.0625 75.0909090909091 74.66666666666667
73.45454545454545 65.23076923076923 57.4375 76.18181818181819 73.58333333333333
75.54545454545455 64.6923076923077 56.75 75.81818181818181 73.33333333333333
74.54545454545455 65.53846153846153 55.5625 75.81818181818181 74.0
75.0 65.76923076923077 56.8125 77.09090909090908 74.58333333333333
73.0909090909091 63.07692307692307 54.125 75.0909090909091 73.5
74.18181818181819 65.3076923076923 56.375 75.63636363636364 74.0
74.81818181818181 65.38461538461539 55.8125 75.72727272727272 75.08333333333333
74.9090909090909 65.0 56.3125 75.54545454545455 73.91666666666667
72.81818181818183 64.61538461538461 54.3125 75.54545454545455 74.0
74.45454545454545 66.3076923076923 54.4375 75.63636363636364 73.66666666666667
75.54545454545455 66.3076923076923 56.8125 76.09090909090908 74.0
74.18181818181819 65.61538461538461 56.125 74.81818181818181 73.5
75.0909090909091 65.0 55.9375 76.45454545454545 75.58333333333334
74.81818181818181 65.23076923076923 55.875 75.72727272727272 74.91666666666667
72.9090909090909 64.38461538461539 56.5625 75.36363636363637 72.25
72.63636363636364 62.61538461538461 53.1875 74.45454545454545 73.33333333333333
74.0 66.15384615384616 53.4375 74.36363636363637 73.83333333333333
75.81818181818181 67.23076923076923 55.5625 75.36363636363637 75.33333333333333
74.36363636363637 65.76923076923077 55.875 76.27272727272727 74.41666666666667
74.36363636363637 66.6923076923077 57.25 77.36363636363637 75.0
73.0 62.84615384615385 53.875 74.27272727272727 72.41666666666667
72.36363636363636 64.3076923076923 56.125 74.18181818181819 72.75
73.81818181818183 65.6923076923077 55.625 75.45454545454545 75.08333333333333
72.81818181818183 63.92307692307693 53.5 75.0909090909091 73.33333333333333
74.54545454545455 65.84615384615384 56.1875 73.81818181818183 75.16666666666667
74.36363636363637 66.6923076923077 55.75 74.9090909090909 73.25
76.27272727272727 66.15384615384616 57.0 76.09090909090908 75.33333333333333
73.54545454545453 64.46153846153845 53.5625 75.0 74.83333333333333
73.0 65.0 55.1875 75.0 71.41666666666667
73.72727272727272 64.84615384615384 55.0625 75.18181818181819 74.25
75.27272727272727 65.38461538461539 57.0 76.27272727272727 74.41666666666667
75.18181818181819 65.76923076923077 56.4375 75.63636363636364 74.08333333333333
74.72727272727272 65.53846153846153 55.25 75.54545454545455 74.08333333333333
74.63636363636364 63.53846153846155 55.0 75.9090909090909 73.91666666666667
75.0 65.23076923076923 55.6875 75.0909090909091 74.25
72.0 64.6923076923077 55.3125 75.72727272727272 73.25
73.81818181818183 64.53846153846155 57.1875 74.9090909090909 74.66666666666667
73.45454545454545 63.46153846153846 55.75 75.18181818181819 73.33333333333333
73.81818181818183 63.38461538461539 55.1875 74.81818181818181 73.66666666666667
73.9090909090909 64.92307692307692 53.5 75.18181818181819 73.66666666666667
73.45454545454545 64.6923076923077 54.25 75.0909090909091 72.75
72.72727272727272 64.07692307692307 52.75 73.18181818181819 74.5
73.54545454545453 64.46153846153845 54.9375 76.09090909090908 75.0
71.63636363636364 63.15384615384616 53.0625 73.63636363636364 72.25
75.72727272727272 65.38461538461539 53.375 75.27272727272727 74.41666666666667
74.36363636363637 63.07692307692307 54.625 75.63636363636364 74.25
73.54545454545453 65.76923076923077 54.4375 75.63636363636364 73.33333333333333
74.0909090909091 66.15384615384616 54.4375 75.72727272727272 73.66666666666667
72.9090909090909 65.3076923076923 53.4375 74.27272727272727 74.08333333333333
73.63636363636364 64.53846153846155 54.1875 74.72727272727272 74.16666666666667
74.54545454545455 65.07692307692308 55.5625 75.54545454545455 74.5
76.0 65.07692307692308 54.8125 76.54545454545455 75.25
74.45454545454545 64.92307692307692 54.875 75.81818181818181 74.33333333333333
74.45454545454545 64.84615384615384 54.6875 75.63636363636364 75.41666666666667
73.81818181818183 64.07692307692307 54.9375 75.45454545454545 72.25
74.0909090909091 65.61538461538461 55.0625 76.72727272727273 73.5
72.72727272727272 63.692307692307686 53.8125 75.54545454545455 72.58333333333333
