87.77777777777777 82.5 85.0 88.8 85.44444444444444
86.55555555555556 80.8 83.375 85.6 84.44444444444444
86.77777777777777 80.8 83.875 87.0 85.66666666666667
87.55555555555556 80.5 84.625 86.5 84.66666666666667
87.55555555555556 81.69999999999999 84.25 86.5 86.22222222222223
87.33333333333333 81.0 84.75 87.0 86.33333333333333
87.33333333333333 80.9 84.5 87.5 85.77777777777777
87.66666666666667 80.5 84.0 86.5 84.88888888888889
87.55555555555556 82.3 84.75 86.3 86.22222222222223
86.55555555555556 80.10000000000001 82.375 87.2 85.0
86.0 80.0 82.875 86.4 84.77777777777777
86.77777777777777 79.39999999999999 83.625 86.0 85.0
87.33333333333333 80.5 83.125 86.8 85.66666666666667
86.44444444444444 80.5 81.75 86.0 85.33333333333333
86.33333333333333 80.8 85.125 86.9 85.55555555555556
87.66666666666667 80.10000000000001 83.75 87.6 86.0
87.33333333333333 81.5 83.125 86.3 85.55555555555556
86.77777777777777 80.69999999999999 85.0 86.3 85.77777777777777
86.0 80.8 83.625 85.9 84.77777777777777
86.33333333333333 81.69999999999999 84.375 87.8 85.66666666666667
87.11111111111111 80.0 83.125 87.0 85.66666666666667
86.88888888888889 80.3 83.75 86.4 86.0
86.88888888888889 81.3 84.125 87.1 86.22222222222223
86.88888888888889 78.7 82.625 86.4 85.55555555555556
86.88888888888889 80.4 82.875 85.5 85.22222222222223
87.55555555555556 80.5 84.375 86.4 85.22222222222223
86.55555555555556 79.10000000000001 83.125 86.9 85.33333333333333
87.44444444444444 81.0 84.0 86.0 85.22222222222223
86.55555555555556 80.8 82.625 86.5 86.33333333333333
87.44444444444444 80.60000000000001 83.625 86.0 86.22222222222223
86.44444444444444 80.19999999999999 82.25 86.8 85.33333333333333
86.77777777777777 79.5 82.25 86.3 85.33333333333333
86.22222222222223 81.19999999999999 84.5 86.7 84.88888888888889
86.66666666666667 79.5 83.25 86.6 86.0
87.0 79.2 82.75 86.9 85.55555555555556
86.55555555555556 80.10000000000001 83.75 86.0 86.33333333333333
86.55555555555556 79.2 83.125 87.3 86.44444444444444
86.66666666666667 80.10000000000001 83.875 87.0 85.22222222222223
86.0 77.3 82.25 85.7 84.44444444444444
87.66666666666667 80.3 83.75 86.3 86.11111111111111
88.11111111111111 79.69999999999999 83.0 86.7 86.0
86.88888888888889 80.19999999999999 82.75 87.0 86.44444444444444
86.66666666666667 78.89999999999999 82.625 86.1 86.11111111111111
87.44444444444444 79.10000000000001 83.75 85.8 86.11111111111111
86.55555555555556 77.5 82.25 86.6 84.66666666666667
86.77777777777777 78.5 81.875 85.9 84.88888888888889
86.11111111111111 76.8 83.25 87.5 85.0
87.77777777777777 79.3 81.375 87.3 85.77777777777777
86.11111111111111 77.0 82.25 85.8 84.66666666666667
86.55555555555556 78.0 83.0 87.0 85.22222222222223
85.77777777777777 75.80000000000001 81.25 85.9 84.66666666666667
86.66666666666667 77.10000000000001 83.75 87.0 85.77777777777777
86.66666666666667 78.2 83.125 87.0 85.55555555555556
86.44444444444444 77.10000000000001 82.625 85.6 84.66666666666667
86.22222222222223 76.39999999999999 81.75 87.2 85.44444444444444
87.11111111111111 75.7 81.75 86.6 85.66666666666667
86.66666666666667 74.7 82.0 86.5 84.88888888888889
86.22222222222223 73.7 81.625 86.4 85.55555555555556
87.11111111111111 74.7 81.5 86.8 85.77777777777777
85.66666666666667 75.5 81.375 86.4 85.11111111111111
85.55555555555556 75.39999999999999 81.125 86.1 84.88888888888889
86.66666666666667 73.7 82.25 86.5 85.0
86.88888888888889 74.1 80.75 86.2 85.33333333333333
86.33333333333333 74.30000000000001 80.0 85.8 84.11111111111111
87.0 73.7 81.875 87.4 86.22222222222223
86.77777777777777 74.0 82.875 86.9 85.66666666666667
86.88888888888889 74.1 80.875 86.7 85.33333333333333
87.33333333333333 74.6 84.0 87.7 87.0
85.88888888888889 71.9 81.625 85.4 84.22222222222223
86.77777777777777 72.3 81.25 87.3 85.33333333333333
86.55555555555556 72.2 80.75 86.0 85.22222222222223
86.77777777777777 72.1 80.25 86.3 85.44444444444444
86.11111111111111 72.0 81.5 87.6 85.44444444444444
86.66666666666667 71.6 82.0 86.3 85.77777777777777
87.44444444444444 71.8 81.875 87.5 85.66666666666667
85.88888888888889 70.9 80.25 85.5 85.0
86.22222222222223 69.9 81.125 85.8 85.33333333333333
86.88888888888889 70.6 81.375 85.5 84.22222222222223
86.55555555555556 70.1 81.25 86.2 85.44444444444444
86.66666666666667 70.8 81.25 86.5 86.0
87.11111111111111 69.2 81.125 88.2 85.88888888888889
85.77777777777777 68.0 78.875 85.8 84.33333333333333
87.44444444444444 66.19999999999999 81.125 86.6 84.0
86.77777777777777 68.7 82.625 86.4 85.55555555555556
86.66666666666667 66.19999999999999 81.0 85.4 83.44444444444444
86.66666666666667 67.2 80.0 87.3 86.0
86.66666666666667 65.69999999999999 81.0 85.3 84.77777777777777
85.88888888888889 65.10000000000001 79.875 85.9 85.33333333333333
87.0 66.4 79.75 86.8 86.44444444444444
85.66666666666667 67.8 80.75 86.3 85.44444444444444
87.44444444444444 63.1 80.25 87.3 86.0
86.0 64.69999999999999 80.75 87.0 86.33333333333333
87.22222222222223 64.0 79.75 87.9 85.44444444444444
86.22222222222223 64.10000000000001 80.0 86.4 85.55555555555556
86.33333333333333 62.7 80.125 86.2 84.55555555555556
86.0 62.1 79.375 86.5 84.44444444444444
86.66666666666667 61.800000000000004 79.0 86.1 84.55555555555556
85.66666666666667 61.400000000000006 78.5 87.1 84.77777777777777
87.55555555555556 60.699999999999996 79.125 85.9 85.11111111111111
87.0 63.0 78.75 86.9 85.44444444444444
86.66666666666667 61.5 78.625 86.8 85.44444444444444
80.88888888888889 79.60000000000001 80.625 79.9 81.55555555555556
82.22222222222223 79.8 81.375 81.8 81.66666666666667
82.1111111111111 80.4 80.5 81.19999999999999 81.66666666666667
80.33333333333334 78.5 79.25 80.9 80.22222222222223
86.88888888888889 60.199999999999996 78.875 86.5 85.77777777777777
81.0 80.60000000000001 81.625 81.60000000000001 82.44444444444444
81.1111111111111 80.4 82.125 82.60000000000001 82.55555555555554
81.88888888888889 80.60000000000001 81.875 83.6 82.44444444444444
83.33333333333333 81.3 82.0 82.4 82.0
86.88888888888889 67.2 77.875 87.6 86.11111111111111
81.0 79.39999999999999 80.875 81.5 81.55555555555556
82.66666666666667 79.3 81.5 81.60000000000001 82.22222222222223
81.33333333333333 80.5 80.625 80.69999999999999 81.55555555555556
81.0 81.19999999999999 81.75 81.8 82.33333333333333
86.77777777777777 60.0 79.375 86.8 86.55555555555556
81.55555555555556 80.69999999999999 80.75 81.4 81.33333333333333
82.55555555555554 80.0 82.0 82.4 83.22222222222223
81.33333333333333 80.5 80.0 82.10000000000001 82.0
81.33333333333333 79.9 80.875 81.5 81.55555555555556
86.77777777777777 64.10000000000001 75.5 86.9 84.77777777777777
81.33333333333333 79.39999999999999 82.375 81.3 81.55555555555556
82.77777777777779 81.4 82.75 82.60000000000001 83.0
81.66666666666667 80.60000000000001 80.875 82.4 82.0
82.44444444444444 80.0 80.75 82.19999999999999 81.55555555555556
80.66666666666666 80.0 80.625 80.4 81.33333333333333
81.44444444444444 79.5 79.0 80.9 80.0
81.88888888888889 80.69999999999999 80.5 82.19999999999999 81.55555555555556
81.0 78.39999999999999 81.0 81.3 81.22222222222223
82.44444444444444 81.9 81.5 82.0 81.44444444444444
81.77777777777779 79.9 79.875 81.0 81.33333333333333
85.44444444444444 65.4 76.25 86.0 84.33333333333333
86.0 65.19999999999999 75.375 86.3 85.77777777777777
86.11111111111111 64.4 76.875 86.3 84.55555555555556
86.66666666666667 65.60000000000001 75.625 86.0 85.33333333333333
86.11111111111111 65.3 75.875 86.8 85.33333333333333
86.66666666666667 66.8 77.5 85.9 86.44444444444444
86.88888888888889 66.9 76.0 86.9 85.77777777777777
86.44444444444444 64.10000000000001 75.75 86.2 85.77777777777777
86.77777777777777 67.5 76.25 86.9 86.0
86.0 65.5 75.625 86.4 84.22222222222223
86.22222222222223 65.4 75.375 87.1 85.55555555555556
86.22222222222223 64.8 75.5 86.5 85.33333333333333
86.11111111111111 66.4 75.0 87.1 85.77777777777777
85.44444444444444 64.3 74.25 85.8 84.77777777777777
84.77777777777777 65.10000000000001 75.25 86.7 85.44444444444444
87.88888888888889 67.7 75.125 87.7 86.11111111111111
86.22222222222223 65.8 73.75 86.1 85.33333333333333
85.88888888888889 67.10000000000001 75.0 86.2 86.33333333333333
86.55555555555556 68.8 76.375 86.5 85.22222222222223
87.11111111111111 66.8 75.125 86.5 85.77777777777777
86.0 66.0 75.125 86.8 85.88888888888889
86.44444444444444 65.3 74.125 85.4 85.88888888888889
85.77777777777777 65.0 72.0 85.9 85.33333333333333
86.22222222222223 64.8 71.25 87.0 84.55555555555556
86.0 66.19999999999999 72.875 87.0 85.77777777777777
86.0 67.0 73.25 86.8 86.33333333333333
86.22222222222223 65.4 71.875 87.0 85.77777777777777
86.77777777777777 66.9 71.375 85.5 84.88888888888889
87.44444444444444 66.5 71.125 86.1 86.88888888888889
85.44444444444444 65.3 70.375 86.3 86.11111111111111
86.44444444444444 66.10000000000001 70.125 85.9 86.0
87.0 66.0 70.0 86.4 86.11111111111111
85.88888888888889 64.10000000000001 68.0 86.5 85.0
85.44444444444444 65.9 69.25 86.0 85.44444444444444
86.11111111111111 66.0 66.125 86.3 86.55555555555556
86.55555555555556 65.8 67.0 86.6 85.33333333333333
87.11111111111111 65.8 67.5 87.2 86.77777777777777
85.66666666666667 63.9 64.625 86.3 85.33333333333333
85.88888888888889 62.6 63.75 86.4 84.88888888888889
86.88888888888889 64.69999999999999 63.25 86.1 84.44444444444444
87.0 65.5 63.25 85.4 86.0
86.11111111111111 63.6 64.875 86.4 86.0
86.66666666666667 64.60000000000001 65.25 87.4 86.66666666666667
86.77777777777777 63.4 64.0 86.3 86.11111111111111
85.22222222222223 63.9 62.875 85.8 86.44444444444444
86.44444444444444 65.3 61.25 87.0 86.44444444444444
86.11111111111111 63.9 63.5 86.0 85.0
86.0 63.4 60.5 87.0 86.0
86.55555555555556 65.60000000000001 62.0 86.2 86.55555555555556
86.55555555555556 64.8 62.625 87.4 85.22222222222223
85.77777777777777 63.4 62.0 86.6 85.44444444444444
86.44444444444444 64.8 61.625 86.4 85.77777777777777
86.44444444444444 66.5 64.25 87.0 86.66666666666667
87.44444444444444 66.3 64.0 87.0 86.44444444444444
87.33333333333333 65.0 63.125 87.6 87.0
86.66666666666667 64.9 63.0 85.7 86.77777777777777
86.22222222222223 65.5 64.125 86.0 85.22222222222223
85.44444444444444 64.19999999999999 60.875 86.3 85.0
85.88888888888889 64.5 61.625 86.2 86.11111111111111
87.77777777777777 65.4 62.0 87.4 86.33333333333333
86.11111111111111 63.8 63.75 87.0 85.77777777777777
87.44444444444444 64.60000000000001 64.0 88.7 88.0
85.33333333333333 63.6 62.75 86.0 85.66666666666667
85.22222222222223 65.0 61.625 86.7 85.77777777777777
86.55555555555556 66.3 63.875 87.1 86.66666666666667
86.88888888888889 64.8 59.625 86.6 86.33333333333333
86.55555555555556 65.9 64.375 86.5 86.33333333333333
86.33333333333333 66.4 62.5 84.9 85.77777777777777
88.22222222222221 65.0 61.875 87.0 87.33333333333333
86.55555555555556 63.4 61.0 86.7 85.77777777777777
86.66666666666667 64.60000000000001 62.0 85.7 85.0
86.88888888888889 64.60000000000001 62.125 86.4 86.33333333333333
87.77777777777777 64.8 64.75 86.6 87.22222222222223
86.88888888888889 65.5 63.5 87.3 86.33333333333333
87.77777777777777 65.60000000000001 64.25 87.1 86.77777777777777
86.0 64.8 61.5 86.9 85.44444444444444
87.33333333333333 64.4 62.625 86.3 85.66666666666667
87.22222222222223 64.9 63.625 86.3 85.77777777777777
87.11111111111111 64.69999999999999 63.75 87.1 86.66666666666667
84.44444444444444 64.60000000000001 63.125 85.7 85.0
86.66666666666667 64.0 64.125 87.2 85.11111111111111
86.77777777777777 63.70000000000001 60.5 85.9 87.33333333333333
86.55555555555556 64.69999999999999 60.5 86.3 86.44444444444444
87.11111111111111 64.5 62.0 85.9 86.66666666666667
86.55555555555556 64.10000000000001 61.25 87.5 86.55555555555556
86.0 64.0 61.5 85.3 84.88888888888889
87.44444444444444 64.69999999999999 62.375 87.0 86.11111111111111
87.11111111111111 62.9 61.25 87.2 86.77777777777777
86.55555555555556 65.10000000000001 62.875 86.3 85.66666666666667
86.0 63.9 61.625 86.3 86.22222222222223
87.22222222222223 65.9 62.0 86.1 85.33333333333333
85.0 63.9 61.375 86.3 85.77777777777777
86.44444444444444 65.0 61.875 86.0 85.66666666666667
87.0 64.10000000000001 61.5 86.9 86.77777777777777
87.33333333333333 63.8 60.375 87.0 86.44444444444444
86.44444444444444 64.0 61.625 86.6 85.44444444444444
87.33333333333333 62.7 60.875 86.4 86.11111111111111
87.0 64.0 62.625 85.9 86.22222222222223
86.11111111111111 65.4 60.25 85.7 85.66666666666667
