0.0007225433526011561 0.15951742627345844 0.06199460916442049 0.0 0.0
0.004335260115606937 0.1876675603217158 0.06536388140161725 0.000673854447439353 0.0
0.0028901734104046246 0.17493297587131368 0.055929919137466304 0.0 0.0
0.0028901734104046246 0.16890080428954424 0.0545822102425876 0.0 0.0
0.0021676300578034684 0.17359249329758714 0.057951482479784364 0.000673854447439353 0.0
0.0021676300578034684 0.185656836461126 0.0532345013477089 0.0 0.0
0.0014450867052023123 0.16219839142091153 0.05660377358490566 0.002695417789757412 0.0
0.0007225433526011561 0.14611260053619304 0.055929919137466304 0.001347708894878706 0.0
0.0007225433526011561 0.15013404825737267 0.07075471698113207 0.000673854447439353 0.0
0.0014450867052023123 0.19973190348525469 0.06266846361185985 0.0 0.0
0.0007225433526011561 0.1923592493297587 0.05660377358490566 0.0 0.0
0.0014450867052023123 0.16152815013404825 0.05256064690026954 0.0 0.0
0.0007225433526011561 0.1722520107238606 0.0532345013477089 0.000673854447439353 0.0
0.0021676300578034684 0.18029490616621985 0.06401617250673854 0.001347708894878706 0.0
0.0028901734104046246 0.1722520107238606 0.06266846361185985 0.000673854447439353 0.0
0.0007225433526011561 0.22117962466487934 0.08018867924528303 0.000673854447439353 0.0
0.0 0.1400804289544236 0.05727762803234501 0.000673854447439353 0.0006518904823989571
0.0028901734104046246 0.20308310991957104 0.0532345013477089 0.0 0.0
0.0028901734104046246 0.17560321715817695 0.04649595687331537 0.0 0.0
0.0021676300578034684 0.20107238605898123 0.0545822102425876 0.000673854447439353 0.0006518904823989571
0.0021676300578034684 0.20978552278820375 0.07345013477088949 0.001347708894878706 0.0
0.0 0.18498659517426272 0.05525606469002696 0.0 0.0
0.0014450867052023123 0.19638069705093833 0.053908355795148244 0.001347708894878706 0.0
0.0028901734104046246 0.23793565683646115 0.0646900269541779 0.0 0.0
0.004335260115606937 0.19973190348525469 0.055929919137466304 0.000673854447439353 0.0006518904823989571
0.0021676300578034684 0.18297587131367293 0.06199460916442049 0.000673854447439353 0.0
0.0 0.2345844504021448 0.07951482479784366 0.0 0.0
0.0014450867052023123 0.18900804289544235 0.05525606469002696 0.0 0.0
0.004335260115606937 0.23056300268096516 0.06266846361185985 0.0 0.0
0.0014450867052023123 0.23257372654155498 0.07412398921832884 0.000673854447439353 0.0
0.0014450867052023123 0.19571045576407506 0.06199460916442049 0.000673854447439353 0.0006518904823989571
0.0014450867052023123 0.25737265415549593 0.06199460916442049 0.0 0.0
0.0014450867052023123 0.19302949061662197 0.06199460916442049 0.0 0.0
0.0028901734104046246 0.22050938337801607 0.0545822102425876 0.001347708894878706 0.0
0.004335260115606937 0.289544235924933 0.05997304582210242 0.0 0.0
0.0021676300578034684 0.25134048257372654 0.06334231805929919 0.0 0.0
0.0036127167630057803 0.25804289544235925 0.06266846361185985 0.0 0.0
0.0 0.23324396782841825 0.04447439353099731 0.0 0.0
0.0007225433526011561 0.2868632707774799 0.0660377358490566 0.0 0.0
0.0007225433526011561 0.23994638069705096 0.07614555256064691 0.0 0.0
0.0021676300578034684 0.25134048257372654 0.06199460916442049 0.0 0.0
0.0014450867052023123 0.2084450402144772 0.0774932614555256 0.0 0.0
0.0014450867052023123 0.29691689008042893 0.06536388140161725 0.0 0.0
0.0 0.2567024128686327 0.05862533692722372 0.0 0.0
0.0014450867052023123 0.299597855227882 0.0660377358490566 0.0 0.0
0.0007225433526011561 0.29155495978552276 0.08086253369272237 0.0020215633423180594 0.0
0.0014450867052023123 0.3445040214477212 0.07277628032345013 0.0 0.0
0.0 0.2680965147453083 0.0646900269541779 0.0 0.0
0.0021676300578034684 0.3183646112600536 0.05929919137466307 0.000673854447439353 0.0006518904823989571
0.0014450867052023123 0.29356568364611263 0.05660377358490566 0.0 0.0
0.0 0.33109919571045576 0.06805929919137466 0.0 0.0
0.0007225433526011561 0.33378016085790885 0.07412398921832884 0.0 0.0
0.0007225433526011561 0.3016085790884719 0.07008086253369272 0.000673854447439353 0.0
0.0014450867052023123 0.3478552278820375 0.06266846361185985 0.0 0.0
0.0007225433526011561 0.37064343163538876 0.068733153638814 0.0 0.0
0.0014450867052023123 0.34048257372654156 0.05997304582210242 0.000673854447439353 0.0
0.004335260115606937 0.3820375335120643 0.07681940700808625 0.000673854447439353 0.0
0.0014450867052023123 0.44504021447721176 0.08355795148247978 0.000673854447439353 0.0
0.0028901734104046246 0.41152815013404825 0.0849056603773585 0.000673854447439353 0.0
0.0 0.39209115281501344 0.07681940700808625 0.0 0.0
0.0021676300578034684 0.3646112600536193 0.07142857142857144 0.0 0.0
0.0007225433526011561 0.4396782841823056 0.07614555256064691 0.0 0.0
0.0014450867052023123 0.4738605898123324 0.07681940700808625 0.0 0.0006518904823989571
0.0007225433526011561 0.44436997319034854 0.07547169811320756 0.001347708894878706 0.0006518904823989571
0.0007225433526011561 0.4698391420911528 0.08894878706199462 0.000673854447439353 0.0
0.0028901734104046246 0.44839142091152817 0.0849056603773585 0.0 0.0013037809647979141
0.0014450867052023123 0.4524128686327078 0.09366576819407009 0.0 0.0
0.0021676300578034684 0.450402144772118 0.07816711590296496 0.0 0.0
0.0 0.47117962466487934 0.08692722371967655 0.0 0.0
0.0014450867052023123 0.48525469168900803 0.0747978436657682 0.0 0.0006518904823989571
0.0014450867052023123 0.5180965147453084 0.10040431266846361 0.001347708894878706 0.0
0.0021676300578034684 0.524798927613941 0.08894878706199462 0.0 0.0006518904823989571
0.0007225433526011561 0.53686327077748 0.10377358490566037 0.000673854447439353 0.0
0.0 0.542225201072386 0.06199460916442049 0.000673854447439353 0.0
0.0007225433526011561 0.5335120643431635 0.08153638814016172 0.000673854447439353 0.0
0.0050578034682080926 0.5375335120643432 0.07345013477088949 0.0 0.0
0.0007225433526011561 0.5824396782841823 0.1253369272237197 0.000673854447439353 0.0
0.0021676300578034684 0.5596514745308311 0.08018867924528303 0.000673854447439353 0.0
0.0007225433526011561 0.5924932975871314 0.09703504043126684 0.0 0.0
0.0007225433526011561 0.5609919571045576 0.09568733153638814 0.0 0.0006518904823989571
0.0021676300578034684 0.6407506702412868 0.10377358490566037 0.001347708894878706 0.0
0.0021676300578034684 0.6749329758713137 0.10242587601078167 0.0 0.0
0.0028901734104046246 0.6816353887399463 0.08557951482479784 0.000673854447439353 0.0
0.0007225433526011561 0.6735924932975871 0.10983827493261455 0.000673854447439353 0.0
0.0021676300578034684 0.6662198391420912 0.0990566037735849 0.0 0.0
0.0028901734104046246 0.6936997319034853 0.10377358490566037 0.0 0.0
0.0021676300578034684 0.7124664879356568 0.11185983827493261 0.0 0.0
0.0007225433526011561 0.7432975871313673 0.11051212938005392 0.0 0.0
0.0050578034682080926 0.732573726541555 0.10849056603773585 0.000673854447439353 0.0006518904823989571
0.0014450867052023123 0.6809651474530831 0.09568733153638814 0.001347708894878706 0.0
0.0007225433526011561 0.8418230563002681 0.11927223719676551 0.0 0.0
0.0014450867052023123 0.7687667560321716 0.11455525606469003 0.001347708894878706 0.0
0.0028901734104046246 0.7768096514745308 0.12601078167115903 0.000673854447439353 0.0
0.0 0.7942359249329758 0.11118598382749326 0.001347708894878706 0.0
0.0007225433526011561 0.8652815013404825 0.12803234501347707 0.0 0.0
0.0 0.8619302949061662 0.11320754716981132 0.0020215633423180594 0.0
0.0014450867052023123 0.8485254691689008 0.12129380053908356 0.0 0.0
0.0021676300578034684 0.8572386058981233 0.12398921832884098 0.000673854447439353 0.0
0.0 0.9001340482573726 0.12264150943396226 0.0 0.0
0.0 0.8773458445040215 0.12668463611859837 0.0 0.0006518904823989571
0.0028901734104046246 0.8954423592493298 0.14285714285714288 0.001347708894878706 0.0
0.0 0.05294906166219839 0.0 0.0 0.0
0.0 0.07506702412868634 0.0 0.0 0.0
0.0 0.06300268096514745 0.0 0.0 0.0
0.0 0.06970509383378017 0.0 0.0 0.0
0.0007225433526011561 0.8867292225201072 0.1361185983827493 0.000673854447439353 0.0
0.0 0.059651474530831104 0.0 0.0 0.0
0.0 0.05630026809651475 0.001347708894878706 0.0 0.0
0.0 0.07037533512064344 0.000673854447439353 0.0 0.0
0.0007225433526011561 0.05563002680965147 0.0 0.0 0.0006518904823989571
0.0 0.717828418230563 0.21024258760107817 0.002695417789757412 0.0
0.0 0.06568364611260052 0.0 0.0 0.0
0.0 0.07238605898123325 0.0 0.0 0.0
0.0 0.05898123324396783 0.000673854447439353 0.0 0.0
0.0 0.062332439678284175 0.0 0.0 0.0
0.0014450867052023123 0.9993297587131368 0.1307277628032345 0.000673854447439353 0.0
0.0 0.06434316353887398 0.0 0.000673854447439353 0.0006518904823989571
0.0 0.07104557640750671 0.000673854447439353 0.0 0.0
0.0 0.0663538873994638 0.000673854447439353 0.0 0.0
0.0 0.06099195710455764 0.0 0.0 0.0006518904823989571
0.0007225433526011561 0.7466487935656837 0.2890835579514825 0.0 0.0
0.0 0.07171581769436998 0.000673854447439353 0.0 0.0
0.0 0.06702412868632708 0.0 0.0 0.0
0.0007225433526011561 0.05227882037533512 0.0 0.0 0.0006518904823989571
0.0 0.07305630026809652 0.0 0.000673854447439353 0.0
0.0 0.06367292225201072 0.000673854447439353 0.0 0.0
0.0 0.05898123324396783 0.0 0.0 0.0006518904823989571
0.0 0.06836461126005362 0.0 0.0 0.0
0.0 0.07305630026809652 0.000673854447439353 0.0 0.0
0.0 0.05428954423592493 0.0 0.000673854447439353 0.0006518904823989571
0.0 0.06099195710455764 0.0 0.001347708894878706 0.0
0.0007225433526011561 0.7004021447721179 0.23045822102425878 0.0020215633423180594 0.0
0.0007225433526011561 0.725201072386059 0.2661725067385445 0.0 0.0
0.0007225433526011561 0.75 0.2412398921832884 0.001347708894878706 0.0
0.0021676300578034684 0.7131367292225201 0.28773584905660377 0.000673854447439353 0.0
0.0007225433526011561 0.7044235924932977 0.26819407008086255 0.0 0.0006518904823989571
0.0 0.6970509383378016 0.2661725067385445 0.000673854447439353 0.0
0.0007225433526011561 0.7050938337801609 0.2722371967654986 0.001347708894878706 0.0
0.0007225433526011561 0.7345844504021448 0.2648247978436658 0.002695417789757412 0.0
0.0 0.6970509383378016 0.3066037735849057 0.001347708894878706 0.0
0.0007225433526011561 0.7319034852546917 0.2412398921832884 0.000673854447439353 0.0
0.0 0.7071045576407508 0.28369272237196763 0.0 0.0
0.0 0.6876675603217157 0.30390835579514824 0.000673854447439353 0.0
0.0014450867052023123 0.6836461126005362 0.3227762803234501 0.000673854447439353 0.0
0.0 0.7091152815013404 0.34568733153638814 0.002695417789757412 0.0006518904823989571
0.0007225433526011561 0.7245308310991957 0.3288409703504043 0.000673854447439353 0.0
0.0007225433526011561 0.6970509383378016 0.35983827493261455 0.001347708894878706 0.0006518904823989571
0.0 0.675603217158177 0.33827493261455527 0.000673854447439353 0.0
0.0007225433526011561 0.703083109919571 0.3665768194070081 0.000673854447439353 0.0
0.0 0.6320375335120644 0.36118598382749323 0.002695417789757412 0.0
0.0007225433526011561 0.6856568364611261 0.37870619946091644 0.0 0.0
0.0 0.7004021447721179 0.43463611859838275 0.0020215633423180594 0.0
0.0 0.6977211796246648 0.4555256064690027 0.001347708894878706 0.0
0.0 0.682975871313673 0.5188679245283019 0.000673854447439353 0.0
0.0 0.7238605898123325 0.5289757412398922 0.001347708894878706 0.0
0.0007225433526011561 0.6816353887399463 0.48719676549865226 0.000673854447439353 0.0
0.0 0.6695710455764076 0.5256064690026954 0.001347708894878706 0.0
0.0007225433526011561 0.7238605898123325 0.5633423180592991 0.000673854447439353 0.0
0.0 0.6823056300268096 0.5626684636118598 0.000673854447439353 0.0
0.0014450867052023123 0.675603217158177 0.6785714285714286 0.0 0.0006518904823989571
0.0007225433526011561 0.7272117962466488 0.626010781671159 0.000673854447439353 0.0
0.0 0.7037533512064342 0.6812668463611861 0.000673854447439353 0.0
0.0007225433526011561 0.710455764075067 0.7237196765498652 0.0020215633423180594 0.0006518904823989571
0.0007225433526011561 0.7091152815013404 0.723045822102426 0.000673854447439353 0.0
0.0 0.6869973190348525 0.7594339622641509 0.001347708894878706 0.0
0.0014450867052023123 0.7225201072386059 0.8497304582210242 0.0 0.0006518904823989571
0.0007225433526011561 0.717828418230563 0.8820754716981133 0.0 0.0
0.0014450867052023123 0.745308310991957 0.9002695417789757 0.000673854447439353 0.0
0.0007225433526011561 0.7091152815013404 0.956199460916442 0.002695417789757412 0.0
0.0014450867052023123 0.725201072386059 0.9952830188679246 0.0 0.0
0.0007225433526011561 0.7412868632707775 1.0471698113207546 0.0020215633423180594 0.0
0.0007225433526011561 0.7272117962466488 1.0283018867924527 0.0 0.0
0.0007225433526011561 0.7627345844504022 1.0404312668463613 0.0020215633423180594 0.0013037809647979141
0.0007225433526011561 0.7399463806970509 1.0397574123989217 0.0 0.0
0.0007225433526011561 0.7520107238605899 1.1266846361185983 0.0 0.0
0.0 0.7479892761394101 1.1536388140161724 0.000673854447439353 0.0
0.0007225433526011561 0.742627345844504 1.1354447439353101 0.0 0.0
0.0 0.7707774798927615 1.128032345013477 0.0 0.0
0.0 0.7345844504021448 1.165768194070081 0.001347708894878706 0.0006518904823989571
0.0014450867052023123 0.7345844504021448 1.1745283018867925 0.000673854447439353 0.0
0.0 0.725201072386059 1.1172506738544474 0.000673854447439353 0.0
0.0014450867052023123 0.7620643431635389 1.1361185983827493 0.001347708894878706 0.0
0.0007225433526011561 0.7272117962466488 1.1893530997304582 0.000673854447439353 0.0
0.0014450867052023123 0.7345844504021448 1.1287061994609164 0.0020215633423180594 0.0
0.0 0.7164879356568364 1.131401617250674 0.0 0.0
0.0014450867052023123 0.7379356568364611 1.1421832884097034 0.001347708894878706 0.0
0.0 0.7533512064343163 1.150943396226415 0.0 0.0
0.0 0.7332439678284183 1.091644204851752 0.000673854447439353 0.0
0.0007225433526011561 0.7419571045576407 1.160377358490566 0.000673854447439353 0.0
0.0 0.6930294906166219 1.1826145552560647 0.000673854447439353 0.0
0.0007225433526011561 0.7225201072386059 1.167789757412399 0.0 0.0
0.0007225433526011561 0.782171581769437 1.1408355795148248 0.000673854447439353 0.0
0.0 0.7754691689008042 1.121967654986523 0.000673854447439353 0.0
0.0014450867052023123 0.764745308310992 1.1799191374663072 0.0 0.0006518904823989571
0.0007225433526011561 0.7640750670241286 1.1273584905660379 0.0020215633423180594 0.0
0.0 0.7164879356568364 1.126010781671159 0.001347708894878706 0.0
0.0007225433526011561 0.707774798927614 1.1940700808625337 0.0020215633423180594 0.0
0.0 0.7131367292225201 1.1159029649595686 0.0 0.0
0.0007225433526011561 0.707774798927614 1.1455525606469001 0.000673854447439353 0.0
0.0 0.7714477211796247 1.162398921832884 0.000673854447439353 0.0006518904823989571
0.0 0.7580428954423593 1.1886792452830188 0.001347708894878706 0.0
0.0 0.6936997319034853 1.118598382749326 0.000673854447439353 0.0
0.0014450867052023123 0.7412868632707775 1.1725067385444743 0.0 0.0
0.0 0.7459785522788204 1.11455525606469 0.0020215633423180594 0.0
0.0007225433526011561 0.7345844504021448 1.080188679245283 0.0 0.0
0.0007225433526011561 0.7359249329758714 1.1354447439353101 0.001347708894878706 0.0
0.0014450867052023123 0.7553619302949062 1.162398921832884 0.0 0.0
0.0014450867052023123 0.7526809651474531 1.1192722371967654 0.000673854447439353 0.0
0.0007225433526011561 0.7285522788203753 1.1489218328840969 0.001347708894878706 0.0
0.0007225433526011561 0.7392761394101877 1.133423180592992 0.0 0.0
0.0 0.7050938337801609 1.1078167115902964 0.001347708894878706 0.0
0.0 0.7654155495978553 1.1435309973045822 0.000673854447439353 0.0
0.0 0.7593833780160858 1.2601078167115904 0.000673854447439353 0.0
0.0007225433526011561 0.745308310991957 1.22911051212938 0.002695417789757412 0.0013037809647979141
0.0014450867052023123 0.7231903485254692 1.17722371967655 0.000673854447439353 0.0
0.0014450867052023123 0.7593833780160858 1.2129380053908356 0.0020215633423180594 0.0
0.0 0.7439678284182306 1.1293800539083558 0.0 0.0006518904823989571
0.0 0.7486595174262735 1.2230458221024259 0.0020215633423180594 0.0
0.0007225433526011561 0.7902144772117963 1.2257412398921832 0.001347708894878706 0.0
0.0007225433526011561 0.6963806970509384 1.1704851752021563 0.000673854447439353 0.0
0.0007225433526011561 0.7593833780160858 1.2068733153638813 0.000673854447439353 0.0006518904823989571
0.0007225433526011561 0.7238605898123325 1.173854447439353 0.001347708894878706 0.0
0.0014450867052023123 0.7734584450402145 1.192722371967655 0.000673854447439353 0.0
0.0 0.7466487935656837 1.2371967654986524 0.000673854447439353 0.0
0.0007225433526011561 0.7808310991957104 1.2250673854447438 0.000673854447439353 0.0
0.0 0.7540214477211796 1.2035040431266848 0.001347708894878706 0.0
0.0007225433526011561 0.7520107238605899 1.207547169811321 0.001347708894878706 0.0
0.0 0.7848525469168901 1.1630727762803235 0.0 0.0
0.0007225433526011561 0.7640750670241286 1.184636118598383 0.001347708894878706 0.0
0.0 0.7091152815013404 1.215633423180593 0.000673854447439353 0.0
