0.0014450867052023123 0.1447721179624665 0.07277628032345013 0.0 0.0
0.004335260115606937 0.14343163538873996 0.057951482479784364 0.0 0.0
0.0028901734104046246 0.1742627345844504 0.06064690026954178 0.0 0.0
0.004335260115606937 0.17158176943699732 0.05660377358490566 0.0 0.0
0.0014450867052023123 0.15683646112600536 0.07008086253369272 0.001347708894878706 0.0
0.0 0.18632707774798926 0.05525606469002696 0.0 0.0
0.0 0.1648793565683646 0.06738544474393532 0.005390835579514824 0.0
0.0014450867052023123 0.16219839142091153 0.053908355795148244 0.002695417789757412 0.0
0.0 0.16621983914209115 0.0660377358490566 0.001347708894878706 0.0
0.0028901734104046246 0.2198391420911528 0.0646900269541779 0.0 0.0
0.0 0.2064343163538874 0.07008086253369272 0.0 0.0
0.0028901734104046246 0.19168900804289543 0.057951482479784364 0.0 0.0
0.0 0.19168900804289543 0.06064690026954178 0.001347708894878706 0.0
0.0014450867052023123 0.18900804289544235 0.07277628032345013 0.001347708894878706 0.0
0.0 0.19571045576407506 0.0660377358490566 0.0 0.0
0.0014450867052023123 0.24664879356568362 0.09029649595687331 0.0 0.0
0.0 0.15951742627345844 0.07008086253369272 0.0 0.0013037809647979141
0.004335260115606937 0.24262734584450402 0.06334231805929919 0.0 0.0
0.004335260115606937 0.1970509383378016 0.04043126684636118 0.0 0.0
0.0028901734104046246 0.22386058981233245 0.05660377358490566 0.0 0.0
0.0028901734104046246 0.24664879356568362 0.08625336927223719 0.001347708894878706 0.0
0.0 0.22252010723860588 0.05121293800539083 0.0 0.0
0.0 0.23860589812332442 0.0646900269541779 0.001347708894878706 0.0
0.0028901734104046246 0.2922252010723861 0.07142857142857144 0.0 0.0
0.0028901734104046246 0.26139410187667556 0.06334231805929919 0.0 0.0
0.0014450867052023123 0.23726541554959787 0.06738544474393532 0.001347708894878706 0.0
0.0 0.2801608579088472 0.09703504043126684 0.0 0.0
0.0 0.22788203753351208 0.05525606469002696 0.0 0.0
0.0028901734104046246 0.29356568364611263 0.06738544474393532 0.0 0.0
0.0014450867052023123 0.2855227882037534 0.07681940700808625 0.0 0.0
0.0028901734104046246 0.2667560321715817 0.06738544474393532 0.001347708894878706 0.0
0.0014450867052023123 0.3324396782841823 0.06064690026954178 0.0 0.0
0.0014450867052023123 0.27479892761394104 0.0646900269541779 0.0 0.0
0.0014450867052023123 0.3109919571045577 0.057951482479784364 0.0 0.0
0.004335260115606937 0.39544235924932974 0.06738544474393532 0.0 0.0
0.0028901734104046246 0.3632707774798928 0.06738544474393532 0.0 0.0
0.0028901734104046246 0.35924932975871315 0.07681940700808625 0.0 0.0
0.0 0.34584450402144773 0.04986522911051213 0.0 0.0
0.0014450867052023123 0.40884718498659517 0.08086253369272237 0.0 0.0
0.0 0.353887399463807 0.09433962264150943 0.0 0.0
0.0014450867052023123 0.3646112600536193 0.07142857142857144 0.0 0.0
0.0014450867052023123 0.3230563002680965 0.09029649595687331 0.0 0.0
0.0028901734104046246 0.42627345844504017 0.07547169811320756 0.0 0.0
0.0 0.3753351206434316 0.06738544474393532 0.0 0.0
0.0014450867052023123 0.43565683646112596 0.08894878706199462 0.0 0.0
0.0014450867052023123 0.41420911528150134 0.09838274932614555 0.004043126684636119 0.0
0.0 0.4973190348525469 0.0849056603773585 0.0 0.0
0.0 0.4168900804289544 0.0849056603773585 0.0 0.0
0.0028901734104046246 0.48927613941018766 0.07547169811320756 0.001347708894878706 0.0
0.0028901734104046246 0.4638069705093834 0.06738544474393532 0.0 0.0
0.0 0.4986595174262734 0.0876010781671159 0.0 0.0
0.0 0.5402144772117963 0.08894878706199462 0.0 0.0
0.0014450867052023123 0.4839142091152815 0.07951482479784366 0.001347708894878706 0.0
0.0014450867052023123 0.5509383378016086 0.08894878706199462 0.0 0.0
0.0014450867052023123 0.5804289544235924 0.09433962264150943 0.0 0.0
0.0028901734104046246 0.5683646112600537 0.06738544474393532 0.001347708894878706 0.0
0.0014450867052023123 0.611260053619303 0.09838274932614555 0.0 0.0
0.0 0.7184986595174263 0.11051212938005392 0.001347708894878706 0.0
0.0 0.6715817694369973 0.1091644204851752 0.0 0.0
0.0 0.6729222520107239 0.10781671159029649 0.0 0.0
0.0014450867052023123 0.6233243967828418 0.10107816711590296 0.0 0.0
0.0014450867052023123 0.7117962466487935 0.10377358490566037 0.0 0.0
0.0014450867052023123 0.7600536193029491 0.1064690026954178 0.0 0.0
0.0014450867052023123 0.7493297587131368 0.09433962264150943 0.001347708894878706 0.0
0.0014450867052023123 0.7908847184986595 0.11725067385444744 0.0 0.0
0.004335260115606937 0.7493297587131368 0.11185983827493261 0.0 0.0026075619295958283
0.0028901734104046246 0.7801608579088471 0.12803234501347707 0.0 0.0
0.0028901734104046246 0.7828418230563002 0.1064690026954178 0.0 0.0
0.0 0.82171581769437 0.11725067385444744 0.0 0.0
0.0028901734104046246 0.8552278820375334 0.10242587601078167 0.0 0.0
0.0014450867052023123 0.8927613941018767 0.1307277628032345 0.001347708894878706 0.0
0.0028901734104046246 0.900804289544236 0.12668463611859837 0.0 0.0013037809647979141
0.0014450867052023123 0.9356568364611261 0.14690026954177898 0.001347708894878706 0.0
0.0 0.9758713136729222 0.09568733153638814 0.0 0.0
0.0 0.9410187667560322 0.12398921832884098 0.0 0.0
0.004335260115606937 0.9651474530831099 0.11725067385444744 0.0 0.0
0.0014450867052023123 1.0522788203753353 0.16576819407008087 0.001347708894878706 0.0
0.0028901734104046246 1.0080428954423593 0.11590296495956873 0.001347708894878706 0.0
0.0014450867052023123 1.067024128686327 0.14420485175202155 0.0 0.0
0.0 1.0241286863270775 0.14555256064690025 0.0 0.0013037809647979141
0.0028901734104046246 1.1353887399463807 0.15094339622641512 0.002695417789757412 0.0
0.0 1.2037533512064342 0.16711590296495957 0.0 0.0
0.004335260115606937 1.2238605898123325 0.1320754716981132 0.001347708894878706 0.0
0.0014450867052023123 1.2238605898123325 0.169811320754717 0.0 0.0
0.004335260115606937 1.2091152815013404 0.1536388140161725 0.0 0.0
0.004335260115606937 1.2654155495978552 0.1536388140161725 0.0 0.0
0.0014450867052023123 1.2949061662198391 0.17250673854447438 0.0 0.0
0.0 1.3525469168900803 0.15633423180592992 0.0 0.0
0.004335260115606937 1.3176943699731904 0.18059299191374661 0.001347708894878706 0.0013037809647979141
0.0014450867052023123 1.2680965147453083 0.14285714285714288 0.0 0.0
0.0 1.514745308310992 0.18463611859838275 0.0 0.0
0.0014450867052023123 1.415549597855228 0.17115902964959567 0.002695417789757412 0.0
0.0014450867052023123 1.4289544235924934 0.20485175202156333 0.001347708894878706 0.0
0.0 1.4691689008042896 0.169811320754717 0.0 0.0
0.0014450867052023123 1.5616621983914207 0.20754716981132074 0.0 0.0
0.0 1.6032171581769437 0.18328840970350405 0.001347708894878706 0.0
0.0028901734104046246 1.5522788203753353 0.1967654986522911 0.0 0.0
0.0014450867052023123 1.5656836461126005 0.19002695417789756 0.001347708894878706 0.0
0.0 1.6648793565683646 0.19541778975741242 0.0 0.0
0.0 1.6313672922252012 0.22506738544474392 0.0 0.0
0.0028901734104046246 1.6836461126005362 0.21159029649595687 0.001347708894878706 0.0
0.0 0.10455764075067024 0.0 0.0 0.0
0.0 0.15013404825737267 0.0 0.0 0.0
0.0 0.1260053619302949 0.0 0.0 0.0
0.0 0.13941018766756033 0.0 0.0 0.0
0.0 1.6849865951742629 0.23315363881401616 0.001347708894878706 0.0
0.0 0.11930294906166221 0.0 0.0 0.0
0.0 0.1126005361930295 0.002695417789757412 0.0 0.0
0.0 0.14075067024128687 0.001347708894878706 0.0 0.0
0.0014450867052023123 0.11126005361930294 0.0 0.0 0.0013037809647979141
0.0 1.3941018766756033 0.2991913746630728 0.002695417789757412 0.0
0.0 0.13136729222520105 0.0 0.0 0.0
0.0 0.1447721179624665 0.0 0.0 0.0
0.0 0.11796246648793567 0.001347708894878706 0.0 0.0
0.0 0.12466487935656835 0.0 0.0 0.0
0.0028901734104046246 1.8310991957104557 0.20889487870619947 0.001347708894878706 0.0
0.0 0.12868632707774796 0.0 0.0 0.0013037809647979141
0.0 0.14209115281501342 0.0 0.0 0.0
0.0 0.1327077747989276 0.001347708894878706 0.0 0.0
0.0 0.12198391420911528 0.0 0.0 0.0
0.0 1.4101876675603218 0.40970350404312667 0.0 0.0
0.0 0.14343163538873996 0.001347708894878706 0.0 0.0
0.0 0.13404825737265416 0.0 0.0 0.0
0.0 0.10455764075067024 0.0 0.0 0.0
0.0 0.14611260053619304 0.0 0.0 0.0
0.0 0.12734584450402145 0.001347708894878706 0.0 0.0
0.0 0.11796246648793567 0.0 0.0 0.0013037809647979141
0.0 0.13672922252010725 0.0 0.0 0.0
0.0 0.14611260053619304 0.001347708894878706 0.0 0.0
0.0 0.10857908847184986 0.0 0.0 0.0
0.0 0.12198391420911528 0.0 0.0 0.0
0.0 1.3485254691689008 0.32614555256064687 0.0 0.0
0.0014450867052023123 1.388739946380697 0.36253369272237196 0.0 0.0
0.0 1.4289544235924934 0.3328840970350404 0.001347708894878706 0.0
0.0 1.3619302949061662 0.3921832884097035 0.0 0.0
0.0014450867052023123 1.35656836461126 0.3504043126684636 0.0 0.0
0.0 1.333780160857909 0.36253369272237196 0.0 0.0
0.0 1.3445040214477213 0.3638814016172507 0.002695417789757412 0.0
0.0 1.4034852546916892 0.34231805929919135 0.002695417789757412 0.0
0.0 1.3351206434316354 0.35983827493261455 0.0 0.0
0.0014450867052023123 1.3686327077747988 0.3059299191374663 0.0 0.0
0.0 1.3525469168900803 0.3557951482479785 0.0 0.0
0.0 1.3163538873994638 0.3692722371967655 0.0 0.0
0.0014450867052023123 1.2962466487935658 0.36253369272237196 0.0 0.0
0.0 1.341823056300268 0.38274932614555257 0.0 0.0013037809647979141
0.0 1.3820375335120645 0.31805929919137466 0.0 0.0
0.0 1.3150134048257371 0.34231805929919135 0.002695417789757412 0.0
0.0 1.292225201072386 0.3140161725067385 0.001347708894878706 0.0
0.0 1.3324396782841823 0.3369272237196766 0.0 0.0
0.0 1.2131367292225201 0.31805929919137466 0.001347708894878706 0.0
0.0 1.3083109919571045 0.307277628032345 0.0 0.0
0.0 1.3284182305630028 0.3557951482479785 0.001347708894878706 0.0
0.0 1.304289544235925 0.3504043126684636 0.0 0.0
0.0 1.2828418230563003 0.37196765498652296 0.001347708894878706 0.0
0.0 1.3592493297587132 0.37870619946091644 0.001347708894878706 0.0
0.0 1.269436997319035 0.30458221024258764 0.0 0.0
0.0 1.2640750670241288 0.29245283018867924 0.001347708894878706 0.0
0.0014450867052023123 1.3672922252010724 0.3274932614555256 0.0 0.0
0.0 1.2761394101876675 0.31266846361185985 0.001347708894878706 0.0
0.0 1.257372654155496 0.3369272237196766 0.0 0.0
0.0014450867052023123 1.351206434316354 0.30188679245283023 0.0 0.0
0.0 1.2828418230563003 0.2991913746630728 0.0 0.0
0.0014450867052023123 1.306970509383378 0.31266846361185985 0.001347708894878706 0.0013037809647979141
0.0 1.3029490616621984 0.2911051212938005 0.0 0.0
0.0 1.257372654155496 0.3167115902964959 0.002695417789757412 0.0
0.0028901734104046246 1.2989276139410189 0.3355795148247978 0.0 0.0013037809647979141
0.0014450867052023123 1.306970509383378 0.32614555256064687 0.0 0.0
0.0014450867052023123 1.3190348525469169 0.32345013477088946 0.001347708894878706 0.0
0.0014450867052023123 1.2613941018766757 0.2628032345013477 0.001347708894878706 0.0
0.0014450867052023123 1.2788203753351206 0.28706199460916443 0.0 0.0
0.0014450867052023123 1.3002680965147453 0.29380053908355797 0.001347708894878706 0.0
0.0014450867052023123 1.2815013404825737 0.29245283018867924 0.0 0.0
0.0 1.3083109919571045 0.31536388140161725 0.001347708894878706 0.0013037809647979141
0.0014450867052023123 1.269436997319035 0.2722371967654986 0.0 0.0
0.0 1.2841823056300268 0.2951482479784367 0.0 0.0
0.0 1.272117962466488 0.27897574123989216 0.001347708894878706 0.0
0.0 1.2453083109919572 0.2574123989218329 0.0 0.0
0.0 1.306970509383378 0.26684636118598387 0.0 0.0
0.0 1.269436997319035 0.2695417789757413 0.001347708894878706 0.0013037809647979141
0.0028901734104046246 1.2439678284182307 0.2951482479784367 0.001347708894878706 0.0
0.0 1.2439678284182307 0.23045822102425878 0.0 0.0
0.0 1.2882037533512065 0.28975741239892183 0.0 0.0
0.0014450867052023123 1.222520107238606 0.3032345013477089 0.001347708894878706 0.0
0.0014450867052023123 1.2640750670241288 0.2574123989218329 0.002695417789757412 0.0
0.0 1.2091152815013404 0.2587601078167116 0.0 0.0
0.0028901734104046246 1.2680965147453083 0.28706199460916443 0.0 0.0
0.0 1.274798927613941 0.29245283018867924 0.0 0.0
0.0 1.2520107238605898 0.21024258760107817 0.0 0.0
0.0014450867052023123 1.2453083109919572 0.28975741239892183 0.0 0.0
0.0 1.1890080428954424 0.3140161725067385 0.0 0.0
0.0014450867052023123 1.2091152815013404 0.3032345013477089 0.0 0.0
0.0014450867052023123 1.3056300268096515 0.2695417789757413 0.0 0.0
0.0 1.3083109919571045 0.29649595687331537 0.0 0.0
0.0028901734104046246 1.3150134048257371 0.2830188679245283 0.0 0.0013037809647979141
0.0014450867052023123 1.292225201072386 0.2654986522911051 0.004043126684636119 0.0
0.0 1.207774798927614 0.24932614555256064 0.001347708894878706 0.0
0.0 1.2037533512064342 0.28167115902964956 0.004043126684636119 0.0
0.0 1.2091152815013404 0.2587601078167116 0.0 0.0
0.0014450867052023123 1.1890080428954424 0.2776280323450135 0.0 0.0
0.0 1.3270777479892761 0.30188679245283023 0.001347708894878706 0.0
0.0 1.2815013404825737 0.28975741239892183 0.001347708894878706 0.0
0.0 1.1890080428954424 0.27088948787061995 0.001347708894878706 0.0
0.0028901734104046246 1.2788203753351206 0.3113207547169812 0.0 0.0
0.0 1.2734584450402144 0.2803234501347709 0.001347708894878706 0.0
0.0 1.2640750670241288 0.2358490566037736 0.0 0.0
0.0014450867052023123 1.2560321715817695 0.27088948787061995 0.001347708894878706 0.0
0.0 1.2680965147453083 0.2830188679245283 0.0 0.0
0.0014450867052023123 1.274798927613941 0.25471698113207547 0.001347708894878706 0.0
0.0 1.2372654155495977 0.274932614555256 0.001347708894878706 0.0
0.0 1.2734584450402144 0.2722371967654986 0.0 0.0
0.0 1.2144772117962466 0.25471698113207547 0.001347708894878706 0.0
0.0 1.3029490616621984 0.2695417789757413 0.001347708894878706 0.0
0.0 1.2640750670241288 0.29649595687331537 0.001347708894878706 0.0
0.0 1.239946380697051 0.30188679245283023 0.002695417789757412 0.0013037809647979141
0.0 1.2184986595174263 0.2506738544474394 0.001347708894878706 0.0
0.0014450867052023123 1.272117962466488 0.28571428571428575 0.002695417789757412 0.0
0.0 1.2533512064343164 0.24258760107816713 0.0 0.0
0.0 1.257372654155496 0.29380053908355797 0.001347708894878706 0.0
0.0014450867052023123 1.3109919571045576 0.284366576819407 0.001347708894878706 0.0
0.0 1.1849865951742629 0.2412398921832884 0.001347708894878706 0.0
0.0014450867052023123 1.2680965147453083 0.284366576819407 0.0 0.0013037809647979141
0.0014450867052023123 1.215817694369973 0.24258760107816713 0.0 0.0
0.0014450867052023123 1.2815013404825737 0.24932614555256064 0.0 0.0
0.0 1.2439678284182307 0.3099730458221024 0.0 0.0
0.0014450867052023123 1.304289544235925 0.27358490566037735 0.0 0.0
0.0 1.2506702412868633 0.26819407008086255 0.001347708894878706 0.0
0.0 1.2801608579088473 0.3032345013477089 0.001347708894878706 0.0
0.0 1.2908847184986596 0.24258760107816713 0.0 0.0
0.0014450867052023123 1.2667560321715818 0.24258760107816713 0.0 0.0
0.0 1.2064343163538875 0.27088948787061995 0.001347708894878706 0.0
