18.4 33.8 28.0 15.166666666666666 9.333333333333334
20.0 36.8 26.833333333333336 13.166666666666666 12.0
16.8 36.6 29.166666666666668 15.166666666666666 15.0
17.6 37.400000000000006 27.666666666666664 15.0 14.0
15.4 36.4 27.833333333333336 15.833333333333334 10.0
16.400000000000002 37.0 28.0 14.666666666666666 14.5
20.0 35.6 25.0 15.833333333333334 13.166666666666666
15.4 38.199999999999996 28.0 11.5 12.666666666666666
18.599999999999998 35.0 29.333333333333332 14.166666666666666 12.0
17.4 35.8 25.166666666666668 14.666666666666666 12.166666666666666
14.6 36.0 27.166666666666664 18.0 11.5
19.0 39.4 25.666666666666668 14.5 12.666666666666666
16.6 36.2 28.333333333333332 13.0 13.833333333333332
18.599999999999998 32.0 30.5 21.166666666666668 15.833333333333334
16.0 37.199999999999996 26.666666666666668 12.5 15.166666666666666
17.6 37.400000000000006 24.833333333333332 15.166666666666666 14.5
17.0 36.4 23.666666666666664 16.166666666666664 13.833333333333332
16.6 37.400000000000006 27.0 15.333333333333332 12.833333333333334
16.2 36.4 27.166666666666664 16.833333333333332 11.5
17.4 37.8 25.666666666666668 12.666666666666666 10.666666666666666
14.4 36.0 28.0 13.333333333333334 14.0
15.4 33.8 29.0 14.5 17.666666666666668
14.6 34.6 28.666666666666668 12.5 16.0
19.400000000000002 37.0 27.333333333333336 15.5 13.333333333333334
14.6 36.2 28.166666666666668 16.0 14.666666666666666
15.8 34.2 26.833333333333336 14.333333333333334 14.0
15.0 35.4 24.333333333333332 15.666666666666666 16.166666666666664
17.6 38.6 28.166666666666668 16.166666666666664 14.333333333333334
15.8 33.0 26.0 16.833333333333332 14.833333333333334
16.8 38.199999999999996 24.833333333333332 17.0 13.0
17.8 35.6 30.5 14.166666666666666 16.5
18.8 36.0 27.166666666666664 15.666666666666666 12.5
18.2 35.8 27.5 14.5 16.5
20.2 34.4 23.0 16.833333333333332 14.666666666666666
17.0 32.599999999999994 29.833333333333332 16.166666666666664 15.0
18.599999999999998 34.2 28.5 16.833333333333332 11.5
16.400000000000002 33.2 27.333333333333336 18.0 15.333333333333332
13.799999999999999 36.8 24.666666666666668 16.0 10.333333333333334
13.799999999999999 37.199999999999996 26.166666666666668 15.0 13.0
17.4 38.0 28.666666666666668 15.666666666666666 10.333333333333334
17.0 39.4 26.5 15.833333333333334 14.833333333333334
15.8 35.4 26.833333333333336 16.166666666666664 10.833333333333334
15.8 35.8 23.833333333333336 15.666666666666666 13.5
15.0 35.2 27.333333333333336 14.5 12.5
16.0 36.2 25.333333333333332 16.5 16.833333333333332
13.799999999999999 36.6 26.0 15.333333333333332 13.833333333333332
18.599999999999998 36.6 28.0 14.166666666666666 13.833333333333332
16.2 36.2 29.166666666666668 15.5 13.166666666666666
16.8 36.0 28.333333333333332 13.0 12.0
15.2 32.0 29.0 16.0 13.833333333333332
15.0 37.199999999999996 28.5 13.5 10.166666666666666
17.4 35.8 29.0 14.5 13.666666666666668
14.6 37.8 29.166666666666668 12.666666666666666 14.833333333333334
16.400000000000002 36.8 26.333333333333332 13.166666666666666 13.833333333333332
19.2 31.8 28.333333333333332 15.333333333333332 14.5
15.6 38.800000000000004 28.0 13.0 13.666666666666668
16.6 36.0 25.5 14.0 13.666666666666668
15.4 35.8 29.0 14.666666666666666 13.166666666666666
16.0 38.199999999999996 25.0 16.0 15.166666666666666
17.0 36.0 29.333333333333332 16.333333333333332 12.666666666666666
17.4 36.8 28.833333333333332 15.333333333333332 13.0
13.799999999999999 35.4 27.166666666666664 15.333333333333332 11.833333333333332
17.0 33.8 27.333333333333336 13.666666666666668 12.666666666666666
17.0 35.6 29.166666666666668 16.0 11.5
15.8 39.4 26.666666666666668 11.166666666666666 13.333333333333334
15.0 37.199999999999996 31.666666666666668 12.5 12.833333333333334
16.8 36.4 24.5 19.166666666666664 13.833333333333332
18.0 35.4 28.333333333333332 12.333333333333334 13.833333333333332
13.0 35.4 27.5 13.5 13.333333333333334
17.4 35.4 28.833333333333332 14.333333333333334 12.0
17.2 36.4 25.666666666666668 14.833333333333334 14.666666666666666
16.6 39.0 27.666666666666664 14.0 15.333333333333332
14.6 35.8 26.833333333333336 16.333333333333332 10.666666666666666
15.0 32.0 27.666666666666664 16.666666666666668 14.666666666666666
16.6 37.6 24.833333333333332 13.666666666666668 16.166666666666664
16.8 34.8 27.833333333333336 12.0 13.666666666666668
15.6 36.8 28.833333333333332 16.666666666666668 12.0
13.6 36.6 28.333333333333332 13.5 15.333333333333332
15.6 37.199999999999996 26.5 14.666666666666666 11.333333333333334
20.8 33.4 26.666666666666668 16.166666666666664 13.0
19.0 36.8 28.666666666666668 11.833333333333332 13.666666666666668
18.2 37.0 26.166666666666668 14.333333333333334 13.833333333333332
17.2 40.4 29.5 10.833333333333334 15.0
15.4 37.400000000000006 28.166666666666668 13.166666666666666 12.0
17.2 35.2 26.333333333333332 14.333333333333334 13.0
19.400000000000002 35.6 28.5 14.333333333333334 15.0
14.0 36.2 26.0 13.0 14.5
14.200000000000001 37.6 29.166666666666668 15.333333333333332 9.833333333333332
18.599999999999998 35.6 28.166666666666668 15.833333333333334 14.5
14.8 35.4 24.833333333333332 17.0 13.333333333333334
17.8 35.2 28.666666666666668 15.166666666666666 11.166666666666666
20.2 36.0 28.0 15.666666666666666 14.333333333333334
15.8 38.800000000000004 29.0 16.0 14.0
17.4 35.0 27.5 15.833333333333334 12.833333333333334
17.0 32.599999999999994 27.666666666666664 12.833333333333334 17.0
13.6 34.6 28.333333333333332 13.833333333333332 12.333333333333334
13.799999999999999 36.0 27.5 15.5 11.833333333333332
18.4 34.8 29.666666666666668 16.833333333333332 13.666666666666668
18.0 36.6 27.666666666666664 16.666666666666668 15.833333333333334
14.8 36.0 26.333333333333332 18.166666666666668 14.166666666666666
16.8 37.400000000000006 25.166666666666668 14.333333333333334 14.666666666666666
16.6 15.0 15.166666666666666 15.333333333333332 16.666666666666668
13.6 18.2 13.833333333333332 13.333333333333334 14.166666666666666
13.0 14.8 15.0 16.333333333333332 17.333333333333332
14.8 15.4 16.333333333333332 15.333333333333332 13.333333333333334
16.2 38.6 27.666666666666664 15.333333333333332 11.333333333333334
12.8 14.4 16.0 15.0 15.333333333333332
15.4 15.0 15.166666666666666 16.5 15.833333333333334
16.2 17.8 14.666666666666666 16.0 15.666666666666666
17.0 16.0 16.5 14.333333333333334 15.0
15.8 30.8 34.166666666666664 14.5 12.333333333333334
12.6 15.6 14.666666666666666 12.333333333333334 15.166666666666666
15.6 15.6 14.666666666666666 16.333333333333332 16.5
14.6 13.2 16.0 14.166666666666666 17.166666666666668
14.4 13.6 15.666666666666666 15.166666666666666 15.166666666666666
14.200000000000001 40.4 27.833333333333336 18.166666666666668 13.333333333333334
15.0 13.799999999999999 17.833333333333332 15.666666666666666 14.666666666666666
17.8 13.799999999999999 14.5 14.666666666666666 14.5
13.2 16.2 16.5 15.0 16.166666666666664
15.4 14.8 15.666666666666666 18.0 16.833333333333332
16.0 33.0 32.0 17.0 12.666666666666666
18.0 15.2 14.666666666666666 15.5 13.166666666666666
19.400000000000002 15.6 16.666666666666668 15.666666666666666 15.666666666666666
15.4 14.8 17.0 17.166666666666668 15.666666666666666
15.2 16.6 15.5 12.833333333333334 12.666666666666666
17.4 14.0 15.666666666666666 16.166666666666664 15.666666666666666
14.4 18.599999999999998 13.666666666666668 15.666666666666666 10.5
12.0 16.2 13.0 17.833333333333332 16.666666666666668
14.0 14.6 13.333333333333334 14.333333333333334 15.5
15.0 17.6 16.5 14.333333333333334 17.0
16.0 13.0 16.166666666666664 16.666666666666668 14.166666666666666
14.6 32.2 31.333333333333332 17.166666666666668 12.333333333333334
15.8 32.599999999999994 27.833333333333336 17.333333333333332 12.0
15.0 33.4 32.666666666666664 15.666666666666666 13.166666666666666
14.200000000000001 35.8 31.333333333333332 15.5 12.0
15.4 33.6 32.33333333333333 15.5 13.0
15.6 32.0 30.333333333333332 15.333333333333332 15.5
14.0 32.2 32.0 14.833333333333334 14.5
16.6 32.0 31.333333333333332 16.0 13.5
19.0 31.0 31.333333333333332 17.5 12.5
17.4 35.0 30.666666666666664 13.0 11.833333333333332
16.0 32.4 32.833333333333336 14.833333333333334 11.666666666666668
16.400000000000002 35.2 31.5 14.166666666666666 14.666666666666666
17.0 33.4 33.166666666666664 15.833333333333334 17.0
16.400000000000002 30.599999999999998 32.0 16.5 13.5
13.2 29.4 33.666666666666664 14.833333333333334 13.666666666666668
15.6 30.8 32.666666666666664 18.0 12.166666666666666
14.6 32.0 31.166666666666664 17.333333333333332 11.5
16.2 29.4 31.666666666666668 16.166666666666664 13.166666666666666
16.0 33.2 34.333333333333336 16.166666666666664 12.166666666666666
17.6 35.4 33.5 15.166666666666666 12.0
17.8 32.4 29.666666666666668 15.5 14.5
14.200000000000001 33.8 29.666666666666668 16.0 13.0
14.4 35.0 32.16666666666667 14.833333333333334 12.166666666666666
15.2 35.4 34.166666666666664 16.0 15.833333333333334
17.0 33.2 30.833333333333336 16.666666666666668 13.5
11.6 32.800000000000004 33.5 15.0 12.666666666666666
15.2 34.0 30.833333333333336 16.833333333333332 12.5
16.8 33.8 33.166666666666664 15.0 11.5
14.0 34.8 32.0 15.5 14.0
13.6 31.0 35.0 15.833333333333334 13.0
15.6 35.6 32.33333333333333 14.5 14.666666666666666
17.2 36.0 34.0 17.833333333333332 14.333333333333334
15.4 33.2 35.166666666666664 15.166666666666666 12.0
16.8 31.2 32.0 15.0 12.5
11.799999999999999 33.4 33.166666666666664 15.666666666666666 12.5
13.6 31.2 32.666666666666664 16.833333333333332 13.166666666666666
14.4 34.2 29.166666666666668 17.0 12.833333333333334
15.2 31.0 32.5 16.666666666666668 11.333333333333334
15.6 33.6 34.5 12.333333333333334 14.0
14.200000000000001 35.0 33.833333333333336 18.666666666666668 12.166666666666666
13.2 33.8 32.666666666666664 16.166666666666664 15.833333333333334
18.599999999999998 32.2 36.666666666666664 16.833333333333332 10.333333333333334
13.4 35.0 34.833333333333336 14.0 10.833333333333334
15.4 35.2 34.166666666666664 15.666666666666666 12.5
17.8 31.2 31.333333333333332 16.833333333333332 12.833333333333334
14.200000000000001 34.2 36.833333333333336 19.0 11.166666666666666
16.8 29.8 35.833333333333336 16.5 12.833333333333334
18.4 36.0 35.5 15.0 12.833333333333334
17.2 34.0 31.166666666666664 16.0 17.0
13.799999999999999 31.8 34.0 17.0 13.666666666666668
14.8 30.4 35.5 15.333333333333332 13.166666666666666
17.4 34.6 36.5 14.666666666666666 13.666666666666668
16.400000000000002 33.0 34.5 18.5 13.833333333333332
16.0 38.199999999999996 31.833333333333332 15.5 14.333333333333334
14.8 33.8 33.833333333333336 18.166666666666668 13.666666666666668
16.0 28.400000000000002 36.0 16.166666666666664 13.666666666666668
14.4 32.599999999999994 32.5 15.166666666666666 11.666666666666668
15.8 34.8 35.5 15.333333333333332 13.166666666666666
15.4 32.800000000000004 31.833333333333332 16.833333333333332 14.666666666666666
14.6 34.2 34.0 16.833333333333332 14.666666666666666
16.0 33.2 39.0 12.5 12.833333333333334
16.8 30.8 36.166666666666664 16.666666666666668 14.0
13.799999999999999 32.4 35.166666666666664 17.666666666666668 13.833333333333332
12.4 31.6 29.833333333333332 14.5 13.5
14.200000000000001 32.2 34.666666666666664 17.833333333333332 10.833333333333334
14.200000000000001 34.6 37.333333333333336 16.333333333333332 13.5
14.200000000000001 36.8 32.33333333333333 16.0 11.166666666666666
13.0 32.4 36.333333333333336 15.833333333333334 12.0
14.0 34.6 35.166666666666664 14.833333333333334 11.333333333333334
14.4 31.0 34.666666666666664 18.0 13.166666666666666
14.6 32.0 36.333333333333336 15.166666666666666 10.833333333333334
16.0 34.0 34.5 15.333333333333332 13.5
16.2 34.8 34.666666666666664 14.5 12.5
15.8 32.4 33.333333333333336 16.5 13.166666666666666
16.6 33.8 34.5 15.5 13.666666666666668
14.4 32.800000000000004 35.0 17.666666666666668 11.833333333333332
15.4 40.2 33.333333333333336 18.333333333333332 12.833333333333334
17.2 33.4 34.333333333333336 13.5 10.333333333333334
14.0 33.6 33.833333333333336 18.666666666666668 12.166666666666666
15.0 28.2 32.833333333333336 12.833333333333334 12.5
14.8 31.8 34.333333333333336 15.666666666666666 12.0
16.2 34.2 36.0 13.666666666666668 12.333333333333334
13.4 31.2 35.666666666666664 16.5 12.5
17.8 36.2 33.166666666666664 17.5 13.0
10.4 33.0 36.166666666666664 17.833333333333332 12.666666666666666
16.0 33.0 31.666666666666668 13.5 16.666666666666668
14.8 36.0 33.166666666666664 15.666666666666666 15.666666666666666
14.6 34.0 35.833333333333336 15.0 13.5
11.6 32.800000000000004 36.666666666666664 17.0 13.333333333333334
13.6 32.800000000000004 33.5 15.333333333333332 13.5
15.2 33.2 32.33333333333333 16.166666666666664 12.5
15.2 32.4 34.166666666666664 14.666666666666666 12.666666666666666
15.4 32.2 36.833333333333336 15.333333333333332 12.5
14.0 31.2 37.666666666666664 17.833333333333332 11.166666666666666
14.8 33.0 36.0 15.166666666666666 13.833333333333332
18.4 34.8 32.16666666666667 16.166666666666664 12.166666666666666
17.4 34.6 31.666666666666668 15.166666666666666 11.5
15.2 34.2 36.333333333333336 12.833333333333334 14.333333333333334
17.0 30.8 37.666666666666664 16.833333333333332 11.5
