83.0 80.69999999999999 84.25 85.2 84.33333333333333
83.77777777777779 80.9 83.25 84.7 85.44444444444444
83.44444444444444 81.10000000000001 83.25 83.8 84.33333333333333
83.88888888888889 81.3 83.625 85.7 85.33333333333333
83.33333333333333 81.5 83.5 85.0 83.88888888888889
83.22222222222223 82.4 83.375 85.4 84.88888888888889
84.0 81.8 83.625 85.1 84.77777777777777
83.44444444444444 80.9 83.5 85.1 84.66666666666667
83.22222222222223 81.19999999999999 84.125 84.5 85.11111111111111
84.22222222222223 81.4 82.75 84.9 85.22222222222223
83.77777777777779 81.19999999999999 84.625 84.7 84.77777777777777
83.22222222222223 79.60000000000001 83.0 84.1 85.22222222222223
83.88888888888889 81.4 83.375 83.8 84.44444444444444
84.0 80.5 82.375 84.5 84.22222222222223
83.66666666666667 79.60000000000001 82.875 85.0 83.88888888888889
83.77777777777779 80.0 83.5 85.0 84.33333333333333
83.55555555555554 80.9 82.375 84.5 83.88888888888889
82.55555555555554 80.8 83.125 84.0 85.22222222222223
83.66666666666667 81.10000000000001 83.625 85.3 84.66666666666667
83.88888888888889 80.19999999999999 83.0 84.7 84.33333333333333
83.66666666666667 80.9 84.625 86.3 85.0
85.0 81.5 83.25 86.1 84.66666666666667
83.88888888888889 80.8 84.25 85.6 84.77777777777777
83.44444444444444 80.69999999999999 83.75 84.9 86.11111111111111
83.55555555555554 80.3 83.625 84.5 85.44444444444444
84.33333333333333 79.0 84.5 85.9 85.22222222222223
83.44444444444444 80.19999999999999 83.875 84.7 85.22222222222223
84.0 80.3 84.125 85.1 85.88888888888889
84.44444444444444 79.3 82.875 85.7 85.44444444444444
84.0 79.8 83.375 85.4 86.55555555555556
83.11111111111111 81.10000000000001 84.0 85.1 85.55555555555556
82.1111111111111 78.89999999999999 83.5 84.6 84.55555555555556
82.55555555555554 80.60000000000001 82.25 83.7 84.77777777777777
83.44444444444444 80.4 83.0 85.7 85.66666666666667
83.77777777777779 79.3 82.625 85.9 85.11111111111111
84.22222222222223 79.39999999999999 84.125 85.6 85.11111111111111
83.55555555555554 78.3 81.75 85.3 85.44444444444444
82.66666666666667 79.39999999999999 81.875 84.1 84.0
83.88888888888889 77.60000000000001 82.5 85.0 85.22222222222223
83.22222222222223 78.2 81.75 84.3 84.55555555555556
83.77777777777779 79.60000000000001 83.625 85.2 85.33333333333333
83.11111111111111 77.10000000000001 81.5 83.9 83.22222222222223
83.55555555555554 77.60000000000001 81.625 83.2 84.44444444444444
84.11111111111111 77.8 82.625 85.6 84.44444444444444
83.55555555555554 77.5 83.375 84.5 84.77777777777777
83.44444444444444 76.7 82.625 83.7 84.11111111111111
83.22222222222223 77.0 82.0 84.8 84.11111111111111
83.44444444444444 77.39999999999999 83.375 84.8 84.11111111111111
82.88888888888889 78.2 82.75 84.1 85.33333333333333
83.44444444444444 78.0 83.75 85.0 84.55555555555556
83.88888888888889 77.5 81.625 85.1 84.11111111111111
84.22222222222223 77.10000000000001 83.625 84.8 85.22222222222223
83.44444444444444 75.2 81.375 84.2 84.77777777777777
83.0 74.2 81.625 85.7 84.88888888888889
83.55555555555554 74.5 82.5 83.6 83.88888888888889
82.1111111111111 75.1 81.125 84.3 82.77777777777779
82.22222222222223 74.30000000000001 81.5 85.1 84.88888888888889
83.55555555555554 74.39999999999999 81.25 83.4 84.88888888888889
83.33333333333333 74.2 81.75 84.4 85.22222222222223
83.44444444444444 73.1 82.625 85.3 86.22222222222223
82.55555555555554 71.9 82.375 85.0 84.55555555555556
83.33333333333333 72.9 80.875 83.5 83.44444444444444
84.88888888888889 73.6 82.5 85.8 85.11111111111111
83.33333333333333 71.9 81.875 84.2 84.55555555555556
82.88888888888889 72.0 82.25 85.3 84.11111111111111
83.55555555555554 71.7 81.625 86.0 85.44444444444444
83.88888888888889 70.8 82.25 85.3 85.22222222222223
83.44444444444444 69.6 80.5 84.8 84.44444444444444
84.77777777777777 71.3 81.75 85.6 85.44444444444444
83.77777777777779 71.8 81.375 85.7 85.11111111111111
84.11111111111111 69.5 80.25 84.7 85.22222222222223
84.88888888888889 70.2 81.125 86.1 86.11111111111111
83.66666666666667 69.3 81.625 85.7 85.22222222222223
83.33333333333333 68.1 81.25 85.1 85.44444444444444
83.66666666666667 68.3 79.625 84.1 85.0
82.88888888888889 65.60000000000001 81.25 84.3 84.44444444444444
84.0 66.8 79.75 85.0 83.44444444444444
82.77777777777779 66.10000000000001 80.0 85.1 84.88888888888889
84.55555555555556 66.10000000000001 80.125 84.4 85.66666666666667
84.77777777777777 64.10000000000001 80.125 85.0 85.22222222222223
83.88888888888889 65.4 80.25 85.1 85.11111111111111
83.66666666666667 64.60000000000001 81.125 85.5 85.88888888888889
84.11111111111111 64.10000000000001 80.625 85.6 85.55555555555556
84.44444444444444 62.9 80.125 84.4 84.66666666666667
82.33333333333333 61.400000000000006 79.5 86.0 85.33333333333333
83.55555555555554 63.5 79.25 84.5 84.77777777777777
83.66666666666667 60.8 79.125 84.7 84.22222222222223
83.55555555555554 62.6 80.625 85.6 85.22222222222223
84.0 60.8 78.125 85.4 84.22222222222223
83.44444444444444 60.900000000000006 79.125 84.9 83.55555555555554
85.55555555555556 60.699999999999996 80.875 85.4 85.77777777777777
81.77777777777779 57.3 77.5 83.4 83.88888888888889
81.77777777777779 58.5 78.5 84.3 83.66666666666667
83.33333333333333 56.2 78.25 84.8 83.11111111111111
82.22222222222223 57.1 78.5 84.6 83.55555555555554
83.88888888888889 56.2 78.625 84.7 84.77777777777777
84.44444444444444 54.1 77.25 84.2 84.77777777777777
84.11111111111111 54.0 76.75 85.4 84.77777777777777
83.33333333333333 54.0 77.375 84.4 84.88888888888889
82.55555555555554 51.8 76.875 83.4 83.11111111111111
82.88888888888889 48.800000000000004 76.375 84.6 85.22222222222223
81.66666666666667 80.4 81.875 82.5 82.22222222222223
81.88888888888889 80.60000000000001 81.75 81.4 82.55555555555554
81.33333333333333 79.39999999999999 81.75 82.0 82.1111111111111
82.44444444444444 79.69999999999999 80.875 82.0 81.0
83.77777777777779 51.3 76.25 85.3 84.55555555555556
81.55555555555556 80.19999999999999 81.25 80.5 80.88888888888889
81.33333333333333 79.5 80.5 82.0 81.22222222222223
81.66666666666667 79.9 80.875 81.3 81.55555555555556
81.0 79.8 81.625 81.5 80.44444444444444
83.88888888888889 60.5 73.125 85.1 84.77777777777777
81.66666666666667 80.5 81.0 82.0 82.0
82.22222222222223 80.9 81.75 82.10000000000001 81.77777777777779
83.77777777777779 80.5 81.625 81.19999999999999 81.66666666666667
81.1111111111111 80.3 81.375 81.0 80.88888888888889
82.44444444444444 51.3 76.875 85.2 85.44444444444444
81.44444444444444 81.3 81.625 82.9 82.44444444444444
82.1111111111111 81.4 81.5 82.9 83.0
81.44444444444444 80.10000000000001 82.375 83.3 82.44444444444444
81.0 80.3 82.25 81.9 82.33333333333333
83.22222222222223 58.8 73.625 84.1 83.22222222222223
82.0 80.10000000000001 81.0 82.4 81.22222222222223
81.1111111111111 80.19999999999999 81.875 81.5 82.44444444444444
81.0 80.5 82.125 81.3 80.22222222222223
82.0 80.60000000000001 82.0 81.9 81.1111111111111
80.44444444444444 78.10000000000001 79.375 80.19999999999999 81.44444444444444
80.66666666666666 78.39999999999999 81.375 81.3 82.44444444444444
82.66666666666667 80.5 81.0 81.60000000000001 80.55555555555556
80.66666666666666 79.10000000000001 81.75 81.5 81.22222222222223
81.88888888888889 79.60000000000001 79.75 80.3 81.1111111111111
81.66666666666667 79.5 81.875 81.4 80.1111111111111
84.11111111111111 58.7 75.5 85.6 85.11111111111111
83.66666666666667 60.400000000000006 75.125 85.2 85.44444444444444
83.0 61.6 75.5 85.1 83.44444444444444
82.44444444444444 58.5 75.625 85.1 84.66666666666667
83.11111111111111 60.400000000000006 76.0 85.1 84.66666666666667
83.33333333333333 60.6 76.375 84.7 85.44444444444444
82.88888888888889 59.4 74.25 83.6 85.33333333333333
84.77777777777777 58.8 75.75 85.1 84.88888888888889
83.0 58.2 75.0 84.6 84.88888888888889
82.66666666666667 57.8 73.625 83.6 85.11111111111111
82.88888888888889 58.3 73.75 82.9 85.0
82.66666666666667 57.9 75.25 84.0 84.88888888888889
84.0 60.699999999999996 78.125 85.2 84.55555555555556
83.0 60.5 75.625 84.5 84.66666666666667
84.11111111111111 60.1 76.75 86.4 85.0
82.66666666666667 59.3 73.125 83.8 83.55555555555554
83.44444444444444 60.6 76.5 84.8 83.66666666666667
83.44444444444444 59.8 75.875 84.3 84.88888888888889
83.44444444444444 58.8 74.125 84.6 84.44444444444444
84.33333333333333 58.2 76.625 86.1 85.0
82.44444444444444 59.1 74.375 84.8 83.22222222222223
83.77777777777779 59.2 73.625 85.4 84.77777777777777
82.66666666666667 59.0 75.125 84.3 83.88888888888889
82.0 59.9 74.25 84.7 85.55555555555556
83.66666666666667 59.7 75.5 84.8 84.55555555555556
82.77777777777779 59.7 75.5 84.9 85.66666666666667
83.77777777777779 62.300000000000004 76.5 85.2 85.77777777777777
83.11111111111111 58.7 74.875 84.3 83.88888888888889
84.0 60.900000000000006 76.125 85.2 84.66666666666667
84.55555555555556 61.3 77.375 85.3 85.55555555555556
82.44444444444444 59.1 75.25 84.4 83.33333333333333
83.44444444444444 59.7 75.5 85.1 83.77777777777779
83.22222222222223 60.6 74.5 85.2 84.88888888888889
83.22222222222223 61.699999999999996 76.25 85.1 84.77777777777777
84.22222222222223 61.1 76.5 85.3 85.0
83.33333333333333 59.8 74.625 85.5 85.77777777777777
83.66666666666667 60.6 74.5 84.9 84.22222222222223
83.88888888888889 60.5 75.25 84.2 83.88888888888889
82.55555555555554 60.6 75.0 85.1 84.33333333333333
83.33333333333333 60.400000000000006 75.375 84.8 84.33333333333333
84.66666666666667 60.5 77.0 86.5 84.55555555555556
83.0 61.400000000000006 76.75 84.8 85.66666666666667
83.33333333333333 60.8 76.375 85.6 84.77777777777777
84.22222222222223 61.5 76.25 85.5 85.77777777777777
83.11111111111111 61.5 76.125 85.7 85.77777777777777
84.22222222222223 61.800000000000004 76.25 86.0 85.0
84.22222222222223 61.6 76.625 86.4 85.33333333333333
84.66666666666667 63.1 76.5 86.0 84.88888888888889
84.33333333333333 63.0 76.25 87.6 86.88888888888889
83.55555555555554 62.9 76.0 86.1 86.0
83.0 60.400000000000006 77.75 85.2 85.33333333333333
83.55555555555554 62.0 77.75 86.1 85.11111111111111
83.77777777777779 63.8 77.375 87.8 85.77777777777777
84.0 62.7 77.0 86.7 84.44444444444444
84.66666666666667 63.8 77.125 87.0 85.55555555555556
84.88888888888889 62.300000000000004 77.75 87.9 86.44444444444444
84.22222222222223 62.6 76.5 87.2 85.66666666666667
84.22222222222223 62.6 77.25 86.8 84.0
84.33333333333333 63.2 77.75 87.7 86.11111111111111
84.44444444444444 64.4 77.625 88.1 86.11111111111111
83.66666666666667 61.9 77.0 86.9 85.11111111111111
84.33333333333333 63.2 78.25 86.6 84.88888888888889
84.33333333333333 63.5 77.625 88.2 86.33333333333333
84.44444444444444 62.5 76.0 88.6 86.11111111111111
84.33333333333333 63.3 76.75 87.8 86.33333333333333
83.88888888888889 64.10000000000001 76.5 88.3 86.11111111111111
83.66666666666667 64.3 77.25 88.5 85.55555555555556
85.88888888888889 64.8 79.25 89.7 87.55555555555556
84.0 63.3 75.25 88.7 84.88888888888889
84.33333333333333 62.300000000000004 76.125 89.0 85.77777777777777
84.0 65.10000000000001 75.25 87.3 86.55555555555556
85.11111111111111 63.3 76.5 90.2 86.33333333333333
84.11111111111111 63.5 74.875 89.39999999999999 86.77777777777777
84.44444444444444 65.69999999999999 74.5 88.3 86.77777777777777
85.55555555555556 65.8 72.625 89.0 86.55555555555556
84.55555555555556 64.5 73.0 89.39999999999999 85.55555555555556
85.66666666666667 66.5 74.5 90.0 86.33333333333333
86.22222222222223 65.3 73.375 89.39999999999999 86.77777777777777
86.33333333333333 64.19999999999999 72.5 89.2 86.0
85.33333333333333 64.5 72.5 89.6 86.66666666666667
84.66666666666667 66.9 72.625 89.6 85.88888888888889
85.55555555555556 64.60000000000001 72.375 90.30000000000001 87.11111111111111
86.0 66.19999999999999 72.125 90.0 87.55555555555556
85.55555555555556 65.19999999999999 72.125 90.39999999999999 86.88888888888889
84.77777777777777 64.60000000000001 71.25 90.0 85.88888888888889
84.66666666666667 64.10000000000001 70.375 89.1 86.11111111111111
84.22222222222223 64.69999999999999 70.375 90.5 86.55555555555556
86.22222222222223 64.60000000000001 70.75 91.80000000000001 88.44444444444446
85.0 64.3 67.875 90.39999999999999 86.66666666666667
86.0 64.9 68.25 92.0 87.0
85.22222222222223 65.60000000000001 68.75 89.6 87.44444444444444
87.11111111111111 67.10000000000001 67.375 91.0 86.88888888888889
85.66666666666667 63.5 66.0 90.30000000000001 86.33333333333333
84.88888888888889 63.70000000000001 64.375 89.5 86.77777777777777
86.55555555555556 64.9 66.625 90.6 86.44444444444444
85.0 64.4 62.25 90.39999999999999 86.77777777777777
85.55555555555556 64.5 64.75 91.89999999999999 88.33333333333333
85.0 65.19999999999999 65.0 91.39999999999999 86.55555555555556
85.11111111111111 66.10000000000001 65.375 90.80000000000001 88.44444444444446
