0.0006858710562414267 0.16073968705547653 0.06321022727272728 0.0 0.0
0.0013717421124828533 0.14011379800853485 0.0625 0.0006329113924050633 0.0
0.0 0.15362731152204837 0.05397727272727273 0.0 0.0
0.0006858710562414267 0.17425320056899005 0.07599431818181818 0.0006329113924050633 0.0
0.0013717421124828533 0.1372688477951636 0.05894886363636363 0.0 0.0
0.0013717421124828533 0.12304409672830724 0.049715909090909095 0.0 0.0
0.0006858710562414267 0.162873399715505 0.060369318181818184 0.002531645569620253 0.0
0.00205761316872428 0.17852062588904694 0.06747159090909091 0.0 0.0
0.0013717421124828533 0.15362731152204837 0.07173295454545454 0.0 0.0
0.0013717421124828533 0.20625889046941678 0.0859375 0.0012658227848101266 0.0
0.0 0.14864864864864866 0.05042613636363636 0.0018987341772151898 0.0
0.00411522633744856 0.18207681365576103 0.06321022727272728 0.0012658227848101266 0.0
0.0006858710562414267 0.1429587482219061 0.05823863636363636 0.0 0.0
0.0006858710562414267 0.1600284495021337 0.06321022727272728 0.0 0.0
0.003429355281207133 0.16642958748221906 0.07386363636363637 0.0 0.0
0.0006858710562414267 0.14366998577524895 0.06960227272727273 0.0006329113924050633 0.0
0.0 0.17852062588904694 0.07244318181818182 0.0006329113924050633 0.0
0.0 0.16998577524893313 0.06676136363636363 0.0 0.0
0.0013717421124828533 0.14509246088193456 0.06107954545454545 0.0 0.0007132667617689016
0.0006858710562414267 0.16642958748221906 0.06107954545454545 0.0 0.0
0.0013717421124828533 0.15433854907539118 0.05965909090909091 0.0 0.0
0.003429355281207133 0.16145092460881935 0.06107954545454545 0.0006329113924050633 0.0
0.0006858710562414267 0.16358463726884778 0.05184659090909091 0.0 0.0
0.0006858710562414267 0.1678520625889047 0.05965909090909091 0.0006329113924050633 0.0
0.0027434842249657067 0.1721194879089616 0.06889204545454546 0.0 0.0
0.0 0.2119487908961593 0.04616477272727273 0.0 0.0
0.0013717421124828533 0.16642958748221906 0.07102272727272727 0.0006329113924050633 0.0
0.0 0.15718349928876243 0.06747159090909091 0.0 0.0
0.0 0.14366998577524895 0.06960227272727273 0.0 0.0
0.0 0.1891891891891892 0.06107954545454545 0.0 0.0
0.0006858710562414267 0.15647226173541964 0.057528409090909095 0.0 0.0
0.0013717421124828533 0.20056899004267426 0.06534090909090909 0.0012658227848101266 0.0
0.0013717421124828533 0.13940256045519203 0.07102272727272727 0.0012658227848101266 0.0
0.0 0.18207681365576103 0.08380681818181819 0.0 0.0
0.0 0.22617354196301565 0.05894886363636363 0.0 0.0
0.0013717421124828533 0.21266002844950213 0.06321022727272728 0.0 0.0
0.0 0.2147937411095306 0.06178977272727273 0.0 0.0
0.0013717421124828533 0.19772403982930298 0.0625 0.0012658227848101266 0.0
0.0 0.24751066856330015 0.078125 0.0006329113924050633 0.0
0.0006858710562414267 0.20056899004267426 0.06463068181818181 0.0 0.0
0.0006858710562414267 0.20412517780938835 0.08167613636363637 0.0 0.0
0.0 0.2446657183499289 0.06463068181818181 0.002531645569620253 0.0
0.0 0.23541963015647224 0.05113636363636363 0.0 0.0
0.0006858710562414267 0.23684210526315788 0.06605113636363637 0.0 0.0007132667617689016
0.0013717421124828533 0.2453769559032717 0.05823863636363636 0.0 0.0
0.0027434842249657067 0.2581792318634424 0.0703125 0.0012658227848101266 0.0
0.0013717421124828533 0.26458036984352773 0.060369318181818184 0.0 0.0
0.0013717421124828533 0.2503556187766714 0.08664772727272727 0.0012658227848101266 0.0007132667617689016
0.0006858710562414267 0.232574679943101 0.07954545454545454 0.0 0.0
0.0 0.24679943100995735 0.0546875 0.0 0.0
0.0 0.21692745376955905 0.08806818181818182 0.0006329113924050633 0.0
0.0006858710562414267 0.2759601706970128 0.06605113636363637 0.0 0.0
0.0 0.2816500711237553 0.06747159090909091 0.0006329113924050633 0.0
0.0013717421124828533 0.2844950213371266 0.06747159090909091 0.0 0.0
0.0013717421124828533 0.3008534850640114 0.06818181818181819 0.0006329113924050633 0.0
0.0 0.3015647226173542 0.06747159090909091 0.0006329113924050633 0.0007132667617689016
0.0 0.3243243243243243 0.07244318181818182 0.0006329113924050633 0.0
0.0013717421124828533 0.32147937411095306 0.0909090909090909 0.0 0.0
0.0 0.3193456614509246 0.0625 0.0 0.0
0.0006858710562414267 0.352773826458037 0.06747159090909091 0.0006329113924050633 0.0
0.0 0.3549075391180654 0.07386363636363637 0.0006329113924050633 0.0
0.0 0.337126600284495 0.06392045454545454 0.0012658227848101266 0.0
0.00205761316872428 0.3847795163584637 0.0859375 0.0006329113924050633 0.0
0.00205761316872428 0.3613086770981508 0.06321022727272728 0.0 0.0
0.0 0.3741109530583215 0.07173295454545454 0.0 0.0
0.00205761316872428 0.4338549075391181 0.06818181818181819 0.0 0.0
0.00205761316872428 0.4011379800853485 0.06889204545454546 0.0006329113924050633 0.0
0.0 0.4324324324324324 0.109375 0.0 0.0
0.0 0.4118065433854908 0.0752840909090909 0.0 0.0
0.0027434842249657067 0.4018492176386913 0.08451704545454546 0.0 0.0
0.0013717421124828533 0.4516358463726885 0.10014204545454546 0.0 0.0
0.0006858710562414267 0.42816500711237554 0.07386363636363637 0.0 0.0007132667617689016
0.0 0.4516358463726885 0.08522727272727273 0.0006329113924050633 0.0
0.0 0.4943100995732575 0.08451704545454546 0.0 0.0
0.0006858710562414267 0.46870554765291605 0.08025568181818181 0.0 0.0
0.0013717421124828533 0.5220483641536273 0.0752840909090909 0.0 0.0007132667617689016
0.0013717421124828533 0.45021337126600286 0.06605113636363637 0.0006329113924050633 0.0
0.0013717421124828533 0.527027027027027 0.08451704545454546 0.0006329113924050633 0.0
0.0013717421124828533 0.5099573257467994 0.07883522727272728 0.0 0.0
0.0013717421124828533 0.561877667140825 0.09019886363636365 0.0 0.0
0.0 0.5384068278805122 0.07244318181818182 0.0006329113924050633 0.0
0.00205761316872428 0.6059743954480796 0.10369318181818182 0.0006329113924050633 0.0
0.0 0.5953058321479374 0.0859375 0.0006329113924050633 0.0
0.00205761316872428 0.5938833570412517 0.08735795454545454 0.0006329113924050633 0.0
0.0 0.6372688477951636 0.09161931818181818 0.0 0.0
0.0006858710562414267 0.6088193456614509 0.08025568181818181 0.0006329113924050633 0.0
0.0 0.6372688477951636 0.10866477272727272 0.0006329113924050633 0.0
0.0013717421124828533 0.5789473684210527 0.07457386363636365 0.0 0.0007132667617689016
0.0013717421124828533 0.6479374110953058 0.07670454545454546 0.0 0.0
0.003429355281207133 0.6180654338549075 0.07741477272727272 0.0006329113924050633 0.0
0.0006858710562414267 0.65149359886202 0.08948863636363637 0.0012658227848101266 0.0
0.0006858710562414267 0.6564722617354196 0.08096590909090909 0.0 0.0
0.0013717421124828533 0.6763869132290186 0.08167613636363637 0.0012658227848101266 0.0
0.0006858710562414267 0.716927453769559 0.09446022727272728 0.0 0.0
0.0013717421124828533 0.6735419630156472 0.09303977272727272 0.0 0.0007132667617689016
0.0 0.7176386913229018 0.08167613636363637 0.0012658227848101266 0.0
0.0 0.7396870554765291 0.11221590909090909 0.0006329113924050633 0.0
0.0 0.8193456614509246 0.11434659090909091 0.0 0.0
0.0013717421124828533 0.7908961593172119 0.10227272727272727 0.0012658227848101266 0.0
0.0013717421124828533 0.7837837837837838 0.0909090909090909 0.0 0.0
0.00205761316872428 0.8726884779516358 0.1015625 0.0 0.0
0.0 0.04694167852062589 0.0 0.0 0.0
0.0 0.04125177809388336 0.0 0.0 0.0
0.0006858710562414267 0.051209103840682786 0.0 0.0 0.0021398002853067048
0.0 0.049075391180654335 0.0 0.0 0.0
0.0013717421124828533 0.884068278805121 0.11931818181818182 0.0 0.0
0.0 0.04623044096728307 0.0 0.0 0.0
0.0 0.041963015647226175 0.0 0.0006329113924050633 0.0
0.0 0.03556187766714083 0.0 0.0 0.0007132667617689016
0.0 0.044096728307254626 0.0 0.0 0.0
0.0006858710562414267 0.5896159317211949 0.2521306818181818 0.0012658227848101266 0.0
0.0 0.04338549075391181 0.0 0.0 0.0
0.0 0.051209103840682786 0.0 0.0 0.0
0.0013717421124828533 0.04836415362731152 0.0 0.0 0.0
0.0 0.040540540540540536 0.0007102272727272726 0.0006329113924050633 0.0
0.0006858710562414267 0.8321479374110954 0.09303977272727272 0.0006329113924050633 0.0
0.0 0.05334281650071124 0.0 0.0 0.0
0.0006858710562414267 0.040540540540540536 0.0 0.0 0.0
0.0 0.049075391180654335 0.0 0.0 0.0
0.0 0.04836415362731152 0.0 0.0 0.0
0.0013717421124828533 0.566145092460882 0.25 0.0006329113924050633 0.0
0.0 0.051209103840682786 0.0 0.0 0.0
0.0 0.05334281650071124 0.0 0.0 0.0
0.0 0.04836415362731152 0.0007102272727272726 0.0 0.0
0.0 0.04551920341394026 0.0 0.0 0.0
0.0 0.04765291607396871 0.0 0.0 0.0
0.0 0.049075391180654335 0.0 0.0 0.0
0.0 0.05405405405405405 0.0 0.0 0.0
0.0 0.05405405405405405 0.0 0.0006329113924050633 0.0
0.0 0.04978662873399716 0.0007102272727272726 0.0 0.0
0.0 0.05689900426742532 0.0 0.0 0.0007132667617689016
0.0006858710562414267 0.5953058321479374 0.20454545454545453 0.0012658227848101266 0.0
0.0 0.5789473684210527 0.23792613636363635 0.0 0.0
0.00205761316872428 0.5455192034139402 0.19673295454545453 0.0012658227848101266 0.0
0.0006858710562414267 0.620199146514936 0.18607954545454544 0.0006329113924050633 0.0
0.0 0.5576102418207681 0.18821022727272727 0.0012658227848101266 0.0
0.0013717421124828533 0.585348506401138 0.2109375 0.0 0.0
0.0006858710562414267 0.585348506401138 0.22514204545454547 0.0012658227848101266 0.0
0.0006858710562414267 0.5953058321479374 0.23650568181818182 0.0006329113924050633 0.0
0.0 0.6173541963015647 0.22514204545454547 0.002531645569620253 0.0
0.0006858710562414267 0.6308677098150782 0.24573863636363638 0.0 0.0007132667617689016
0.0006858710562414267 0.6102418207681366 0.26917613636363635 0.002531645569620253 0.0
0.0006858710562414267 0.6266002844950214 0.2478693181818182 0.0006329113924050633 0.0007132667617689016
0.0 0.5839260312944524 0.23011363636363638 0.0 0.0
0.0 0.5945945945945946 0.2350852272727273 0.0006329113924050633 0.0
0.0006858710562414267 0.5903271692745378 0.27698863636363635 0.0 0.0
0.0006858710562414267 0.6137980085348506 0.27840909090909094 0.0 0.0
0.0006858710562414267 0.5611664295874822 0.2571022727272727 0.002531645569620253 0.0
0.0006858710562414267 0.5846372688477952 0.2571022727272727 0.0012658227848101266 0.0
0.0 0.5896159317211949 0.28764204545454547 0.0006329113924050633 0.0
0.0 0.6607396870554766 0.2833806818181818 0.0018987341772151898 0.0
0.0 0.5960170697012802 0.30894886363636365 0.0006329113924050633 0.0
0.0013717421124828533 0.5974395448079658 0.3444602272727273 0.0006329113924050633 0.0
0.0006858710562414267 0.5945945945945946 0.34090909090909094 0.0 0.0
0.0 0.5753911806543386 0.3536931818181818 0.0006329113924050633 0.0
0.0006858710562414267 0.5668563300142248 0.3728693181818182 0.002531645569620253 0.0
0.0006858710562414267 0.596728307254623 0.34232954545454547 0.0 0.0
0.0 0.5668563300142248 0.3529829545454546 0.0012658227848101266 0.0
0.0 0.6194879089615932 0.41761363636363635 0.0012658227848101266 0.0
0.0 0.5917496443812233 0.4190340909090909 0.0006329113924050633 0.0
0.0 0.5917496443812233 0.4382102272727273 0.0018987341772151898 0.0
0.0006858710562414267 0.588904694167852 0.48295454545454547 0.0006329113924050633 0.0
0.0006858710562414267 0.6031294452347084 0.5397727272727273 0.0006329113924050633 0.0
0.0 0.5689900426742532 0.5504261363636364 0.0 0.0
0.0 0.5917496443812233 0.5909090909090909 0.0012658227848101266 0.0
0.0006858710562414267 0.5839260312944524 0.5923295454545454 0.0012658227848101266 0.0
0.0 0.6116642958748222 0.703125 0.0006329113924050633 0.0007132667617689016
0.0 0.5938833570412517 0.6754261363636364 0.0012658227848101266 0.0
0.0 0.6017069701280228 0.7258522727272727 0.0 0.0
0.0 0.6059743954480796 0.7279829545454546 0.0 0.0
0.0 0.6173541963015647 0.78125 0.0006329113924050633 0.0
0.0 0.6152204836415363 0.8018465909090909 0.0006329113924050633 0.0
0.0 0.5903271692745378 0.8863636363636365 0.0 0.0
0.0006858710562414267 0.6102418207681366 0.9602272727272727 0.0012658227848101266 0.0
0.0006858710562414267 0.6102418207681366 1.0056818181818181 0.0006329113924050633 0.0
0.0 0.6066856330014224 1.0901988636363638 0.0 0.0
0.0 0.6386913229018492 1.1988636363636365 0.0018987341772151898 0.0
0.0 0.6308677098150782 1.1839488636363635 0.0018987341772151898 0.0
0.0006858710562414267 0.6216216216216216 1.2194602272727273 0.0012658227848101266 0.0
0.0006858710562414267 0.620199146514936 1.3764204545454546 0.0 0.0
0.0 0.6294452347083926 1.3970170454545454 0.0006329113924050633 0.0
0.0 0.6586059743954481 1.40625 0.0006329113924050633 0.0
0.0 0.662873399715505 1.4971590909090908 0.0012658227848101266 0.0
0.0006858710562414267 0.6379800853485064 1.5454545454545454 0.0018987341772151898 0.0
0.0 0.6699857752489332 1.6548295454545454 0.0006329113924050633 0.0
0.0 0.6564722617354196 1.7059659090909092 0.0018987341772151898 0.0007132667617689016
0.0 0.6735419630156472 1.8217329545454546 0.0 0.0
0.0 0.6906116642958748 1.8941761363636362 0.0012658227848101266 0.0
0.0 0.6955903271692746 1.887784090909091 0.0018987341772151898 0.0
0.0 0.6799431009957325 2.0234375 0.0006329113924050633 0.0
0.0 0.6963015647226174 2.1029829545454546 0.0 0.0
0.0 0.72475106685633 2.185369318181818 0.0018987341772151898 0.0
0.0 0.7183499288762446 2.281960227272727 0.0018987341772151898 0.0
0.0013717421124828533 0.7226173541963016 2.362215909090909 0.0006329113924050633 0.0
0.0 0.7588904694167852 2.5120738636363633 0.0006329113924050633 0.0
0.0 0.7453769559032717 2.622159090909091 0.0012658227848101266 0.0
0.0 0.7638691322901849 2.7102272727272725 0.0012658227848101266 0.0
0.0 0.7617354196301565 2.762784090909091 0.0006329113924050633 0.0
0.0006858710562414267 0.8044096728307254 2.9240056818181817 0.0 0.0
0.0006858710562414267 0.8086770981507824 3.135653409090909 0.0 0.0
0.0006858710562414267 0.8812233285917496 3.2613636363636362 0.0018987341772151898 0.0
0.0 0.8079658605974396 3.2535511363636362 0.0012658227848101266 0.0
0.0006858710562414267 0.8726884779516358 3.3615056818181817 0.0012658227848101266 0.0
0.0 0.8669985775248933 3.507102272727273 0.0006329113924050633 0.0
0.0006858710562414267 0.8421052631578948 3.690340909090909 0.0012658227848101266 0.0
0.0 0.9004267425320057 3.9069602272727275 0.0006329113924050633 0.0007132667617689016
0.0 0.9260312944523471 4.004971590909091 0.0018987341772151898 0.0
0.0 0.9395448079658606 4.0774147727272725 0.0 0.0
0.0013717421124828533 0.995732574679943 4.271306818181818 0.0 0.0014265335235378032
0.0006858710562414267 0.9836415362731152 4.399857954545455 0.0012658227848101266 0.0
0.0 0.9921763869132291 4.427556818181818 0.0012658227848101266 0.0
0.0006858710562414267 0.9665718349928876 4.549005681818182 0.0 0.0
0.0 1.0184921763869133 4.634232954545454 0.0006329113924050633 0.0
0.0 1.0270270270270272 4.764204545454546 0.0 0.0
0.0 1.0768136557610244 4.8615056818181825 0.0018987341772151898 0.0007132667617689016
0.0006858710562414267 1.0448079658605975 5.084517045454546 0.0 0.0
0.0 1.1258890469416785 5.129261363636363 0.0006329113924050633 0.0
0.0 1.1614509246088192 5.378551136363636 0.0018987341772151898 0.0
0.0 1.1792318634423897 5.4069602272727275 0.0018987341772151898 0.0
0.0 1.1735419630156472 5.5866477272727275 0.0006329113924050633 0.0007132667617689016
0.0 1.2254623044096729 5.725852272727273 0.0012658227848101266 0.0
0.0 1.2261735419630155 5.8828125 0.0006329113924050633 0.0
0.0013717421124828533 1.2311522048364154 6.1015625 0.0006329113924050633 0.0
0.0 1.2524893314366998 6.129261363636363 0.0 0.0
0.0006858710562414267 1.271692745376956 6.252840909090909 0.0 0.0
0.0006858710562414267 1.2887624466571834 6.317471590909091 0.0006329113924050633 0.0007132667617689016
0.0006858710562414267 1.3321479374110952 6.520596590909091 0.0012658227848101266 0.0
0.0006858710562414267 1.332859174964438 6.497869318181818 0.0006329113924050633 0.0
0.0 1.3527738264580371 6.544744318181818 0.0006329113924050633 0.0
0.0006858710562414267 1.3264580369843528 6.572443181818182 0.0006329113924050633 0.0
