0.0013717421124828533 0.155049786628734 0.0752840909090909 0.0 0.0
0.0027434842249657067 0.1465149359886202 0.046875 0.0012658227848101266 0.0
0.0 0.17496443812233284 0.049715909090909095 0.0 0.0
0.0 0.19203413940256045 0.0752840909090909 0.0 0.0
0.0013717421124828533 0.1507823613086771 0.05823863636363636 0.0 0.0
0.0 0.12802275960170698 0.052556818181818184 0.0 0.0
0.0013717421124828533 0.155049786628734 0.05823863636363636 0.002531645569620253 0.0
0.0 0.1678520625889047 0.06107954545454545 0.0 0.0
0.0027434842249657067 0.1678520625889047 0.078125 0.0 0.0
0.0013717421124828533 0.20768136557610242 0.0752840909090909 0.0012658227848101266 0.0
0.0 0.15647226173541964 0.03977272727272727 0.0012658227848101266 0.0
0.00411522633744856 0.18776671408250356 0.05823863636363636 0.0012658227848101266 0.0
0.0013717421124828533 0.13655761024182075 0.05397727272727273 0.0 0.0
0.0 0.1465149359886202 0.05539772727272728 0.0 0.0
0.005486968449931413 0.1465149359886202 0.06392045454545454 0.0 0.0
0.0 0.12802275960170698 0.06392045454545454 0.0012658227848101266 0.0
0.0 0.18207681365576103 0.0752840909090909 0.0 0.0
0.0 0.15647226173541964 0.056818181818181816 0.0 0.0
0.0013717421124828533 0.13513513513513514 0.041193181818181816 0.0 0.0014265335235378032
0.0 0.14793741109530584 0.06392045454545454 0.0 0.0
0.0 0.14366998577524895 0.06107954545454545 0.0 0.0
0.0027434842249657067 0.1507823613086771 0.046875 0.0 0.0
0.0 0.14509246088193456 0.04545454545454545 0.0 0.0
0.0013717421124828533 0.14082503556187764 0.048295454545454544 0.0 0.0
0.0027434842249657067 0.1465149359886202 0.06960227272727273 0.0 0.0
0.0 0.16642958748221906 0.04261363636363637 0.0 0.0
0.0027434842249657067 0.1337126600284495 0.07244318181818182 0.0012658227848101266 0.0
0.0 0.12802275960170698 0.06676136363636363 0.0 0.0
0.0 0.10241820768136557 0.05539772727272728 0.0 0.0
0.0 0.1507823613086771 0.04403409090909091 0.0 0.0
0.0013717421124828533 0.12802275960170698 0.05113636363636363 0.0 0.0
0.0 0.16073968705547653 0.05397727272727273 0.0 0.0
0.0013717421124828533 0.1081081081081081 0.07102272727272727 0.0012658227848101266 0.0
0.0 0.1379800853485064 0.06676136363636363 0.0 0.0
0.0 0.1763869132290185 0.048295454545454544 0.0 0.0
0.0 0.14935988620199145 0.056818181818181816 0.0 0.0
0.0 0.16358463726884778 0.04261363636363637 0.0 0.0
0.0013717421124828533 0.14082503556187764 0.05539772727272728 0.0 0.0
0.0 0.16927453769559034 0.078125 0.0012658227848101266 0.0
0.0 0.13086770981507825 0.03977272727272727 0.0 0.0
0.0 0.1422475106685633 0.07102272727272727 0.0 0.0
0.0 0.16216216216216214 0.04403409090909091 0.002531645569620253 0.0
0.0 0.14793741109530584 0.04403409090909091 0.0 0.0
0.0 0.15220483641536273 0.03551136363636363 0.0 0.0
0.0 0.1337126600284495 0.03835227272727273 0.0 0.0
0.00411522633744856 0.16073968705547653 0.05539772727272728 0.0012658227848101266 0.0
0.0 0.14509246088193456 0.05113636363636363 0.0 0.0
0.0013717421124828533 0.14082503556187764 0.07670454545454546 0.0 0.0
0.0 0.1294452347083926 0.06392045454545454 0.0 0.0
0.0 0.14509246088193456 0.041193181818181816 0.0 0.0
0.0 0.11806543385490754 0.06392045454545454 0.0012658227848101266 0.0
0.0 0.16642958748221906 0.048295454545454544 0.0 0.0
0.0 0.13229018492176386 0.048295454545454544 0.0012658227848101266 0.0
0.0013717421124828533 0.13086770981507825 0.046875 0.0 0.0
0.0013717421124828533 0.13086770981507825 0.04261363636363637 0.0 0.0
0.0 0.14935988620199145 0.04403409090909091 0.0 0.0
0.0 0.14935988620199145 0.05397727272727273 0.0012658227848101266 0.0
0.0027434842249657067 0.1507823613086771 0.06534090909090909 0.0 0.0
0.0 0.12802275960170698 0.041193181818181816 0.0 0.0
0.0 0.1294452347083926 0.05539772727272728 0.0 0.0
0.0 0.1337126600284495 0.06818181818181819 0.0012658227848101266 0.0
0.0 0.11095305832147938 0.048295454545454544 0.0 0.0
0.0013717421124828533 0.16642958748221906 0.06534090909090909 0.0012658227848101266 0.0
0.0 0.1209103840682788 0.05113636363636363 0.0 0.0
0.0 0.14082503556187764 0.05397727272727273 0.0 0.0
0.0027434842249657067 0.1721194879089616 0.049715909090909095 0.0 0.0
0.0 0.13940256045519203 0.041193181818181816 0.0 0.0
0.0 0.14509246088193456 0.09517045454545456 0.0 0.0
0.0 0.1209103840682788 0.05965909090909091 0.0 0.0
0.0 0.13086770981507825 0.05397727272727273 0.0 0.0
0.0 0.15362731152204837 0.07386363636363637 0.0 0.0
0.0 0.13086770981507825 0.046875 0.0 0.0
0.0 0.13940256045519203 0.05539772727272728 0.0012658227848101266 0.0
0.0 0.16927453769559034 0.05397727272727273 0.0 0.0
0.0 0.11806543385490754 0.046875 0.0 0.0
0.0013717421124828533 0.15789473684210525 0.05965909090909091 0.0 0.0014265335235378032
0.0013717421124828533 0.10241820768136557 0.05113636363636363 0.0 0.0
0.0 0.13229018492176386 0.052556818181818184 0.0 0.0
0.0013717421124828533 0.1251778093883357 0.048295454545454544 0.0 0.0
0.0013717421124828533 0.1422475106685633 0.05397727272727273 0.0 0.0
0.0 0.12660028449502134 0.03551136363636363 0.0012658227848101266 0.0
0.0027434842249657067 0.16927453769559034 0.0752840909090909 0.0012658227848101266 0.0
0.0 0.14509246088193456 0.052556818181818184 0.0012658227848101266 0.0
0.0013717421124828533 0.12660028449502134 0.03977272727272727 0.0012658227848101266 0.0
0.0 0.13940256045519203 0.05397727272727273 0.0 0.0
0.0 0.14366998577524895 0.04261363636363637 0.0012658227848101266 0.0
0.0 0.12375533428165007 0.06392045454545454 0.0 0.0
0.0027434842249657067 0.09246088193456614 0.046875 0.0 0.0
0.0013717421124828533 0.1379800853485064 0.04261363636363637 0.0 0.0
0.00411522633744856 0.10241820768136557 0.03835227272727273 0.0 0.0
0.0 0.1209103840682788 0.05539772727272728 0.0012658227848101266 0.0
0.0 0.10241820768136557 0.034090909090909095 0.0 0.0
0.0013717421124828533 0.13229018492176386 0.04261363636363637 0.0012658227848101266 0.0
0.0 0.12233285917496445 0.049715909090909095 0.0 0.0
0.0013717421124828533 0.11806543385490754 0.05539772727272728 0.0 0.0014265335235378032
0.0 0.11095305832147938 0.04545454545454545 0.0 0.0
0.0 0.10526315789473685 0.06107954545454545 0.0012658227848101266 0.0
0.0 0.15220483641536273 0.0625 0.0 0.0
0.0027434842249657067 0.12375533428165007 0.0625 0.0012658227848101266 0.0
0.0013717421124828533 0.10241820768136557 0.04261363636363637 0.0 0.0
0.0013717421124828533 0.14366998577524895 0.05823863636363636 0.0 0.0
0.0 0.0 0.0 0.0 0.0
0.0 0.0 0.0 0.0 0.0
0.0 0.0 0.0 0.0 0.0042796005706134095
0.0 0.0 0.0 0.0 0.0
0.0027434842249657067 0.1507823613086771 0.06960227272727273 0.0 0.0
0.0 0.0 0.0 0.0 0.0
0.0 0.0 0.0 0.0 0.0
0.0 0.0 0.0 0.0 0.0014265335235378032
0.0 0.0 0.0 0.0 0.0
0.0013717421124828533 0.03982930298719772 0.1377840909090909 0.0012658227848101266 0.0
0.0 0.0 0.0 0.0 0.0
0.0 0.0 0.0 0.0 0.0
0.0 0.0 0.0 0.0 0.0
0.0 0.0 0.0 0.0 0.0
0.0013717421124828533 0.13086770981507825 0.04545454545454545 0.0 0.0
0.0 0.0 0.0 0.0 0.0
0.0 0.001422475106685633 0.0 0.0 0.0
0.0 0.0 0.0 0.0 0.0
0.0 0.0 0.0 0.0 0.0
0.0013717421124828533 0.027027027027027025 0.1534090909090909 0.0 0.0
0.0 0.0 0.0 0.0 0.0
0.0 0.0 0.0 0.0 0.0
0.0 0.0 0.0 0.0 0.0
0.0 0.0 0.0 0.0 0.0
0.0 0.0 0.0 0.0 0.0
0.0 0.0 0.0 0.0 0.0
0.0 0.0 0.0 0.0 0.0
0.0 0.0 0.0 0.0012658227848101266 0.0
0.0 0.0 0.0 0.0 0.0
0.0 0.0 0.0 0.0 0.0014265335235378032
0.0013717421124828533 0.04978662873399716 0.09801136363636363 0.0 0.0
0.0 0.03271692745376956 0.1377840909090909 0.0 0.0
0.0013717421124828533 0.03271692745376956 0.12073863636363637 0.0012658227848101266 0.0
0.0 0.05405405405405405 0.10795454545454546 0.0 0.0
0.0 0.03982930298719772 0.109375 0.0 0.0
0.0013717421124828533 0.051209103840682786 0.11789772727272727 0.0 0.0
0.0 0.04125177809388336 0.1505681818181818 0.0 0.0
0.0 0.03556187766714083 0.1491477272727273 0.0 0.0
0.0 0.04551920341394026 0.14204545454545453 0.005063291139240506 0.0
0.0 0.05832147937411095 0.16619318181818182 0.0 0.0014265335235378032
0.0013717421124828533 0.04694167852062589 0.1803977272727273 0.002531645569620253 0.0
0.0 0.06543385490753913 0.1803977272727273 0.0 0.0014265335235378032
0.0 0.052631578947368425 0.1803977272727273 0.0 0.0
0.0 0.051209103840682786 0.19318181818181818 0.0012658227848101266 0.0
0.0013717421124828533 0.031294452347083924 0.2315340909090909 0.0 0.0
0.0 0.06685633001422475 0.23295454545454544 0.0 0.0
0.0 0.03982930298719772 0.2315340909090909 0.0037974683544303796 0.0
0.0 0.052631578947368425 0.234375 0.0012658227848101266 0.0
0.0 0.052631578947368425 0.28267045454545453 0.0 0.0
0.0 0.07823613086770982 0.3196022727272727 0.0037974683544303796 0.0
0.0 0.07112375533428165 0.3153409090909091 0.0012658227848101266 0.0
0.0 0.06685633001422475 0.3494318181818182 0.0 0.0
0.0 0.061166429587482224 0.3821022727272727 0.0 0.0
0.0 0.06258890469416785 0.41051136363636365 0.0 0.0
0.0013717421124828533 0.04694167852062589 0.46448863636363635 0.002531645569620253 0.0
0.0 0.07254623044096728 0.4332386363636364 0.0 0.0
0.0 0.05405405405405405 0.4360795454545454 0.0 0.0
0.0 0.06827880512091038 0.5284090909090909 0.0 0.0
0.0 0.06827880512091038 0.5767045454545455 0.0 0.0
0.0 0.06543385490753913 0.6349431818181819 0.002531645569620253 0.0
0.0013717421124828533 0.06827880512091038 0.6931818181818181 0.0 0.0
0.0013717421124828533 0.06827880512091038 0.7911931818181819 0.0 0.0
0.0 0.07396870554765292 0.8210227272727273 0.0 0.0
0.0 0.08392603129445235 0.9119318181818181 0.0 0.0
0.0013717421124828533 0.09672830725462304 0.9375 0.0012658227848101266 0.0
0.0 0.10099573257467995 1.1136363636363638 0.0012658227848101266 0.0
0.0 0.08819345661450925 1.078125 0.002531645569620253 0.0
0.0 0.09672830725462304 1.2059659090909092 0.0 0.0
0.0 0.11095305832147938 1.2286931818181819 0.0 0.0
0.0 0.11948790896159317 1.315340909090909 0.0 0.0
0.0 0.11948790896159317 1.372159090909091 0.0 0.0
0.0 0.11522048364153627 1.5255681818181817 0.0 0.0
0.0 0.13086770981507825 1.6889204545454544 0.0012658227848101266 0.0
0.0 0.15647226173541964 1.7485795454545454 0.0 0.0
0.0 0.17069701280227595 1.9488636363636365 0.0 0.0
0.0 0.20056899004267426 2.122159090909091 0.002531645569620253 0.0
0.0 0.1934566145092461 2.1704545454545454 0.002531645569620253 0.0
0.0013717421124828533 0.19914651493598864 2.2329545454545454 0.002531645569620253 0.0
0.0013717421124828533 0.2204836415362731 2.5056818181818183 0.0 0.0
0.0 0.2418207681365576 2.576704545454546 0.0012658227848101266 0.0
0.0 0.24039829302987198 2.6235795454545454 0.0 0.0
0.0 0.2930298719772404 2.791193181818182 0.002531645569620253 0.0
0.0 0.2731152204836415 2.913352272727273 0.002531645569620253 0.0
0.0 0.30867709815078237 3.106534090909091 0.0012658227848101266 0.0
0.0 0.3115220483641536 3.221590909090909 0.002531645569620253 0.0014265335235378032
0.0 0.3129445234708393 3.446022727272727 0.0 0.0
0.0 0.3541963015647226 3.6107954545454546 0.0012658227848101266 0.0
0.0 0.3840682788051209 3.6107954545454546 0.0012658227848101266 0.0
0.0 0.3627311522048364 3.8423295454545454 0.0 0.0
0.0 0.3968705547652916 4.042613636363637 0.0 0.0
0.0 0.4366998577524893 4.201704545454546 0.0 0.0
0.0 0.4623044096728307 4.4133522727272725 0.002531645569620253 0.0
0.0 0.4694167852062589 4.5696022727272725 0.0012658227848101266 0.0
0.0 0.5092460881934566 4.819602272727273 0.0 0.0
0.0 0.5163584637268848 5.063920454545455 0.0012658227848101266 0.0
0.0 0.5689900426742532 5.264204545454546 0.0012658227848101266 0.0
0.0 0.577524893314367 5.396306818181818 0.0012658227848101266 0.0
0.0013717421124828533 0.6273115220483642 5.713068181818182 0.0 0.0
0.0013717421124828533 0.6330014224751067 6.112215909090909 0.0 0.0
0.0 0.7126600284495022 6.380681818181818 0.002531645569620253 0.0
0.0 0.6856330014224752 6.3835227272727275 0.0012658227848101266 0.0
0.0 0.7581792318634424 6.599431818181818 0.0012658227848101266 0.0
0.0 0.786628733997155 6.892045454545454 0.0 0.0
0.0013717421124828533 0.7937411095305832 7.265625 0.0012658227848101266 0.0
0.0 0.8805120910384068 7.701704545454546 0.0 0.0
0.0 0.9274537695590327 7.873579545454545 0.0 0.0
0.0 0.9743954480796586 8.041193181818182 0.0 0.0
0.0013717421124828533 1.038406827880512 8.420454545454545 0.0 0.0
0.0013717421124828533 1.062588904694168 8.698863636363637 0.0012658227848101266 0.0
0.0 1.0611664295874823 8.759943181818182 0.0012658227848101266 0.0
0.0 1.0981507823613088 9.018465909090908 0.0 0.0
0.0 1.1166429587482218 9.176136363636363 0.0012658227848101266 0.0
0.0 1.2005689900426744 9.4375 0.0 0.0
0.0 1.2588904694167853 9.633522727272727 0.002531645569620253 0.0
0.0013717421124828533 1.2574679943100995 10.088068181818182 0.0 0.0
0.0 1.3655761024182076 10.181818181818182 0.0 0.0
0.0 1.4566145092460883 10.681818181818182 0.002531645569620253 0.0
0.0 1.4679943100995732 10.744318181818182 0.0 0.0
0.0 1.530583214793741 11.099431818181817 0.0012658227848101266 0.0014265335235378032
0.0 1.5405405405405406 11.352272727272727 0.0012658227848101266 0.0
0.0 1.6187766714082503 11.690340909090908 0.0 0.0
0.0013717421124828533 1.701280227596017 12.103693181818182 0.0012658227848101266 0.0
0.0 1.6557610241820768 12.183238636363637 0.0 0.0
0.0013717421124828533 1.701280227596017 12.421875 0.0 0.0
0.0013717421124828533 1.77524893314367 12.5625 0.0 0.0
0.0 1.8591749644381224 12.951704545454545 0.0012658227848101266 0.0
0.0 1.817923186344239 12.910511363636363 0.0 0.0
0.0 1.867709815078236 13.025568181818182 0.0012658227848101266 0.0
0.0 1.8790896159317212 13.079545454545455 0.0 0.0
