31900.000 -0.500 -0.500
31901.000 -0.500 -0.462
31902.000 -0.500 -0.423
31903.000 -0.500 -0.385
31904.000 -0.500 -0.346
31905.000 -0.500 -0.308
31906.000 -0.500 -0.269
31907.000 -0.500 -0.231
31908.000 -0.500 -0.192
31909.000 -0.500 -0.154
31910.000 -0.500 -0.115
31911.000 -0.500 -0.038
31912.000 -0.500 0.000
31913.000 -0.500 0.038
31914.000 -0.500 0.077
31915.000 -0.500 0.115
31916.000 -0.500 0.154
31917.000 -0.500 0.192
31918.000 -0.500 0.231
31919.000 -0.500 0.269
31920.000 -0.500 0.308
31921.000 -0.500 0.346
31922.000 -0.500 0.385
31923.000 -0.500 0.462
31924.000 -0.462 -0.500
31925.000 -0.462 -0.462
31926.000 -0.462 -0.423
31927.000 -0.462 -0.385
31928.000 -0.462 -0.346
31929.000 -0.462 -0.308
31930.000 -0.462 -0.231
31931.000 -0.462 -0.192
31932.000 -0.462 -0.154
31933.000 -0.462 -0.115
31934.000 -0.462 -0.077
31935.000 -0.462 -0.038
31936.000 -0.462 0.000
31937.000 -0.462 0.038
31938.000 -0.462 0.115
31939.000 -0.462 0.154
31940.000 -0.462 0.192
31941.000 -0.462 0.231
31942.000 -0.462 0.269
31943.000 -0.462 0.308
31944.000 -0.462 0.346
31945.000 -0.462 0.385
31946.000 -0.462 0.423
31947.000 -0.462 0.462
31948.000 -0.423 -0.500
31949.000 -0.423 -0.462
31950.000 -0.423 -0.423
31951.000 -0.423 -0.385
31952.000 -0.423 -0.346
31953.000 -0.423 -0.308
31954.000 -0.423 -0.269
31955.000 -0.423 -0.231
31956.000 -0.423 -0.192
31957.000 -0.423 -0.154
31958.000 -0.423 -0.115
31959.000 -0.423 -0.077
31960.000 -0.423 -0.038
31961.000 -0.423 0.000
31962.000 -0.423 0.038
31963.000 -0.423 0.115
31964.000 -0.423 0.154
31965.000 -0.423 0.192
31966.000 -0.423 0.231
31967.000 -0.423 0.269
31968.000 -0.423 0.308
31969.000 -0.423 0.346
31970.000 -0.423 0.385
31971.000 -0.423 0.423
31972.000 -0.423 0.462
31973.000 -0.385 -0.500
31974.000 -0.385 -0.462
31975.000 -0.385 -0.423
31976.000 -0.385 -0.385
31977.000 -0.385 -0.346
31978.000 -0.385 -0.308
31979.000 -0.385 -0.269
31980.000 -0.385 -0.231
31981.000 -0.385 -0.192
31982.000 -0.385 -0.154
31983.000 -0.385 -0.115
31984.000 -0.385 -0.077
31985.000 -0.385 -0.038
31986.000 -0.385 0.000
31987.000 -0.385 0.038
31988.000 -0.385 0.077
31989.000 -0.385 0.115
31990.000 -0.385 0.154
31991.000 -0.385 0.192
31992.000 -0.385 0.231
31993.000 -0.385 0.269
31994.000 -0.385 0.308
31995.000 -0.385 0.346
31996.000 -0.385 0.385
31997.000 -0.385 0.423
31998.000 -0.385 0.462
31999.000 -0.346 -0.500
32000.000 -0.346 -0.462
32001.000 -0.346 -0.423
32002.000 -0.346 -0.385
32003.000 -0.346 -0.346
32004.000 -0.346 -0.308
32005.000 -0.346 -0.269
32006.000 -0.346 -0.192
32007.000 -0.346 -0.154
32008.000 -0.346 -0.115
32009.000 -0.346 -0.077
32010.000 -0.346 -0.038
32011.000 -0.346 0.038
32012.000 -0.346 0.077
32013.000 -0.346 0.115
32014.000 -0.346 0.192
32015.000 -0.346 0.231
32016.000 -0.346 0.269
32017.000 -0.346 0.308
32018.000 -0.346 0.346
32019.000 -0.346 0.385
32020.000 -0.346 0.423
32021.000 -0.308 -0.500
32022.000 -0.308 -0.462
32023.000 -0.308 -0.423
32024.000 -0.308 -0.385
32025.000 -0.308 -0.346
32026.000 -0.308 -0.308
32027.000 -0.308 -0.269
32028.000 -0.308 -0.231
32029.000 -0.308 -0.154
32030.000 -0.308 -0.115
32031.000 -0.308 -0.077
32032.000 -0.308 -0.038
32033.000 -0.308 0.000
32034.000 -0.308 0.038
32035.000 -0.308 0.077
32036.000 -0.308 0.115
32037.000 -0.308 0.154
32038.000 -0.308 0.192
32039.000 -0.308 0.231
32040.000 -0.308 0.269
32041.000 -0.308 0.308
32042.000 -0.308 0.385
32043.000 -0.308 0.423
32044.000 -0.308 0.462
32045.000 -0.269 -0.500
32046.000 -0.269 -0.462
32047.000 -0.269 -0.423
32048.000 -0.269 -0.385
32049.000 -0.269 -0.346
32050.000 -0.269 -0.308
32051.000 -0.269 -0.269
32052.000 -0.269 -0.231
32053.000 -0.269 -0.192
32054.000 -0.269 -0.154
32055.000 -0.269 -0.077
32056.000 -0.269 -0.038
32057.000 -0.269 0.000
32058.000 -0.269 0.038
32059.000 -0.269 0.077
32060.000 -0.269 0.115
32061.000 -0.269 0.154
32062.000 -0.269 0.192
32063.000 -0.269 0.231
32064.000 -0.269 0.269
32065.000 -0.269 0.308
32066.000 -0.269 0.346
32067.000 -0.269 0.385
32068.000 -0.269 0.423
32069.000 -0.269 0.462
32070.000 -0.231 -0.500
32071.000 -0.231 -0.462
32072.000 -0.231 -0.423
32073.000 -0.231 -0.385
32074.000 -0.231 -0.346
32075.000 -0.231 -0.308
32076.000 -0.231 -0.269
32077.000 -0.231 -0.231
32078.000 -0.231 -0.192
32079.000 -0.231 -0.154
32080.000 -0.231 -0.115
32081.000 -0.231 -0.077
32082.000 -0.231 -0.038
32083.000 -0.231 0.000
32084.000 -0.231 0.038
32085.000 -0.231 0.077
32086.000 -0.231 0.115
32087.000 -0.231 0.154
32088.000 -0.231 0.192
32089.000 -0.231 0.231
32090.000 -0.231 0.269
32091.000 -0.231 0.308
32092.000 -0.231 0.346
32093.000 -0.231 0.385
32094.000 -0.231 0.423
32095.000 -0.192 -0.500
32096.000 -0.192 -0.462
32097.000 -0.192 -0.423
32098.000 -0.192 -0.385
32099.000 -0.192 -0.308
32100.000 -0.192 -0.269
32101.000 -0.192 -0.231
32102.000 -0.192 -0.115
32103.000 -0.192 -0.077
32104.000 -0.192 -0.038
32105.000 -0.192 0.000
32106.000 -0.192 0.038
32107.000 -0.192 0.077
32108.000 -0.192 0.115
32109.000 -0.192 0.154
32110.000 -0.192 0.192
32111.000 -0.192 0.231
32112.000 -0.192 0.308
32113.000 -0.192 0.346
32114.000 -0.192 0.385
32115.000 -0.192 0.423
32116.000 -0.192 0.462
32117.000 -0.154 -0.462
32118.000 -0.154 -0.423
32119.000 -0.154 -0.385
32120.000 -0.154 -0.346
32121.000 -0.154 -0.308
32122.000 -0.154 -0.269
32123.000 -0.154 -0.231
32124.000 -0.154 -0.192
32125.000 -0.154 -0.154
32126.000 -0.154 -0.115
32127.000 -0.154 -0.077
32128.000 -0.154 -0.038
32129.000 -0.154 0.000
32130.000 -0.154 0.038
32131.000 -0.154 0.077
32132.000 -0.154 0.115
32133.000 -0.154 0.154
32134.000 -0.154 0.192
32135.000 -0.154 0.231
32136.000 -0.154 0.269
32137.000 -0.154 0.308
32138.000 -0.154 0.346
32139.000 -0.154 0.385
32140.000 -0.154 0.423
32141.000 -0.154 0.462
32142.000 -0.115 -0.500
32143.000 -0.115 -0.462
32144.000 -0.115 -0.423
32145.000 -0.115 -0.385
32146.000 -0.115 -0.346
32147.000 -0.115 -0.308
32148.000 -0.115 -0.269
32149.000 -0.115 -0.231
32150.000 -0.115 -0.192
32151.000 -0.115 -0.154
32152.000 -0.115 -0.115
32153.000 -0.115 -0.077
32154.000 -0.115 -0.038
32155.000 -0.115 0.000
32156.000 -0.115 0.077
32157.000 -0.115 0.115
32158.000 -0.115 0.154
32159.000 -0.115 0.192
32160.000 -0.115 0.231
32161.000 -0.115 0.269
32162.000 -0.115 0.308
32163.000 -0.115 0.346
32164.000 -0.115 0.385
32165.000 -0.115 0.423
32166.000 -0.115 0.462
32167.000 -0.077 -0.500
32168.000 -0.077 -0.423
32169.000 -0.077 -0.385
32170.000 -0.077 -0.346
32171.000 -0.077 -0.269
32172.000 -0.077 -0.231
32173.000 -0.077 -0.192
32174.000 -0.077 -0.154
32175.000 -0.077 -0.115
32176.000 -0.077 -0.077
32177.000 -0.077 -0.038
32178.000 -0.077 0.000
32179.000 -0.077 0.038
32180.000 -0.077 0.077
32181.000 -0.077 0.115
32182.000 -0.077 0.154
32183.000 -0.077 0.192
32184.000 -0.077 0.231
32185.000 -0.077 0.269
32186.000 -0.077 0.346
32187.000 -0.077 0.385
32188.000 -0.077 0.423
32189.000 -0.077 0.462
32190.000 -0.038 -0.500
32191.000 -0.038 -0.462
32192.000 -0.038 -0.423
32193.000 -0.038 -0.385
32194.000 -0.038 -0.346
32195.000 -0.038 -0.308
32196.000 -0.038 -0.269
32197.000 -0.038 -0.231
32198.000 -0.038 -0.192
32199.000 -0.038 -0.154
32200.000 -0.038 -0.115
32201.000 -0.038 -0.077
32202.000 -0.038 -0.038
32203.000 -0.038 0.000
32204.000 -0.038 0.077
32205.000 -0.038 0.115
32206.000 -0.038 0.154
32207.000 -0.038 0.192
32208.000 -0.038 0.231
32209.000 -0.038 0.269
32210.000 -0.038 0.308
32211.000 -0.038 0.346
32212.000 -0.038 0.385
32213.000 -0.038 0.423
32214.000 -0.038 0.462
32215.000 0.000 -0.500
32216.000 0.000 -0.462
32217.000 0.000 -0.423
32218.000 0.000 -0.385
32219.000 0.000 -0.346
32220.000 0.000 -0.308
32221.000 0.000 -0.269
32222.000 0.000 -0.231
32223.000 0.000 -0.192
32224.000 0.000 -0.154
32225.000 0.000 -0.115
32226.000 0.000 -0.038
32227.000 0.000 0.000
32228.000 0.000 0.038
32229.000 0.000 0.077
32230.000 0.000 0.115
32231.000 0.000 0.154
32232.000 0.000 0.192
32233.000 0.000 0.231
32234.000 0.000 0.269
32235.000 0.000 0.308
32236.000 0.000 0.346
32237.000 0.000 0.385
32238.000 0.000 0.423
32239.000 0.000 0.462
32240.000 0.038 -0.500
32241.000 0.038 -0.462
32242.000 0.038 -0.423
32243.000 0.038 -0.385
32244.000 0.038 -0.346
32245.000 0.038 -0.308
32246.000 0.038 -0.269
32247.000 0.038 -0.231
32248.000 0.038 -0.192
32249.000 0.038 -0.154
32250.000 0.038 -0.115
32251.000 0.038 -0.077
32252.000 0.038 -0.038
32253.000 0.038 0.000
32254.000 0.038 0.038
32255.000 0.038 0.077
32256.000 0.038 0.115
32257.000 0.038 0.192
32258.000 0.038 0.231
32259.000 0.038 0.269
32260.000 0.038 0.308
32261.000 0.038 0.346
32262.000 0.038 0.385
32263.000 0.038 0.423
32264.000 0.038 0.462
32265.000 0.077 -0.500
32266.000 0.077 -0.462
32267.000 0.077 -0.423
32268.000 0.077 -0.385
32269.000 0.077 -0.346
32270.000 0.077 -0.308
32271.000 0.077 -0.269
32272.000 0.077 -0.231
32273.000 0.077 -0.192
32274.000 0.077 -0.154
32275.000 0.077 -0.115
32276.000 0.077 -0.077
32277.000 0.077 -0.038
32278.000 0.077 0.000
32279.000 0.077 0.038
32280.000 0.077 0.077
32281.000 0.077 0.115
32282.000 0.077 0.154
32283.000 0.077 0.192
32284.000 0.077 0.231
32285.000 0.077 0.269
32286.000 0.077 0.308
32287.000 0.077 0.346
32288.000 0.077 0.385
32289.000 0.077 0.423
32290.000 0.077 0.462
32291.000 0.115 -0.500
32292.000 0.115 -0.462
32293.000 0.115 -0.423
32294.000 0.115 -0.385
32295.000 0.115 -0.346
32296.000 0.115 -0.269
32297.000 0.115 -0.231
32298.000 0.115 -0.192
32299.000 0.115 -0.154
32300.000 0.115 -0.115
32301.000 0.115 -0.077
32302.000 0.115 -0.038
32303.000 0.115 0.000
32304.000 0.115 0.038
32305.000 0.115 0.077
32306.000 0.115 0.115
32307.000 0.115 0.154
32308.000 0.115 0.192
32309.000 0.115 0.231
32310.000 0.115 0.269
32311.000 0.115 0.308
32312.000 0.115 0.385
32313.000 0.115 0.423
32314.000 0.115 0.462
32315.000 0.154 -0.500
32316.000 0.154 -0.462
32317.000 0.154 -0.423
32318.000 0.154 -0.346
32319.000 0.154 -0.308
32320.000 0.154 -0.269
32321.000 0.154 -0.231
32322.000 0.154 -0.192
32323.000 0.154 -0.154
32324.000 0.154 -0.115
32325.000 0.154 -0.077
32326.000 0.154 -0.038
32327.000 0.154 0.000
32328.000 0.154 0.038
32329.000 0.154 0.077
32330.000 0.154 0.115
32331.000 0.154 0.154
32332.000 0.154 0.192
32333.000 0.154 0.231
32334.000 0.154 0.269
32335.000 0.154 0.308
32336.000 0.154 0.346
32337.000 0.154 0.385
32338.000 0.154 0.423
32339.000 0.154 0.462
32340.000 0.192 -0.500
32341.000 0.192 -0.423
32342.000 0.192 -0.385
32343.000 0.192 -0.346
32344.000 0.192 -0.308
32345.000 0.192 -0.269
32346.000 0.192 -0.231
32347.000 0.192 -0.192
32348.000 0.192 -0.154
32349.000 0.192 -0.115
32350.000 0.192 -0.077
32351.000 0.192 -0.038
32352.000 0.192 0.000
32353.000 0.192 0.038
32354.000 0.192 0.077
32355.000 0.192 0.115
32356.000 0.192 0.154
32357.000 0.192 0.192
32358.000 0.192 0.231
32359.000 0.192 0.308
32360.000 0.192 0.346
32361.000 0.192 0.385
32362.000 0.192 0.423
32363.000 0.192 0.462
32364.000 0.231 -0.500
32365.000 0.231 -0.462
32366.000 0.231 -0.423
32367.000 0.231 -0.385
32368.000 0.231 -0.346
32369.000 0.231 -0.308
32370.000 0.231 -0.269
32371.000 0.231 -0.231
32372.000 0.231 -0.192
32373.000 0.231 -0.154
32374.000 0.231 -0.115
32375.000 0.231 -0.077
32376.000 0.231 -0.038
32377.000 0.231 0.038
32378.000 0.231 0.077
32379.000 0.231 0.115
32380.000 0.231 0.154
32381.000 0.231 0.192
32382.000 0.231 0.231
32383.000 0.231 0.269
32384.000 0.231 0.308
32385.000 0.231 0.346
32386.000 0.231 0.385
32387.000 0.231 0.423
32388.000 0.231 0.462
32389.000 0.269 -0.500
32390.000 0.269 -0.462
32391.000 0.269 -0.423
32392.000 0.269 -0.385
32393.000 0.269 -0.346
32394.000 0.269 -0.269
32395.000 0.269 -0.231
32396.000 0.269 -0.192
32397.000 0.269 -0.154
32398.000 0.269 -0.115
32399.000 0.269 -0.077
32400.000 0.269 -0.038
32401.000 0.269 0.000
32402.000 0.269 0.038
32403.000 0.269 0.077
32404.000 0.269 0.115
32405.000 0.269 0.154
32406.000 0.269 0.192
32407.000 0.269 0.269
32408.000 0.269 0.308
32409.000 0.269 0.346
32410.000 0.269 0.385
32411.000 0.269 0.423
32412.000 0.269 0.462
32413.000 0.308 -0.500
32414.000 0.308 -0.462
32415.000 0.308 -0.423
32416.000 0.308 -0.385
32417.000 0.308 -0.346
32418.000 0.308 -0.308
32419.000 0.308 -0.231
32420.000 0.308 -0.192
32421.000 0.308 -0.115
32422.000 0.308 -0.077
32423.000 0.308 -0.038
32424.000 0.308 0.000
32425.000 0.308 0.038
32426.000 0.308 0.077
32427.000 0.308 0.115
32428.000 0.308 0.154
32429.000 0.308 0.192
32430.000 0.308 0.231
32431.000 0.308 0.269
32432.000 0.308 0.308
32433.000 0.308 0.346
32434.000 0.308 0.385
32435.000 0.308 0.423
32436.000 0.308 0.462
32437.000 0.346 -0.500
32438.000 0.346 -0.462
32439.000 0.346 -0.423
32440.000 0.346 -0.385
32441.000 0.346 -0.346
32442.000 0.346 -0.308
32443.000 0.346 -0.269
32444.000 0.346 -0.231
32445.000 0.346 -0.192
32446.000 0.346 -0.154
32447.000 0.346 -0.115
32448.000 0.346 -0.077
32449.000 0.346 -0.038
32450.000 0.346 0.000
32451.000 0.346 0.038
32452.000 0.346 0.077
32453.000 0.346 0.115
32454.000 0.346 0.154
32455.000 0.346 0.192
32456.000 0.346 0.269
32457.000 0.346 0.308
32458.000 0.346 0.346
32459.000 0.346 0.423
32460.000 0.346 0.462
32461.000 0.385 -0.500
32462.000 0.385 -0.462
32463.000 0.385 -0.423
32464.000 0.385 -0.385
32465.000 0.385 -0.346
32466.000 0.385 -0.308
32467.000 0.385 -0.269
32468.000 0.385 -0.231
32469.000 0.385 -0.192
32470.000 0.385 -0.154
32471.000 0.385 -0.115
32472.000 0.385 -0.077
32473.000 0.385 -0.038
32474.000 0.385 0.000
32475.000 0.385 0.038
32476.000 0.385 0.077
32477.000 0.385 0.115
32478.000 0.385 0.154
32479.000 0.385 0.231
32480.000 0.385 0.269
32481.000 0.385 0.308
32482.000 0.385 0.346
32483.000 0.385 0.385
32484.000 0.385 0.423
32485.000 0.423 -0.500
32486.000 0.423 -0.462
32487.000 0.423 -0.423
32488.000 0.423 -0.385
32489.000 0.423 -0.346
32490.000 0.423 -0.308
32491.000 0.423 -0.269
32492.000 0.423 -0.231
32493.000 0.423 -0.192
32494.000 0.423 -0.154
32495.000 0.423 -0.115
32496.000 0.423 -0.077
32497.000 0.423 -0.038
32498.000 0.423 0.038
32499.000 0.423 0.077
32500.000 0.423 0.115
32501.000 0.423 0.154
32502.000 0.423 0.192
32503.000 0.423 0.231
32504.000 0.423 0.269
32505.000 0.423 0.308
32506.000 0.423 0.346
32507.000 0.423 0.385
32508.000 0.423 0.423
32509.000 0.423 0.462
32510.000 0.462 -0.500
32511.000 0.462 -0.462
32512.000 0.462 -0.423
32513.000 0.462 -0.385
32514.000 0.462 -0.346
32515.000 0.462 -0.308
32516.000 0.462 -0.269
32517.000 0.462 -0.231
32518.000 0.462 -0.192
32519.000 0.462 -0.154
32520.000 0.462 -0.115
32521.000 0.462 -0.077
32522.000 0.462 -0.038
32523.000 0.462 0.000
32524.000 0.462 0.038
32525.000 0.462 0.077
32526.000 0.462 0.115
32527.000 0.462 0.154
32528.000 0.462 0.192
32529.000 0.462 0.231
32530.000 0.462 0.269
32531.000 0.462 0.308
32532.000 0.462 0.346
32533.000 0.462 0.385
32534.000 0.462 0.423
32535.000 0.462 0.462
