9.928571428571429 20.931034482758623 16.23333333333333 9.86206896551724 9.307692307692308
10.607142857142856 20.965517241379313 17.0 10.10344827586207 9.884615384615383
9.785714285714286 18.862068965517242 17.466666666666665 9.655172413793103 9.307692307692308
11.178571428571429 19.24137931034483 16.8 10.517241379310345 8.884615384615385
10.035714285714285 21.17241379310345 16.7 10.689655172413792 9.384615384615385
10.642857142857142 19.82758620689655 17.533333333333335 10.137931034482758 9.692307692307693
9.892857142857142 21.10344827586207 16.2 11.344827586206897 9.192307692307692
10.857142857142858 21.03448275862069 16.566666666666666 9.241379310344827 8.807692307692308
10.107142857142858 21.137931034482758 15.633333333333333 11.620689655172415 8.346153846153847
10.785714285714286 19.862068965517242 16.766666666666666 11.137931034482758 8.115384615384615
10.285714285714285 19.27586206896552 14.833333333333334 9.86206896551724 8.615384615384615
10.25 20.586206896551726 17.466666666666665 10.689655172413792 10.26923076923077
10.678571428571427 20.241379310344826 16.7 9.275862068965516 10.26923076923077
11.714285714285714 19.586206896551722 16.299999999999997 10.551724137931036 9.192307692307692
10.892857142857144 20.137931034482758 16.733333333333334 10.620689655172415 9.576923076923077
9.25 21.620689655172416 16.833333333333332 9.137931034482758 10.0
10.25 19.96551724137931 17.2 9.896551724137932 8.615384615384615
9.785714285714286 19.0 15.6 11.379310344827587 9.384615384615385
9.821428571428571 19.448275862068964 16.96666666666667 10.793103448275863 8.961538461538462
10.392857142857142 20.448275862068968 14.8 9.827586206896552 9.807692307692307
9.5 20.89655172413793 15.8 10.689655172413792 8.153846153846153
9.964285714285714 21.96551724137931 17.366666666666667 10.10344827586207 8.0
10.571428571428571 18.448275862068964 17.5 10.172413793103447 10.115384615384615
10.392857142857142 21.517241379310345 17.6 10.310344827586206 9.423076923076923
9.678571428571429 21.379310344827584 17.733333333333334 10.96551724137931 9.73076923076923
10.75 21.0 16.933333333333334 11.344827586206897 9.153846153846153
10.357142857142856 20.448275862068968 17.0 10.172413793103447 8.769230769230768
10.607142857142856 21.79310344827586 14.9 10.206896551724139 9.846153846153847
11.107142857142858 21.137931034482758 15.366666666666667 9.724137931034482 9.076923076923077
10.357142857142856 19.551724137931036 15.4 10.310344827586206 8.692307692307692
10.642857142857142 19.75862068965517 17.633333333333333 9.06896551724138 8.846153846153845
11.821428571428571 20.275862068965516 16.866666666666664 9.689655172413794 10.307692307692308
9.321428571428571 20.06896551724138 16.8 11.10344827586207 9.384615384615385
10.25 20.0 15.666666666666666 9.482758620689655 8.653846153846155
11.285714285714286 19.206896551724135 16.066666666666666 9.517241379310345 9.73076923076923
9.928571428571429 19.72413793103448 16.23333333333333 9.793103448275861 9.230769230769232
10.607142857142856 20.82758620689655 15.933333333333334 9.448275862068966 9.0
11.607142857142858 21.275862068965516 16.533333333333335 10.0 7.730769230769231
9.857142857142858 20.06896551724138 16.0 10.448275862068964 9.038461538461538
10.607142857142856 21.310344827586206 16.166666666666664 9.758620689655173 9.923076923076923
8.785714285714285 20.482758620689655 15.533333333333333 8.931034482758621 10.538461538461538
10.964285714285715 20.20689655172414 16.23333333333333 9.724137931034482 10.076923076923077
9.678571428571429 21.96551724137931 16.6 8.620689655172413 8.615384615384615
10.107142857142858 19.72413793103448 16.1 9.586206896551724 9.653846153846153
10.678571428571427 19.24137931034483 16.033333333333335 11.344827586206897 9.384615384615385
10.428571428571429 20.931034482758623 15.233333333333333 9.551724137931034 9.615384615384617
9.785714285714286 21.10344827586207 15.833333333333334 10.517241379310345 9.653846153846153
10.107142857142858 17.93103448275862 16.5 10.275862068965518 9.576923076923077
10.214285714285714 20.310344827586206 16.166666666666664 10.137931034482758 8.423076923076923
9.892857142857142 20.275862068965516 16.0 9.06896551724138 8.538461538461538
9.75 22.10344827586207 15.866666666666667 10.586206896551724 10.192307692307692
9.821428571428571 19.72413793103448 17.266666666666666 10.10344827586207 9.384615384615385
9.214285714285715 19.620689655172413 16.299999999999997 9.206896551724137 8.961538461538462
9.928571428571429 19.310344827586206 16.133333333333333 9.137931034482758 9.73076923076923
9.75 19.206896551724135 15.6 9.965517241379311 9.653846153846153
10.214285714285714 21.310344827586206 15.933333333333334 9.03448275862069 9.153846153846153
10.321428571428571 20.241379310344826 14.866666666666667 9.517241379310345 8.961538461538462
10.321428571428571 21.482758620689655 15.533333333333333 10.586206896551724 8.461538461538462
10.785714285714286 19.551724137931036 15.633333333333333 9.931034482758621 8.923076923076923
9.392857142857142 21.620689655172416 16.733333333333334 9.551724137931034 10.115384615384615
10.285714285714285 21.20689655172414 16.1 9.689655172413794 9.076923076923077
10.107142857142858 19.72413793103448 17.233333333333334 10.241379310344827 10.076923076923077
11.071428571428571 20.551724137931036 17.466666666666665 9.137931034482758 10.923076923076923
11.142857142857144 19.379310344827587 16.23333333333333 9.931034482758621 9.26923076923077
11.142857142857144 20.965517241379313 16.400000000000002 9.482758620689655 9.807692307692307
10.571428571428571 19.793103448275865 16.6 9.86206896551724 8.884615384615385
10.392857142857142 19.862068965517242 16.766666666666666 9.965517241379311 8.923076923076923
10.464285714285714 21.137931034482758 16.9 10.03448275862069 9.076923076923077
9.642857142857142 19.586206896551722 16.733333333333334 10.03448275862069 9.923076923076923
9.25 18.344827586206897 18.633333333333333 10.517241379310345 10.115384615384615
10.821428571428573 19.793103448275865 15.266666666666666 10.137931034482758 10.461538461538462
10.107142857142858 19.310344827586206 16.5 9.448275862068966 9.346153846153847
11.178571428571429 21.448275862068964 14.833333333333334 9.551724137931034 9.115384615384615
10.964285714285715 18.482758620689655 17.333333333333332 9.137931034482758 9.538461538461538
10.964285714285715 21.20689655172414 17.866666666666667 9.758620689655173 9.846153846153847
10.107142857142858 20.586206896551726 16.433333333333334 9.172413793103448 8.807692307692308
10.25 20.551724137931036 15.666666666666666 9.724137931034482 10.0
10.0 20.86206896551724 16.633333333333333 9.517241379310345 9.5
9.428571428571429 19.482758620689655 17.366666666666667 9.241379310344827 9.0
10.285714285714285 21.03448275862069 16.366666666666667 9.931034482758621 9.846153846153847
11.714285714285714 19.03448275862069 18.333333333333332 10.551724137931036 9.115384615384615
11.785714285714286 20.413793103448278 14.966666666666667 9.03448275862069 8.692307692307692
9.892857142857142 21.82758620689655 16.5 11.06896551724138 9.115384615384615
9.178571428571429 22.896551724137932 16.6 9.379310344827587 10.0
9.821428571428571 20.413793103448278 15.666666666666666 10.689655172413792 10.307692307692308
8.785714285714285 21.758620689655174 16.6 11.172413793103448 9.884615384615383
10.25 21.89655172413793 16.7 9.137931034482758 9.73076923076923
11.178571428571429 19.862068965517242 17.5 11.206896551724137 9.423076923076923
11.035714285714286 20.241379310344826 16.566666666666666 10.03448275862069 9.846153846153847
11.428571428571429 19.413793103448278 18.599999999999998 10.482758620689657 10.076923076923077
10.571428571428571 19.517241379310345 17.266666666666666 8.96551724137931 9.73076923076923
9.75 21.20689655172414 17.066666666666666 9.931034482758621 9.461538461538462
9.714285714285714 21.448275862068964 16.333333333333332 9.448275862068966 8.461538461538462
10.142857142857142 20.75862068965517 16.633333333333333 9.137931034482758 8.384615384615385
10.142857142857142 21.689655172413794 16.366666666666667 10.862068965517242 8.730769230769232
11.5 21.0 16.96666666666667 10.89655172413793 9.192307692307692
9.821428571428571 20.17241379310345 17.133333333333333 10.206896551724139 9.538461538461538
10.0 19.793103448275865 16.8 10.413793103448276 10.346153846153847
10.535714285714285 20.20689655172414 16.533333333333335 10.172413793103447 9.76923076923077
11.607142857142858 19.551724137931036 15.2 10.344827586206897 10.115384615384615
11.0 19.75862068965517 16.666666666666668 10.724137931034482 9.346153846153847
10.642857142857142 9.551724137931034 10.066666666666666 10.241379310344827 9.5
9.607142857142858 8.931034482758621 9.966666666666667 9.689655172413794 10.538461538461538
10.035714285714285 10.96551724137931 11.533333333333333 11.06896551724138 9.846153846153847
11.321428571428571 10.344827586206897 11.033333333333333 11.06896551724138 10.038461538461538
10.071428571428571 20.344827586206893 15.833333333333334 11.379310344827587 10.038461538461538
10.571428571428571 11.10344827586207 9.866666666666665 9.689655172413794 9.153846153846153
10.678571428571427 10.689655172413792 10.1 11.0 9.0
9.892857142857142 9.86206896551724 10.5 10.689655172413792 9.923076923076923
9.678571428571429 11.344827586206897 11.6 10.413793103448276 9.153846153846153
10.714285714285714 16.79310344827586 18.5 9.448275862068966 9.846153846153847
9.678571428571429 9.965517241379311 10.033333333333333 9.86206896551724 10.0
9.928571428571429 10.206896551724139 9.700000000000001 10.655172413793103 8.884615384615385
9.535714285714286 10.344827586206897 9.9 9.275862068965516 10.884615384615385
9.892857142857142 9.793103448275861 11.266666666666666 9.517241379310345 10.0
10.928571428571429 20.20689655172414 15.7 10.862068965517242 9.5
10.321428571428571 10.379310344827585 11.133333333333333 10.758620689655173 11.038461538461538
10.035714285714285 9.310344827586206 10.733333333333333 9.448275862068966 9.923076923076923
10.464285714285714 10.0 10.533333333333333 10.310344827586206 9.846153846153847
10.428571428571429 10.137931034482758 10.366666666666667 10.137931034482758 11.615384615384617
10.464285714285714 18.758620689655174 17.1 10.10344827586207 9.076923076923077
9.5 10.827586206896552 10.1 10.689655172413792 11.76923076923077
10.678571428571427 11.275862068965516 9.700000000000001 10.10344827586207 10.038461538461538
9.5 8.551724137931036 9.5 10.793103448275863 8.846153846153845
10.535714285714285 10.10344827586207 10.633333333333333 10.137931034482758 10.423076923076923
10.392857142857142 10.137931034482758 10.566666666666666 9.793103448275861 9.307692307692308
10.142857142857142 10.068965517241379 10.6 9.655172413793103 9.807692307692307
10.678571428571427 11.06896551724138 10.6 10.172413793103447 10.576923076923077
10.857142857142858 10.344827586206897 10.266666666666667 9.86206896551724 10.846153846153845
12.071428571428571 11.620689655172415 10.4 9.758620689655173 9.846153846153847
11.071428571428571 10.620689655172415 9.233333333333333 10.206896551724139 10.576923076923077
9.142857142857144 17.448275862068964 17.866666666666667 10.862068965517242 9.76923076923077
9.964285714285714 15.72413793103448 20.066666666666666 10.724137931034482 8.423076923076923
9.714285714285714 17.275862068965516 19.233333333333334 9.689655172413794 8.461538461538462
10.464285714285714 18.413793103448274 18.366666666666667 9.206896551724137 9.961538461538462
11.464285714285715 18.0 17.733333333333334 10.137931034482758 10.153846153846153
9.892857142857142 16.413793103448278 19.233333333333334 9.689655172413794 9.576923076923077
10.178571428571429 16.206896551724135 18.2 10.724137931034482 9.038461538461538
10.464285714285714 18.517241379310345 19.73333333333333 9.379310344827587 8.769230769230768
10.5 16.89655172413793 18.233333333333334 9.724137931034482 9.653846153846153
10.392857142857142 18.10344827586207 17.866666666666667 10.172413793103447 8.884615384615385
10.357142857142856 17.0 18.4 10.448275862068964 9.538461538461538
11.607142857142858 17.06896551724138 19.400000000000002 9.689655172413794 10.730769230769232
10.214285714285714 17.655172413793103 17.0 10.413793103448276 10.038461538461538
9.642857142857142 17.75862068965517 19.900000000000002 10.344827586206897 9.192307692307692
10.5 19.0 17.566666666666666 11.137931034482758 9.038461538461538
10.071428571428571 17.862068965517242 18.666666666666668 10.206896551724139 10.884615384615385
10.892857142857144 18.13793103448276 18.06666666666667 10.827586206896552 8.884615384615385
9.857142857142858 18.13793103448276 19.833333333333336 9.413793103448276 9.692307692307693
9.892857142857142 17.482758620689655 19.400000000000002 10.655172413793103 9.192307692307692
10.142857142857142 17.96551724137931 18.4 9.896551724137932 10.461538461538462
10.75 19.344827586206897 19.26666666666667 8.827586206896552 9.153846153846153
10.392857142857142 16.655172413793103 18.76666666666667 10.931034482758621 9.692307692307693
10.892857142857144 16.72413793103448 18.76666666666667 9.241379310344827 9.115384615384615
12.285714285714285 17.689655172413794 19.366666666666667 10.03448275862069 10.346153846153847
10.964285714285715 17.137931034482758 16.0 11.827586206896552 10.384615384615385
10.25 17.620689655172416 17.933333333333334 10.586206896551724 9.26923076923077
11.035714285714286 18.034482758620687 20.433333333333334 9.517241379310345 10.153846153846153
10.0 18.0 19.233333333333334 10.827586206896552 9.423076923076923
10.964285714285715 17.93103448275862 20.066666666666666 10.0 9.307692307692308
9.821428571428571 17.0 18.566666666666666 9.931034482758621 9.038461538461538
10.714285714285714 18.689655172413794 18.433333333333334 10.827586206896552 9.26923076923077
10.571428571428571 17.482758620689655 19.73333333333333 10.827586206896552 10.115384615384615
11.821428571428571 18.13793103448276 18.633333333333333 10.206896551724139 9.307692307692308
11.0 16.931034482758623 19.7 10.655172413793103 9.846153846153847
9.785714285714286 18.24137931034483 18.76666666666667 10.586206896551724 9.807692307692307
10.714285714285714 17.344827586206897 18.566666666666666 10.275862068965518 9.846153846153847
9.678571428571429 18.620689655172413 20.8 9.310344827586206 10.692307692307692
10.607142857142856 17.20689655172414 19.73333333333333 10.620689655172415 9.115384615384615
10.392857142857142 17.344827586206897 19.633333333333333 11.724137931034482 10.346153846153847
11.321428571428571 19.103448275862068 18.2 11.206896551724137 9.038461538461538
10.071428571428571 18.275862068965516 18.06666666666667 9.931034482758621 9.807692307692307
11.678571428571429 19.103448275862068 17.933333333333334 10.379310344827585 9.115384615384615
10.214285714285714 16.344827586206897 17.366666666666667 10.206896551724139 10.23076923076923
10.607142857142856 16.965517241379313 19.833333333333336 9.965517241379311 9.884615384615383
10.285714285714285 17.551724137931036 19.5 10.10344827586207 9.576923076923077
10.071428571428571 17.75862068965517 18.5 10.931034482758621 9.423076923076923
9.678571428571429 20.620689655172413 20.066666666666666 10.275862068965518 9.923076923076923
9.571428571428571 19.344827586206897 18.5 11.379310344827587 10.26923076923077
10.107142857142858 18.82758620689655 19.233333333333334 9.517241379310345 10.423076923076923
10.642857142857142 17.620689655172416 18.366666666666667 9.310344827586206 8.692307692307692
10.928571428571429 18.517241379310345 18.1 9.758620689655173 9.307692307692308
10.642857142857142 18.379310344827587 20.066666666666666 10.344827586206897 8.884615384615385
9.75 17.344827586206897 17.566666666666666 11.0 10.423076923076923
9.821428571428571 17.79310344827586 19.099999999999998 10.931034482758621 9.26923076923077
10.928571428571429 17.689655172413794 20.7 11.10344827586207 9.423076923076923
10.321428571428571 17.310344827586206 17.166666666666668 11.172413793103448 9.576923076923077
10.285714285714285 18.413793103448274 18.166666666666668 11.689655172413794 10.384615384615385
9.142857142857144 16.75862068965517 17.466666666666665 11.06896551724138 9.076923076923077
9.714285714285714 19.03448275862069 20.5 10.379310344827585 11.038461538461538
9.714285714285714 19.24137931034483 20.1 10.517241379310345 9.807692307692307
10.178571428571429 17.517241379310345 20.766666666666666 10.0 9.192307692307692
11.571428571428571 17.413793103448274 18.266666666666666 10.758620689655173 8.846153846153845
10.142857142857142 17.620689655172416 18.733333333333334 10.03448275862069 9.846153846153847
10.464285714285714 17.344827586206897 19.3 11.448275862068966 10.0
11.035714285714286 18.79310344827586 18.599999999999998 10.206896551724139 10.307692307692308
10.428571428571429 18.689655172413794 20.1 10.862068965517242 9.307692307692308
11.285714285714286 16.931034482758623 19.2 10.89655172413793 9.192307692307692
10.785714285714286 16.379310344827587 19.633333333333333 11.137931034482758 9.615384615384617
10.428571428571429 18.0 18.700000000000003 9.310344827586206 9.807692307692307
9.392857142857142 17.17241379310345 18.933333333333334 10.724137931034482 9.846153846153847
11.428571428571429 19.103448275862068 19.400000000000002 11.172413793103448 9.846153846153847
10.5 17.344827586206897 19.900000000000002 10.517241379310345 10.807692307692308
11.142857142857144 17.96551724137931 18.333333333333332 9.551724137931034 9.923076923076923
10.428571428571429 18.17241379310345 17.166666666666668 10.551724137931036 9.538461538461538
10.214285714285714 17.655172413793103 19.366666666666667 10.275862068965518 10.384615384615385
11.357142857142858 17.03448275862069 19.099999999999998 10.137931034482758 9.961538461538462
9.75 18.724137931034484 19.566666666666666 11.517241379310345 8.884615384615385
8.857142857142858 16.75862068965517 18.733333333333334 10.206896551724139 10.692307692307692
10.214285714285714 17.724137931034484 19.7 10.689655172413792 9.73076923076923
10.0 17.310344827586206 19.0 10.344827586206897 10.26923076923077
10.035714285714285 17.517241379310345 19.633333333333333 10.137931034482758 9.461538461538462
11.0 18.862068965517242 19.26666666666667 9.620689655172415 9.846153846153847
11.821428571428571 16.86206896551724 20.166666666666664 11.137931034482758 9.615384615384617
9.964285714285714 19.517241379310345 17.566666666666666 11.06896551724138 10.038461538461538
11.107142857142858 18.93103448275862 18.599999999999998 10.655172413793103 10.038461538461538
11.464285714285715 17.75862068965517 18.966666666666665 11.06896551724138 8.769230769230768
11.75 17.93103448275862 18.2 9.931034482758621 10.192307692307692
10.142857142857142 17.79310344827586 19.5 10.793103448275863 8.115384615384615
10.857142857142858 17.20689655172414 20.266666666666666 10.793103448275863 10.346153846153847
10.571428571428571 16.275862068965516 17.7 11.172413793103448 10.307692307692308
9.464285714285715 18.93103448275862 20.166666666666664 10.931034482758621 11.192307692307692
9.75 17.586206896551726 18.599999999999998 12.172413793103447 10.730769230769232
10.285714285714285 17.448275862068964 19.166666666666664 9.827586206896552 9.653846153846153
11.964285714285714 17.89655172413793 18.9 10.827586206896552 9.230769230769232
11.392857142857142 17.517241379310345 19.366666666666667 9.448275862068966 9.73076923076923
10.5 18.275862068965516 18.0 9.310344827586206 9.423076923076923
9.714285714285714 19.206896551724135 18.633333333333333 9.655172413793103 9.346153846153847
9.428571428571429 19.27586206896552 20.333333333333332 10.724137931034482 10.807692307692308
9.357142857142858 18.06896551724138 19.3 9.931034482758621 10.192307692307692
