0.0 0.09884467265725289 0.04539007092198582 0.0 0.0
0.0014245014245014244 0.14505776636713735 0.04113475177304964 0.0014204545454545453 0.0
0.0 0.15019255455712452 0.03546099290780142 0.0 0.0
0.0028490028490028487 0.10269576379974327 0.032624113475177303 0.0 0.0
0.0 0.13350449293966624 0.03829787234042553 0.0 0.0
0.0 0.1514762516046213 0.05531914893617021 0.0 0.0
0.0 0.1116816431322208 0.029787234042553193 0.0014204545454545453 0.0
0.0014245014245014244 0.1258023106546855 0.03404255319148936 0.0 0.0
0.0028490028490028487 0.16174582798459564 0.0425531914893617 0.0014204545454545453 0.0
0.0 0.12195121951219512 0.019858156028368795 0.0 0.0
0.0 0.10911424903722722 0.03829787234042553 0.0 0.0
0.0014245014245014244 0.11938382541720154 0.029787234042553193 0.0 0.0
0.0 0.14634146341463414 0.03687943262411348 0.0 0.0
0.0014245014245014244 0.11681643132220795 0.03687943262411348 0.0 0.0
0.0 0.1129653401797176 0.04539007092198582 0.0 0.0
0.004273504273504274 0.15532734274711166 0.06099290780141844 0.0 0.0
0.0 0.09114249037227214 0.028368794326241134 0.0 0.0
0.0 0.1116816431322208 0.04113475177304964 0.0 0.0
0.0014245014245014244 0.10012836970474968 0.04397163120567376 0.0 0.0013386880856760374
0.0014245014245014244 0.1386392811296534 0.03404255319148936 0.0 0.0
0.0 0.0975609756097561 0.03829787234042553 0.0 0.0
0.0 0.08985879332477535 0.029787234042553193 0.0 0.0
0.0014245014245014244 0.10911424903722722 0.04113475177304964 0.0014204545454545453 0.0
0.0 0.12195121951219512 0.024113475177304965 0.0014204545454545453 0.0
0.0014245014245014244 0.09242618741976893 0.03687943262411348 0.0 0.0
0.004273504273504274 0.14762516046213095 0.03971631205673759 0.0 0.0
0.0 0.10012836970474968 0.02695035460992908 0.0 0.0
0.0 0.0847240051347882 0.02695035460992908 0.0 0.0
0.0014245014245014244 0.09884467265725289 0.031205673758865245 0.0 0.0
0.0014245014245014244 0.08729139922978178 0.03829787234042553 0.0 0.0
0.0 0.09884467265725289 0.02269503546099291 0.0014204545454545453 0.0
0.0 0.0975609756097561 0.032624113475177303 0.0014204545454545453 0.0
0.0014245014245014244 0.1258023106546855 0.01843971631205674 0.0 0.0
0.0014245014245014244 0.09370988446726572 0.025531914893617023 0.0 0.0
0.0 0.08857509627727857 0.04397163120567376 0.0 0.0013386880856760374
0.0 0.09370988446726572 0.025531914893617023 0.0 0.0
0.0 0.08600770218228498 0.024113475177304965 0.0014204545454545453 0.0
0.0 0.07188703465982028 0.03404255319148936 0.0 0.0
0.0014245014245014244 0.0834403080872914 0.0425531914893617 0.0 0.0
0.0014245014245014244 0.07702182284980745 0.04680851063829787 0.0 0.0
0.0 0.07188703465982028 0.01843971631205674 0.0 0.0
0.0 0.0834403080872914 0.03687943262411348 0.0 0.0
0.0 0.10141206675224647 0.04113475177304964 0.0 0.0
0.0 0.10783055198973043 0.02127659574468085 0.0014204545454545453 0.0
0.0 0.07830551989730423 0.02695035460992908 0.0 0.0013386880856760374
0.0014245014245014244 0.10654685494223363 0.024113475177304965 0.0014204545454545453 0.0
0.0 0.08985879332477535 0.04113475177304964 0.0 0.0
0.0014245014245014244 0.09499358151476252 0.03687943262411348 0.0 0.0
0.0014245014245014244 0.08985879332477535 0.025531914893617023 0.0014204545454545453 0.0
0.0 0.051347881899871634 0.02695035460992908 0.0 0.0
0.0 0.07188703465982028 0.012765957446808512 0.0 0.0
0.0014245014245014244 0.07445442875481387 0.02695035460992908 0.0 0.0
0.0 0.08729139922978178 0.03829787234042553 0.0 0.0
0.0014245014245014244 0.08857509627727857 0.01843971631205674 0.0 0.0
0.0014245014245014244 0.0693196405648267 0.031205673758865245 0.0 0.0013386880856760374
0.0028490028490028487 0.05391527599486522 0.031205673758865245 0.0 0.0
0.0014245014245014244 0.09499358151476252 0.03546099290780142 0.0 0.0
0.0 0.08857509627727857 0.02269503546099291 0.0 0.0
0.0014245014245014244 0.11938382541720154 0.04113475177304964 0.0 0.0
0.0028490028490028487 0.06675224646983312 0.0425531914893617 0.0 0.0
0.0028490028490028487 0.07188703465982028 0.029787234042553193 0.0 0.0
0.0014245014245014244 0.04749679075738126 0.029787234042553193 0.0014204545454545453 0.0
0.0 0.0680359435173299 0.024113475177304965 0.0 0.0
0.0014245014245014244 0.057766367137355584 0.03687943262411348 0.0 0.0
0.0014245014245014244 0.04878048780487805 0.04113475177304964 0.0 0.0013386880856760374
0.0 0.0680359435173299 0.03404255319148936 0.0 0.0
0.0 0.05006418485237484 0.025531914893617023 0.0 0.0
0.0028490028490028487 0.07573812580231065 0.029787234042553193 0.0 0.0
0.0 0.06161745827984596 0.03404255319148936 0.0 0.0
0.0028490028490028487 0.05006418485237484 0.02695035460992908 0.0 0.0
0.0014245014245014244 0.05391527599486522 0.029787234042553193 0.0014204545454545453 0.0
0.0 0.0564826700898588 0.029787234042553193 0.0 0.0
0.0 0.04621309370988447 0.028368794326241134 0.0 0.0
0.0028490028490028487 0.037227214377406934 0.03546099290780142 0.0 0.0
0.0028490028490028487 0.04364569961489089 0.02127659574468085 0.0 0.0
0.0 0.044929396662387676 0.02269503546099291 0.0 0.0
0.0 0.0834403080872914 0.02695035460992908 0.0 0.0
0.0 0.04621309370988447 0.032624113475177303 0.0 0.0
0.0014245014245014244 0.05006418485237484 0.02695035460992908 0.0014204545454545453 0.0
0.0014245014245014244 0.04878048780487805 0.03546099290780142 0.0 0.0
0.0 0.029525032092426188 0.01843971631205674 0.0014204545454545453 0.0
0.0028490028490028487 0.051347881899871634 0.03404255319148936 0.0 0.0013386880856760374
0.0028490028490028487 0.059050064184852376 0.019858156028368795 0.0 0.0
0.0 0.051347881899871634 0.02127659574468085 0.0 0.0
0.0 0.03594351732991014 0.029787234042553193 0.0 0.0
0.0014245014245014244 0.057766367137355584 0.029787234042553193 0.0 0.0
0.0014245014245014244 0.059050064184852376 0.024113475177304965 0.0 0.0
0.0 0.04749679075738126 0.02127659574468085 0.0 0.0
0.0028490028490028487 0.03594351732991014 0.02127659574468085 0.0 0.0
0.0 0.04749679075738126 0.01702127659574468 0.0 0.0
0.0 0.04878048780487805 0.02127659574468085 0.0 0.0
0.0 0.037227214377406934 0.02269503546099291 0.0 0.0
0.0014245014245014244 0.052631578947368425 0.024113475177304965 0.0014204545454545453 0.0
0.0014245014245014244 0.03979460847240052 0.02695035460992908 0.0028409090909090906 0.0
0.0028490028490028487 0.04364569961489089 0.02269503546099291 0.0 0.0
0.0 0.044929396662387676 0.02269503546099291 0.0 0.0
0.0 0.04621309370988447 0.024113475177304965 0.0 0.0
0.0 0.0282413350449294 0.015602836879432622 0.0 0.0
0.0014245014245014244 0.03465982028241335 0.02127659574468085 0.0014204545454545453 0.0
0.0 0.03209242618741977 0.012765957446808512 0.0 0.0
0.004273504273504274 0.0423620025673941 0.02127659574468085 0.0 0.0
0.0 0.0 0.0 0.0 0.0
0.0 0.0 0.0 0.0 0.0
0.0 0.0 0.0 0.0 0.0
0.0 0.0 0.0 0.0 0.0
0.0 0.04364569961489089 0.01702127659574468 0.0 0.0
0.0 0.0 0.0 0.0 0.0
0.0 0.0 0.0 0.0 0.0013386880856760374
0.0 0.0 0.0 0.0 0.0
0.0 0.0 0.0 0.0 0.0
0.0 0.01668806161745828 0.06524822695035461 0.0014204545454545453 0.0
0.0 0.0 0.0 0.0014204545454545453 0.0
0.0 0.0 0.0014184397163120568 0.0 0.0
0.0 0.0 0.0 0.0 0.0
0.0 0.0 0.0 0.0 0.0
0.0 0.03209242618741977 0.014184397163120567 0.0 0.0013386880856760374
0.0 0.0 0.0 0.0 0.0
0.0 0.0 0.0 0.0 0.0
0.0 0.0 0.0 0.0 0.0
0.0 0.0 0.0 0.0 0.0
0.0014245014245014244 0.0141206675224647 0.08368794326241134 0.0 0.0
0.0 0.0 0.0 0.0 0.0
0.0 0.0 0.0 0.0 0.0
0.0 0.0 0.0 0.0 0.0
0.0 0.0 0.0 0.0 0.0
0.0 0.0012836970474967909 0.0 0.0 0.0
0.0 0.0 0.0 0.0 0.0
0.0 0.0 0.0 0.0 0.0
0.0 0.0 0.0 0.0 0.0
0.0014245014245014244 0.0012836970474967909 0.0 0.0 0.002677376171352075
0.0 0.0 0.0 0.0 0.0
0.0 0.008985879332477536 0.05106382978723405 0.0 0.0
0.0 0.0141206675224647 0.09219858156028368 0.0028409090909090906 0.0
0.0 0.01668806161745828 0.07943262411347518 0.0 0.0
0.0 0.024390243902439025 0.07092198581560284 0.0014204545454545453 0.0
0.0 0.01540436456996149 0.059574468085106386 0.0 0.0
0.0 0.01540436456996149 0.0851063829787234 0.0 0.0
0.0 0.01668806161745828 0.05106382978723405 0.0 0.0
0.0 0.019255455712451863 0.08226950354609928 0.0 0.0
0.0 0.010269576379974327 0.06524822695035461 0.0014204545454545453 0.0013386880856760374
0.0 0.007702182284980745 0.0524822695035461 0.0 0.0
0.0 0.01797175866495507 0.07659574468085106 0.0 0.0
0.0014245014245014244 0.011553273427471117 0.07375886524822696 0.0 0.0
0.0 0.011553273427471117 0.07659574468085106 0.0 0.0013386880856760374
0.0 0.01540436456996149 0.075177304964539 0.0 0.0
0.0 0.006418485237483954 0.0723404255319149 0.0014204545454545453 0.0
0.0 0.007702182284980745 0.07092198581560284 0.0 0.0
0.0 0.007702182284980745 0.0524822695035461 0.0 0.0
0.0 0.010269576379974327 0.08085106382978723 0.0 0.0
0.0 0.0051347881899871635 0.06099290780141844 0.0 0.0
0.0 0.011553273427471117 0.07659574468085106 0.0014204545454545453 0.0
0.0 0.020539152759948654 0.05673758865248227 0.0014204545454545453 0.0
0.0 0.0051347881899871635 0.04680851063829787 0.0 0.0
0.0 0.0051347881899871635 0.06382978723404255 0.0 0.0
0.0014245014245014244 0.010269576379974327 0.06524822695035461 0.0 0.0
0.0 0.01540436456996149 0.06099290780141844 0.0 0.0
0.0 0.023106546854942234 0.06099290780141844 0.0014204545454545453 0.0
0.0 0.010269576379974327 0.0723404255319149 0.0 0.0013386880856760374
0.0 0.008985879332477536 0.03546099290780142 0.0 0.0
0.0 0.010269576379974327 0.04680851063829787 0.0028409090909090906 0.0
0.0 0.010269576379974327 0.03829787234042553 0.0 0.0
0.0014245014245014244 0.008985879332477536 0.059574468085106386 0.0028409090909090906 0.0
0.0 0.01797175866495507 0.04113475177304964 0.0014204545454545453 0.0
0.0 0.007702182284980745 0.05106382978723405 0.0 0.0
0.0 0.011553273427471117 0.0425531914893617 0.0014204545454545453 0.0
0.0 0.006418485237483954 0.028368794326241134 0.0028409090909090906 0.0
0.0 0.006418485237483954 0.04397163120567376 0.0014204545454545453 0.0
0.0 0.007702182284980745 0.03829787234042553 0.0 0.0
0.0 0.010269576379974327 0.04680851063829787 0.0014204545454545453 0.0
0.0 0.008985879332477536 0.03971631205673759 0.0 0.0
0.0 0.010269576379974327 0.03404255319148936 0.0 0.0
0.0 0.0051347881899871635 0.03546099290780142 0.0 0.0
0.0 0.008985879332477536 0.04113475177304964 0.0 0.0
0.0 0.010269576379974327 0.03404255319148936 0.0014204545454545453 0.0
0.0 0.006418485237483954 0.04964539007092198 0.0014204545454545453 0.0
0.0 0.0012836970474967909 0.04680851063829787 0.0014204545454545453 0.0
0.0 0.0038510911424903724 0.02269503546099291 0.0028409090909090906 0.0
0.0 0.0051347881899871635 0.03404255319148936 0.0014204545454545453 0.0
0.0014245014245014244 0.006418485237483954 0.03971631205673759 0.0 0.0
0.0 0.0051347881899871635 0.029787234042553193 0.0 0.0
0.0014245014245014244 0.006418485237483954 0.04680851063829787 0.0 0.0
0.0 0.007702182284980745 0.03829787234042553 0.0 0.0
0.0 0.007702182284980745 0.029787234042553193 0.0 0.0
0.0 0.0025673940949935818 0.02695035460992908 0.0 0.0
0.0014245014245014244 0.006418485237483954 0.03546099290780142 0.0 0.0
0.0 0.0 0.03546099290780142 0.0 0.0
0.0 0.0038510911424903724 0.028368794326241134 0.0 0.0
0.0 0.007702182284980745 0.029787234042553193 0.0014204545454545453 0.0
0.0014245014245014244 0.0051347881899871635 0.028368794326241134 0.0 0.0
0.0 0.0038510911424903724 0.02269503546099291 0.0 0.0
0.0014245014245014244 0.010269576379974327 0.03546099290780142 0.0014204545454545453 0.0
0.0 0.0051347881899871635 0.031205673758865245 0.0028409090909090906 0.0
0.0 0.0038510911424903724 0.02695035460992908 0.0 0.0
0.0 0.006418485237483954 0.011347517730496455 0.0 0.0
0.0 0.0051347881899871635 0.01843971631205674 0.0 0.0
0.0014245014245014244 0.010269576379974327 0.01843971631205674 0.0 0.0
0.0 0.0051347881899871635 0.02269503546099291 0.0 0.0
0.0 0.0038510911424903724 0.015602836879432622 0.0014204545454545453 0.0
0.0 0.0025673940949935818 0.02127659574468085 0.0 0.0
0.0 0.008985879332477536 0.024113475177304965 0.0 0.0
0.0 0.0051347881899871635 0.024113475177304965 0.0028409090909090906 0.0
0.0014245014245014244 0.0051347881899871635 0.01843971631205674 0.0 0.0
0.0028490028490028487 0.006418485237483954 0.02269503546099291 0.0 0.0
0.0 0.010269576379974327 0.012765957446808512 0.0014204545454545453 0.0
0.0 0.0038510911424903724 0.012765957446808512 0.0 0.0
0.0 0.0141206675224647 0.01843971631205674 0.0014204545454545453 0.0
0.0 0.0051347881899871635 0.014184397163120567 0.0 0.0
0.0 0.006418485237483954 0.02269503546099291 0.0 0.0
0.0 0.0038510911424903724 0.014184397163120567 0.0028409090909090906 0.0
0.0014245014245014244 0.0051347881899871635 0.024113475177304965 0.0014204545454545453 0.0
0.0014245014245014244 0.0025673940949935818 0.015602836879432622 0.0 0.0
0.0 0.006418485237483954 0.012765957446808512 0.0014204545454545453 0.0
0.0 0.011553273427471117 0.011347517730496455 0.0 0.0
0.0 0.0025673940949935818 0.01702127659574468 0.0014204545454545453 0.0
0.0014245014245014244 0.007702182284980745 0.012765957446808512 0.0 0.0
0.0 0.006418485237483954 0.02269503546099291 0.0 0.0
0.0 0.008985879332477536 0.011347517730496455 0.0014204545454545453 0.0
0.0 0.0038510911424903724 0.019858156028368795 0.0 0.0
0.0 0.008985879332477536 0.015602836879432622 0.0 0.0
0.0014245014245014244 0.0038510911424903724 0.015602836879432622 0.0 0.0
0.0 0.0025673940949935818 0.02127659574468085 0.0 0.0
0.0 0.0051347881899871635 0.02269503546099291 0.0 0.0
0.0 0.0051347881899871635 0.009929078014184398 0.0014204545454545453 0.0
0.0 0.008985879332477536 0.01843971631205674 0.0 0.0
0.0 0.0051347881899871635 0.015602836879432622 0.0 0.0
0.0 0.0051347881899871635 0.011347517730496455 0.0028409090909090906 0.0
0.0 0.006418485237483954 0.011347517730496455 0.0014204545454545453 0.0
0.0014245014245014244 0.0012836970474967909 0.01702127659574468 0.0028409090909090906 0.0
0.0 0.0025673940949935818 0.01702127659574468 0.0014204545454545453 0.0
0.0 0.0038510911424903724 0.014184397163120567 0.0 0.0
