0.0013054830287206266 0.1404494382022472 0.06870229007633588 0.001485884101040119 0.0
0.0013054830287206266 0.11095505617977527 0.06412213740458016 0.0 0.0
0.0026109660574412533 0.125 0.05343511450381679 0.0 0.0
0.0013054830287206266 0.14606741573033707 0.04580152671755725 0.0 0.0
0.0 0.13202247191011238 0.04732824427480916 0.0 0.0
0.0 0.1446629213483146 0.07022900763358778 0.0 0.0
0.0026109660574412533 0.1601123595505618 0.044274809160305344 0.0 0.0
0.0039164490861618795 0.1404494382022472 0.07786259541984733 0.0 0.0
0.0 0.1502808988764045 0.05343511450381679 0.0 0.0
0.0013054830287206266 0.13202247191011238 0.051908396946564885 0.001485884101040119 0.0
0.0026109660574412533 0.16853932584269662 0.05648854961832061 0.001485884101040119 0.0
0.0 0.10955056179775281 0.04732824427480916 0.001485884101040119 0.0
0.0 0.12078651685393259 0.07480916030534351 0.0 0.0
0.0 0.10393258426966291 0.042748091603053436 0.0 0.0
0.0 0.1151685393258427 0.05648854961832061 0.0 0.0
0.0039164490861618795 0.12078651685393259 0.05648854961832061 0.0 0.0
0.0013054830287206266 0.1741573033707865 0.05801526717557252 0.001485884101040119 0.0
0.0013054830287206266 0.10814606741573034 0.044274809160305344 0.0 0.0
0.0 0.1292134831460674 0.06412213740458016 0.0 0.0
0.0026109660574412533 0.09269662921348315 0.03969465648854962 0.0 0.0
0.0 0.1348314606741573 0.0549618320610687 0.0 0.0
0.0013054830287206266 0.18258426966292135 0.059541984732824425 0.0 0.0
0.0 0.12078651685393259 0.05648854961832061 0.0 0.0
0.0026109660574412533 0.11095505617977527 0.04885496183206107 0.001485884101040119 0.0
0.0 0.11657303370786516 0.05801526717557252 0.0 0.0
0.0013054830287206266 0.1404494382022472 0.05648854961832061 0.0 0.0
0.0 0.1502808988764045 0.04580152671755725 0.0 0.0
0.0013054830287206266 0.14887640449438203 0.04885496183206107 0.0 0.0
0.0013054830287206266 0.13342696629213485 0.06412213740458016 0.0 0.0
0.0 0.14606741573033707 0.059541984732824425 0.001485884101040119 0.0
0.0 0.13764044943820225 0.06564885496183206 0.001485884101040119 0.0
0.0 0.13202247191011238 0.06412213740458016 0.0 0.0
0.0 0.1446629213483146 0.061068702290076333 0.0 0.0
0.0013054830287206266 0.11938202247191011 0.04122137404580153 0.0 0.0
0.0 0.12780898876404492 0.061068702290076333 0.0 0.0
0.0 0.1348314606741573 0.051908396946564885 0.0 0.0
0.0 0.10955056179775281 0.07480916030534351 0.0 0.0
0.0 0.13623595505617977 0.06412213740458016 0.0 0.0
0.0 0.12780898876404492 0.07938931297709924 0.0 0.0
0.0026109660574412533 0.1404494382022472 0.04885496183206107 0.001485884101040119 0.001314060446780552
0.0013054830287206266 0.13342696629213485 0.05801526717557252 0.0 0.0
0.0013054830287206266 0.09691011235955056 0.05343511450381679 0.0 0.0
0.0013054830287206266 0.08988764044943821 0.04885496183206107 0.001485884101040119 0.0
0.0 0.1053370786516854 0.04885496183206107 0.0 0.0
0.0013054830287206266 0.11657303370786516 0.051908396946564885 0.0 0.0
0.0013054830287206266 0.11095505617977527 0.05038167938931298 0.0 0.0
0.0 0.13061797752808987 0.0717557251908397 0.0 0.0
0.0013054830287206266 0.12359550561797752 0.06259541984732825 0.001485884101040119 0.0
0.0 0.11797752808988764 0.04885496183206107 0.0 0.0
0.0 0.13904494382022473 0.06717557251908397 0.0 0.0
0.0013054830287206266 0.10955056179775281 0.07786259541984733 0.0 0.0
0.0 0.09971910112359551 0.04885496183206107 0.0 0.0
0.0013054830287206266 0.13764044943820225 0.06259541984732825 0.0 0.0
0.0 0.11235955056179776 0.05343511450381679 0.0 0.0
0.0 0.09269662921348315 0.04580152671755725 0.0 0.0
0.0026109660574412533 0.12219101123595505 0.042748091603053436 0.0 0.0
0.0 0.10955056179775281 0.06412213740458016 0.0 0.0
0.0013054830287206266 0.1502808988764045 0.05801526717557252 0.0 0.0
0.0013054830287206266 0.10112359550561797 0.07480916030534351 0.0 0.0
0.0 0.12219101123595505 0.05343511450381679 0.001485884101040119 0.0
0.0013054830287206266 0.08286516853932585 0.04580152671755725 0.0 0.0
0.0 0.16292134831460675 0.03358778625954199 0.0 0.0
0.0 0.10955056179775281 0.059541984732824425 0.0 0.0
0.0013054830287206266 0.09129213483146068 0.03816793893129771 0.0 0.0
0.0013054830287206266 0.10814606741573034 0.06564885496183206 0.0 0.0
0.0013054830287206266 0.1053370786516854 0.044274809160305344 0.0 0.0
0.0 0.13342696629213485 0.059541984732824425 0.001485884101040119 0.0
0.0 0.10674157303370786 0.05343511450381679 0.001485884101040119 0.0
0.0026109660574412533 0.09831460674157304 0.0366412213740458 0.001485884101040119 0.0
0.0 0.12780898876404492 0.05343511450381679 0.0 0.0
0.0 0.09691011235955056 0.051908396946564885 0.0 0.0
0.0 0.10955056179775281 0.07633587786259542 0.001485884101040119 0.0
0.0 0.12078651685393259 0.05343511450381679 0.002971768202080238 0.0
0.0 0.09410112359550561 0.05038167938931298 0.0 0.0
0.0 0.09129213483146068 0.04580152671755725 0.0 0.0
0.0013054830287206266 0.14887640449438203 0.04580152671755725 0.0 0.0
0.0013054830287206266 0.11095505617977527 0.051908396946564885 0.0 0.0
0.0013054830287206266 0.14887640449438203 0.05648854961832061 0.0 0.0
0.0013054830287206266 0.11376404494382023 0.04885496183206107 0.0 0.0
0.0 0.13202247191011238 0.07022900763358778 0.0 0.0
0.0 0.12359550561797752 0.05038167938931298 0.001485884101040119 0.0
0.0013054830287206266 0.09831460674157304 0.042748091603053436 0.0 0.0
0.0026109660574412533 0.13623595505617977 0.0717557251908397 0.0 0.0
0.0013054830287206266 0.1348314606741573 0.04732824427480916 0.0 0.0
0.0 0.12078651685393259 0.06564885496183206 0.001485884101040119 0.0
0.0 0.14747191011235955 0.06259541984732825 0.001485884101040119 0.0
0.0 0.12078651685393259 0.044274809160305344 0.0 0.0
0.0013054830287206266 0.11376404494382023 0.05343511450381679 0.0 0.0
0.0013054830287206266 0.11938202247191011 0.05038167938931298 0.001485884101040119 0.0
0.0 0.10955056179775281 0.04885496183206107 0.0 0.0
0.0013054830287206266 0.11797752808988764 0.03969465648854962 0.0 0.0
0.0 0.10814606741573034 0.05038167938931298 0.0 0.0
0.0 0.09410112359550561 0.05801526717557252 0.001485884101040119 0.0
0.0 0.08848314606741572 0.061068702290076333 0.0 0.0
0.0013054830287206266 0.12078651685393259 0.061068702290076333 0.002971768202080238 0.0
0.0013054830287206266 0.09971910112359551 0.04732824427480916 0.0 0.0
0.0 0.09410112359550561 0.042748091603053436 0.001485884101040119 0.0
0.0013054830287206266 0.11376404494382023 0.06717557251908397 0.0 0.0
0.0 0.10814606741573034 0.04885496183206107 0.001485884101040119 0.0
0.0013054830287206266 0.10112359550561797 0.04580152671755725 0.0 0.0
0.0013054830287206266 0.09971910112359551 0.04885496183206107 0.0 0.0
0.0 0.0 0.0 0.0 0.0
0.0 0.0 0.0 0.001485884101040119 0.0
0.0 0.0 0.0 0.0 0.0
0.0 0.0 0.0 0.0 0.0
0.0 0.09691011235955056 0.04580152671755725 0.0 0.0
0.0 0.0 0.0 0.0 0.0
0.0 0.0 0.0 0.0 0.0
0.0 0.001404494382022472 0.0 0.0 0.0
0.0 0.0 0.0 0.0 0.0
0.0 0.051966292134831456 0.12366412213740458 0.001485884101040119 0.0
0.0 0.0 0.0 0.0 0.0
0.0 0.0 0.0 0.0 0.0
0.0 0.0 0.0 0.0 0.0
0.0013054830287206266 0.0 0.0 0.0 0.0
0.0013054830287206266 0.12640449438202248 0.0366412213740458 0.0 0.0
0.0 0.0 0.0 0.0 0.0
0.0 0.0 0.0 0.0 0.0
0.0 0.0 0.0 0.0 0.0
0.0 0.0 0.0 0.0 0.0
0.0 0.037921348314606744 0.19083969465648853 0.001485884101040119 0.0
0.0 0.0 0.0 0.001485884101040119 0.0
0.0 0.0 0.0 0.0 0.0
0.0 0.0 0.0 0.0 0.0
0.0 0.0 0.0 0.0 0.0
0.0 0.0 0.0 0.0 0.0
0.0 0.0 0.0 0.0 0.0
0.0 0.0 0.0 0.0 0.0
0.0 0.0 0.0 0.0 0.0
0.0 0.001404494382022472 0.0 0.0 0.0
0.0 0.0 0.0 0.0 0.0
0.0 0.042134831460674156 0.1099236641221374 0.002971768202080238 0.0
0.0013054830287206266 0.03651685393258427 0.1648854961832061 0.002971768202080238 0.001314060446780552
0.0 0.03651685393258427 0.1786259541984733 0.0 0.0
0.0 0.033707865168539325 0.12061068702290077 0.002971768202080238 0.0
0.0 0.03651685393258427 0.15572519083969466 0.0 0.0
0.0 0.0351123595505618 0.14961832061068703 0.002971768202080238 0.0
0.0013054830287206266 0.043539325842696625 0.1648854961832061 0.002971768202080238 0.0
0.0 0.03932584269662921 0.2198473282442748 0.008915304606240713 0.0
0.0013054830287206266 0.05337078651685393 0.18625954198473282 0.0 0.0
0.0 0.04915730337078652 0.216793893129771 0.001485884101040119 0.0
0.0013054830287206266 0.05898876404494382 0.20458015267175572 0.0 0.0
0.0 0.05056179775280899 0.22137404580152673 0.002971768202080238 0.0
0.0 0.046348314606741575 0.23206106870229007 0.0 0.0
0.0 0.03932584269662921 0.23511450381679388 0.0 0.001314060446780552
0.0 0.04073033707865169 0.29923664122137406 0.0 0.0
0.0026109660574412533 0.03230337078651685 0.282442748091603 0.0 0.0
0.0 0.05337078651685393 0.3480916030534351 0.0 0.0
0.0 0.05758426966292135 0.3435114503816794 0.001485884101040119 0.0
0.0 0.054775280898876406 0.34503816793893133 0.001485884101040119 0.0
0.0 0.03932584269662921 0.416793893129771 0.002971768202080238 0.0
0.0013054830287206266 0.05337078651685393 0.45496183206106866 0.0 0.0
0.0 0.060393258426966294 0.5343511450381679 0.0 0.0
0.0 0.06179775280898876 0.5282442748091604 0.0 0.0
0.0 0.054775280898876406 0.5893129770992366 0.0 0.0
0.0013054830287206266 0.025280898876404494 0.648854961832061 0.002971768202080238 0.0
0.0013054830287206266 0.0351123595505618 0.6793893129770993 0.001485884101040119 0.001314060446780552
0.0 0.07443820224719101 0.7938931297709924 0.004457652303120356 0.0
0.0 0.05337078651685393 0.8458015267175573 0.002971768202080238 0.0
0.0 0.06882022471910113 0.8717557251908397 0.0 0.0
0.0 0.05758426966292135 0.916030534351145 0.001485884101040119 0.0
0.0026109660574412533 0.05758426966292135 1.047328244274809 0.002971768202080238 0.0
0.0 0.06882022471910113 1.1465648854961832 0.001485884101040119 0.0
0.0 0.060393258426966294 1.2 0.004457652303120356 0.0
0.0 0.06601123595505619 1.2687022900763358 0.002971768202080238 0.0
0.0 0.04915730337078652 1.4595419847328244 0.002971768202080238 0.0
0.0 0.06601123595505619 1.5145038167938931 0.0 0.0
0.0 0.0702247191011236 1.618320610687023 0.002971768202080238 0.0
0.0013054830287206266 0.05758426966292135 1.7053435114503817 0.001485884101040119 0.0
0.0026109660574412533 0.07443820224719101 1.786259541984733 0.0 0.0
0.0 0.08567415730337079 1.9038167938931299 0.0 0.0
0.0 0.09691011235955056 2.0366412213740457 0.002971768202080238 0.0
0.0 0.09129213483146068 2.0106870229007634 0.001485884101040119 0.0
0.0013054830287206266 0.10814606741573034 2.1755725190839694 0.001485884101040119 0.0
0.0 0.12219101123595505 2.265648854961832 0.002971768202080238 0.0
0.0013054830287206266 0.11095505617977527 2.280916030534351 0.001485884101040119 0.0
0.0 0.08988764044943821 2.4366412213740456 0.0 0.0
0.0 0.10955056179775281 2.5938931297709926 0.002971768202080238 0.0
0.0013054830287206266 0.1502808988764045 2.76793893129771 0.001485884101040119 0.0
0.0 0.125 2.9145038167938933 0.0 0.0
0.0 0.1446629213483146 3.1419847328244273 0.004457652303120356 0.0
0.0 0.15308988764044945 3.332824427480916 0.0 0.0
0.0013054830287206266 0.1699438202247191 3.5740458015267174 0.002971768202080238 0.0
0.0013054830287206266 0.15168539325842698 3.6732824427480915 0.004457652303120356 0.0
0.0013054830287206266 0.1853932584269663 3.9099236641221373 0.0 0.0
0.0 0.1741573033707865 4.11145038167939 0.001485884101040119 0.0
0.0 0.2050561797752809 4.3877862595419845 0.001485884101040119 0.0
0.0 0.20646067415730335 4.548091603053435 0.0 0.0
0.0 0.22471910112359553 4.7221374045801525 0.002971768202080238 0.0
0.0 0.21769662921348315 4.8366412213740455 0.001485884101040119 0.0
0.0 0.22050561797752807 5.025954198473282 0.0 0.0
0.0013054830287206266 0.25140449438202245 5.256488549618321 0.001485884101040119 0.0
0.0 0.27387640449438205 5.454961832061069 0.0 0.0
0.0013054830287206266 0.2696629213483146 5.534351145038168 0.0 0.0
0.0 0.28230337078651685 5.888549618320611 0.0 0.0
0.0 0.30758426966292135 6.009160305343511 0.001485884101040119 0.0
0.0013054830287206266 0.29353932584269665 6.1740458015267174 0.001485884101040119 0.0
0.0 0.3103932584269663 6.635114503816794 0.001485884101040119 0.0
0.0026109660574412533 0.35252808988764045 6.854961832061069 0.0 0.0
0.0 0.3567415730337079 7.1633587786259545 0.001485884101040119 0.0
0.0 0.3693820224719101 7.450381679389313 0.001485884101040119 0.0
0.0 0.3904494382022472 7.778625954198474 0.001485884101040119 0.0
0.0013054830287206266 0.39747191011235955 8.138931297709924 0.001485884101040119 0.0
0.0 0.42275280898876405 8.352671755725192 0.004457652303120356 0.0
0.0 0.40730337078651685 8.603053435114505 0.001485884101040119 0.0
0.0 0.47752808988764045 8.874809160305343 0.002971768202080238 0.0
0.0 0.46629213483146065 8.93587786259542 0.002971768202080238 0.0
0.0 0.44943820224719105 9.2793893129771 0.0 0.0
0.0 0.5042134831460674 9.537404580152671 0.0 0.0
0.0013054830287206266 0.5168539325842696 9.8793893129771 0.001485884101040119 0.0
0.0 0.5547752808988764 10.253435114503816 0.001485884101040119 0.0
0.0013054830287206266 0.5702247191011236 10.505343511450382 0.0 0.0
0.0013054830287206266 0.5884831460674158 10.84732824427481 0.001485884101040119 0.001314060446780552
0.0 0.5800561797752809 10.645801526717557 0.0 0.0
0.0 0.601123595505618 10.899236641221375 0.002971768202080238 0.0
0.0 0.5969101123595506 10.73587786259542 0.0 0.0
0.0 0.5926966292134832 10.673282442748091 0.0 0.0
0.0013054830287206266 0.5702247191011236 10.786259541984732 0.001485884101040119 0.0
0.0013054830287206266 0.5955056179775281 10.923664122137405 0.0 0.001314060446780552
0.0013054830287206266 0.6053370786516854 10.825954198473282 0.001485884101040119 0.0
0.0 0.5870786516853933 10.781679389312977 0.0 0.0
0.0 0.5898876404494382 10.851908396946564 0.0 0.0
0.0013054830287206266 0.5969101123595506 10.894656488549618 0.0 0.0
0.0013054830287206266 0.6025280898876405 10.729770992366413 0.0 0.0
0.0 0.5912921348314607 10.567938931297709 0.0 0.0
0.0 0.5814606741573033 10.743511450381678 0.001485884101040119 0.0
0.0 0.6025280898876405 10.836641221374045 0.001485884101040119 0.0
0.0 0.5955056179775281 10.870229007633588 0.002971768202080238 0.0
0.0 0.6025280898876405 10.874809160305343 0.001485884101040119 0.0
0.0 0.6081460674157304 10.786259541984732 0.0 0.0
