13.0 35.166666666666664 27.799999999999997 15.833333333333334 12.200000000000001
13.5 36.333333333333336 27.599999999999998 14.333333333333334 15.2
16.666666666666668 34.166666666666664 30.8 14.333333333333334 13.6
17.833333333333332 32.16666666666667 25.8 16.833333333333332 14.8
16.666666666666668 29.333333333333332 25.4 13.333333333333334 12.6
16.0 31.0 26.8 17.0 16.0
15.5 33.333333333333336 27.799999999999997 16.333333333333332 15.4
15.333333333333332 34.166666666666664 26.4 15.0 15.4
17.166666666666668 31.166666666666664 27.2 14.5 14.200000000000001
15.833333333333334 31.5 28.400000000000002 15.333333333333332 15.6
16.166666666666664 31.0 26.599999999999998 16.0 14.0
16.166666666666664 32.666666666666664 31.0 17.5 14.4
15.333333333333332 32.16666666666667 31.4 13.666666666666668 15.0
14.666666666666666 28.333333333333332 24.0 15.5 14.8
17.166666666666668 32.0 26.0 17.166666666666668 17.8
13.333333333333334 32.0 25.0 17.166666666666668 14.4
16.5 30.166666666666668 30.599999999999998 15.333333333333332 14.200000000000001
16.5 32.0 29.6 16.333333333333332 14.4
18.0 35.0 26.8 17.0 15.6
15.166666666666666 31.333333333333332 31.0 16.0 15.0
13.833333333333332 34.0 25.2 17.5 16.400000000000002
14.833333333333334 31.0 24.8 16.333333333333332 14.0
14.0 32.0 28.6 16.166666666666664 14.200000000000001
13.666666666666668 32.666666666666664 27.2 18.166666666666668 12.4
14.5 30.666666666666664 25.6 15.0 15.4
16.333333333333332 30.166666666666668 26.0 18.0 13.799999999999999
16.833333333333332 33.333333333333336 28.0 17.166666666666668 16.0
15.833333333333334 32.0 32.0 16.333333333333332 12.6
18.333333333333332 33.666666666666664 27.599999999999998 17.833333333333332 16.400000000000002
15.0 31.5 30.599999999999998 15.166666666666666 16.6
19.0 31.333333333333332 23.8 15.333333333333332 12.6
17.0 35.666666666666664 25.0 16.333333333333332 12.6
15.833333333333334 30.0 26.200000000000003 18.333333333333332 12.6
15.166666666666666 33.0 28.8 15.5 13.2
19.166666666666664 31.833333333333332 27.599999999999998 15.833333333333334 13.0
13.833333333333332 34.666666666666664 29.8 17.0 16.400000000000002
16.166666666666664 33.166666666666664 26.4 13.0 11.2
19.666666666666664 29.833333333333332 27.599999999999998 14.833333333333334 12.4
15.333333333333332 34.833333333333336 26.8 15.666666666666666 14.4
16.666666666666668 34.0 25.6 14.166666666666666 17.2
15.166666666666666 35.5 25.8 13.5 11.4
14.5 36.833333333333336 27.0 18.333333333333332 12.8
16.166666666666664 30.833333333333336 25.2 13.5 13.4
17.166666666666668 32.16666666666667 28.0 15.666666666666666 12.8
15.666666666666666 32.666666666666664 28.2 15.0 17.4
14.666666666666666 33.0 27.599999999999998 15.333333333333332 13.0
15.333333333333332 36.833333333333336 29.4 14.333333333333334 13.4
16.833333333333332 33.5 24.0 14.833333333333334 18.0
16.333333333333332 34.166666666666664 29.0 16.166666666666664 15.2
16.333333333333332 32.0 27.599999999999998 15.166666666666666 12.8
15.166666666666666 34.0 30.599999999999998 15.666666666666666 12.0
15.666666666666666 32.5 26.599999999999998 13.0 17.0
15.0 34.166666666666664 28.8 16.833333333333332 11.2
17.833333333333332 32.16666666666667 28.400000000000002 16.833333333333332 13.6
15.0 30.5 23.599999999999998 16.666666666666668 13.6
17.166666666666668 33.333333333333336 28.0 17.666666666666668 13.4
16.0 33.333333333333336 29.4 14.166666666666666 13.799999999999999
18.5 33.166666666666664 27.2 15.666666666666666 10.4
16.0 33.0 24.400000000000002 16.0 11.2
15.166666666666666 32.33333333333333 26.8 18.166666666666668 11.0
18.333333333333332 30.666666666666664 30.8 17.666666666666668 15.4
14.333333333333334 31.5 26.599999999999998 18.0 14.4
18.666666666666668 33.333333333333336 26.0 13.166666666666666 12.4
14.666666666666666 32.666666666666664 26.4 12.833333333333334 16.2
14.166666666666666 34.5 29.0 16.666666666666668 15.2
15.166666666666666 30.5 28.400000000000002 15.833333333333334 17.0
15.0 30.333333333333332 27.2 16.333333333333332 15.0
18.166666666666668 31.833333333333332 31.6 13.5 12.8
17.166666666666668 34.5 30.8 14.666666666666666 14.4
16.666666666666668 30.666666666666664 31.8 15.833333333333334 15.8
16.166666666666664 30.0 26.200000000000003 16.833333333333332 14.200000000000001
16.666666666666668 32.0 26.4 17.5 12.6
17.0 33.5 28.8 13.666666666666668 14.200000000000001
15.5 31.0 30.0 15.666666666666666 13.4
16.833333333333332 30.833333333333336 28.8 17.166666666666668 12.6
17.333333333333332 32.833333333333336 27.599999999999998 17.0 13.799999999999999
15.833333333333334 32.0 29.4 13.666666666666668 13.2
18.666666666666668 32.33333333333333 26.599999999999998 15.333333333333332 13.2
16.333333333333332 32.33333333333333 29.6 15.0 14.4
16.5 30.333333333333332 24.2 14.5 15.6
17.0 33.833333333333336 25.4 15.5 13.799999999999999
16.0 31.833333333333332 29.6 16.833333333333332 16.2
17.333333333333332 35.333333333333336 27.2 17.5 13.799999999999999
15.333333333333332 34.0 28.8 14.0 12.200000000000001
15.5 30.166666666666668 29.4 17.333333333333332 13.6
13.5 34.0 28.8 13.166666666666666 15.6
19.5 31.666666666666668 28.0 16.166666666666664 14.8
15.333333333333332 31.5 28.400000000000002 15.833333333333334 13.4
13.666666666666668 30.666666666666664 28.400000000000002 16.5 14.6
14.166666666666666 33.0 27.599999999999998 15.166666666666666 13.799999999999999
13.833333333333332 29.333333333333332 23.0 15.0 16.0
18.333333333333332 33.666666666666664 28.2 15.0 13.4
14.666666666666666 33.833333333333336 25.8 16.166666666666664 13.0
15.0 35.5 29.0 16.166666666666664 14.200000000000001
18.0 33.166666666666664 30.599999999999998 14.0 12.4
17.0 32.833333333333336 26.599999999999998 16.166666666666664 15.2
18.0 34.166666666666664 27.2 16.0 14.8
13.833333333333332 34.0 28.0 19.666666666666664 13.6
17.166666666666668 32.666666666666664 23.8 16.833333333333332 17.2
17.5 29.166666666666668 24.6 15.833333333333334 14.200000000000001
15.5 36.0 28.2 15.333333333333332 15.0
16.666666666666668 16.333333333333332 15.4 15.333333333333332 14.4
13.5 16.666666666666668 16.6 16.166666666666664 14.4
15.166666666666666 14.333333333333334 18.2 15.5 14.6
14.333333333333334 15.5 16.6 15.666666666666666 16.2
15.333333333333332 36.5 26.8 18.666666666666668 13.6
20.0 16.666666666666668 15.0 12.666666666666666 13.2
14.833333333333334 15.0 13.4 15.5 15.2
14.5 11.833333333333332 15.4 15.166666666666666 14.6
15.5 15.666666666666666 14.6 17.0 16.400000000000002
16.0 30.166666666666668 32.0 15.166666666666666 14.200000000000001
16.166666666666664 15.666666666666666 15.6 15.666666666666666 16.0
17.5 16.833333333333332 18.599999999999998 17.666666666666668 16.2
14.166666666666666 15.333333333333332 15.2 13.833333333333332 14.4
15.666666666666666 15.333333333333332 12.8 15.0 16.400000000000002
12.5 34.0 23.0 16.333333333333332 13.4
17.833333333333332 16.166666666666664 14.200000000000001 14.166666666666666 15.8
15.0 17.166666666666668 15.0 14.333333333333334 17.6
15.333333333333332 16.333333333333332 13.2 16.0 15.0
13.333333333333334 15.666666666666666 13.6 13.333333333333334 15.6
16.833333333333332 30.666666666666664 33.8 14.333333333333334 14.8
15.0 13.166666666666666 13.799999999999999 16.333333333333332 13.0
15.333333333333332 14.666666666666666 14.6 14.666666666666666 16.400000000000002
16.166666666666664 15.666666666666666 13.4 14.833333333333334 16.8
15.833333333333334 13.0 15.6 11.5 12.0
16.166666666666664 15.333333333333332 14.200000000000001 14.0 15.4
16.333333333333332 14.0 12.4 15.833333333333334 13.799999999999999
14.833333333333334 16.666666666666668 18.0 16.166666666666664 14.200000000000001
17.833333333333332 16.666666666666668 16.6 15.666666666666666 15.6
16.166666666666664 14.833333333333334 12.8 15.833333333333334 16.0
15.666666666666666 15.5 16.2 15.0 16.6
14.5 28.5 30.8 17.166666666666668 13.0
17.0 27.833333333333336 31.0 17.0 14.4
14.833333333333334 30.333333333333332 29.6 19.0 15.6
16.833333333333332 26.0 30.4 17.166666666666668 16.400000000000002
17.0 28.666666666666668 31.2 17.666666666666668 17.0
15.166666666666666 29.666666666666668 32.2 17.666666666666668 13.4
18.5 27.5 31.8 16.5 12.0
14.0 30.0 34.0 15.166666666666666 10.200000000000001
15.166666666666666 29.666666666666668 37.0 15.5 16.8
16.666666666666668 30.333333333333332 34.4 16.166666666666664 12.4
17.166666666666668 25.666666666666668 31.4 17.666666666666668 11.799999999999999
13.666666666666668 29.666666666666668 32.0 15.666666666666666 16.0
15.166666666666666 28.666666666666668 31.6 17.833333333333332 14.200000000000001
15.333333333333332 27.666666666666664 34.4 16.0 14.6
16.5 29.833333333333332 33.0 17.0 11.799999999999999
15.833333333333334 28.333333333333332 31.4 14.833333333333334 12.6
14.333333333333334 29.333333333333332 31.0 17.0 18.599999999999998
16.5 25.5 32.800000000000004 18.5 11.799999999999999
13.166666666666666 27.666666666666664 32.800000000000004 17.5 14.200000000000001
17.666666666666668 28.5 32.4 18.0 15.6
14.5 27.166666666666664 35.6 17.666666666666668 13.0
15.333333333333332 27.333333333333336 32.599999999999994 17.833333333333332 11.2
17.0 31.0 31.8 16.0 16.6
14.666666666666666 27.833333333333336 32.4 17.333333333333332 13.4
13.0 30.333333333333332 33.2 18.833333333333332 15.4
15.666666666666666 30.0 33.6 18.0 13.2
18.166666666666668 28.833333333333332 32.599999999999994 17.5 14.6
15.0 27.666666666666664 40.0 14.333333333333334 15.4
14.166666666666666 30.666666666666664 35.0 20.166666666666664 16.8
14.5 31.5 34.0 16.833333333333332 11.4
19.166666666666664 30.333333333333332 28.8 17.666666666666668 12.200000000000001
13.333333333333334 27.666666666666664 35.4 15.333333333333332 14.200000000000001
14.833333333333334 30.333333333333332 33.2 17.0 11.6
14.833333333333334 27.833333333333336 37.8 16.0 13.2
16.833333333333332 30.0 36.4 16.333333333333332 14.4
13.666666666666668 32.0 35.2 16.833333333333332 14.0
13.0 30.166666666666668 38.199999999999996 17.666666666666668 15.6
13.833333333333332 26.666666666666668 35.6 16.666666666666668 15.0
15.333333333333332 29.166666666666668 36.6 17.5 13.4
16.166666666666664 28.5 38.0 15.166666666666666 12.0
15.666666666666666 30.666666666666664 36.2 16.0 16.6
17.5 34.0 38.6 19.666666666666664 15.6
14.833333333333334 29.0 34.8 17.0 14.6
15.333333333333332 29.166666666666668 37.0 17.0 17.0
16.5 29.333333333333332 37.8 17.333333333333332 12.200000000000001
14.666666666666666 30.333333333333332 38.4 17.333333333333332 12.6
16.166666666666664 29.833333333333332 37.6 17.5 13.4
14.833333333333334 28.666666666666668 39.0 14.5 10.6
16.833333333333332 28.333333333333332 37.199999999999996 17.0 15.6
15.833333333333334 29.166666666666668 35.8 22.166666666666668 13.0
15.833333333333334 29.166666666666668 41.4 16.833333333333332 13.2
15.0 29.0 38.800000000000004 15.333333333333332 12.8
14.5 28.666666666666668 43.8 16.0 12.200000000000001
15.333333333333332 33.333333333333336 40.599999999999994 16.666666666666668 14.4
14.333333333333334 31.333333333333332 41.4 16.833333333333332 11.6
16.333333333333332 34.833333333333336 45.6 16.166666666666664 11.4
15.333333333333332 31.5 43.4 16.0 13.2
12.333333333333334 32.666666666666664 42.2 17.0 12.200000000000001
14.666666666666666 32.16666666666667 39.800000000000004 13.666666666666668 11.4
11.166666666666666 31.166666666666664 45.199999999999996 16.166666666666664 12.4
13.5 30.5 44.6 16.333333333333332 13.0
15.166666666666666 32.666666666666664 49.2 17.833333333333332 15.4
16.166666666666664 33.0 44.2 18.333333333333332 15.8
12.833333333333334 33.333333333333336 44.0 17.833333333333332 11.799999999999999
13.333333333333334 32.833333333333336 46.800000000000004 17.666666666666668 12.6
14.333333333333334 31.5 42.6 19.833333333333336 13.799999999999999
13.5 34.833333333333336 41.8 16.0 13.0
14.5 36.166666666666664 44.6 20.0 13.4
13.333333333333334 34.333333333333336 46.4 16.166666666666664 11.4
18.5 37.666666666666664 44.4 16.833333333333332 11.2
14.5 36.333333333333336 48.4 18.333333333333332 12.4
11.666666666666668 35.666666666666664 48.4 16.5 13.4
14.666666666666666 36.0 47.0 16.833333333333332 9.0
16.333333333333332 38.0 47.0 18.0 9.6
14.833333333333334 35.5 46.800000000000004 17.333333333333332 11.6
14.166666666666666 32.833333333333336 48.0 16.833333333333332 15.6
14.166666666666666 36.333333333333336 48.0 16.0 12.0
14.833333333333334 36.166666666666664 50.4 18.5 9.6
12.833333333333334 36.833333333333336 48.4 20.166666666666664 14.8
12.0 37.166666666666664 49.2 17.5 11.6
15.166666666666666 33.333333333333336 48.599999999999994 18.833333333333332 12.4
12.5 36.833333333333336 47.199999999999996 18.166666666666668 10.4
15.0 35.666666666666664 48.800000000000004 18.333333333333332 8.8
12.5 36.5 49.0 15.833333333333334 14.6
15.0 37.83333333333333 47.199999999999996 18.0 12.6
15.5 37.0 49.4 17.833333333333332 12.200000000000001
15.833333333333334 33.0 51.6 19.0 14.6
12.166666666666666 35.166666666666664 52.2 15.666666666666666 12.200000000000001
12.666666666666666 35.333333333333336 48.599999999999994 16.0 13.0
14.5 34.666666666666664 49.0 18.166666666666668 10.200000000000001
13.333333333333334 34.333333333333336 49.6 21.666666666666668 14.200000000000001
14.166666666666666 36.333333333333336 47.6 15.666666666666666 15.4
13.166666666666666 35.166666666666664 50.8 17.833333333333332 14.200000000000001
15.333333333333332 34.666666666666664 50.0 18.0 10.4
13.166666666666666 36.0 50.8 19.0 13.6
12.166666666666666 35.5 49.0 19.333333333333336 11.4
16.666666666666668 35.0 48.4 17.833333333333332 10.0
17.0 35.166666666666664 47.199999999999996 17.333333333333332 12.8
13.666666666666668 33.0 50.6 18.5 12.0
