10.0 19.884615384615387 14.96551724137931 10.931034482758621 9.56
9.36 20.576923076923077 15.344827586206897 10.482758620689657 10.0
10.120000000000001 20.307692307692307 15.689655172413792 10.172413793103447 9.4
10.120000000000001 21.19230769230769 16.241379310344826 10.586206896551724 9.92
10.6 20.192307692307693 17.75862068965517 9.379310344827587 9.56
10.24 22.038461538461537 17.310344827586206 9.344827586206897 10.64
9.96 20.192307692307693 16.17241379310345 9.206896551724137 9.719999999999999
11.68 20.653846153846153 16.448275862068968 8.89655172413793 9.96
10.200000000000001 20.115384615384613 15.206896551724137 9.482758620689655 9.56
9.799999999999999 21.423076923076923 15.241379310344827 10.137931034482758 9.799999999999999
10.36 19.46153846153846 15.75862068965517 9.931034482758621 11.639999999999999
10.68 22.384615384615383 17.0 9.0 9.440000000000001
10.84 21.615384615384617 15.551724137931034 10.413793103448276 10.0
10.36 22.5 16.379310344827587 8.931034482758621 9.36
11.639999999999999 21.384615384615383 15.827586206896553 11.0 9.440000000000001
9.440000000000001 18.76923076923077 15.896551724137932 9.724137931034482 9.28
10.72 20.76923076923077 17.482758620689655 9.310344827586206 9.0
9.4 20.26923076923077 17.724137931034484 9.896551724137932 9.12
10.08 21.538461538461537 15.13793103448276 9.689655172413794 10.040000000000001
10.56 21.5 17.0 9.379310344827587 9.719999999999999
9.28 21.076923076923077 16.482758620689655 8.89655172413793 9.08
10.08 21.423076923076923 16.206896551724135 9.551724137931034 10.040000000000001
10.120000000000001 20.807692307692307 17.10344827586207 10.517241379310345 9.04
9.879999999999999 20.73076923076923 16.17241379310345 8.655172413793103 8.200000000000001
12.120000000000001 19.692307692307693 17.310344827586206 9.03448275862069 9.440000000000001
10.319999999999999 20.692307692307693 16.689655172413794 8.931034482758621 10.040000000000001
10.16 21.23076923076923 16.655172413793103 8.758620689655173 9.48
9.799999999999999 21.76923076923077 16.82758620689655 10.0 9.639999999999999
9.799999999999999 18.923076923076923 16.551724137931036 9.758620689655173 9.4
9.6 21.76923076923077 16.517241379310345 10.310344827586206 8.36
9.639999999999999 20.46153846153846 17.20689655172414 10.655172413793103 10.68
10.959999999999999 22.423076923076923 17.517241379310345 10.137931034482758 9.28
10.56 20.115384615384613 17.310344827586206 10.413793103448276 9.4
9.96 19.96153846153846 16.689655172413794 9.482758620689655 9.76
10.959999999999999 22.26923076923077 16.586206896551726 10.172413793103447 9.719999999999999
9.96 21.69230769230769 15.344827586206897 9.206896551724137 8.8
9.719999999999999 21.76923076923077 15.862068965517242 10.586206896551724 9.96
9.32 20.653846153846153 16.965517241379313 9.689655172413794 9.84
10.36 21.615384615384617 17.06896551724138 9.793103448275861 9.28
9.76 20.923076923076923 14.137931034482758 11.724137931034482 9.4
10.68 21.923076923076923 15.13793103448276 9.655172413793103 9.440000000000001
10.72 21.576923076923077 16.103448275862068 9.655172413793103 9.28
10.4 20.576923076923077 15.827586206896553 10.0 8.28
10.08 21.69230769230769 16.965517241379313 9.896551724137932 9.84
9.879999999999999 19.769230769230766 15.827586206896553 9.965517241379311 9.48
10.120000000000001 20.26923076923077 14.655172413793103 11.06896551724138 10.88
10.8 21.038461538461537 16.344827586206897 9.379310344827587 9.719999999999999
9.879999999999999 19.884615384615387 16.448275862068968 9.724137931034482 8.959999999999999
11.68 20.653846153846153 15.72413793103448 9.275862068965516 10.040000000000001
11.08 21.346153846153843 15.689655172413792 10.0 9.04
10.120000000000001 22.96153846153846 18.17241379310345 9.241379310344827 9.4
9.92 21.076923076923077 15.655172413793103 9.448275862068966 9.12
10.36 19.42307692307692 16.03448275862069 10.793103448275863 9.36
10.959999999999999 20.961538461538463 15.448275862068966 9.758620689655173 9.28
10.6 19.730769230769234 15.793103448275863 9.793103448275861 10.120000000000001
9.84 20.807692307692307 16.17241379310345 10.758620689655173 9.04
10.88 21.23076923076923 16.448275862068968 9.379310344827587 10.0
10.44 21.346153846153843 17.137931034482758 9.206896551724137 8.88
9.440000000000001 21.076923076923077 17.379310344827584 9.724137931034482 9.520000000000001
9.84 20.192307692307693 16.379310344827587 10.379310344827585 11.04
9.2 20.153846153846153 16.79310344827586 10.068965517241379 9.440000000000001
10.28 21.076923076923077 14.931034482758621 9.931034482758621 8.72
9.879999999999999 21.5 17.310344827586206 10.10344827586207 8.16
10.200000000000001 20.692307692307693 16.79310344827586 10.620689655172415 9.36
10.48 21.80769230769231 15.793103448275863 9.379310344827587 10.200000000000001
8.68 20.807692307692307 16.413793103448278 9.689655172413794 8.8
9.879999999999999 21.884615384615383 15.965517241379311 9.931034482758621 9.6
10.92 20.384615384615383 15.586206896551724 8.793103448275863 9.639999999999999
11.0 22.0 15.689655172413792 9.620689655172415 8.4
10.92 21.5 15.172413793103448 9.517241379310345 8.76
10.8 21.69230769230769 16.0 9.137931034482758 8.68
9.440000000000001 21.076923076923077 15.75862068965517 9.0 9.2
9.719999999999999 22.346153846153847 16.379310344827587 9.758620689655173 8.36
11.24 22.153846153846153 15.379310344827587 9.655172413793103 11.36
9.32 20.384615384615383 15.344827586206897 9.310344827586206 9.92
10.72 19.53846153846154 17.10344827586207 9.379310344827587 10.16
9.48 19.115384615384613 16.379310344827587 9.965517241379311 9.08
10.040000000000001 23.153846153846153 15.13793103448276 9.793103448275861 8.959999999999999
9.84 21.038461538461537 15.689655172413792 9.689655172413794 10.44
9.28 21.26923076923077 16.89655172413793 9.965517241379311 8.16
10.0 21.961538461538463 16.79310344827586 10.172413793103447 10.040000000000001
10.120000000000001 20.884615384615383 15.517241379310345 9.10344827586207 8.920000000000002
9.639999999999999 21.69230769230769 17.10344827586207 10.068965517241379 9.48
10.28 21.576923076923077 16.379310344827587 9.758620689655173 8.56
10.28 21.653846153846157 16.482758620689655 9.86206896551724 9.0
10.68 21.576923076923077 16.03448275862069 10.310344827586206 9.32
10.319999999999999 19.46153846153846 16.965517241379313 9.965517241379311 9.48
9.16 21.038461538461537 15.655172413793103 10.413793103448276 10.040000000000001
9.879999999999999 21.69230769230769 16.689655172413794 10.655172413793103 8.6
9.4 20.73076923076923 16.72413793103448 10.137931034482758 9.799999999999999
10.200000000000001 20.846153846153847 15.275862068965516 9.206896551724137 9.76
9.76 21.153846153846153 15.72413793103448 9.344827586206897 9.08
10.48 21.076923076923077 15.862068965517242 10.137931034482758 9.36
11.799999999999999 20.884615384615383 16.86206896551724 9.827586206896552 9.799999999999999
11.0 20.5 16.517241379310345 9.724137931034482 10.56
10.92 21.615384615384617 17.413793103448274 9.517241379310345 9.440000000000001
10.8 21.576923076923077 16.103448275862068 9.758620689655173 10.28
9.04 19.846153846153847 17.482758620689655 8.724137931034482 9.32
9.879999999999999 19.153846153846153 16.586206896551726 9.827586206896552 10.44
9.96 23.115384615384613 15.793103448275863 9.344827586206897 8.72
9.84 21.384615384615383 16.413793103448278 9.482758620689655 9.2
10.8 9.384615384615385 9.482758620689655 10.275862068965518 10.36
10.200000000000001 10.769230769230768 10.0 10.517241379310345 9.6
10.200000000000001 10.076923076923077 10.89655172413793 10.620689655172415 11.799999999999999
10.16 9.923076923076923 9.03448275862069 10.413793103448276 11.04
10.88 21.153846153846153 15.241379310344827 10.241379310344827 9.799999999999999
10.200000000000001 9.576923076923077 9.793103448275861 9.86206896551724 10.64
10.040000000000001 9.846153846153847 10.655172413793103 10.03448275862069 9.799999999999999
10.44 10.923076923076923 9.517241379310345 10.03448275862069 9.56
9.12 10.769230769230768 10.448275862068964 10.862068965517242 11.2
10.76 19.42307692307692 19.310344827586206 8.689655172413792 9.799999999999999
10.68 10.26923076923077 10.413793103448276 9.379310344827587 9.56
9.4 10.038461538461538 10.413793103448276 10.517241379310345 9.639999999999999
10.8 11.038461538461538 10.172413793103447 10.793103448275863 10.36
10.24 9.307692307692308 10.551724137931036 11.793103448275861 10.48
9.48 19.307692307692307 16.03448275862069 9.896551724137932 9.16
10.319999999999999 10.846153846153845 10.620689655172415 10.10344827586207 9.84
10.200000000000001 9.73076923076923 10.724137931034482 10.862068965517242 9.68
12.16 10.615384615384615 10.620689655172415 10.758620689655173 9.520000000000001
10.56 10.23076923076923 10.344827586206897 11.172413793103448 9.76
9.32 19.076923076923077 18.896551724137932 9.379310344827587 7.36
9.76 9.576923076923077 9.482758620689655 10.931034482758621 10.56
10.24 10.576923076923077 9.586206896551724 10.206896551724139 11.719999999999999
10.16 9.576923076923077 11.241379310344827 10.137931034482758 10.64
11.28 10.153846153846153 9.620689655172415 10.068965517241379 9.520000000000001
9.24 10.923076923076923 9.137931034482758 10.03448275862069 9.68
9.520000000000001 9.76923076923077 11.931034482758621 10.689655172413792 10.56
9.76 9.807692307692307 10.379310344827585 10.068965517241379 10.36
10.959999999999999 9.692307692307693 11.379310344827587 10.172413793103447 10.08
9.0 10.192307692307692 10.689655172413792 10.724137931034482 11.12
9.719999999999999 10.384615384615385 11.379310344827587 9.137931034482758 11.36
9.24 19.269230769230766 17.79310344827586 9.551724137931034 9.879999999999999
9.719999999999999 17.0 18.20689655172414 10.068965517241379 9.24
10.4 19.03846153846154 17.689655172413794 10.827586206896552 10.4
9.16 17.576923076923077 18.517241379310345 9.86206896551724 9.96
9.36 20.23076923076923 18.655172413793107 10.10344827586207 8.040000000000001
10.64 17.69230769230769 19.96551724137931 8.931034482758621 9.04
9.76 18.115384615384617 20.03448275862069 11.172413793103448 9.0
9.12 17.73076923076923 19.862068965517242 9.86206896551724 10.36
9.879999999999999 17.846153846153847 19.310344827586206 10.448275862068964 10.08
10.319999999999999 17.961538461538463 17.96551724137931 9.620689655172415 9.28
10.319999999999999 17.653846153846157 19.0 10.310344827586206 10.92
9.48 18.153846153846153 16.75862068965517 10.413793103448276 10.4
9.08 18.346153846153847 19.03448275862069 10.275862068965518 9.799999999999999
9.04 17.461538461538463 19.206896551724135 10.241379310344827 9.24
10.88 18.846153846153847 19.75862068965517 10.482758620689657 10.200000000000001
9.4 19.653846153846153 17.655172413793103 8.862068965517242 8.52
9.76 15.807692307692307 18.379310344827587 9.655172413793103 8.8
10.0 18.038461538461537 20.103448275862068 10.517241379310345 9.0
9.719999999999999 19.03846153846154 18.448275862068964 10.551724137931036 9.04
10.0 20.423076923076923 18.586206896551722 10.172413793103447 9.96
10.36 19.115384615384613 19.103448275862068 11.172413793103448 9.96
10.36 18.0 19.344827586206897 9.551724137931034 8.0
8.959999999999999 16.53846153846154 18.758620689655174 10.482758620689657 9.48
9.719999999999999 18.23076923076923 18.96551724137931 9.310344827586206 10.68
10.319999999999999 17.653846153846157 17.75862068965517 9.827586206896552 10.319999999999999
9.84 17.384615384615383 19.206896551724135 10.89655172413793 9.639999999999999
11.799999999999999 16.923076923076923 19.689655172413794 10.03448275862069 10.040000000000001
10.319999999999999 15.576923076923077 18.24137931034483 9.551724137931034 9.2
9.879999999999999 18.26923076923077 20.413793103448278 9.724137931034482 8.76
10.28 17.961538461538463 19.448275862068964 9.448275862068966 8.28
9.04 19.0 19.137931034482758 10.448275862068964 8.64
9.4 18.807692307692307 20.689655172413794 10.172413793103447 9.6
9.76 18.576923076923077 18.551724137931032 10.793103448275863 8.8
9.879999999999999 18.96153846153846 19.03448275862069 9.275862068965516 8.959999999999999
9.96 16.923076923076923 17.448275862068964 11.310344827586206 9.0
9.12 18.53846153846154 17.344827586206897 10.03448275862069 9.440000000000001
9.56 19.615384615384613 18.20689655172414 10.379310344827585 10.0
9.28 17.76923076923077 19.137931034482758 9.137931034482758 9.08
10.36 17.5 17.06896551724138 10.206896551724139 9.639999999999999
10.88 17.846153846153847 19.17241379310345 9.413793103448276 10.16
8.36 20.576923076923077 18.517241379310345 10.482758620689657 9.639999999999999
10.4 19.42307692307692 20.89655172413793 9.413793103448276 10.28
9.719999999999999 18.76923076923077 18.724137931034484 10.758620689655173 10.959999999999999
10.56 19.076923076923077 18.20689655172414 8.89655172413793 9.76
10.56 18.26923076923077 18.06896551724138 9.413793103448276 9.4
9.04 18.53846153846154 19.379310344827587 10.10344827586207 9.799999999999999
8.68 18.115384615384617 19.379310344827587 10.724137931034482 9.84
8.56 18.461538461538463 18.06896551724138 9.0 11.96
10.36 19.192307692307693 19.0 9.620689655172415 11.16
10.36 17.884615384615383 18.20689655172414 11.034482758620689 10.48
9.799999999999999 17.423076923076923 18.482758620689655 10.413793103448276 8.200000000000001
10.6 18.73076923076923 19.0 9.275862068965516 10.200000000000001
9.24 20.846153846153847 17.517241379310345 9.896551724137932 10.040000000000001
10.16 18.192307692307693 19.448275862068964 10.758620689655173 8.72
10.16 17.73076923076923 17.17241379310345 10.275862068965518 9.56
9.96 17.384615384615383 18.655172413793107 9.344827586206897 11.24
9.92 18.192307692307693 19.103448275862068 10.379310344827585 8.72
10.08 18.23076923076923 17.96551724137931 10.10344827586207 9.36
10.120000000000001 18.346153846153847 18.517241379310345 9.310344827586206 9.24
10.6 18.73076923076923 18.0 10.344827586206897 9.48
10.0 15.538461538461538 18.517241379310345 10.482758620689657 9.0
10.040000000000001 19.076923076923077 18.448275862068964 8.96551724137931 9.96
10.6 17.384615384615383 19.689655172413794 9.931034482758621 10.4
9.68 19.307692307692307 19.103448275862068 9.448275862068966 9.440000000000001
10.120000000000001 18.115384615384617 18.0 8.724137931034482 9.32
11.719999999999999 19.692307692307693 19.24137931034483 10.758620689655173 10.0
9.32 20.346153846153847 19.0 11.137931034482758 9.4
9.12 19.03846153846154 17.20689655172414 10.482758620689657 9.639999999999999
9.68 19.115384615384613 18.10344827586207 11.034482758620689 9.520000000000001
8.28 18.5 19.413793103448278 11.172413793103448 10.040000000000001
9.799999999999999 20.076923076923077 17.413793103448274 9.793103448275861 10.08
9.799999999999999 17.423076923076923 17.75862068965517 10.620689655172415 10.48
10.36 17.76923076923077 19.310344827586206 11.310344827586206 9.76
9.84 19.076923076923077 19.379310344827587 10.96551724137931 9.56
10.64 17.653846153846157 21.448275862068964 10.03448275862069 10.08
10.48 18.846153846153847 17.724137931034484 9.758620689655173 9.36
10.56 18.807692307692307 19.137931034482758 9.689655172413794 8.56
10.48 18.884615384615387 20.724137931034484 9.724137931034482 9.12
9.48 20.423076923076923 19.379310344827587 9.517241379310345 9.440000000000001
9.68 18.576923076923077 19.27586206896552 11.137931034482758 9.879999999999999
10.120000000000001 20.53846153846154 17.20689655172414 9.413793103448276 9.16
10.28 18.653846153846153 19.103448275862068 10.724137931034482 10.959999999999999
10.48 17.538461538461537 18.06896551724138 10.551724137931036 10.08
10.28 18.53846153846154 18.620689655172413 9.137931034482758 11.56
10.8 20.153846153846153 19.344827586206897 10.551724137931036 9.68
10.84 20.26923076923077 19.517241379310345 10.931034482758621 8.64
11.24 18.653846153846153 17.379310344827584 9.379310344827587 11.16
10.4 18.346153846153847 19.310344827586206 10.344827586206897 9.76
9.879999999999999 18.0 19.551724137931036 10.172413793103447 9.12
10.6 17.846153846153847 18.379310344827587 10.172413793103447 9.96
10.36 18.692307692307693 18.862068965517242 10.482758620689657 9.32
9.76 17.76923076923077 18.24137931034483 10.0 10.0
9.520000000000001 16.153846153846153 17.89655172413793 9.0 8.36
10.56 19.153846153846153 19.689655172413794 10.482758620689657 10.040000000000001
9.68 19.0 17.517241379310345 10.89655172413793 9.28
10.64 17.576923076923077 19.413793103448278 9.793103448275861 9.04
9.639999999999999 19.730769230769234 19.137931034482758 10.0 9.92
10.52 18.038461538461537 17.862068965517242 10.0 10.120000000000001
10.84 19.57692307692308 17.689655172413794 9.655172413793103 10.64
