85.77777777777777 82.10000000000001 82.25 86.2 86.44444444444444
85.88888888888889 81.69999999999999 82.75 85.2 85.77777777777777
86.88888888888889 81.69999999999999 82.625 86.4 86.22222222222223
86.88888888888889 81.69999999999999 81.125 86.1 87.11111111111111
87.0 80.4 80.875 86.2 87.44444444444444
85.88888888888889 81.60000000000001 82.0 85.4 85.66666666666667
86.11111111111111 82.0 81.875 86.6 86.22222222222223
85.33333333333333 80.69999999999999 80.75 84.1 84.33333333333333
86.44444444444444 81.19999999999999 81.25 84.8 85.44444444444444
85.0 82.69999999999999 81.875 85.5 85.33333333333333
85.88888888888889 80.5 82.0 86.5 86.88888888888889
86.0 81.60000000000001 81.75 85.7 86.88888888888889
86.88888888888889 81.3 80.75 85.1 86.0
87.22222222222223 80.8 81.5 84.8 86.33333333333333
87.11111111111111 80.19999999999999 80.375 85.6 86.22222222222223
87.22222222222223 82.0 81.75 86.5 86.0
86.22222222222223 80.60000000000001 81.875 85.4 86.22222222222223
86.55555555555556 82.19999999999999 82.0 85.5 86.55555555555556
85.44444444444444 80.5 80.875 84.2 85.77777777777777
86.33333333333333 81.10000000000001 81.875 86.3 87.0
87.11111111111111 81.0 81.875 86.0 87.11111111111111
86.66666666666667 79.8 82.0 84.7 85.66666666666667
86.0 81.9 82.0 85.6 86.66666666666667
86.22222222222223 80.69999999999999 82.125 85.8 85.77777777777777
85.55555555555556 80.10000000000001 81.625 84.7 85.44444444444444
86.22222222222223 81.10000000000001 81.625 84.1 86.11111111111111
86.55555555555556 79.10000000000001 81.125 84.5 85.77777777777777
86.22222222222223 81.0 80.625 84.7 86.44444444444444
86.22222222222223 79.39999999999999 81.875 85.9 85.88888888888889
87.11111111111111 80.19999999999999 80.375 84.6 86.11111111111111
88.11111111111111 80.0 81.75 86.2 87.33333333333333
86.11111111111111 80.60000000000001 80.625 85.3 86.77777777777777
85.77777777777777 79.3 81.75 86.0 85.66666666666667
86.77777777777777 80.0 81.0 85.2 87.44444444444444
87.44444444444444 79.5 80.625 86.0 86.33333333333333
86.0 79.0 80.25 85.5 85.55555555555556
86.22222222222223 81.3 81.5 86.3 86.55555555555556
86.55555555555556 80.8 80.625 85.3 86.44444444444444
86.55555555555556 79.8 82.0 85.0 85.66666666666667
86.55555555555556 79.3 81.0 84.9 85.55555555555556
86.77777777777777 80.0 80.375 86.0 87.0
86.77777777777777 78.8 80.25 85.5 86.44444444444444
86.11111111111111 78.5 81.125 85.5 85.77777777777777
86.22222222222223 80.10000000000001 80.5 85.4 86.22222222222223
86.0 78.60000000000001 81.125 85.5 84.88888888888889
86.66666666666667 79.39999999999999 80.5 85.5 86.22222222222223
86.0 79.2 81.0 84.7 85.77777777777777
85.77777777777777 78.2 79.75 86.4 87.0
85.22222222222223 77.39999999999999 79.75 85.0 86.22222222222223
87.22222222222223 80.0 78.875 85.9 87.11111111111111
86.33333333333333 77.0 80.0 85.2 86.55555555555556
86.33333333333333 77.8 80.375 85.8 86.44444444444444
85.11111111111111 78.3 79.75 86.4 86.55555555555556
86.0 77.7 78.875 85.8 85.88888888888889
86.66666666666667 78.60000000000001 81.25 84.9 88.0
85.66666666666667 76.8 80.0 85.8 85.55555555555556
86.11111111111111 77.60000000000001 79.375 85.2 86.77777777777777
87.0 77.2 81.0 85.3 87.66666666666667
86.33333333333333 76.2 79.375 85.7 85.88888888888889
85.88888888888889 77.2 78.875 86.1 85.55555555555556
87.11111111111111 75.80000000000001 79.5 84.6 85.44444444444444
86.22222222222223 74.6 79.125 85.6 86.33333333333333
86.55555555555556 75.2 78.375 86.6 86.0
86.22222222222223 75.30000000000001 78.25 85.3 86.0
86.55555555555556 76.7 78.75 85.5 86.0
85.33333333333333 73.7 77.125 85.4 85.55555555555556
85.44444444444444 73.80000000000001 78.75 85.1 86.11111111111111
86.0 74.30000000000001 78.0 86.0 85.44444444444444
87.11111111111111 72.8 78.125 86.1 86.33333333333333
86.0 73.1 76.75 86.4 87.33333333333333
85.22222222222223 73.2 77.375 85.7 86.11111111111111
85.33333333333333 71.3 76.75 85.4 86.55555555555556
86.55555555555556 73.1 77.75 85.2 87.0
84.55555555555556 69.8 75.5 85.3 85.44444444444444
86.22222222222223 72.0 76.0 85.2 86.22222222222223
85.66666666666667 70.1 76.375 85.2 85.44444444444444
85.66666666666667 70.4 77.0 85.8 85.11111111111111
86.55555555555556 70.2 76.0 86.2 86.77777777777777
86.77777777777777 69.2 77.0 85.9 87.11111111111111
86.66666666666667 68.5 76.0 86.4 86.0
86.55555555555556 67.7 76.75 85.2 85.44444444444444
85.88888888888889 67.2 75.25 85.5 85.55555555555556
85.77777777777777 68.4 76.25 84.8 86.55555555555556
86.0 67.4 74.75 85.2 86.11111111111111
86.44444444444444 65.3 75.25 84.2 86.44444444444444
85.55555555555556 68.6 75.125 84.9 85.33333333333333
85.44444444444444 64.9 74.125 86.3 85.88888888888889
86.11111111111111 66.5 76.625 86.2 86.22222222222223
85.44444444444444 64.19999999999999 73.625 86.7 86.77777777777777
87.22222222222223 64.10000000000001 75.75 86.6 87.22222222222223
86.22222222222223 60.8 72.5 84.7 84.77777777777777
85.88888888888889 61.800000000000004 73.0 86.6 87.44444444444444
86.11111111111111 60.900000000000006 72.625 84.5 85.55555555555556
85.44444444444444 59.5 73.75 85.1 85.88888888888889
85.44444444444444 60.400000000000006 71.5 85.7 86.44444444444444
85.44444444444444 57.3 72.375 85.2 86.55555555555556
86.88888888888889 58.3 71.75 86.8 87.22222222222223
87.0 55.9 70.5 85.2 87.33333333333333
86.22222222222223 58.5 71.375 86.1 85.66666666666667
85.44444444444444 56.4 70.625 85.9 86.22222222222223
86.77777777777777 58.1 71.375 85.7 87.44444444444444
81.88888888888889 81.0 81.375 82.10000000000001 81.66666666666667
83.0 81.69999999999999 81.875 84.5 82.44444444444444
81.66666666666667 81.4 80.875 81.9 80.77777777777779
81.55555555555556 82.10000000000001 80.125 82.0 81.66666666666667
85.66666666666667 55.300000000000004 70.5 85.3 86.0
80.77777777777779 81.5 81.5 82.60000000000001 82.44444444444444
81.44444444444444 81.9 81.75 82.4 82.1111111111111
80.55555555555556 81.0 81.0 82.10000000000001 81.0
80.88888888888889 80.4 80.125 80.9 81.22222222222223
85.77777777777777 62.300000000000004 66.875 84.8 86.44444444444444
81.44444444444444 79.2 80.375 82.5 81.88888888888889
82.88888888888889 81.9 82.0 83.3 82.55555555555554
81.22222222222223 81.69999999999999 81.25 81.60000000000001 81.66666666666667
81.55555555555556 81.19999999999999 82.125 82.19999999999999 81.44444444444444
86.77777777777777 56.5 71.0 84.8 86.22222222222223
81.88888888888889 81.60000000000001 81.625 81.60000000000001 82.1111111111111
81.1111111111111 79.8 80.375 81.8 80.88888888888889
81.0 80.3 81.125 81.5 80.66666666666666
81.33333333333333 80.3 82.625 81.9 81.88888888888889
86.33333333333333 62.0 69.25 86.6 87.88888888888889
81.77777777777779 80.60000000000001 81.25 81.8 81.55555555555556
80.66666666666666 81.0 81.875 82.19999999999999 80.77777777777779
80.33333333333334 80.3 79.875 81.3 82.1111111111111
81.66666666666667 80.3 80.5 80.5 81.22222222222223
81.88888888888889 81.8 82.25 81.8 82.44444444444444
81.77777777777779 82.60000000000001 82.25 82.8 82.22222222222223
82.0 81.0 80.875 81.4 82.44444444444444
82.1111111111111 81.10000000000001 82.0 82.0 82.33333333333333
82.0 81.3 81.875 81.69999999999999 81.66666666666667
81.66666666666667 81.5 82.375 82.5 82.55555555555554
85.66666666666667 62.8 67.875 86.2 86.0
86.22222222222223 62.6 68.625 85.2 86.66666666666667
86.66666666666667 62.0 68.25 86.6 87.88888888888889
85.55555555555556 60.6 67.875 85.0 86.0
85.77777777777777 59.3 67.75 85.4 85.88888888888889
86.22222222222223 63.6 67.25 85.6 86.0
84.55555555555556 60.0 68.0 85.7 87.11111111111111
85.55555555555556 62.0 67.25 86.0 87.22222222222223
86.88888888888889 64.3 69.375 85.8 86.88888888888889
85.66666666666667 63.4 69.875 85.6 87.0
86.0 63.2 69.875 87.0 87.11111111111111
85.77777777777777 62.8 68.875 85.6 86.22222222222223
85.0 61.199999999999996 69.25 85.9 86.44444444444444
85.11111111111111 64.0 69.625 86.0 88.11111111111111
85.44444444444444 62.5 69.25 85.6 87.44444444444444
86.77777777777777 61.800000000000004 68.125 86.5 86.11111111111111
84.88888888888889 63.0 66.75 84.8 86.22222222222223
85.88888888888889 64.4 68.25 87.6 87.77777777777777
85.55555555555556 63.3 70.875 85.5 86.66666666666667
84.88888888888889 61.6 68.75 85.9 86.22222222222223
86.33333333333333 63.6 69.375 86.0 87.44444444444444
85.0 63.6 68.75 85.5 86.44444444444444
84.55555555555556 62.5 68.0 85.6 87.11111111111111
86.22222222222223 62.7 68.0 86.1 86.55555555555556
86.22222222222223 63.5 70.125 86.2 87.88888888888889
85.11111111111111 64.10000000000001 71.125 86.4 86.88888888888889
87.44444444444444 63.3 70.25 86.7 87.22222222222223
86.66666666666667 63.8 69.875 85.8 87.0
86.11111111111111 62.300000000000004 69.375 85.6 87.66666666666667
86.11111111111111 65.3 71.125 87.2 87.66666666666667
86.33333333333333 63.8 70.75 86.2 87.33333333333333
85.88888888888889 63.6 67.625 86.1 87.11111111111111
84.77777777777777 63.2 71.5 85.4 87.0
86.44444444444444 63.8 69.875 86.6 87.55555555555556
86.55555555555556 64.60000000000001 70.375 87.2 87.55555555555556
86.77777777777777 63.70000000000001 71.0 86.7 87.33333333333333
86.44444444444444 65.60000000000001 69.75 88.0 88.44444444444446
85.33333333333333 64.3 71.5 86.7 87.55555555555556
85.33333333333333 64.3 69.25 87.8 87.55555555555556
86.22222222222223 67.9 72.5 87.1 88.55555555555556
86.0 65.19999999999999 71.375 87.0 87.0
87.33333333333333 65.8 71.875 86.8 87.55555555555556
86.77777777777777 66.9 71.625 86.7 88.77777777777777
86.55555555555556 65.19999999999999 70.125 87.5 88.33333333333333
87.66666666666667 68.0 71.375 87.9 88.66666666666667
86.66666666666667 67.10000000000001 71.25 87.7 88.44444444444446
87.55555555555556 67.0 73.875 87.8 89.66666666666667
86.55555555555556 65.60000000000001 71.875 89.0 88.11111111111111
87.44444444444444 66.5 72.375 87.5 88.55555555555556
87.88888888888889 69.0 73.125 89.2 89.55555555555556
87.66666666666667 69.0 72.875 87.3 89.66666666666667
88.66666666666667 67.8 74.0 88.9 89.22222222222221
86.77777777777777 67.10000000000001 72.75 89.39999999999999 90.0
87.66666666666667 68.8 72.25 89.0 90.11111111111111
86.88888888888889 68.6 72.75 88.9 89.0
89.0 69.4 74.125 88.5 90.44444444444444
88.66666666666667 67.9 72.25 88.4 89.66666666666667
87.11111111111111 68.4 72.125 89.0 89.8888888888889
87.88888888888889 70.5 73.125 89.89999999999999 90.66666666666667
88.55555555555556 68.9 72.0 90.0 89.8888888888889
89.0 70.8 74.625 89.80000000000001 90.8888888888889
88.44444444444446 69.7 72.875 89.39999999999999 90.55555555555556
87.77777777777777 69.5 73.125 89.7 89.11111111111111
87.66666666666667 70.7 72.25 90.1 90.11111111111111
89.44444444444444 72.0 74.75 89.89999999999999 91.33333333333334
90.22222222222221 69.3 71.875 89.5 91.0
89.33333333333333 71.2 73.125 90.39999999999999 91.33333333333334
89.0 69.2 73.125 90.0 91.11111111111111
89.0 69.9 71.375 90.1 90.33333333333333
89.33333333333333 69.5 71.375 89.5 90.11111111111111
88.44444444444446 69.9 71.0 89.0 91.44444444444444
89.66666666666667 72.2 72.625 91.39999999999999 92.11111111111111
91.0 73.1 71.75 90.6 92.22222222222221
89.0 71.8 71.875 91.39999999999999 91.22222222222221
89.8888888888889 70.8 69.5 91.30000000000001 91.33333333333334
90.22222222222221 70.6 69.625 90.2 92.0
88.77777777777777 70.7 69.75 89.5 91.33333333333334
89.11111111111111 70.1 68.875 90.0 90.77777777777777
89.44444444444444 70.0 71.25 90.7 91.55555555555556
88.88888888888889 71.2 70.0 89.89999999999999 91.11111111111111
88.33333333333333 71.1 70.75 90.30000000000001 91.77777777777777
88.55555555555556 70.6 69.125 90.5 91.77777777777777
90.55555555555556 71.9 70.625 91.0 92.55555555555556
89.44444444444444 71.4 69.625 90.7 91.55555555555556
89.0 71.1 69.125 89.39999999999999 90.44444444444444
89.44444444444444 70.0 69.875 90.30000000000001 91.44444444444444
89.8888888888889 72.5 70.875 92.0 93.33333333333334
88.66666666666667 69.9 69.875 90.6 91.66666666666666
88.88888888888889 71.0 68.75 91.6 91.66666666666666
88.11111111111111 72.3 70.625 90.5 91.11111111111111
90.44444444444444 73.6 71.5 90.89999999999999 92.33333333333334
89.66666666666667 70.3 70.875 91.1 91.77777777777777
88.88888888888889 70.4 70.0 91.5 91.55555555555556
88.44444444444446 71.2 68.875 91.0 91.8888888888889
89.0 71.3 68.625 90.80000000000001 91.33333333333334
89.66666666666667 70.9 70.0 89.6 90.44444444444444
87.66666666666667 69.4 66.75 89.6 90.44444444444444
90.44444444444444 73.4 69.375 90.39999999999999 91.55555555555556
90.66666666666667 69.9 69.625 89.6 90.77777777777777
