32935.000 -0.400 -0.400 0.118
32936.000 -0.400 -0.331 0.052
32937.000 -0.400 -0.262 0.242
32938.000 -0.400 -0.192 0.272
32939.000 -0.400 -0.123 0.048
32940.000 -0.400 -0.054 0.285
32941.000 -0.400 0.015 0.143
32942.000 -0.400 0.085 0.007
32943.000 -0.400 0.154 0.400
32944.000 -0.400 0.223 0.099
32945.000 -0.400 0.292 0.157
32946.000 -0.400 0.362 0.490
32947.000 -0.400 0.431 0.131
32948.000 -0.331 -0.400 0.121
32949.000 -0.331 -0.331 0.324
32950.000 -0.331 -0.262 0.202
32951.000 -0.331 -0.192 0.314
32952.000 -0.331 -0.123 0.302
32953.000 -0.331 -0.054 0.092
32954.000 -0.331 0.015 0.212
32955.000 -0.331 0.085 0.066
32956.000 -0.331 0.154 0.270
32957.000 -0.331 0.223 0.320
32958.000 -0.331 0.292 0.171
32959.000 -0.331 0.362 0.213
32960.000 -0.331 0.431 0.269
32961.000 -0.262 -0.400 0.165
32962.000 -0.262 -0.331 0.167
32963.000 -0.262 -0.262 0.193
32964.000 -0.262 -0.192 0.370
32965.000 -0.262 -0.123 0.235
32966.000 -0.262 -0.054 0.195
32967.000 -0.262 0.015 0.156
32968.000 -0.262 0.085 0.125
32969.000 -0.262 0.154 0.459
32970.000 -0.262 0.223 0.060
32971.000 -0.262 0.292 0.227
32972.000 -0.262 0.362 0.488
32973.000 -0.262 0.431 0.366
32974.000 -0.192 -0.400 0.060
32975.000 -0.192 -0.331 0.382
32976.000 -0.192 -0.262 0.103
32977.000 -0.192 -0.192 0.114
32978.000 -0.192 -0.123 0.228
32979.000 -0.192 -0.054 0.146
32980.000 -0.192 0.015 0.077
32981.000 -0.192 0.085 0.378
32982.000 -0.192 0.154 0.275
32983.000 -0.192 0.223 0.164
32984.000 -0.192 0.292 0.481
32985.000 -0.192 0.362 0.115
32986.000 -0.192 0.431 0.389
32987.000 -0.123 -0.400 0.061
32988.000 -0.123 -0.331 0.049
32989.000 -0.123 -0.262 0.077
32990.000 -0.123 -0.192 0.312
32991.000 -0.123 -0.123 0.438
32992.000 -0.123 -0.054 0.207
32993.000 -0.123 0.015 0.394
32994.000 -0.123 0.085 0.355
32995.000 -0.123 0.154 0.149
32996.000 -0.123 0.223 0.371
32997.000 -0.123 0.292 0.279
32998.000 -0.123 0.431 0.142
32999.000 -0.054 -0.400 0.237
33000.000 -0.054 -0.331 0.031
33001.000 -0.054 -0.262 0.051
33002.000 -0.054 -0.192 0.307
33003.000 -0.054 -0.123 0.413
33004.000 -0.054 -0.054 0.372
33005.000 -0.054 0.015 0.404
33006.000 -0.054 0.085 0.185
33007.000 -0.054 0.154 0.262
33008.000 -0.054 0.223 0.459
33009.000 -0.054 0.292 0.409
33010.000 -0.054 0.362 0.165
33011.000 -0.054 0.431 0.096
33012.000 0.015 -0.400 0.286
33013.000 0.015 -0.331 0.324
33014.000 0.015 -0.262 0.295
33015.000 0.015 -0.192 0.165
33016.000 0.015 -0.123 0.414
33017.000 0.015 -0.054 0.092
33018.000 0.015 0.015 0.035
33019.000 0.015 0.085 0.350
33020.000 0.015 0.154 0.189
33021.000 0.015 0.223 0.004
33022.000 0.015 0.292 0.079
33023.000 0.015 0.362 0.173
33024.000 0.015 0.431 0.273
33025.000 0.085 -0.400 0.007
33026.000 0.085 -0.331 0.299
33027.000 0.085 -0.262 0.248
33028.000 0.085 -0.192 0.135
33029.000 0.085 -0.123 0.395
33030.000 0.085 -0.054 0.184
33031.000 0.085 0.015 0.402
33032.000 0.085 0.085 0.063
33033.000 0.085 0.154 0.018
33034.000 0.085 0.223 0.079
33035.000 0.085 0.292 0.378
33036.000 0.085 0.362 0.357
33037.000 0.085 0.431 0.324
33038.000 0.154 -0.400 0.370
33039.000 0.154 -0.331 0.096
33040.000 0.154 -0.262 0.474
33041.000 0.154 -0.192 0.298
33042.000 0.154 -0.123 0.221
33043.000 0.154 -0.054 0.325
33044.000 0.154 0.015 0.151
33045.000 0.154 0.085 0.138
33046.000 0.154 0.154 0.358
33047.000 0.154 0.223 0.282
33048.000 0.154 0.292 0.142
33049.000 0.154 0.362 0.316
33050.000 0.154 0.431 0.159
33051.000 0.223 -0.400 0.094
33052.000 0.223 -0.331 0.118
33053.000 0.223 -0.262 0.082
33054.000 0.223 -0.192 0.172
33055.000 0.223 -0.123 0.387
33056.000 0.223 -0.054 0.008
33057.000 0.223 0.015 0.199
33058.000 0.223 0.085 0.410
33059.000 0.223 0.154 0.115
33060.000 0.223 0.223 0.033
33061.000 0.223 0.292 0.241
33062.000 0.223 0.362 0.129
33063.000 0.223 0.431 0.019
33064.000 0.292 -0.400 0.043
33065.000 0.292 -0.331 0.143
33066.000 0.292 -0.262 0.336
33067.000 0.292 -0.192 0.274
33068.000 0.292 -0.123 0.244
33069.000 0.292 -0.054 0.251
33070.000 0.292 0.015 0.468
33071.000 0.292 0.085 0.014
33072.000 0.292 0.154 0.249
33073.000 0.292 0.223 0.252
33074.000 0.292 0.292 0.256
33075.000 0.292 0.362 0.211
33076.000 0.292 0.431 0.349
33077.000 0.362 -0.400 0.459
33078.000 0.362 -0.331 0.053
33079.000 0.362 -0.262 0.368
33080.000 0.362 -0.192 0.423
33081.000 0.362 -0.123 0.050
33082.000 0.362 -0.054 0.143
33083.000 0.362 0.015 0.310
33084.000 0.362 0.085 0.341
33085.000 0.362 0.154 0.224
33086.000 0.362 0.223 0.398
33087.000 0.362 0.292 0.469
33088.000 0.362 0.362 0.427
33089.000 0.362 0.431 0.370
33090.000 0.431 -0.400 0.386
33091.000 0.431 -0.331 0.411
33092.000 0.431 -0.262 0.110
33093.000 0.431 -0.192 0.296
33094.000 0.431 -0.123 0.243
33095.000 0.431 -0.054 0.195
33096.000 0.431 0.015 0.059
33097.000 0.431 0.085 0.486
33098.000 0.431 0.154 0.272
33099.000 0.431 0.223 0.308
33100.000 0.431 0.292 0.073
33101.000 0.431 0.362 0.354
33102.000 0.431 0.431 0.322
