0.0 0.15641711229946526 0.04918032786885246 0.0 0.0
0.004201680672268907 0.1657754010695187 0.06830601092896176 0.0012706480304955528 0.0
0.0 0.13368983957219252 0.08469945355191257 0.0012706480304955528 0.0
0.0 0.21657754010695185 0.11885245901639344 0.0 0.0
0.0014005602240896359 0.16711229946524064 0.07650273224043716 0.0 0.0
0.0 0.14705882352941174 0.05327868852459017 0.0012706480304955528 0.0
0.0 0.1537433155080214 0.06284153005464481 0.0 0.0
0.004201680672268907 0.15641711229946526 0.06284153005464481 0.0 0.0
0.0 0.13903743315508021 0.050546448087431695 0.0 0.0
0.0028011204481792717 0.1270053475935829 0.06557377049180328 0.0 0.0
0.0014005602240896359 0.1804812834224599 0.0587431693989071 0.0 0.0
0.0 0.16978609625668448 0.06010928961748634 0.0 0.0
0.0 0.15641711229946526 0.08333333333333333 0.0 0.0
0.0028011204481792717 0.16042780748663102 0.06557377049180328 0.0 0.0
0.0 0.1497326203208556 0.06010928961748634 0.0 0.0
0.0056022408963585435 0.15240641711229946 0.06557377049180328 0.0 0.0
0.0 0.18850267379679145 0.0587431693989071 0.0 0.0
0.0 0.14438502673796794 0.07377049180327869 0.0 0.0
0.0 0.1590909090909091 0.08060109289617487 0.0 0.0
0.0014005602240896359 0.17647058823529413 0.06147540983606557 0.0 0.0
0.0014005602240896359 0.1590909090909091 0.05327868852459017 0.0012706480304955528 0.0
0.0014005602240896359 0.1537433155080214 0.06284153005464481 0.0 0.0
0.0 0.1483957219251337 0.05737704918032787 0.0 0.0
0.0 0.17245989304812834 0.06830601092896176 0.0 0.0
0.0 0.1590909090909091 0.06693989071038252 0.0 0.0
0.0014005602240896359 0.1229946524064171 0.05327868852459017 0.0 0.0
0.0 0.1550802139037433 0.06010928961748634 0.0 0.0
0.0 0.14572192513368984 0.07103825136612021 0.0 0.0
0.0 0.14572192513368984 0.07103825136612021 0.0 0.0
0.0 0.13903743315508021 0.06967213114754098 0.0 0.0
0.0028011204481792717 0.15240641711229946 0.06420765027322403 0.0 0.0
0.0 0.17112299465240643 0.07513661202185792 0.0 0.0
0.0 0.15240641711229946 0.06010928961748634 0.0012706480304955528 0.0
0.0 0.13101604278074866 0.06557377049180328 0.0 0.0
0.0 0.1590909090909091 0.0546448087431694 0.0 0.001524390243902439
0.0 0.1483957219251337 0.05737704918032787 0.0 0.0
0.0014005602240896359 0.12165775401069519 0.06830601092896176 0.0 0.0
0.0 0.10561497326203209 0.06557377049180328 0.0012706480304955528 0.0
0.0014005602240896359 0.13368983957219252 0.06693989071038252 0.0012706480304955528 0.0
0.0014005602240896359 0.17379679144385027 0.06010928961748634 0.0012706480304955528 0.0
0.0 0.1925133689839572 0.07103825136612021 0.0 0.0
0.0 0.18315508021390375 0.06420765027322403 0.0012706480304955528 0.0
0.0014005602240896359 0.14037433155080214 0.050546448087431695 0.0012706480304955528 0.0
0.0014005602240896359 0.15240641711229946 0.07923497267759563 0.0012706480304955528 0.0
0.0 0.1550802139037433 0.06284153005464481 0.0 0.0
0.0014005602240896359 0.1483957219251337 0.06284153005464481 0.0 0.0
0.0014005602240896359 0.1283422459893048 0.05327868852459017 0.0 0.0
0.0028011204481792717 0.11096256684491979 0.056010928961748634 0.0 0.0
0.0 0.12566844919786097 0.05327868852459017 0.0 0.0
0.0 0.1657754010695187 0.07103825136612021 0.0012706480304955528 0.0
0.0014005602240896359 0.1497326203208556 0.07377049180327869 0.0012706480304955528 0.0
0.0 0.13368983957219252 0.07103825136612021 0.0 0.0
0.0014005602240896359 0.13502673796791442 0.0546448087431694 0.0 0.001524390243902439
0.0 0.14438502673796794 0.0587431693989071 0.0 0.0
0.0 0.1270053475935829 0.06420765027322403 0.0012706480304955528 0.0
0.0014005602240896359 0.12433155080213905 0.06967213114754098 0.0 0.0
0.0 0.11229946524064172 0.050546448087431695 0.0 0.0
0.0014005602240896359 0.1323529411764706 0.06557377049180328 0.0 0.0
0.0 0.14438502673796794 0.06830601092896176 0.0012706480304955528 0.0
0.0014005602240896359 0.0962566844919786 0.0546448087431694 0.0 0.0
0.004201680672268907 0.1590909090909091 0.06830601092896176 0.0012706480304955528 0.0
0.0014005602240896359 0.1497326203208556 0.0546448087431694 0.0012706480304955528 0.0
0.0056022408963585435 0.13770053475935828 0.06010928961748634 0.0 0.001524390243902439
0.0 0.1283422459893048 0.08060109289617487 0.0012706480304955528 0.0
0.0 0.13101604278074866 0.07103825136612021 0.0012706480304955528 0.0
0.0028011204481792717 0.1497326203208556 0.08333333333333333 0.0 0.0
0.0 0.12967914438502676 0.05737704918032787 0.0 0.0
0.0 0.14438502673796794 0.04918032786885246 0.0 0.0
0.0014005602240896359 0.13502673796791442 0.06010928961748634 0.0 0.0
0.0014005602240896359 0.11497326203208556 0.07377049180327869 0.0 0.0
0.0014005602240896359 0.14572192513368984 0.07650273224043716 0.0 0.0
0.0 0.13502673796791442 0.0546448087431694 0.0 0.0
0.0014005602240896359 0.1270053475935829 0.07786885245901638 0.0 0.0
0.0 0.13101604278074866 0.07377049180327869 0.0012706480304955528 0.0
0.0 0.13502673796791442 0.06010928961748634 0.0 0.0
0.0028011204481792717 0.1270053475935829 0.050546448087431695 0.0012706480304955528 0.0
0.0 0.1323529411764706 0.06147540983606557 0.0 0.0
0.0014005602240896359 0.12032085561497327 0.0546448087431694 0.0012706480304955528 0.0
0.0014005602240896359 0.14304812834224598 0.06010928961748634 0.0 0.0
0.0014005602240896359 0.13502673796791442 0.06693989071038252 0.0 0.0
0.0 0.15106951871657753 0.056010928961748634 0.0 0.0
0.0014005602240896359 0.1323529411764706 0.050546448087431695 0.0 0.0
0.0 0.11898395721925134 0.05327868852459017 0.0012706480304955528 0.0
0.0 0.12967914438502676 0.06967213114754098 0.0 0.0
0.0014005602240896359 0.10962566844919786 0.04234972677595628 0.0 0.0
0.0 0.13368983957219252 0.056010928961748634 0.0012706480304955528 0.0
0.0028011204481792717 0.1229946524064171 0.06967213114754098 0.0012706480304955528 0.0
0.0014005602240896359 0.09759358288770054 0.04371584699453552 0.0012706480304955528 0.0
0.0 0.13502673796791442 0.06693989071038252 0.0 0.0
0.0 0.13903743315508021 0.06010928961748634 0.0012706480304955528 0.0
0.0 0.1657754010695187 0.06693989071038252 0.0 0.0
0.0014005602240896359 0.14705882352941174 0.0546448087431694 0.0012706480304955528 0.0
0.0 0.12566844919786097 0.056010928961748634 0.0 0.0
0.0028011204481792717 0.13636363636363638 0.07650273224043716 0.0 0.0
0.0028011204481792717 0.12032085561497327 0.045081967213114756 0.0 0.0
0.0028011204481792717 0.15641711229946526 0.050546448087431695 0.0 0.0
0.0014005602240896359 0.1283422459893048 0.0546448087431694 0.0 0.0
0.0 0.11898395721925134 0.04918032786885246 0.0 0.0
0.0028011204481792717 0.11497326203208556 0.04371584699453552 0.0 0.0
0.0014005602240896359 0.1323529411764706 0.06830601092896176 0.0 0.0
0.0014005602240896359 0.09358288770053476 0.03961748633879782 0.0 0.0
0.0 0.0013368983957219253 0.0 0.0 0.0
0.0 0.0 0.0 0.0 0.0
0.0 0.0 0.0 0.0 0.0
0.0 0.0 0.0 0.0 0.0
0.0 0.11096256684491979 0.03278688524590164 0.0 0.0
0.0 0.0 0.0 0.0012706480304955528 0.0
0.0 0.0 0.0 0.0 0.0
0.0 0.0 0.0 0.0 0.0
0.0 0.0 0.0 0.0 0.0
0.0 0.04278074866310161 0.15163934426229508 0.0012706480304955528 0.0
0.0 0.0 0.0 0.0 0.0
0.0 0.0 0.001366120218579235 0.0 0.0
0.0 0.0 0.0 0.0 0.0
0.0 0.0 0.0 0.0 0.0
0.0014005602240896359 0.10294117647058824 0.06284153005464481 0.0 0.0
0.0 0.0 0.0 0.0 0.001524390243902439
0.0 0.0 0.0 0.0 0.0
0.0 0.0 0.0 0.0 0.0
0.0 0.0 0.0 0.0 0.0
0.0 0.04679144385026738 0.13114754098360656 0.0012706480304955528 0.0
0.0 0.0 0.001366120218579235 0.0 0.0
0.0 0.0 0.0 0.0 0.0
0.0 0.0 0.0 0.0 0.001524390243902439
0.0 0.0 0.0 0.0 0.0
0.0 0.0 0.0 0.0 0.0
0.0 0.0 0.0 0.0 0.0
0.0014005602240896359 0.0 0.0 0.0 0.0
0.0014005602240896359 0.0 0.0 0.0 0.001524390243902439
0.0 0.0 0.0 0.0 0.0
0.0 0.0 0.0 0.0 0.0
0.0 0.05614973262032086 0.16530054644808745 0.0038119440914866584 0.0
0.0 0.05213903743315508 0.16393442622950818 0.0 0.001524390243902439
0.0 0.05213903743315508 0.15846994535519127 0.0 0.0
0.0 0.05213903743315508 0.16666666666666666 0.0012706480304955528 0.0
0.0 0.05481283422459893 0.14480874316939893 0.0012706480304955528 0.0
0.0 0.04144385026737968 0.14344262295081966 0.0012706480304955528 0.0
0.0 0.0748663101604278 0.16530054644808745 0.0012706480304955528 0.0
0.0 0.06951871657754011 0.20218579234972678 0.0 0.0
0.0014005602240896359 0.05080213903743316 0.18579234972677597 0.0 0.0
0.0 0.06684491978609626 0.15983606557377047 0.0012706480304955528 0.0
0.0 0.05080213903743316 0.16530054644808745 0.0025412960609911056 0.0
0.0 0.05481283422459893 0.20901639344262296 0.0038119440914866584 0.0
0.0 0.05748663101604278 0.21311475409836067 0.0 0.0
0.0014005602240896359 0.0481283422459893 0.24180327868852458 0.0 0.0
0.0 0.05481283422459893 0.24316939890710382 0.0 0.0
0.0014005602240896359 0.07620320855614973 0.26229508196721313 0.0 0.0
0.0028011204481792717 0.06951871657754011 0.273224043715847 0.0 0.0
0.0 0.05748663101604278 0.31967213114754095 0.0038119440914866584 0.0
0.0 0.07887700534759358 0.3087431693989071 0.0025412960609911056 0.0
0.0 0.0641711229946524 0.29371584699453557 0.0012706480304955528 0.001524390243902439
0.0028011204481792717 0.06818181818181819 0.4016393442622951 0.0012706480304955528 0.0
0.0028011204481792717 0.06684491978609626 0.3551912568306011 0.0012706480304955528 0.001524390243902439
0.0 0.08823529411764706 0.48087431693989074 0.0025412960609911056 0.0
0.0 0.09759358288770054 0.47677595628415304 0.0012706480304955528 0.0
0.0014005602240896359 0.0962566844919786 0.5901639344262295 0.0025412960609911056 0.0
0.0014005602240896359 0.09491978609625669 0.6024590163934427 0.0 0.0
0.0 0.08155080213903744 0.657103825136612 0.0 0.0
0.0 0.10294117647058824 0.6543715846994536 0.0025412960609911056 0.0
0.0 0.11096256684491979 0.7021857923497268 0.0038119440914866584 0.0
0.0014005602240896359 0.11229946524064172 0.7650273224043715 0.0 0.0
0.0 0.10962566844919786 0.8592896174863388 0.0 0.0
0.0 0.1163101604278075 0.9631147540983607 0.0 0.0
0.0 0.13368983957219252 1.0710382513661203 0.0 0.0
0.0 0.16310160427807488 1.219945355191257 0.0025412960609911056 0.0
0.0 0.1483957219251337 1.3101092896174864 0.0 0.0
0.0 0.18449197860962566 1.5081967213114755 0.0025412960609911056 0.0
0.0014005602240896359 0.21524064171122995 1.53551912568306 0.0012706480304955528 0.0
0.0 0.18850267379679145 1.6256830601092898 0.0 0.0
0.0014005602240896359 0.21657754010695185 1.7814207650273224 0.0012706480304955528 0.001524390243902439
0.0014005602240896359 0.19786096256684493 1.8169398907103824 0.0012706480304955528 0.0
0.0014005602240896359 0.2192513368983957 1.8756830601092898 0.0012706480304955528 0.0
0.0 0.22994652406417113 2.0655737704918034 0.0 0.0
0.0 0.22994652406417113 2.2855191256830603 0.0025412960609911056 0.0
0.0 0.28342245989304815 2.33879781420765 0.0 0.0
0.0 0.2941176470588235 2.6133879781420766 0.0012706480304955528 0.0
0.0014005602240896359 0.33021390374331555 2.699453551912568 0.0038119440914866584 0.0
0.0 0.32887700534759357 2.7937158469945356 0.0 0.0
0.0 0.3315508021390374 2.994535519125683 0.0 0.0
0.0 0.38368983957219255 3.239071038251366 0.0 0.001524390243902439
0.0014005602240896359 0.3676470588235294 3.1830601092896176 0.0012706480304955528 0.0
0.0 0.3676470588235294 3.390710382513661 0.0012706480304955528 0.0
0.0 0.4211229946524064 3.5846994535519126 0.0 0.0
0.0014005602240896359 0.4344919786096257 3.818306010928962 0.0012706480304955528 0.0
0.0014005602240896359 0.4344919786096257 3.8346994535519126 0.0025412960609911056 0.0
0.0 0.4812834224598931 4.077868852459017 0.0 0.0
0.0 0.5280748663101604 4.252732240437158 0.0 0.0
0.0 0.5374331550802139 4.6256830601092895 0.0 0.0
0.0 0.5401069518716577 4.562841530054645 0.0 0.0
0.0 0.5655080213903744 4.7076502732240435 0.0025412960609911056 0.0
0.0 0.589572192513369 5.045081967213115 0.0012706480304955528 0.0
0.0 0.6029411764705882 5.19535519125683 0.0012706480304955528 0.0
0.0 0.6524064171122995 5.331967213114754 0.0012706480304955528 0.0
0.0014005602240896359 0.6885026737967915 5.785519125683059 0.0012706480304955528 0.0
0.0 0.7098930481283422 6.025956284153006 0.0012706480304955528 0.0
0.0 0.7486631016042781 6.412568306010929 0.0 0.0
0.0 0.8248663101604278 6.684426229508197 0.0025412960609911056 0.0
0.0 0.8489304812834224 6.904371584699454 0.0025412960609911056 0.0
0.0 0.8863636363636365 7.202185792349726 0.0 0.0
0.0 0.8970588235294117 7.471311475409836 0.0 0.0
0.0 0.9451871657754011 7.748633879781421 0.0012706480304955528 0.0
0.0 0.9786096256684492 7.9863387978142075 0.0 0.0
0.0 1.0494652406417113 8.193989071038253 0.0012706480304955528 0.0
0.0 1.0748663101604279 8.44808743169399 0.0012706480304955528 0.0
0.0014005602240896359 1.0735294117647058 8.474043715846996 0.0 0.0
0.0 1.1497326203208555 8.92896174863388 0.0 0.0
0.0 1.1497326203208555 9.047814207650273 0.0 0.0
0.0 1.1042780748663101 8.971311475409836 0.0 0.0
0.0014005602240896359 1.1818181818181819 9.096994535519126 0.0 0.0
0.0 1.1684491978609626 8.916666666666666 0.0 0.0
0.0 1.1524064171122994 9.057377049180328 0.0 0.0
0.0 1.1751336898395723 9.150273224043715 0.0 0.0
0.0 1.1577540106951871 9.05191256830601 0.0 0.001524390243902439
0.0 1.1483957219251337 9.001366120218579 0.0 0.0
0.0 1.0989304812834226 9.162568306010929 0.0 0.0
0.0 1.179144385026738 9.168032786885245 0.0 0.0
0.0 1.1350267379679144 9.019125683060109 0.0012706480304955528 0.0
0.0 1.161764705882353 9.10655737704918 0.0 0.0
0.0 1.1390374331550803 9.025956284153004 0.0 0.0
0.0 1.1590909090909092 9.239071038251366 0.0 0.0
0.0 1.1377005347593583 9.147540983606557 0.0012706480304955528 0.0
0.0 1.183155080213904 9.024590163934425 0.0012706480304955528 0.0
0.0 1.161764705882353 9.121584699453553 0.0 0.0
0.0 1.1631016042780749 9.288251366120218 0.0 0.001524390243902439
0.0 1.2032085561497328 9.4275956284153 0.0025412960609911056 0.0
0.0 1.2339572192513368 9.420765027322403 0.0 0.0
0.0014005602240896359 1.183155080213904 9.353825136612022 0.0012706480304955528 0.0
0.0 1.2419786096256684 9.457650273224044 0.0 0.0
0.0 1.1671122994652408 9.311475409836065 0.0038119440914866584 0.0
0.0 1.2192513368983957 9.304644808743168 0.0012706480304955528 0.0
