0.0 0.15441176470588236 0.06693989071038252 0.0006353240152477764 0.0
0.0035014005602240898 0.16042780748663102 0.06625683060109289 0.0006353240152477764 0.0
0.0007002801120448179 0.13101604278074866 0.08265027322404372 0.0006353240152477764 0.0
0.0007002801120448179 0.19385026737967917 0.10724043715846994 0.0 0.0
0.0014005602240896359 0.16911764705882354 0.07513661202185792 0.0 0.0007621951219512195
0.0014005602240896359 0.15641711229946526 0.05806010928961749 0.0006353240152477764 0.0
0.0014005602240896359 0.14237967914438504 0.06830601092896176 0.0 0.0007621951219512195
0.0028011204481792717 0.1504010695187166 0.06557377049180328 0.0 0.0
0.0007002801120448179 0.13836898395721925 0.06420765027322403 0.0006353240152477764 0.0
0.0021008403361344537 0.11831550802139038 0.07581967213114754 0.0012706480304955528 0.0
0.0021008403361344537 0.16310160427807488 0.0587431693989071 0.0 0.0
0.0 0.16042780748663102 0.0621584699453552 0.0 0.0007621951219512195
0.0007002801120448179 0.1550802139037433 0.08401639344262295 0.0 0.0
0.0028011204481792717 0.15307486631016043 0.07650273224043716 0.0 0.0
0.0007002801120448179 0.1550802139037433 0.06898907103825137 0.0 0.0
0.0035014005602240898 0.16243315508021391 0.06898907103825137 0.0 0.0
0.0021008403361344537 0.17981283422459893 0.0744535519125683 0.0 0.0
0.0007002801120448179 0.14772727272727273 0.07035519125683061 0.0 0.0
0.0007002801120448179 0.1537433155080214 0.07650273224043716 0.0 0.0
0.0028011204481792717 0.17179144385026737 0.07035519125683061 0.0 0.0
0.0014005602240896359 0.17045454545454547 0.06830601092896176 0.0012706480304955528 0.0
0.0007002801120448179 0.18449197860962566 0.06693989071038252 0.0 0.0
0.0007002801120448179 0.15106951871657753 0.06489071038251366 0.0 0.0
0.0014005602240896359 0.17179144385026737 0.07786885245901638 0.0 0.0
0.0 0.1771390374331551 0.07513661202185792 0.0 0.0
0.0007002801120448179 0.1504010695187166 0.056010928961748634 0.0 0.0
0.0 0.17112299465240643 0.06625683060109289 0.0 0.0
0.0 0.1677807486631016 0.08196721311475409 0.0 0.0
0.0014005602240896359 0.17179144385026737 0.06830601092896176 0.0 0.0
0.0 0.16844919786096257 0.07513661202185792 0.0 0.0
0.0035014005602240898 0.18315508021390375 0.07240437158469946 0.0006353240152477764 0.0
0.0014005602240896359 0.18850267379679145 0.09153005464480873 0.0006353240152477764 0.0
0.0 0.19518716577540107 0.07377049180327869 0.0006353240152477764 0.0
0.0 0.16844919786096257 0.06830601092896176 0.0 0.0
0.0007002801120448179 0.2018716577540107 0.07786885245901638 0.0 0.0007621951219512195
0.0 0.17914438502673796 0.07991803278688524 0.0 0.0
0.0014005602240896359 0.15441176470588236 0.07923497267759563 0.0 0.0
0.0 0.1483957219251337 0.08333333333333333 0.0012706480304955528 0.0
0.0014005602240896359 0.18783422459893045 0.08333333333333333 0.0006353240152477764 0.0
0.0007002801120448179 0.2038770053475936 0.07855191256830601 0.0006353240152477764 0.0
0.0 0.22259358288770054 0.09016393442622951 0.0 0.0
0.0 0.23128342245989303 0.09562841530054644 0.0012706480304955528 0.0
0.0035014005602240898 0.19585561497326204 0.06830601092896176 0.0006353240152477764 0.0
0.0021008403361344537 0.20655080213903743 0.10860655737704918 0.0006353240152477764 0.0
0.0014005602240896359 0.18449197860962566 0.06830601092896176 0.0006353240152477764 0.0
0.0021008403361344537 0.18315508021390375 0.07786885245901638 0.0 0.0
0.0007002801120448179 0.19518716577540107 0.07240437158469946 0.0 0.0
0.0014005602240896359 0.20989304812834225 0.07991803278688524 0.0 0.0
0.0 0.20454545454545453 0.08265027322404372 0.0 0.0
0.0007002801120448179 0.21524064171122995 0.11885245901639344 0.0006353240152477764 0.0
0.0028011204481792717 0.21991978609625668 0.10860655737704918 0.0012706480304955528 0.0
0.0014005602240896359 0.22660427807486633 0.10040983606557377 0.0 0.0
0.0028011204481792717 0.21858288770053474 0.09289617486338798 0.0 0.0007621951219512195
0.0007002801120448179 0.22727272727272727 0.10792349726775957 0.0 0.0
0.0014005602240896359 0.23195187165775402 0.09357923497267759 0.0012706480304955528 0.0
0.0014005602240896359 0.2306149732620321 0.0976775956284153 0.0 0.0
0.0007002801120448179 0.22660427807486633 0.09426229508196722 0.0 0.0
0.0014005602240896359 0.2446524064171123 0.09904371584699453 0.0006353240152477764 0.0
0.0007002801120448179 0.2526737967914438 0.10314207650273224 0.0006353240152477764 0.0
0.0007002801120448179 0.22259358288770054 0.10382513661202185 0.0 0.0
0.0028011204481792717 0.27606951871657753 0.11065573770491803 0.0006353240152477764 0.0
0.0014005602240896359 0.30414438502673796 0.09972677595628415 0.0006353240152477764 0.0
0.0028011204481792717 0.2874331550802139 0.11543715846994534 0.0006353240152477764 0.0007621951219512195
0.0 0.27606951871657753 0.1359289617486339 0.0006353240152477764 0.0007621951219512195
0.0007002801120448179 0.27406417112299464 0.11270491803278689 0.0006353240152477764 0.0
0.0021008403361344537 0.3315508021390374 0.12978142076502733 0.0012706480304955528 0.0
0.0014005602240896359 0.3114973262032085 0.12295081967213115 0.0 0.0
0.0 0.34024064171123 0.10450819672131148 0.0 0.0
0.0021008403361344537 0.35294117647058826 0.11816939890710383 0.0 0.0
0.0021008403361344537 0.3362299465240642 0.13934426229508196 0.0006353240152477764 0.0
0.0021008403361344537 0.34024064171123 0.1359289617486339 0.0 0.0
0.0014005602240896359 0.3562834224598931 0.13251366120218577 0.0 0.0
0.0007002801120448179 0.3449197860962567 0.13866120218579236 0.0006353240152477764 0.0
0.0007002801120448179 0.3783422459893048 0.16530054644808745 0.0006353240152477764 0.0
0.0021008403361344537 0.35962566844919786 0.13319672131147542 0.0 0.0
0.0028011204481792717 0.38368983957219255 0.13524590163934425 0.0006353240152477764 0.0
0.0 0.375 0.1372950819672131 0.0006353240152477764 0.0
0.0007002801120448179 0.39371657754010697 0.13183060109289618 0.0006353240152477764 0.0
0.0028011204481792717 0.4385026737967914 0.1400273224043716 0.0006353240152477764 0.0
0.0014005602240896359 0.42914438502673796 0.16051912568306012 0.0 0.0
0.0014005602240896359 0.4451871657754011 0.1413934426229508 0.0 0.0
0.0007002801120448179 0.4605614973262032 0.15368852459016394 0.0 0.0
0.0 0.4311497326203208 0.15505464480874318 0.0012706480304955528 0.0
0.0 0.46524064171123 0.16051912568306012 0.0 0.0
0.0014005602240896359 0.4659090909090909 0.13524590163934425 0.0 0.0
0.0014005602240896359 0.46189839572192515 0.15505464480874318 0.0006353240152477764 0.0
0.0014005602240896359 0.49866310160427807 0.18169398907103826 0.0012706480304955528 0.0
0.0021008403361344537 0.46925133689839577 0.1489071038251366 0.0006353240152477764 0.0
0.0007002801120448179 0.5340909090909091 0.1912568306010929 0.0006353240152477764 0.0
0.0 0.5641711229946523 0.17144808743169399 0.0006353240152477764 0.0
0.0007002801120448179 0.6176470588235294 0.1994535519125683 0.0 0.0
0.0021008403361344537 0.6002673796791443 0.19808743169398907 0.0006353240152477764 0.0
0.0007002801120448179 0.5902406417112299 0.1919398907103825 0.0006353240152477764 0.0
0.0028011204481792717 0.591577540106952 0.20833333333333334 0.0 0.0
0.0028011204481792717 0.606951871657754 0.19398907103825136 0.0 0.0
0.0028011204481792717 0.6864973262032086 0.18579234972677597 0.0 0.0
0.0028011204481792717 0.6637700534759359 0.20969945355191258 0.0 0.0
0.0021008403361344537 0.6824866310160428 0.21243169398907102 0.0 0.0
0.0028011204481792717 0.6798128342245989 0.1994535519125683 0.0 0.0
0.0014005602240896359 0.7272727272727272 0.2527322404371585 0.0 0.0
0.0028011204481792717 0.6483957219251337 0.21106557377049182 0.0 0.0
0.0 0.018048128342245992 0.008879781420765027 0.0 0.0
0.0 0.009358288770053475 0.0020491803278688526 0.0 0.0
0.0 0.014705882352941176 0.00546448087431694 0.0 0.0
0.0 0.012032085561497326 0.0047814207650273225 0.0 0.0
0.0007002801120448179 0.6878342245989305 0.1953551912568306 0.0 0.0
0.0 0.014705882352941176 0.0020491803278688526 0.0006353240152477764 0.0
0.0 0.0160427807486631 0.00546448087431694 0.0 0.0
0.0 0.015374331550802138 0.01092896174863388 0.0 0.0
0.0 0.014037433155080214 0.006147540983606557 0.0 0.0
0.0 0.48462566844919786 0.35382513661202186 0.0012706480304955528 0.0
0.0 0.01270053475935829 0.0034153005464480873 0.0 0.0
0.0 0.0160427807486631 0.0020491803278688526 0.0 0.0
0.0 0.006016042780748663 0.006147540983606557 0.0 0.0
0.0 0.012032085561497326 0.00273224043715847 0.0 0.0
0.0014005602240896359 0.6798128342245989 0.22950819672131148 0.0 0.0
0.0 0.014705882352941176 0.0020491803278688526 0.0 0.0007621951219512195
0.0 0.014037433155080214 0.004098360655737705 0.0006353240152477764 0.0
0.0 0.00802139037433155 0.004098360655737705 0.0 0.0
0.0 0.010026737967914439 0.0047814207650273225 0.0 0.0
0.0007002801120448179 0.5093582887700534 0.3306010928961749 0.0012706480304955528 0.0
0.0014005602240896359 0.010026737967914439 0.0047814207650273225 0.0 0.0
0.0 0.011363636363636362 0.0047814207650273225 0.0 0.0
0.0 0.010695187165775402 0.0034153005464480873 0.0 0.0007621951219512195
0.0 0.007352941176470588 0.0047814207650273225 0.0006353240152477764 0.0
0.0 0.012032085561497326 0.0034153005464480873 0.0 0.0
0.0 0.01270053475935829 0.004098360655737705 0.0 0.0
0.0007002801120448179 0.011363636363636362 0.0034153005464480873 0.0 0.0
0.0007002801120448179 0.010026737967914439 0.004098360655737705 0.0 0.0007621951219512195
0.0 0.013368983957219251 0.0047814207650273225 0.0 0.0
0.0 0.011363636363636362 0.0047814207650273225 0.0006353240152477764 0.0
0.0007002801120448179 0.5073529411764706 0.3866120218579235 0.0025412960609911056 0.0
0.0007002801120448179 0.5060160427807486 0.34426229508196726 0.0006353240152477764 0.0007621951219512195
0.0 0.518048128342246 0.35040983606557374 0.0 0.0
0.0014005602240896359 0.518716577540107 0.35587431693989074 0.0012706480304955528 0.0
0.0014005602240896359 0.5508021390374331 0.3422131147540984 0.0012706480304955528 0.0
0.0 0.4732620320855615 0.3422131147540984 0.0012706480304955528 0.0
0.0007002801120448179 0.5340909090909091 0.35382513661202186 0.0012706480304955528 0.0
0.0007002801120448179 0.5421122994652406 0.39617486338797814 0.0019059720457433292 0.0
0.0014005602240896359 0.5040106951871658 0.3620218579234973 0.0 0.0
0.0 0.4886363636363636 0.3203551912568306 0.0006353240152477764 0.0
0.0 0.5053475935828876 0.33811475409836067 0.0012706480304955528 0.0
0.0 0.5073529411764706 0.3435792349726776 0.0031766200762388818 0.0
0.0 0.5367647058823529 0.36475409836065575 0.0 0.0
0.0014005602240896359 0.4812834224598931 0.3825136612021858 0.0012706480304955528 0.0
0.0014005602240896359 0.5080213903743316 0.37431693989071035 0.0006353240152477764 0.0
0.0007002801120448179 0.5314171122994653 0.3900273224043716 0.0006353240152477764 0.0
0.0014005602240896359 0.4899732620320856 0.4112021857923497 0.0 0.0
0.0 0.48663101604278075 0.4412568306010929 0.0038119440914866584 0.0
0.0007002801120448179 0.5247326203208557 0.40505464480874315 0.0019059720457433292 0.0
0.0007002801120448179 0.5073529411764706 0.40505464480874315 0.0006353240152477764 0.0007621951219512195
0.0014005602240896359 0.49866310160427807 0.4562841530054645 0.0019059720457433292 0.0
0.0014005602240896359 0.48061497326203206 0.42008196721311475 0.0006353240152477764 0.0007621951219512195
0.0007002801120448179 0.5133689839572192 0.5122950819672132 0.0012706480304955528 0.0
0.0 0.5274064171122995 0.5184426229508197 0.0012706480304955528 0.0
0.0014005602240896359 0.5133689839572192 0.5327868852459017 0.0012706480304955528 0.0
0.0007002801120448179 0.5053475935828876 0.5403005464480874 0.0 0.0
0.0 0.5046791443850268 0.551912568306011 0.0006353240152477764 0.0
0.0 0.500668449197861 0.5566939890710382 0.0031766200762388818 0.0
0.0 0.5133689839572192 0.6004098360655737 0.0019059720457433292 0.0
0.0014005602240896359 0.5013368983957219 0.6133879781420766 0.0012706480304955528 0.0
0.0007002801120448179 0.49799465240641705 0.6591530054644809 0.0012706480304955528 0.0
0.0007002801120448179 0.5020053475935828 0.7247267759562841 0.0 0.0
0.0 0.5140374331550802 0.7629781420765028 0.0019059720457433292 0.0
0.0 0.5568181818181819 0.8606557377049181 0.0012706480304955528 0.0
0.0014005602240896359 0.5240641711229946 0.8975409836065573 0.0 0.0
0.0 0.5548128342245989 0.9774590163934426 0.0019059720457433292 0.0
0.0014005602240896359 0.5434491978609626 1.0163934426229508 0.0012706480304955528 0.0
0.0 0.55548128342246 1.0259562841530057 0.0006353240152477764 0.0
0.0014005602240896359 0.5568181818181819 1.1263661202185793 0.0012706480304955528 0.0007621951219512195
0.0014005602240896359 0.5020053475935828 1.123633879781421 0.0019059720457433292 0.0
0.0007002801120448179 0.5601604278074866 1.1448087431693987 0.0012706480304955528 0.0
0.0 0.5528074866310161 1.2342896174863387 0.0 0.0
0.0 0.5280748663101604 1.349726775956284 0.0025412960609911056 0.0
0.0 0.5935828877005348 1.3831967213114753 0.0006353240152477764 0.0
0.0007002801120448179 0.5601604278074866 1.5027322404371586 0.0012706480304955528 0.0
0.0014005602240896359 0.5909090909090909 1.562158469945355 0.0019059720457433292 0.0
0.0 0.5775401069518717 1.6010928961748634 0.0 0.0
0.0 0.6002673796791443 1.7028688524590163 0.0 0.0
0.0 0.625 1.8449453551912567 0.0 0.0007621951219512195
0.0007002801120448179 0.5902406417112299 1.7862021857923498 0.0012706480304955528 0.0
0.0007002801120448179 0.589572192513369 1.896174863387978 0.0006353240152477764 0.0
0.0014005602240896359 0.6343582887700534 1.980191256830601 0.0 0.0
0.0007002801120448179 0.6490641711229946 2.1038251366120218 0.0012706480304955528 0.0
0.0007002801120448179 0.6209893048128342 2.099726775956284 0.0012706480304955528 0.0
0.0 0.6377005347593583 2.2117486338797816 0.0006353240152477764 0.0
0.0007002801120448179 0.6631016042780749 2.2984972677595628 0.0006353240152477764 0.0
0.0 0.6858288770053476 2.516393442622951 0.0 0.0
0.0 0.678475935828877 2.4535519125683063 0.0 0.0
0.0 0.6945187165775402 2.5389344262295084 0.0019059720457433292 0.0
0.0 0.714572192513369 2.6830601092896176 0.0012706480304955528 0.0
0.0 0.7018716577540107 2.760245901639344 0.0006353240152477764 0.0
0.0 0.7259358288770054 2.826502732240437 0.0006353240152477764 0.0
0.0014005602240896359 0.7546791443850268 3.0519125683060113 0.0012706480304955528 0.0007621951219512195
0.0 0.7219251336898396 3.169398907103825 0.0006353240152477764 0.0
0.0 0.7352941176470588 3.3558743169398904 0.0 0.0
0.0 0.8509358288770054 3.5006830601092895 0.0019059720457433292 0.0
0.0 0.8135026737967915 3.6154371584699456 0.0025412960609911056 0.0
0.0007002801120448179 0.8462566844919786 3.7431693989071038 0.0006353240152477764 0.0
0.0007002801120448179 0.8295454545454546 3.8681693989071038 0.0 0.0
0.0 0.8643048128342246 4.021857923497268 0.0019059720457433292 0.0007621951219512195
0.0 0.8709893048128342 4.133879781420765 0.0012706480304955528 0.0
0.0 0.8810160427807486 4.224043715846995 0.0006353240152477764 0.0
0.0 0.8943850267379679 4.367486338797814 0.0006353240152477764 0.0
0.0007002801120448179 0.9104278074866311 4.363387978142077 0.0 0.0
0.0 0.9605614973262032 4.599043715846994 0.0006353240152477764 0.0
0.0 0.9572192513368983 4.676229508196721 0.0 0.0
0.0 0.9151069518716577 4.631147540983607 0.0 0.0007621951219512195
0.0007002801120448179 0.9739304812834224 4.689890710382514 0.0006353240152477764 0.0
0.0007002801120448179 0.9612299465240641 4.590163934426229 0.0 0.0
0.0 0.9451871657754011 4.655054644808743 0.0 0.0
0.0 0.9832887700534759 4.699453551912569 0.0 0.0
0.0014005602240896359 0.9505347593582888 4.656420765027322 0.0006353240152477764 0.0007621951219512195
0.0 0.9291443850267379 4.622267759562842 0.0 0.0
0.0 0.9157754010695187 4.71243169398907 0.0 0.0
0.0014005602240896359 0.9705882352941176 4.723360655737705 0.0 0.0
0.0007002801120448179 0.9364973262032086 4.629781420765028 0.0006353240152477764 0.0
0.0007002801120448179 0.9371657754010695 4.673497267759563 0.0006353240152477764 0.0
0.0 0.9418449197860963 4.636612021857924 0.0 0.0
0.0 0.9585561497326204 4.772540983606558 0.0 0.0
0.0 0.9237967914438503 4.709016393442623 0.0006353240152477764 0.0
0.0 0.9565508021390374 4.641393442622951 0.0006353240152477764 0.0
0.0 0.9605614973262032 4.684426229508197 0.0 0.0
0.0 0.9491978609625668 4.760928961748634 0.0 0.0007621951219512195
0.0 0.9672459893048128 4.849726775956284 0.0019059720457433292 0.0
0.0 0.9612299465240641 4.842896174863387 0.0 0.0
0.0007002801120448179 0.9779411764705883 4.799863387978142 0.0006353240152477764 0.0
0.0007002801120448179 1.0033422459893049 4.860655737704918 0.0 0.0
0.0 0.9217914438502673 4.793715846994536 0.0025412960609911056 0.0
0.0 0.9786096256684492 4.777322404371584 0.0012706480304955528 0.0
