0.0 0.15240641711229946 0.08469945355191257 0.0012706480304955528 0.0
0.0028011204481792717 0.1550802139037433 0.06420765027322403 0.0 0.0
0.0014005602240896359 0.1283422459893048 0.08060109289617487 0.0 0.0
0.0014005602240896359 0.17112299465240643 0.09562841530054644 0.0 0.0
0.0014005602240896359 0.17112299465240643 0.07377049180327869 0.0 0.001524390243902439
0.0028011204481792717 0.1657754010695187 0.06284153005464481 0.0 0.0
0.0028011204481792717 0.13101604278074866 0.07377049180327869 0.0 0.001524390243902439
0.0014005602240896359 0.14438502673796794 0.06830601092896176 0.0 0.0
0.0014005602240896359 0.13770053475935828 0.07786885245901638 0.0012706480304955528 0.0
0.0014005602240896359 0.10962566844919786 0.08606557377049182 0.0025412960609911056 0.0
0.0028011204481792717 0.14572192513368984 0.0587431693989071 0.0 0.0
0.0 0.15106951871657753 0.06420765027322403 0.0 0.001524390243902439
0.0014005602240896359 0.1537433155080214 0.08469945355191257 0.0 0.0
0.0028011204481792717 0.14572192513368984 0.08743169398907104 0.0 0.0
0.0014005602240896359 0.16042780748663102 0.07786885245901638 0.0 0.0
0.0014005602240896359 0.17245989304812834 0.07240437158469946 0.0 0.0
0.004201680672268907 0.17112299465240643 0.09016393442622951 0.0 0.0
0.0014005602240896359 0.15106951871657753 0.06693989071038252 0.0 0.0
0.0014005602240896359 0.1483957219251337 0.07240437158469946 0.0 0.0
0.004201680672268907 0.16711229946524064 0.07923497267759563 0.0 0.0
0.0014005602240896359 0.1818181818181818 0.08333333333333333 0.0012706480304955528 0.0
0.0 0.21524064171122995 0.07103825136612021 0.0 0.0
0.0014005602240896359 0.1537433155080214 0.07240437158469946 0.0 0.0
0.0028011204481792717 0.17112299465240643 0.08743169398907104 0.0 0.0
0.0 0.19518716577540107 0.08333333333333333 0.0 0.0
0.0 0.17780748663101603 0.0587431693989071 0.0 0.0
0.0 0.18716577540106952 0.07240437158469946 0.0 0.0
0.0 0.18983957219251338 0.09289617486338798 0.0 0.0
0.0028011204481792717 0.19786096256684493 0.06557377049180328 0.0 0.0
0.0 0.19786096256684493 0.08060109289617487 0.0 0.0
0.004201680672268907 0.21390374331550802 0.08060109289617487 0.0012706480304955528 0.0
0.0028011204481792717 0.2058823529411765 0.10792349726775957 0.0012706480304955528 0.0
0.0 0.23796791443850268 0.08743169398907104 0.0 0.0
0.0 0.2058823529411765 0.07103825136612021 0.0 0.0
0.0014005602240896359 0.2446524064171123 0.10109289617486339 0.0 0.0
0.0 0.20989304812834225 0.10245901639344263 0.0 0.0
0.0014005602240896359 0.18716577540106952 0.09016393442622951 0.0 0.0
0.0 0.1911764705882353 0.10109289617486339 0.0012706480304955528 0.0
0.0014005602240896359 0.24197860962566844 0.09972677595628415 0.0 0.0
0.0 0.2339572192513369 0.09699453551912568 0.0 0.0
0.0 0.2526737967914438 0.1092896174863388 0.0 0.0
0.0 0.27941176470588236 0.12704918032786885 0.0012706480304955528 0.0
0.0056022408963585435 0.25133689839572193 0.08606557377049182 0.0 0.0
0.0028011204481792717 0.2606951871657754 0.13797814207650275 0.0 0.0
0.0028011204481792717 0.21390374331550802 0.07377049180327869 0.0012706480304955528 0.0
0.0028011204481792717 0.2179144385026738 0.09289617486338798 0.0 0.0
0.0 0.2620320855614973 0.09153005464480873 0.0 0.0
0.0 0.3088235294117647 0.10382513661202185 0.0 0.0
0.0 0.28342245989304815 0.11202185792349727 0.0 0.0
0.0014005602240896359 0.2647058823529412 0.16666666666666666 0.0 0.0
0.004201680672268907 0.29010695187165775 0.14344262295081966 0.0012706480304955528 0.0
0.0028011204481792717 0.3195187165775401 0.12978142076502733 0.0 0.0
0.004201680672268907 0.30213903743315507 0.13114754098360656 0.0 0.0
0.0014005602240896359 0.3101604278074866 0.15710382513661203 0.0 0.0
0.0028011204481792717 0.33689839572192515 0.12295081967213115 0.0012706480304955528 0.0
0.0014005602240896359 0.33689839572192515 0.12568306010928962 0.0 0.0
0.0014005602240896359 0.34090909090909094 0.13797814207650275 0.0 0.0
0.0014005602240896359 0.356951871657754 0.13251366120218577 0.0012706480304955528 0.0
0.0014005602240896359 0.3609625668449198 0.13797814207650275 0.0 0.0
0.0 0.34893048128342247 0.15300546448087432 0.0 0.0
0.0014005602240896359 0.39304812834224595 0.15300546448087432 0.0 0.0
0.0014005602240896359 0.4585561497326203 0.14480874316939893 0.0 0.0
0.0 0.4371657754010695 0.17076502732240437 0.0012706480304955528 0.0
0.0 0.4237967914438503 0.1912568306010929 0.0 0.001524390243902439
0.0014005602240896359 0.41711229946524064 0.15437158469945356 0.0 0.0
0.0014005602240896359 0.5133689839572192 0.1762295081967213 0.0025412960609911056 0.0
0.0028011204481792717 0.4933155080213904 0.18852459016393444 0.0 0.0
0.0 0.536096256684492 0.15983606557377047 0.0 0.0
0.0028011204481792717 0.570855614973262 0.1762295081967213 0.0 0.0
0.0028011204481792717 0.5574866310160428 0.20491803278688525 0.0012706480304955528 0.0
0.0028011204481792717 0.5347593582887701 0.1953551912568306 0.0 0.0
0.0028011204481792717 0.5775401069518717 0.21038251366120217 0.0 0.0
0.0 0.5628342245989305 0.1994535519125683 0.0012706480304955528 0.0
0.0014005602240896359 0.625668449197861 0.2568306010928961 0.0 0.0
0.004201680672268907 0.5842245989304813 0.2062841530054645 0.0 0.0
0.0028011204481792717 0.6403743315508021 0.21994535519125685 0.0 0.0
0.0 0.6176470588235294 0.21311475409836067 0.0012706480304955528 0.0
0.0 0.6671122994652406 0.20901639344262296 0.0 0.0
0.004201680672268907 0.7339572192513368 0.21994535519125685 0.0012706480304955528 0.0
0.0014005602240896359 0.7232620320855615 0.2540983606557377 0.0 0.0
0.0028011204481792717 0.7393048128342246 0.226775956284153 0.0 0.0
0.0 0.7887700534759359 0.2568306010928961 0.0 0.0
0.0 0.7433155080213903 0.2568306010928961 0.0012706480304955528 0.0
0.0 0.8008021390374331 0.25136612021857924 0.0 0.0
0.0014005602240896359 0.8221925133689839 0.22814207650273224 0.0 0.0
0.0028011204481792717 0.7901069518716577 0.2540983606557377 0.0 0.0
0.0 0.874331550802139 0.29371584699453557 0.0012706480304955528 0.0
0.0028011204481792717 0.8409090909090909 0.2540983606557377 0.0 0.0
0.0014005602240896359 0.9331550802139037 0.31557377049180324 0.0012706480304955528 0.0
0.0 0.9893048128342246 0.2827868852459016 0.0 0.0
0.0014005602240896359 1.0695187165775402 0.3319672131147541 0.0 0.0
0.0028011204481792717 1.053475935828877 0.34153005464480873 0.0 0.0
0.0014005602240896359 1.054812834224599 0.32786885245901637 0.0012706480304955528 0.0
0.0028011204481792717 1.0467914438502675 0.3401639344262295 0.0 0.0
0.0028011204481792717 1.0935828877005347 0.34289617486338797 0.0 0.0
0.0028011204481792717 1.2165775401069518 0.32103825136612024 0.0 0.0
0.004201680672268907 1.1991978609625669 0.36475409836065575 0.0 0.0
0.004201680672268907 1.245989304812834 0.37568306010928965 0.0 0.0
0.0028011204481792717 1.2446524064171123 0.3551912568306011 0.0 0.0
0.0014005602240896359 1.3221925133689838 0.4371584699453552 0.0 0.0
0.004201680672268907 1.2032085561497328 0.3825136612021858 0.0 0.0
0.0 0.034759358288770054 0.017759562841530054 0.0 0.0
0.0 0.01871657754010695 0.004098360655737705 0.0 0.0
0.0 0.029411764705882353 0.01092896174863388 0.0 0.0
0.0 0.02406417112299465 0.009562841530054645 0.0 0.0
0.0014005602240896359 1.2647058823529411 0.35792349726775957 0.0 0.0
0.0 0.029411764705882353 0.004098360655737705 0.0 0.0
0.0 0.0320855614973262 0.01092896174863388 0.0 0.0
0.0 0.030748663101604276 0.02185792349726776 0.0 0.0
0.0 0.02807486631016043 0.012295081967213115 0.0 0.0
0.0 0.9264705882352942 0.5560109289617486 0.0012706480304955528 0.0
0.0 0.02540106951871658 0.006830601092896175 0.0 0.0
0.0 0.0320855614973262 0.00273224043715847 0.0 0.0
0.0 0.012032085561497326 0.012295081967213115 0.0 0.0
0.0 0.02406417112299465 0.00546448087431694 0.0 0.0
0.0014005602240896359 1.2566844919786095 0.39617486338797814 0.0 0.0
0.0 0.029411764705882353 0.004098360655737705 0.0 0.0
0.0 0.02807486631016043 0.00819672131147541 0.0012706480304955528 0.0
0.0 0.0160427807486631 0.00819672131147541 0.0 0.0
0.0 0.020053475935828877 0.009562841530054645 0.0 0.0
0.0014005602240896359 0.9719251336898396 0.5300546448087431 0.0012706480304955528 0.0
0.0028011204481792717 0.020053475935828877 0.00819672131147541 0.0 0.0
0.0 0.022727272727272724 0.009562841530054645 0.0 0.0
0.0 0.021390374331550804 0.006830601092896175 0.0 0.0
0.0 0.014705882352941176 0.009562841530054645 0.0012706480304955528 0.0
0.0 0.02406417112299465 0.006830601092896175 0.0 0.0
0.0 0.02540106951871658 0.00819672131147541 0.0 0.0
0.0 0.022727272727272724 0.006830601092896175 0.0 0.0
0.0 0.020053475935828877 0.00819672131147541 0.0 0.0
0.0 0.026737967914438502 0.009562841530054645 0.0 0.0
0.0 0.022727272727272724 0.009562841530054645 0.0012706480304955528 0.0
0.0014005602240896359 0.9585561497326204 0.6079234972677595 0.0012706480304955528 0.0
0.0014005602240896359 0.9598930481283422 0.5245901639344263 0.0012706480304955528 0.0
0.0 0.9839572192513368 0.5423497267759563 0.0 0.0
0.0028011204481792717 0.9852941176470588 0.5450819672131147 0.0012706480304955528 0.0
0.0028011204481792717 1.0467914438502675 0.5396174863387978 0.0012706480304955528 0.0
0.0 0.9050802139037433 0.540983606557377 0.0012706480304955528 0.0
0.0014005602240896359 0.9933155080213905 0.5423497267759563 0.0012706480304955528 0.0
0.0014005602240896359 1.0147058823529411 0.5901639344262295 0.0038119440914866584 0.0
0.0014005602240896359 0.9572192513368983 0.5382513661202186 0.0 0.0
0.0 0.9104278074866311 0.48087431693989074 0.0 0.0
0.0 0.9598930481283422 0.5109289617486339 0.0 0.0
0.0 0.9598930481283422 0.4781420765027322 0.0025412960609911056 0.0
0.0 1.0160427807486632 0.5163934426229508 0.0 0.0
0.0014005602240896359 0.9144385026737968 0.523224043715847 0.0025412960609911056 0.0
0.0028011204481792717 0.9612299465240641 0.505464480874317 0.0012706480304955528 0.0
0.0 0.9866310160427808 0.51775956284153 0.0012706480304955528 0.0
0.0 0.9104278074866311 0.5491803278688524 0.0 0.0
0.0 0.9157754010695187 0.5628415300546449 0.0038119440914866584 0.0
0.0014005602240896359 0.9705882352941176 0.5013661202185793 0.0012706480304955528 0.0
0.0014005602240896359 0.9505347593582888 0.5163934426229508 0.0 0.0
0.0 0.9291443850267379 0.5109289617486339 0.0025412960609911056 0.0
0.0 0.8943850267379679 0.48497267759562845 0.0 0.0
0.0014005602240896359 0.9385026737967915 0.5437158469945356 0.0 0.0
0.0 0.9572192513368983 0.5601092896174864 0.0012706480304955528 0.0
0.0014005602240896359 0.93048128342246 0.47540983606557374 0.0 0.0
0.0 0.9157754010695187 0.4781420765027322 0.0 0.0
0.0 0.9278074866310161 0.44672131147540983 0.0012706480304955528 0.0
0.0 0.8983957219251337 0.45901639344262296 0.0038119440914866584 0.0
0.0 0.9157754010695187 0.49863387978142076 0.0 0.0
0.0014005602240896359 0.8903743315508021 0.4617486338797814 0.0025412960609911056 0.0
0.0014005602240896359 0.8863636363636365 0.45901639344262296 0.0025412960609911056 0.0
0.0014005602240896359 0.8877005347593583 0.48633879781420764 0.0 0.0
0.0 0.8943850267379679 0.45491803278688525 0.0038119440914866584 0.0
0.0 0.9505347593582888 0.5013661202185793 0.0 0.0
0.0028011204481792717 0.8997326203208557 0.48497267759562845 0.0 0.0
0.0 0.9251336898395721 0.44672131147540983 0.0012706480304955528 0.0
0.0014005602240896359 0.8716577540106952 0.4972677595628416 0.0012706480304955528 0.0
0.0 0.9224598930481284 0.42622950819672134 0.0012706480304955528 0.0
0.0014005602240896359 0.8970588235294117 0.4713114754098361 0.0012706480304955528 0.0
0.0014005602240896359 0.8061497326203209 0.43032786885245905 0.0025412960609911056 0.0
0.0 0.9010695187165775 0.4139344262295082 0.0012706480304955528 0.0
0.0 0.875668449197861 0.4030054644808743 0.0 0.0
0.0 0.8262032085561497 0.4139344262295082 0.0025412960609911056 0.0
0.0 0.9037433155080214 0.4275956284153006 0.0012706480304955528 0.0
0.0014005602240896359 0.8262032085561497 0.39207650273224043 0.0012706480304955528 0.0
0.0014005602240896359 0.8516042780748664 0.42486338797814205 0.0 0.0
0.0 0.8262032085561497 0.40846994535519127 0.0 0.0
0.0 0.8689839572192514 0.4112021857923497 0.0 0.0
0.0 0.8663101604278074 0.45081967213114754 0.0 0.0
0.0 0.8128342245989305 0.389344262295082 0.0012706480304955528 0.0
0.0014005602240896359 0.8114973262032086 0.4016393442622951 0.0 0.0
0.0028011204481792717 0.8475935828877006 0.37568306010928965 0.0 0.0
0.0 0.8636363636363636 0.389344262295082 0.0012706480304955528 0.0
0.0 0.8074866310160428 0.36475409836065575 0.0 0.0
0.0 0.7941176470588235 0.34562841530054644 0.0012706480304955528 0.0
0.0014005602240896359 0.7981283422459893 0.34426229508196726 0.0012706480304955528 0.0
0.0 0.8342245989304813 0.407103825136612 0.0 0.0
0.0 0.8168449197860963 0.34426229508196726 0.0 0.0
0.0 0.823529411764706 0.37021857923497264 0.0012706480304955528 0.0
0.0 0.839572192513369 0.32103825136612024 0.0012706480304955528 0.0
0.0 0.8008021390374331 0.3251366120218579 0.0 0.0
0.0 0.7994652406417113 0.32103825136612024 0.0 0.0
0.0014005602240896359 0.820855614973262 0.31830601092896177 0.0012706480304955528 0.001524390243902439
0.0 0.7339572192513368 0.3128415300546448 0.0 0.0
0.0 0.7219251336898396 0.29918032786885246 0.0 0.0
0.0 0.8770053475935828 0.31693989071038253 0.0012706480304955528 0.0
0.0 0.7780748663101604 0.3265027322404372 0.0025412960609911056 0.0
0.0014005602240896359 0.8061497326203209 0.28415300546448086 0.0012706480304955528 0.0
0.0014005602240896359 0.7620320855614973 0.26502732240437155 0.0 0.0
0.0 0.7834224598930482 0.29508196721311475 0.0025412960609911056 0.001524390243902439
0.0 0.7633689839572193 0.28142076502732244 0.0025412960609911056 0.0
0.0 0.7125668449197862 0.2540983606557377 0.0 0.0
0.0 0.713903743315508 0.28688524590163933 0.0 0.0
0.0 0.7473262032085561 0.2527322404371585 0.0 0.0
0.0 0.7713903743315509 0.2691256830601093 0.0012706480304955528 0.0
0.0 0.7647058823529412 0.3046448087431694 0.0 0.0
0.0 0.7259358288770054 0.29098360655737704 0.0 0.001524390243902439
0.0 0.766042780748663 0.2827868852459016 0.0012706480304955528 0.0
0.0014005602240896359 0.7540106951871658 0.26366120218579236 0.0 0.0
0.0 0.7379679144385026 0.2527322404371585 0.0 0.0
0.0 0.7914438502673797 0.2486338797814208 0.0 0.0
0.0028011204481792717 0.7433155080213903 0.26092896174863384 0.0012706480304955528 0.0
0.0 0.7098930481283422 0.24316939890710382 0.0 0.0
0.0 0.732620320855615 0.26229508196721313 0.0 0.0
0.0028011204481792717 0.7620320855614973 0.2786885245901639 0.0 0.0
0.0014005602240896359 0.7379679144385026 0.24043715846994537 0.0 0.0
0.0014005602240896359 0.7125668449197862 0.24043715846994537 0.0012706480304955528 0.0
0.0 0.7446524064171123 0.24726775956284153 0.0 0.0
0.0 0.7580213903743316 0.30601092896174864 0.0 0.0
0.0 0.7098930481283422 0.2704918032786885 0.0 0.0
0.0 0.7299465240641712 0.2581967213114754 0.0 0.0
0.0 0.7593582887700535 0.24726775956284153 0.0 0.0
0.0 0.7352941176470588 0.2336065573770492 0.0 0.0
0.0 0.731283422459893 0.2718579234972678 0.0012706480304955528 0.0
0.0 0.6885026737967915 0.26502732240437155 0.0 0.0
0.0 0.7727272727272727 0.2459016393442623 0.0 0.0
0.0014005602240896359 0.7647058823529412 0.26366120218579236 0.0 0.0
0.0 0.6764705882352942 0.2759562841530055 0.0012706480304955528 0.0
0.0 0.7379679144385026 0.25 0.0012706480304955528 0.0
