12.4 33.666666666666664 28.166666666666668 17.833333333333332 12.333333333333334
14.0 31.833333333333332 26.333333333333332 14.5 15.0
14.4 33.166666666666664 28.666666666666668 15.666666666666666 10.5
15.6 32.16666666666667 29.5 15.333333333333332 14.166666666666666
15.4 33.5 26.5 15.333333333333332 14.5
14.200000000000001 32.16666666666667 26.666666666666668 15.5 14.0
12.6 31.166666666666664 26.0 16.833333333333332 14.833333333333334
13.0 31.333333333333332 25.0 15.333333333333332 10.5
14.200000000000001 32.16666666666667 28.666666666666668 16.333333333333332 12.333333333333334
14.0 29.833333333333332 25.5 16.0 14.833333333333334
17.0 32.5 27.166666666666664 15.166666666666666 14.5
13.6 32.16666666666667 27.833333333333336 14.666666666666666 12.666666666666666
13.4 33.666666666666664 26.666666666666668 16.333333333333332 15.333333333333332
14.0 34.833333333333336 25.166666666666668 15.166666666666666 15.5
11.0 34.0 28.333333333333332 15.5 13.833333333333332
12.4 36.0 28.0 14.5 12.333333333333334
13.799999999999999 31.5 27.0 16.666666666666668 12.333333333333334
12.6 33.166666666666664 29.5 14.333333333333334 13.833333333333332
13.6 30.166666666666668 25.666666666666668 14.0 12.333333333333334
17.6 34.666666666666664 26.0 14.0 14.0
15.8 34.5 28.833333333333332 17.166666666666668 14.333333333333334
12.6 29.333333333333332 27.5 18.666666666666668 14.166666666666666
14.4 34.833333333333336 24.666666666666668 15.0 12.0
14.0 32.666666666666664 29.833333333333332 15.166666666666666 11.0
12.6 30.5 28.5 16.5 11.333333333333334
16.0 31.666666666666668 27.666666666666664 17.833333333333332 11.833333333333332
13.4 33.166666666666664 27.166666666666664 14.166666666666666 11.5
15.6 33.0 24.833333333333332 16.5 12.666666666666666
13.6 33.0 27.833333333333336 16.166666666666664 11.333333333333334
14.200000000000001 33.333333333333336 26.666666666666668 16.166666666666664 14.666666666666666
15.4 33.833333333333336 28.333333333333332 16.0 13.5
14.0 35.166666666666664 27.0 16.666666666666668 13.666666666666668
11.799999999999999 29.666666666666668 29.5 16.833333333333332 12.5
13.6 31.166666666666664 28.0 15.5 15.833333333333334
10.6 33.666666666666664 26.333333333333332 14.5 11.666666666666668
14.200000000000001 31.666666666666668 26.0 13.166666666666666 14.5
12.200000000000001 30.0 23.833333333333336 17.833333333333332 15.5
14.200000000000001 33.0 26.833333333333336 16.833333333333332 11.166666666666666
14.200000000000001 29.833333333333332 27.5 17.5 12.833333333333334
13.6 30.666666666666664 27.0 15.166666666666666 11.666666666666668
14.6 31.166666666666664 27.5 15.666666666666666 15.666666666666666
14.200000000000001 35.0 29.333333333333332 16.833333333333332 13.5
12.8 31.166666666666664 28.0 14.0 11.0
15.2 32.833333333333336 27.166666666666664 16.166666666666664 14.5
15.8 31.0 27.166666666666664 14.166666666666666 11.5
12.0 32.33333333333333 26.166666666666668 15.5 12.833333333333334
15.0 29.833333333333332 25.333333333333332 16.333333333333332 12.5
14.6 31.166666666666664 27.166666666666664 13.833333333333332 12.5
17.0 29.5 27.166666666666664 13.666666666666668 13.833333333333332
11.4 35.5 26.333333333333332 13.666666666666668 14.333333333333334
13.0 30.0 29.666666666666668 18.0 12.833333333333334
16.2 31.666666666666668 25.333333333333332 15.333333333333332 14.666666666666666
15.0 29.833333333333332 26.666666666666668 18.833333333333332 12.166666666666666
14.4 30.5 25.166666666666668 15.666666666666666 14.666666666666666
15.8 32.16666666666667 27.0 14.833333333333334 14.166666666666666
15.4 32.16666666666667 25.0 15.5 15.166666666666666
13.2 32.833333333333336 26.333333333333332 14.333333333333334 12.5
14.0 30.5 28.666666666666668 14.666666666666666 12.5
13.799999999999999 33.0 25.333333333333332 14.166666666666666 17.0
15.0 31.333333333333332 27.0 15.166666666666666 12.833333333333334
11.799999999999999 34.666666666666664 27.166666666666664 13.0 13.833333333333332
15.8 36.166666666666664 26.0 16.166666666666664 13.0
14.8 31.666666666666668 22.666666666666668 16.166666666666664 14.833333333333334
13.6 32.0 27.166666666666664 13.333333333333334 15.333333333333332
15.2 29.833333333333332 26.166666666666668 14.666666666666666 11.666666666666668
16.6 30.5 25.666666666666668 12.833333333333334 12.666666666666666
16.6 30.333333333333332 26.166666666666668 11.666666666666668 14.833333333333334
14.0 29.666666666666668 28.5 14.333333333333334 12.5
12.8 33.5 25.5 16.166666666666664 12.666666666666666
15.4 33.333333333333336 29.5 14.333333333333334 14.166666666666666
14.200000000000001 30.833333333333336 28.666666666666668 15.0 15.0
14.0 34.666666666666664 27.666666666666664 17.166666666666668 13.5
14.200000000000001 32.833333333333336 25.0 15.333333333333332 12.0
14.6 29.333333333333332 24.333333333333332 14.0 13.166666666666666
12.4 32.666666666666664 23.666666666666664 15.0 13.666666666666668
13.0 32.0 26.333333333333332 18.0 12.333333333333334
12.200000000000001 32.5 26.666666666666668 16.5 13.333333333333334
13.2 31.666666666666668 29.166666666666668 15.0 11.5
13.6 34.0 25.833333333333332 16.0 15.666666666666666
12.200000000000001 30.5 26.0 15.166666666666666 15.666666666666666
16.6 29.0 24.5 16.5 15.5
13.6 34.166666666666664 27.166666666666664 14.666666666666666 11.0
16.2 30.166666666666668 26.0 16.5 13.333333333333334
13.0 30.333333333333332 24.5 15.5 11.333333333333334
12.8 33.666666666666664 26.5 17.0 14.5
11.2 31.166666666666664 29.833333333333332 15.166666666666666 13.333333333333334
17.4 32.833333333333336 26.833333333333336 16.5 10.333333333333334
13.2 32.33333333333333 29.0 14.666666666666666 12.5
11.6 34.333333333333336 27.833333333333336 14.0 11.833333333333332
15.0 33.0 29.5 16.0 11.166666666666666
16.0 33.333333333333336 28.166666666666668 16.0 13.5
12.6 31.833333333333332 29.833333333333332 16.333333333333332 14.833333333333334
13.4 33.833333333333336 28.5 15.333333333333332 10.5
10.6 26.0 27.0 15.0 13.666666666666668
17.4 31.833333333333332 26.833333333333336 13.833333333333332 13.5
13.799999999999999 32.5 31.166666666666664 15.0 11.333333333333334
16.2 33.833333333333336 27.666666666666664 14.833333333333334 13.5
13.0 31.5 25.0 18.5 14.166666666666666
14.200000000000001 34.166666666666664 26.333333333333332 14.666666666666666 13.666666666666668
15.0 33.0 27.0 13.333333333333334 13.166666666666666
13.799999999999999 33.833333333333336 29.0 16.833333333333332 12.833333333333334
15.2 16.666666666666668 15.166666666666666 15.0 17.5
15.8 17.666666666666668 15.0 14.666666666666666 17.166666666666668
13.799999999999999 15.333333333333332 15.166666666666666 15.333333333333332 13.666666666666668
13.799999999999999 12.666666666666666 15.666666666666666 14.666666666666666 14.5
15.4 35.0 29.0 14.666666666666666 11.166666666666666
14.6 11.333333333333334 16.833333333333332 15.166666666666666 16.833333333333332
16.8 15.666666666666666 17.666666666666668 10.666666666666666 15.666666666666666
12.6 18.166666666666668 17.666666666666668 13.0 14.166666666666666
15.6 13.5 13.833333333333332 12.5 15.666666666666666
13.4 30.833333333333336 31.833333333333332 15.666666666666666 16.333333333333332
15.2 17.333333333333332 14.333333333333334 18.166666666666668 15.166666666666666
15.2 14.0 17.0 16.333333333333332 15.666666666666666
15.0 14.833333333333334 15.833333333333334 12.333333333333334 15.166666666666666
16.0 14.5 13.166666666666666 18.0 13.666666666666668
13.799999999999999 31.666666666666668 26.0 16.666666666666668 12.0
15.6 14.666666666666666 15.0 15.333333333333332 14.666666666666666
13.2 16.0 15.0 14.5 16.333333333333332
14.200000000000001 14.333333333333334 13.666666666666668 16.5 13.666666666666668
14.6 15.166666666666666 14.166666666666666 16.666666666666668 15.166666666666666
13.4 29.5 28.0 16.333333333333332 11.833333333333332
18.8 15.166666666666666 15.333333333333332 15.666666666666666 15.833333333333334
16.400000000000002 15.833333333333334 18.0 14.0 17.5
16.0 15.166666666666666 14.333333333333334 17.5 19.166666666666664
17.0 18.0 12.0 15.666666666666666 14.166666666666666
16.6 15.833333333333334 15.5 17.166666666666668 17.833333333333332
17.8 15.166666666666666 17.5 14.0 16.333333333333332
16.0 14.833333333333334 13.666666666666668 16.333333333333332 12.666666666666666
16.2 15.0 15.666666666666666 13.833333333333332 13.333333333333334
12.8 15.0 15.166666666666666 17.5 16.333333333333332
15.6 14.833333333333334 16.166666666666664 17.166666666666668 15.5
14.8 28.0 30.0 14.166666666666666 14.0
14.6 30.5 29.166666666666668 16.833333333333332 12.666666666666666
12.0 30.333333333333332 35.166666666666664 16.666666666666668 13.666666666666668
12.8 31.166666666666664 29.166666666666668 16.5 13.833333333333332
12.4 32.33333333333333 27.5 15.166666666666666 12.166666666666666
14.200000000000001 28.666666666666668 27.833333333333336 16.666666666666668 11.166666666666666
11.799999999999999 28.5 31.833333333333332 16.333333333333332 10.833333333333334
15.4 25.5 31.166666666666664 17.0 13.166666666666666
14.0 27.833333333333336 33.666666666666664 16.666666666666668 13.5
11.6 31.333333333333332 30.666666666666664 16.166666666666664 17.5
13.799999999999999 28.5 30.0 16.833333333333332 14.5
14.0 29.833333333333332 30.5 13.333333333333334 13.166666666666666
16.0 29.5 32.33333333333333 15.0 15.0
12.200000000000001 27.833333333333336 32.5 17.333333333333332 15.0
14.6 30.5 32.5 14.333333333333334 13.5
16.0 31.833333333333332 29.5 15.666666666666666 9.833333333333332
13.2 30.5 29.166666666666668 16.166666666666664 12.166666666666666
14.8 26.5 33.333333333333336 15.0 13.166666666666666
15.2 30.5 36.0 14.166666666666666 12.5
12.6 29.0 32.0 16.833333333333332 15.0
14.8 28.166666666666668 33.0 17.5 12.0
13.2 31.333333333333332 33.833333333333336 16.166666666666664 11.666666666666668
14.0 27.666666666666664 31.5 15.166666666666666 15.333333333333332
13.0 31.333333333333332 31.333333333333332 17.5 13.333333333333334
13.2 29.166666666666668 31.666666666666668 15.666666666666666 15.166666666666666
13.6 29.833333333333332 34.166666666666664 17.0 16.0
17.2 33.0 29.666666666666668 18.333333333333332 14.166666666666666
12.4 28.666666666666668 30.333333333333332 18.0 14.666666666666666
14.4 28.333333333333332 32.0 16.166666666666664 15.166666666666666
12.4 31.333333333333332 36.0 13.833333333333332 10.333333333333334
12.6 32.16666666666667 33.666666666666664 18.666666666666668 12.666666666666666
14.200000000000001 30.5 35.5 14.166666666666666 13.0
14.0 27.5 32.833333333333336 15.833333333333334 12.0
15.0 32.833333333333336 32.33333333333333 16.333333333333332 13.0
13.799999999999999 30.666666666666664 30.166666666666668 17.666666666666668 15.166666666666666
13.4 30.666666666666664 36.5 19.333333333333336 14.833333333333334
12.0 29.833333333333332 36.166666666666664 17.166666666666668 14.166666666666666
15.6 31.333333333333332 36.0 16.333333333333332 13.333333333333334
15.2 30.666666666666664 34.666666666666664 15.5 12.333333333333334
12.4 31.0 39.0 16.0 13.0
10.200000000000001 30.166666666666668 38.0 14.5 11.166666666666666
12.8 32.33333333333333 33.166666666666664 17.0 11.666666666666668
11.799999999999999 32.16666666666667 38.0 16.5 14.666666666666666
10.4 34.0 35.166666666666664 15.833333333333334 11.166666666666666
15.4 35.333333333333336 37.166666666666664 19.333333333333336 12.5
13.4 30.166666666666668 33.833333333333336 15.666666666666666 14.0
12.8 27.0 40.16666666666667 18.166666666666668 14.166666666666666
12.4 32.5 38.5 16.166666666666664 12.666666666666666
13.0 35.666666666666664 39.66666666666667 15.333333333333332 12.833333333333334
12.6 32.5 40.666666666666664 16.666666666666668 12.5
18.8 31.333333333333332 40.0 16.166666666666664 10.833333333333334
13.2 35.0 37.166666666666664 19.333333333333336 11.0
14.6 33.666666666666664 42.0 15.5 14.5
11.2 32.833333333333336 41.333333333333336 16.666666666666668 12.833333333333334
13.0 35.166666666666664 39.66666666666667 17.833333333333332 13.333333333333334
13.2 35.0 46.33333333333333 14.666666666666666 10.666666666666666
12.0 34.166666666666664 40.666666666666664 16.666666666666668 11.333333333333334
12.4 32.0 42.0 13.333333333333334 15.333333333333332
13.2 33.666666666666664 45.83333333333333 14.0 14.5
10.4 35.333333333333336 43.5 14.333333333333334 13.0
14.0 34.333333333333336 46.0 17.333333333333332 12.666666666666666
14.8 37.666666666666664 45.5 16.833333333333332 9.166666666666666
13.4 33.5 45.333333333333336 18.833333333333332 11.0
11.2 33.833333333333336 48.666666666666664 17.666666666666668 12.333333333333334
11.799999999999999 36.833333333333336 45.66666666666667 20.166666666666664 12.166666666666666
11.799999999999999 34.333333333333336 48.0 17.5 9.166666666666666
11.799999999999999 33.166666666666664 48.5 17.666666666666668 9.333333333333334
11.4 34.666666666666664 49.833333333333336 17.333333333333332 12.5
12.4 37.166666666666664 46.66666666666667 17.333333333333332 8.5
13.2 40.666666666666664 48.833333333333336 19.166666666666664 10.833333333333334
13.0 35.666666666666664 49.333333333333336 17.666666666666668 14.333333333333334
13.2 35.666666666666664 50.833333333333336 16.666666666666668 11.666666666666668
13.6 38.66666666666667 48.5 19.0 13.833333333333332
9.799999999999999 36.833333333333336 51.333333333333336 18.166666666666668 10.5
12.4 36.0 48.16666666666667 18.333333333333332 11.166666666666666
12.4 35.666666666666664 50.0 17.333333333333332 12.0
11.799999999999999 36.666666666666664 48.666666666666664 14.833333333333334 10.833333333333334
9.4 37.166666666666664 49.833333333333336 18.0 13.333333333333334
14.8 37.83333333333333 51.166666666666664 17.5 13.166666666666666
12.4 37.83333333333333 49.5 16.166666666666664 11.333333333333334
13.0 35.833333333333336 47.66666666666667 18.833333333333332 12.166666666666666
12.8 32.666666666666664 49.833333333333336 19.0 11.5
12.4 35.0 46.83333333333333 17.666666666666668 12.5
10.8 38.0 48.16666666666667 15.166666666666666 10.333333333333334
15.0 38.66666666666667 48.5 15.5 12.0
11.4 35.666666666666664 48.666666666666664 17.166666666666668 13.833333333333332
14.200000000000001 38.33333333333333 50.666666666666664 17.333333333333332 11.833333333333332
12.200000000000001 39.33333333333333 48.666666666666664 17.0 10.166666666666666
14.200000000000001 36.166666666666664 48.0 16.0 13.0
16.8 33.0 49.5 15.0 9.5
12.4 37.333333333333336 50.666666666666664 17.333333333333332 14.5
11.2 35.833333333333336 48.5 18.333333333333332 9.666666666666668
13.2 37.166666666666664 50.333333333333336 16.166666666666664 12.5
15.0 36.5 50.333333333333336 14.666666666666666 11.166666666666666
10.8 37.0 51.666666666666664 16.5 13.0
13.4 39.33333333333333 50.666666666666664 16.666666666666668 12.833333333333334
8.8 37.166666666666664 49.0 17.166666666666668 10.166666666666666
11.0 34.5 46.33333333333333 18.833333333333332 14.5
11.799999999999999 37.0 48.5 16.666666666666668 10.5
