72.76923076923077 71.53846153846153 71.26666666666667 70.3076923076923 73.0909090909091
75.38461538461539 73.76923076923077 72.0 71.84615384615385 74.18181818181819
73.0 72.15384615384615 69.93333333333334 70.23076923076924 72.54545454545455
74.46153846153847 73.0 72.13333333333333 71.07692307692308 73.72727272727272
74.6923076923077 73.3076923076923 70.26666666666667 70.15384615384615 71.72727272727272
72.6923076923077 71.46153846153847 69.33333333333333 70.76923076923076 72.18181818181819
72.0 70.38461538461537 69.8 68.6923076923077 71.36363636363636
73.3076923076923 71.53846153846153 70.2 67.84615384615385 71.81818181818183
74.15384615384616 72.38461538461539 70.8 71.07692307692308 73.18181818181819
74.23076923076923 72.6923076923077 71.26666666666667 69.61538461538463 73.9090909090909
74.3076923076923 71.92307692307692 69.86666666666666 69.0 73.27272727272727
76.23076923076923 74.15384615384616 71.0 69.6923076923077 72.9090909090909
73.92307692307692 71.84615384615385 70.13333333333334 70.0 72.18181818181819
72.23076923076924 71.38461538461539 70.53333333333333 68.23076923076924 72.0909090909091
74.0 72.0 70.66666666666667 70.07692307692308 71.54545454545455
72.46153846153847 71.15384615384615 69.93333333333334 69.3076923076923 72.18181818181819
73.76923076923077 71.53846153846153 69.2 68.38461538461539 71.54545454545455
74.61538461538461 72.6923076923077 70.2 68.53846153846153 72.72727272727272
74.23076923076923 73.3076923076923 71.33333333333333 70.53846153846153 73.81818181818183
74.53846153846153 73.23076923076923 71.06666666666666 68.92307692307692 73.18181818181819
74.38461538461539 72.38461538461539 70.13333333333334 69.76923076923076 71.45454545454545
73.6923076923077 71.76923076923076 70.2 69.23076923076924 71.45454545454545
73.46153846153847 71.46153846153847 69.53333333333333 68.0 71.0909090909091
74.07692307692308 73.07692307692308 70.0 69.53846153846153 72.81818181818183
75.3076923076923 72.6923076923077 70.33333333333333 69.0 72.0909090909091
72.6923076923077 72.84615384615385 71.53333333333333 69.92307692307692 73.36363636363637
74.6923076923077 72.07692307692308 69.2 69.53846153846153 73.0
75.38461538461539 74.07692307692308 72.0 70.53846153846153 73.0
75.0 72.92307692307692 71.6 70.46153846153847 73.72727272727272
73.76923076923077 72.0 69.53333333333333 69.15384615384615 71.27272727272728
73.15384615384615 72.0 70.4 69.07692307692308 72.0
74.92307692307692 72.61538461538461 71.0 69.0 73.0
74.92307692307692 72.46153846153847 70.93333333333334 70.46153846153847 72.81818181818183
75.92307692307692 72.3076923076923 70.73333333333333 70.6923076923077 71.72727272727272
71.07692307692308 69.92307692307692 68.86666666666667 68.92307692307692 70.45454545454545
75.15384615384616 72.84615384615385 70.66666666666667 70.0 71.81818181818183
74.46153846153847 73.15384615384615 72.53333333333333 70.0 73.0
72.84615384615385 72.07692307692308 71.2 69.15384615384615 72.54545454545455
73.15384615384615 71.38461538461539 71.46666666666667 69.92307692307692 71.81818181818183
73.6923076923077 72.38461538461539 71.93333333333334 69.46153846153847 72.81818181818183
73.46153846153847 71.3076923076923 70.26666666666667 69.6923076923077 72.63636363636364
73.76923076923077 71.92307692307692 70.13333333333334 69.76923076923076 71.81818181818183
75.23076923076923 72.61538461538461 71.53333333333333 69.38461538461537 72.0
74.15384615384616 72.6923076923077 70.4 70.46153846153847 71.54545454545455
74.23076923076923 71.38461538461539 69.66666666666667 68.53846153846153 71.54545454545455
74.84615384615384 72.07692307692308 72.33333333333333 70.0 72.45454545454545
72.92307692307692 73.15384615384615 71.73333333333333 69.6923076923077 72.54545454545455
75.15384615384616 71.76923076923076 70.53333333333333 70.3076923076923 72.45454545454545
73.07692307692308 71.61538461538461 70.13333333333334 69.76923076923076 72.18181818181819
72.15384615384615 70.61538461538463 68.93333333333334 68.3076923076923 71.63636363636364
72.53846153846153 69.6923076923077 68.53333333333333 67.38461538461539 70.72727272727272
74.23076923076923 72.92307692307692 71.73333333333333 69.3076923076923 72.54545454545455
73.53846153846153 72.46153846153847 71.26666666666667 69.23076923076924 72.27272727272727
73.38461538461539 70.76923076923076 69.86666666666666 68.38461538461539 72.0
74.38461538461539 72.15384615384615 71.66666666666667 70.23076923076924 74.0
73.3076923076923 70.6923076923077 69.93333333333334 67.0 71.72727272727272
73.46153846153847 71.61538461538461 69.26666666666667 68.92307692307692 72.81818181818183
73.15384615384615 73.0 70.6 71.84615384615385 73.72727272727272
73.46153846153847 71.53846153846153 71.0 68.92307692307692 71.36363636363636
72.38461538461539 70.92307692307692 70.8 69.38461538461537 71.81818181818183
74.23076923076923 71.61538461538461 70.2 68.92307692307692 72.9090909090909
74.84615384615384 73.0 72.4 71.76923076923076 73.81818181818183
72.46153846153847 71.0 70.0 68.46153846153847 70.54545454545455
73.3076923076923 70.46153846153847 70.66666666666667 69.84615384615385 72.36363636363636
74.46153846153847 70.84615384615385 70.0 69.38461538461537 72.18181818181819
74.6923076923077 70.76923076923076 71.66666666666667 69.61538461538463 73.36363636363637
73.61538461538461 71.3076923076923 70.53333333333333 69.38461538461537 73.36363636363637
74.23076923076923 72.07692307692308 72.0 70.3076923076923 72.72727272727272
75.0 72.0 70.8 70.3076923076923 73.18181818181819
74.3076923076923 71.53846153846153 71.86666666666666 70.07692307692308 73.36363636363637
72.3076923076923 70.23076923076924 68.8 68.07692307692308 69.63636363636364
72.61538461538461 69.07692307692308 68.86666666666667 69.07692307692308 71.0909090909091
73.3076923076923 70.53846153846153 69.53333333333333 69.0 72.45454545454545
73.23076923076923 69.6923076923077 69.13333333333334 69.6923076923077 73.0
75.46153846153845 71.53846153846153 71.66666666666667 69.0 72.9090909090909
74.76923076923077 70.15384615384615 71.13333333333334 70.38461538461537 73.54545454545453
73.46153846153847 70.61538461538463 71.13333333333334 69.46153846153847 72.0
73.76923076923077 70.92307692307692 71.26666666666667 71.07692307692308 73.72727272727272
74.23076923076923 70.0 70.33333333333333 70.15384615384615 72.63636363636364
75.0 70.15384615384615 69.66666666666667 69.92307692307692 72.45454545454545
73.07692307692308 69.0 69.33333333333333 68.92307692307692 73.0
73.6923076923077 71.07692307692308 70.86666666666666 70.3076923076923 73.72727272727272
73.07692307692308 70.53846153846153 69.86666666666666 69.38461538461537 72.27272727272727
73.61538461538461 69.61538461538463 70.33333333333333 71.15384615384615 72.63636363636364
73.3076923076923 71.23076923076924 71.93333333333334 70.15384615384615 73.18181818181819
72.6923076923077 69.61538461538463 70.13333333333334 68.46153846153847 71.45454545454545
74.15384615384616 70.23076923076924 70.53333333333333 70.38461538461537 73.0909090909091
73.3076923076923 69.6923076923077 70.13333333333334 69.15384615384615 72.9090909090909
73.92307692307692 69.6923076923077 70.2 69.07692307692308 72.9090909090909
73.61538461538461 69.61538461538463 70.8 69.84615384615385 73.0909090909091
73.15384615384615 69.23076923076924 70.73333333333333 69.61538461538463 72.9090909090909
74.07692307692308 71.38461538461539 70.2 69.0 72.0909090909091
74.76923076923077 69.3076923076923 69.6 68.53846153846153 72.72727272727272
73.6923076923077 69.38461538461537 71.0 69.61538461538463 72.63636363636364
76.15384615384616 71.38461538461539 71.46666666666667 70.6923076923077 73.54545454545453
71.15384615384615 67.3076923076923 69.06666666666666 67.92307692307692 71.63636363636364
75.38461538461539 70.84615384615385 71.06666666666666 70.0 71.81818181818183
73.92307692307692 68.53846153846153 69.46666666666667 70.76923076923076 72.45454545454545
73.6923076923077 69.76923076923076 70.46666666666667 69.84615384615385 72.0
74.6923076923077 69.46153846153847 70.2 70.07692307692308 72.9090909090909
75.07692307692308 69.38461538461537 71.06666666666666 70.3076923076923 73.45454545454545
64.23076923076923 64.6923076923077 64.8 65.53846153846153 65.63636363636363
65.92307692307692 66.15384615384616 65.73333333333333 66.3076923076923 64.81818181818181
65.61538461538461 66.07692307692308 65.73333333333333 64.3076923076923 65.63636363636363
65.07692307692308 65.15384615384616 65.60000000000001 65.23076923076923 64.45454545454545
73.76923076923077 68.76923076923076 70.0 68.76923076923076 72.27272727272727
67.23076923076923 68.23076923076924 66.4 67.53846153846153 67.81818181818181
66.3076923076923 65.3076923076923 65.19999999999999 65.3076923076923 65.72727272727273
66.6923076923077 66.84615384615385 66.66666666666667 66.38461538461539 66.63636363636363
65.46153846153845 64.84615384615384 66.06666666666666 65.15384615384616 65.36363636363636
72.53846153846153 69.0 69.66666666666667 69.15384615384615 73.27272727272727
65.61538461538461 65.07692307692308 65.46666666666667 66.07692307692308 65.72727272727273
68.07692307692308 66.84615384615385 67.2 65.38461538461539 67.45454545454547
67.46153846153847 66.3076923076923 65.66666666666667 67.15384615384615 66.18181818181817
66.3076923076923 65.76923076923077 66.86666666666667 65.84615384615384 66.27272727272728
74.0 68.15384615384615 70.13333333333334 68.07692307692308 70.63636363636364
66.76923076923077 66.3076923076923 66.46666666666665 65.46153846153845 66.0909090909091
64.76923076923077 64.15384615384616 64.8 64.76923076923077 65.36363636363636
65.38461538461539 65.6923076923077 66.46666666666665 67.0 65.9090909090909
66.23076923076923 66.53846153846153 67.06666666666666 65.92307692307692 66.18181818181817
72.23076923076924 68.61538461538461 68.6 68.6923076923077 72.54545454545455
64.53846153846155 65.23076923076923 65.46666666666667 66.46153846153847 64.54545454545455
65.92307692307692 65.61538461538461 65.06666666666666 64.61538461538461 65.18181818181819
65.84615384615384 65.15384615384616 64.73333333333333 65.46153846153845 65.54545454545455
66.61538461538461 65.46153846153845 67.4 66.46153846153847 67.0
66.0 64.92307692307692 65.8 65.0 66.0
66.53846153846153 65.61538461538461 66.60000000000001 66.38461538461539 66.72727272727273
66.15384615384616 66.6923076923077 67.46666666666665 66.23076923076923 66.72727272727273
64.84615384615384 65.6923076923077 66.33333333333333 65.46153846153845 66.81818181818181
66.92307692307692 66.6923076923077 66.86666666666667 67.3076923076923 67.81818181818181
65.92307692307692 65.53846153846153 65.60000000000001 66.07692307692308 65.63636363636363
72.53846153846153 69.07692307692308 69.26666666666667 69.15384615384615 72.0
72.0 68.0 68.0 68.53846153846153 71.72727272727272
72.6923076923077 68.23076923076924 68.8 68.6923076923077 72.63636363636364
73.3076923076923 69.53846153846153 69.26666666666667 69.6923076923077 73.45454545454545
72.0 69.0 67.86666666666667 69.38461538461537 72.63636363636364
73.38461538461539 70.92307692307692 70.06666666666666 70.6923076923077 74.18181818181819
73.76923076923077 69.61538461538463 70.8 71.23076923076924 73.81818181818183
72.92307692307692 69.53846153846153 68.53333333333333 69.6923076923077 71.27272727272728
72.61538461538461 69.53846153846153 68.4 69.38461538461537 74.36363636363637
74.61538461538461 71.07692307692308 70.13333333333334 69.92307692307692 74.9090909090909
72.15384615384615 68.15384615384615 67.66666666666667 68.53846153846153 72.36363636363636
73.53846153846153 69.92307692307692 68.06666666666666 69.84615384615385 73.9090909090909
73.53846153846153 70.6923076923077 69.4 71.38461538461539 74.18181818181819
72.84615384615385 68.84615384615385 67.53333333333333 69.07692307692308 72.63636363636364
73.53846153846153 69.61538461538463 68.93333333333334 70.07692307692308 73.81818181818183
73.15384615384615 67.6923076923077 67.33333333333333 69.23076923076924 73.36363636363637
73.84615384615385 69.92307692307692 69.86666666666666 70.6923076923077 73.36363636363637
72.46153846153847 66.84615384615385 67.73333333333333 68.6923076923077 72.45454545454545
72.46153846153847 67.46153846153847 66.66666666666667 69.84615384615385 72.9090909090909
73.3076923076923 69.92307692307692 67.13333333333334 67.3076923076923 73.0909090909091
72.84615384615385 68.46153846153847 66.06666666666666 69.76923076923076 73.72727272727272
72.84615384615385 67.6923076923077 65.86666666666667 66.84615384615385 73.45454545454545
73.38461538461539 68.61538461538461 65.33333333333333 69.15384615384615 73.27272727272727
74.61538461538461 70.07692307692308 66.33333333333333 69.38461538461537 73.72727272727272
73.61538461538461 69.23076923076924 63.666666666666664 67.92307692307692 74.0
74.6923076923077 69.61538461538463 66.60000000000001 70.3076923076923 74.0909090909091
73.92307692307692 69.07692307692308 64.19999999999999 70.07692307692308 73.72727272727272
72.61538461538461 68.15384615384615 64.26666666666667 70.46153846153847 75.27272727272727
73.92307692307692 69.0 63.46666666666667 70.46153846153847 73.9090909090909
72.92307692307692 68.61538461538461 62.733333333333334 68.6923076923077 72.45454545454545
74.15384615384616 69.0 63.13333333333333 71.0 74.36363636363637
73.46153846153847 68.0 61.6 69.3076923076923 73.18181818181819
73.6923076923077 69.38461538461537 62.06666666666666 70.38461538461537 73.63636363636364
73.07692307692308 68.23076923076924 60.0 68.92307692307692 74.0909090909091
74.0 68.84615384615385 60.8 69.15384615384615 74.72727272727272
73.76923076923077 68.38461538461539 58.8 69.15384615384615 73.9090909090909
74.61538461538461 67.84615384615385 60.46666666666667 69.23076923076924 73.81818181818183
74.23076923076923 66.15384615384616 57.6 68.23076923076924 74.0909090909091
72.76923076923077 67.07692307692308 57.53333333333333 69.0 75.0909090909091
74.38461538461539 68.0 56.73333333333333 69.84615384615385 74.45454545454545
72.6923076923077 65.53846153846153 54.93333333333334 67.53846153846153 74.45454545454545
72.53846153846153 65.84615384615384 54.733333333333334 69.38461538461537 73.81818181818183
74.84615384615384 67.0 54.800000000000004 69.53846153846153 75.0
73.3076923076923 64.61538461538461 53.0 68.07692307692308 73.63636363636364
74.84615384615384 66.0 53.93333333333333 70.07692307692308 75.72727272727272
73.53846153846153 64.0 51.46666666666667 69.15384615384615 74.72727272727272
73.46153846153847 63.0 49.93333333333334 68.07692307692308 74.18181818181819
74.3076923076923 64.61538461538461 49.333333333333336 69.53846153846153 73.9090909090909
73.92307692307692 63.46153846153846 47.800000000000004 68.15384615384615 74.36363636363637
74.61538461538461 64.53846153846155 48.53333333333333 70.61538461538463 76.9090909090909
73.15384615384615 62.30769230769231 46.13333333333333 68.23076923076924 76.09090909090908
73.23076923076923 63.0 42.0 67.3076923076923 76.36363636363637
74.3076923076923 62.692307692307686 41.53333333333333 69.3076923076923 76.72727272727273
76.23076923076923 63.07692307692307 41.06666666666667 69.6923076923077 76.18181818181819
73.61538461538461 62.230769230769226 38.13333333333333 68.3076923076923 75.81818181818181
74.07692307692308 61.38461538461539 36.733333333333334 70.0 75.9090909090909
74.53846153846153 60.07692307692307 36.13333333333334 69.6923076923077 76.81818181818181
74.53846153846153 61.07692307692308 33.86666666666667 69.61538461538463 75.0909090909091
74.53846153846153 60.84615384615385 32.0 69.46153846153847 76.81818181818181
77.15384615384616 61.15384615384615 31.666666666666668 70.15384615384615 77.72727272727273
73.76923076923077 56.84615384615385 28.8 68.46153846153847 77.63636363636364
77.0 60.23076923076923 29.933333333333334 69.6923076923077 78.81818181818181
74.0 55.769230769230774 24.133333333333333 68.84615384615385 77.09090909090908
76.38461538461539 58.76923076923077 26.666666666666668 69.61538461538463 78.81818181818181
75.61538461538461 56.23076923076923 23.2 68.23076923076924 78.36363636363636
74.07692307692308 56.07692307692308 18.599999999999998 68.6923076923077 78.09090909090908
76.76923076923077 57.84615384615385 21.8 69.38461538461537 78.90909090909092
75.15384615384616 54.84615384615384 20.46666666666667 68.76923076923076 77.45454545454545
74.23076923076923 54.84615384615384 20.6 67.76923076923077 76.54545454545455
76.53846153846155 55.38461538461539 21.066666666666666 69.61538461538463 79.54545454545455
74.15384615384616 53.0 18.666666666666668 67.76923076923077 76.36363636363637
76.3076923076923 55.69230769230769 18.933333333333334 71.0 78.0
77.15384615384616 55.230769230769226 16.133333333333333 68.15384615384615 79.27272727272727
75.84615384615384 55.92307692307692 17.133333333333333 69.53846153846153 77.45454545454545
75.6923076923077 55.07692307692308 19.8 69.53846153846153 78.63636363636364
76.53846153846155 55.769230769230774 16.533333333333335 68.61538461538461 78.54545454545455
76.38461538461539 55.15384615384615 17.133333333333333 68.38461538461539 78.18181818181819
77.38461538461539 56.23076923076923 18.333333333333332 71.07692307692308 78.72727272727273
76.92307692307693 55.69230769230769 19.933333333333334 69.38461538461537 80.45454545454545
76.0 55.0 19.2 68.0 78.81818181818181
75.46153846153845 54.92307692307692 16.933333333333334 67.07692307692308 77.45454545454545
76.38461538461539 56.15384615384615 18.599999999999998 70.15384615384615 79.54545454545455
75.23076923076923 55.84615384615385 16.866666666666664 68.6923076923077 77.63636363636364
75.3076923076923 54.46153846153847 17.533333333333335 67.6923076923077 78.45454545454545
76.15384615384616 56.15384615384615 19.2 69.76923076923076 78.63636363636364
74.53846153846153 53.769230769230774 14.4 67.61538461538461 79.54545454545455
76.07692307692308 53.46153846153846 15.133333333333333 69.3076923076923 79.54545454545455
76.38461538461539 54.07692307692308 14.8 69.46153846153847 78.72727272727273
74.61538461538461 52.23076923076923 13.933333333333334 68.53846153846153 78.63636363636364
76.38461538461539 54.07692307692308 17.333333333333332 69.3076923076923 79.18181818181819
75.07692307692308 51.92307692307693 13.799999999999999 67.53846153846153 77.36363636363637
75.53846153846155 53.230769230769226 15.066666666666668 68.23076923076924 77.72727272727273
77.23076923076923 53.69230769230769 13.933333333333334 68.53846153846153 79.72727272727273
76.15384615384616 53.46153846153846 12.933333333333334 69.15384615384615 78.90909090909092
75.53846153846155 54.0 15.533333333333333 69.46153846153847 78.0
75.15384615384616 55.38461538461539 14.533333333333333 70.0 80.0909090909091
75.53846153846155 52.0 14.466666666666665 69.07692307692308 78.27272727272727
76.23076923076923 53.230769230769226 11.666666666666668 68.53846153846153 78.09090909090908
74.07692307692308 51.69230769230769 12.933333333333334 67.61538461538461 78.45454545454545
