0.0022321428571428575 0.13028169014084506 0.04970760233918129 0.0021961932650073207 0.0
0.0022321428571428575 0.15985915492957745 0.062134502923976605 0.0014641288433382138 0.0
0.0022321428571428575 0.14084507042253522 0.05701754385964912 0.0021961932650073207 0.0
0.0029761904761904765 0.14788732394366197 0.03728070175438597 0.0007320644216691069 0.0
0.0007440476190476191 0.14295774647887324 0.059941520467836254 0.0007320644216691069 0.0
0.003720238095238095 0.13732394366197181 0.05921052631578947 0.0007320644216691069 0.0
0.0014880952380952382 0.1380281690140845 0.05774853801169591 0.0 0.0
0.0014880952380952382 0.18450704225352113 0.06505847953216375 0.0007320644216691069 0.0
0.0007440476190476191 0.11619718309859155 0.05555555555555556 0.0007320644216691069 0.0
0.0 0.1647887323943662 0.07894736842105263 0.0007320644216691069 0.0
0.0014880952380952382 0.15774647887323942 0.060672514619883045 0.0007320644216691069 0.0
0.0014880952380952382 0.12183098591549295 0.08114035087719298 0.0007320644216691069 0.000673854447439353
0.0007440476190476191 0.15704225352112675 0.07236842105263158 0.0007320644216691069 0.0
0.0022321428571428575 0.15140845070422537 0.05190058479532164 0.0007320644216691069 0.0
0.0 0.14788732394366197 0.0445906432748538 0.0007320644216691069 0.0
0.0007440476190476191 0.16549295774647887 0.054093567251461985 0.0007320644216691069 0.0
0.0014880952380952382 0.1676056338028169 0.05921052631578947 0.0014641288433382138 0.0
0.0022321428571428575 0.14366197183098592 0.04824561403508772 0.0007320644216691069 0.0
0.0 0.1535211267605634 0.056286549707602336 0.0007320644216691069 0.0
0.0022321428571428575 0.15774647887323942 0.04751461988304093 0.0 0.0
0.0 0.15211267605633805 0.05555555555555556 0.0014641288433382138 0.0
0.0 0.18028169014084508 0.04605263157894737 0.0007320644216691069 0.0
0.0 0.17535211267605635 0.07456140350877194 0.0007320644216691069 0.0
0.0022321428571428575 0.1535211267605634 0.035818713450292396 0.0 0.0
0.0014880952380952382 0.18450704225352113 0.05921052631578947 0.0021961932650073207 0.0
0.003720238095238095 0.19859154929577466 0.06432748538011696 0.0 0.0
0.0029761904761904765 0.22464788732394367 0.07383040935672515 0.0007320644216691069 0.0
0.0022321428571428575 0.18098591549295776 0.054093567251461985 0.0 0.0
0.0014880952380952382 0.23169014084507042 0.052631578947368425 0.0007320644216691069 0.0
0.0022321428571428575 0.21549295774647886 0.0533625730994152 0.0007320644216691069 0.0
0.0014880952380952382 0.18732394366197183 0.04605263157894737 0.0014641288433382138 0.0
0.0029761904761904765 0.17887323943661973 0.06798245614035088 0.0014641288433382138 0.0
0.0029761904761904765 0.2007042253521127 0.056286549707602336 0.0007320644216691069 0.0
0.0007440476190476191 0.2 0.07017543859649122 0.0021961932650073207 0.0
0.0 0.2176056338028169 0.08040935672514621 0.0 0.000673854447439353
0.0007440476190476191 0.19225352112676056 0.056286549707602336 0.0007320644216691069 0.000673854447439353
0.0014880952380952382 0.20704225352112676 0.054093567251461985 0.0 0.000673854447439353
0.0007440476190476191 0.22605633802816902 0.054824561403508776 0.0 0.0
0.0 0.22887323943661972 0.04824561403508772 0.0007320644216691069 0.0
0.0029761904761904765 0.21971830985915491 0.05701754385964912 0.0 0.0
0.0007440476190476191 0.2915492957746479 0.04532163742690058 0.0014641288433382138 0.0
0.0022321428571428575 0.23732394366197185 0.05190058479532164 0.0007320644216691069 0.0
0.0007440476190476191 0.23169014084507042 0.04532163742690058 0.0 0.0
0.0 0.2683098591549296 0.06432748538011696 0.0 0.0
0.0014880952380952382 0.23802816901408452 0.06505847953216375 0.0007320644216691069 0.000673854447439353
0.0 0.2859154929577465 0.06359649122807018 0.0 0.0
0.003720238095238095 0.27183098591549293 0.056286549707602336 0.0007320644216691069 0.0
0.0022321428571428575 0.28521126760563376 0.08187134502923976 0.0014641288433382138 0.0
0.0014880952380952382 0.31197183098591547 0.06944444444444445 0.0 0.0
0.0 0.30845070422535215 0.07090643274853801 0.0007320644216691069 0.0
0.0029761904761904765 0.32394366197183094 0.07821637426900585 0.0007320644216691069 0.0
0.0022321428571428575 0.31830985915492954 0.06725146198830409 0.0 0.0
0.0014880952380952382 0.3140845070422535 0.054824561403508776 0.0 0.000673854447439353
0.0007440476190476191 0.30915492957746477 0.07456140350877194 0.0007320644216691069 0.0
0.0014880952380952382 0.3929577464788732 0.08845029239766082 0.0014641288433382138 0.0
0.0014880952380952382 0.3323943661971831 0.05921052631578947 0.0 0.0
0.0 0.3654929577464789 0.07529239766081872 0.0 0.0
0.0014880952380952382 0.33943661971830985 0.06725146198830409 0.0007320644216691069 0.0
0.0014880952380952382 0.3619718309859155 0.06505847953216375 0.0007320644216691069 0.0
0.0007440476190476191 0.34507042253521125 0.059941520467836254 0.0014641288433382138 0.0
0.0022321428571428575 0.3845070422535211 0.06725146198830409 0.0 0.0
0.0029761904761904765 0.3767605633802817 0.062134502923976605 0.0007320644216691069 0.0
0.0007440476190476191 0.3922535211267606 0.054093567251461985 0.0 0.0
0.0022321428571428575 0.3929577464788732 0.07090643274853801 0.0 0.0
0.0029761904761904765 0.4197183098591549 0.07383040935672515 0.0007320644216691069 0.0
0.0014880952380952382 0.4436619718309859 0.06505847953216375 0.0007320644216691069 0.0
0.0 0.42183098591549295 0.07090643274853801 0.0 0.0
0.0007440476190476191 0.44225352112676053 0.07675438596491228 0.0007320644216691069 0.0
0.0 0.43732394366197186 0.08991228070175439 0.0007320644216691069 0.0
0.0022321428571428575 0.4140845070422535 0.08187134502923976 0.0007320644216691069 0.0
0.0007440476190476191 0.41901408450704225 0.09064327485380116 0.0 0.0
0.0022321428571428575 0.4380281690140845 0.0891812865497076 0.0007320644216691069 0.0
0.0007440476190476191 0.44577464788732396 0.07383040935672515 0.0 0.000673854447439353
0.0014880952380952382 0.4915492957746479 0.09210526315789475 0.0 0.0
0.0 0.49084507042253517 0.07967836257309942 0.0 0.001347708894878706
0.0014880952380952382 0.5366197183098592 0.1067251461988304 0.0 0.0
0.0022321428571428575 0.5450704225352113 0.09283625730994152 0.0014641288433382138 0.0
0.0022321428571428575 0.5309859154929578 0.09429824561403509 0.0007320644216691069 0.000673854447439353
0.0007440476190476191 0.578169014084507 0.08625730994152048 0.0 0.0
0.0014880952380952382 0.5584507042253521 0.10307017543859648 0.0007320644216691069 0.0
0.0029761904761904765 0.5746478873239437 0.10307017543859648 0.0 0.0
0.003720238095238095 0.6190140845070423 0.09137426900584794 0.0 0.0
0.0 0.5612676056338028 0.07602339181286549 0.0007320644216691069 0.0
0.0007440476190476191 0.6577464788732394 0.07675438596491228 0.0 0.0
0.0 0.6183098591549295 0.09795321637426901 0.0 0.0
0.0014880952380952382 0.6225352112676057 0.08625730994152048 0.0007320644216691069 0.0
0.0014880952380952382 0.6704225352112676 0.09576023391812866 0.0 0.0
0.0007440476190476191 0.6859154929577465 0.12280701754385966 0.0007320644216691069 0.0
0.0 0.7035211267605633 0.12207602339181287 0.0007320644216691069 0.000673854447439353
0.0014880952380952382 0.717605633802817 0.12134502923976609 0.0014641288433382138 0.0
0.0007440476190476191 0.6830985915492958 0.10964912280701755 0.0 0.0
0.0014880952380952382 0.6619718309859155 0.09941520467836258 0.0029282576866764276 0.0
0.0007440476190476191 0.747887323943662 0.10964912280701755 0.0 0.0
0.0014880952380952382 0.6633802816901408 0.09868421052631579 0.0014641288433382138 0.0
0.0014880952380952382 0.7464788732394366 0.11915204678362573 0.0 0.0
0.0014880952380952382 0.8260563380281689 0.12280701754385966 0.0 0.0
0.0007440476190476191 0.7697183098591549 0.09868421052631579 0.0014641288433382138 0.0
0.0 0.828169014084507 0.14473684210526316 0.0014641288433382138 0.0
0.0 0.8274647887323944 0.12792397660818713 0.0 0.000673854447439353
0.0014880952380952382 0.8816901408450704 0.1162280701754386 0.0 0.0
0.0014880952380952382 0.7915492957746478 0.1067251461988304 0.0 0.0
0.0 0.07464788732394366 0.0 0.0007320644216691069 0.0
0.0 0.07253521126760563 0.0 0.0 0.0
0.0 0.07183098591549296 0.0014619883040935674 0.0 0.0
0.0 0.08098591549295774 0.0 0.0 0.0
0.0 0.8683098591549295 0.125 0.0007320644216691069 0.0
0.0 0.08873239436619719 0.0 0.0 0.0
0.0 0.07464788732394366 0.0 0.0 0.000673854447439353
0.0007440476190476191 0.06267605633802817 0.0 0.0 0.0
0.0 0.08591549295774648 0.0 0.0 0.000673854447439353
0.0007440476190476191 0.6661971830985915 0.24342105263157895 0.0021961932650073207 0.0
0.0 0.07535211267605635 0.0 0.0007320644216691069 0.0
0.0 0.08169014084507042 0.0007309941520467837 0.0007320644216691069 0.0
0.0 0.07253521126760563 0.0 0.0 0.0
0.0007440476190476191 0.07112676056338028 0.0007309941520467837 0.0 0.0
0.0 0.8654929577464788 0.1067251461988304 0.0 0.0
0.0 0.07746478873239437 0.0 0.0 0.0
0.0 0.07183098591549296 0.0 0.0 0.0
0.0 0.07323943661971831 0.0 0.0 0.000673854447439353
0.0 0.08098591549295774 0.0 0.0 0.0
0.0 0.6211267605633802 0.2536549707602339 0.0007320644216691069 0.0
0.0 0.07746478873239437 0.0007309941520467837 0.0 0.0
0.0 0.07183098591549296 0.0 0.0 0.0
0.0007440476190476191 0.05563380281690141 0.0 0.0 0.0
0.0 0.07957746478873239 0.0 0.0 0.0
0.0 0.07746478873239437 0.0 0.0 0.0
0.0 0.08802816901408451 0.0 0.0 0.0
0.0 0.07183098591549296 0.0 0.0007320644216691069 0.0
0.0 0.07746478873239437 0.0007309941520467837 0.0 0.0
0.0007440476190476191 0.08732394366197184 0.0 0.0 0.000673854447439353
0.0 0.07183098591549296 0.0007309941520467837 0.0 0.0
0.0007440476190476191 0.6471830985915493 0.2536549707602339 0.0 0.0
0.0022321428571428575 0.6450704225352112 0.24195906432748537 0.0014641288433382138 0.0
0.0007440476190476191 0.6140845070422536 0.24634502923976606 0.0 0.0
0.0007440476190476191 0.6556338028169013 0.22222222222222224 0.0007320644216691069 0.0
0.0007440476190476191 0.6485915492957747 0.2595029239766082 0.0021961932650073207 0.000673854447439353
0.0 0.6380281690140845 0.22807017543859648 0.0029282576866764276 0.0
0.0007440476190476191 0.6154929577464788 0.2748538011695907 0.0029282576866764276 0.0
0.0007440476190476191 0.621830985915493 0.23830409356725146 0.0007320644216691069 0.0
0.0 0.6359154929577465 0.2675438596491228 0.0007320644216691069 0.0
0.0 0.658450704225352 0.2682748538011696 0.0007320644216691069 0.0
0.0 0.6232394366197183 0.24488304093567248 0.0029282576866764276 0.0
0.0007440476190476191 0.6288732394366197 0.29020467836257313 0.0036603221083455345 0.0
0.0014880952380952382 0.6183098591549295 0.2894736842105263 0.0007320644216691069 0.0
0.0 0.6056338028169015 0.30994152046783624 0.0021961932650073207 0.0
0.0014880952380952382 0.6492957746478873 0.25 0.0 0.0
0.0 0.6415492957746479 0.34868421052631576 0.0021961932650073207 0.0
0.0 0.6147887323943662 0.29678362573099415 0.0029282576866764276 0.000673854447439353
0.0007440476190476191 0.6492957746478873 0.36549707602339176 0.0007320644216691069 0.0
0.0007440476190476191 0.621830985915493 0.37426900584795325 0.0007320644216691069 0.0
0.0007440476190476191 0.6380281690140845 0.375 0.0029282576866764276 0.0
0.0 0.6204225352112676 0.40204678362573104 0.0007320644216691069 0.0
0.0007440476190476191 0.6422535211267605 0.4378654970760234 0.0029282576866764276 0.0
0.0007440476190476191 0.6239436619718309 0.4371345029239766 0.0029282576866764276 0.0
0.0 0.6035211267605634 0.4415204678362573 0.0 0.0
0.0 0.6464788732394366 0.4656432748538012 0.0029282576866764276 0.0
0.0 0.6274647887323944 0.49707602339181284 0.0029282576866764276 0.0
0.0007440476190476191 0.6352112676056338 0.5073099415204678 0.0021961932650073207 0.0
0.0 0.628169014084507 0.5431286549707602 0.0014641288433382138 0.000673854447439353
0.0014880952380952382 0.6338028169014084 0.5921052631578948 0.0029282576866764276 0.0
0.0007440476190476191 0.5859154929577465 0.5570175438596491 0.0014641288433382138 0.0
0.0 0.602112676056338 0.6213450292397661 0.0014641288433382138 0.0
0.0 0.6154929577464788 0.597953216374269 0.0007320644216691069 0.0
0.0 0.6161971830985916 0.6366959064327485 0.0007320644216691069 0.0
0.0 0.6366197183098591 0.6761695906432749 0.0007320644216691069 0.0
0.0 0.6401408450704226 0.7171052631578948 0.0036603221083455345 0.000673854447439353
0.0022321428571428575 0.6478873239436619 0.7244152046783625 0.0007320644216691069 0.0
0.0 0.5964788732394366 0.7156432748538012 0.0007320644216691069 0.0
0.0 0.6387323943661972 0.8472222222222222 0.0014641288433382138 0.0
0.0007440476190476191 0.6492957746478873 0.8201754385964912 0.0007320644216691069 0.0
0.0 0.6535211267605634 0.8903508771929824 0.0014641288433382138 0.000673854447439353
0.0007440476190476191 0.6816901408450704 0.8603801169590642 0.0007320644216691069 0.000673854447439353
0.0007440476190476191 0.6429577464788733 0.9839181286549709 0.0014641288433382138 0.0
0.0 0.652112676056338 0.9780701754385965 0.0 0.0
0.0 0.6633802816901408 1.0146198830409356 0.0007320644216691069 0.000673854447439353
0.0 0.6563380281690141 1.0643274853801168 0.0021961932650073207 0.0
0.0014880952380952382 0.6767605633802817 1.0847953216374269 0.0036603221083455345 0.0
0.0014880952380952382 0.6626760563380282 1.1608187134502925 0.0014641288433382138 0.0
0.0007440476190476191 0.6549295774647887 1.2280701754385965 0.0007320644216691069 0.0
0.0 0.6345070422535211 1.2967836257309941 0.0007320644216691069 0.0
0.0 0.671830985915493 1.3223684210526316 0.0021961932650073207 0.0
0.0 0.6661971830985915 1.3735380116959064 0.0 0.0
0.0007440476190476191 0.6711267605633803 1.5533625730994152 0.0021961932650073207 0.000673854447439353
0.0007440476190476191 0.65 1.5519005847953218 0.0007320644216691069 0.0
0.0 0.7218309859154929 1.6301169590643276 0.0029282576866764276 0.0
0.0 0.6894366197183098 1.6469298245614035 0.004392386530014641 0.000673854447439353
0.0007440476190476191 0.7330985915492958 1.760233918128655 0.0 0.0
0.0 0.7161971830985915 1.827485380116959 0.0014641288433382138 0.0
0.0007440476190476191 0.6894366197183098 1.8662280701754386 0.0007320644216691069 0.0
0.0 0.7042253521126761 1.9590643274853798 0.0014641288433382138 0.0
0.0007440476190476191 0.7126760563380282 2.0979532163742687 0.0007320644216691069 0.0
0.0 0.7387323943661972 2.124269005847953 0.0014641288433382138 0.0
0.0 0.7316901408450704 2.1834795321637426 0.0007320644216691069 0.0
0.0 0.7669014084507042 2.3048245614035086 0.0014641288433382138 0.0
0.0014880952380952382 0.7253521126760564 2.3326023391812862 0.0014641288433382138 0.0
0.0 0.7633802816901408 2.446637426900585 0.0014641288433382138 0.0
0.0007440476190476191 0.747887323943662 2.58406432748538 0.0014641288433382138 0.0
0.0 0.7514084507042254 2.5277777777777777 0.0021961932650073207 0.0
0.0014880952380952382 0.7535211267605634 2.5146198830409356 0.0029282576866764276 0.0
0.0 0.782394366197183 2.565058479532164 0.0007320644216691069 0.0
0.0 0.7725352112676056 2.6023391812865495 0.0021961932650073207 0.0
0.0 0.7654929577464789 2.6410818713450293 0.0014641288433382138 0.0
0.0 0.7992957746478873 2.7236842105263155 0.0 0.0
0.0014880952380952382 0.797887323943662 2.736842105263158 0.0007320644216691069 0.0
0.0 0.7443661971830986 2.7090643274853803 0.0007320644216691069 0.000673854447439353
0.0 0.7873239436619719 2.6447368421052633 0.0 0.0
0.0 0.7852112676056338 2.7558479532163744 0.0021961932650073207 0.0
0.0 0.7760563380281691 2.722953216374269 0.0007320644216691069 0.000673854447439353
0.0007440476190476191 0.780281690140845 2.6973684210526314 0.0 0.0
0.0 0.7669014084507042 2.6922514619883042 0.0014641288433382138 0.0
0.0 0.7661971830985915 2.6608187134502925 0.0014641288433382138 0.0
0.0 0.7598591549295776 2.7331871345029244 0.0 0.0
0.0 0.7732394366197184 2.7412280701754383 0.0007320644216691069 0.0
0.0 0.7654929577464789 2.7346491228070176 0.0 0.0
0.0 0.7697183098591549 2.6878654970760234 0.0029282576866764276 0.0
0.0 0.75 2.6637426900584797 0.0 0.0
0.0007440476190476191 0.7880281690140845 2.941520467836257 0.0007320644216691069 0.0
0.0 0.7697183098591549 2.9078947368421053 0.0014641288433382138 0.0
0.0 0.7816901408450705 2.880116959064327 0.0007320644216691069 0.0
0.0 0.8063380281690141 2.894005847953216 0.0007320644216691069 0.0
0.0014880952380952382 0.7950704225352113 2.884502923976608 0.0007320644216691069 0.0
0.0 0.8119718309859155 2.9173976608187133 0.0 0.0
0.0007440476190476191 0.8063380281690141 2.89766081871345 0.0021961932650073207 0.0
0.0007440476190476191 0.7859154929577464 2.969298245614035 0.0029282576866764276 0.0
0.0007440476190476191 0.773943661971831 2.853801169590643 0.0 0.0
0.0007440476190476191 0.7936619718309859 2.8735380116959064 0.0007320644216691069 0.0
0.0 0.7880281690140845 2.884502923976608 0.0014641288433382138 0.0
0.0007440476190476191 0.7859154929577464 2.926900584795322 0.0029282576866764276 0.0
0.0 0.8007042253521127 2.9685672514619883 0.0036603221083455345 0.0
0.0007440476190476191 0.7901408450704226 2.885964912280702 0.0007320644216691069 0.0
