0.0 0.14507042253521127 0.04970760233918129 0.0 0.0
0.0014880952380952382 0.18028169014084508 0.06578947368421052 0.0029282576866764276 0.0
0.0014880952380952382 0.13098591549295774 0.058479532163742694 0.0014641288433382138 0.0
0.0029761904761904765 0.16197183098591547 0.046783625730994156 0.0014641288433382138 0.0
0.0 0.1535211267605634 0.0628654970760234 0.0014641288433382138 0.0
0.004464285714285715 0.14507042253521127 0.06140350877192983 0.0 0.0
0.0014880952380952382 0.1352112676056338 0.05701754385964912 0.0 0.0
0.0 0.19718309859154928 0.06578947368421052 0.0014641288433382138 0.0
0.0014880952380952382 0.12394366197183097 0.05555555555555556 0.0014641288433382138 0.0
0.0 0.16901408450704225 0.07456140350877194 0.0014641288433382138 0.0
0.0014880952380952382 0.15633802816901407 0.06432748538011696 0.0014641288433382138 0.0
0.0029761904761904765 0.13943661971830987 0.07748538011695906 0.0014641288433382138 0.001347708894878706
0.0014880952380952382 0.17464788732394368 0.07309941520467836 0.0014641288433382138 0.0
0.0014880952380952382 0.18450704225352113 0.059941520467836254 0.0014641288433382138 0.0
0.0 0.1676056338028169 0.05116959064327485 0.0014641288433382138 0.0
0.0 0.19014084507042253 0.059941520467836254 0.0 0.0
0.0 0.20985915492957746 0.052631578947368425 0.0014641288433382138 0.0
0.0014880952380952382 0.1647887323943662 0.06140350877192983 0.0014641288433382138 0.0
0.0 0.17605633802816903 0.054093567251461985 0.0014641288433382138 0.0
0.0 0.2056338028169014 0.05555555555555556 0.0 0.0
0.0 0.19718309859154928 0.05701754385964912 0.0029282576866764276 0.0
0.0 0.23098591549295774 0.054093567251461985 0.0014641288433382138 0.0
0.0 0.2084507042253521 0.08771929824561403 0.0014641288433382138 0.0
0.0014880952380952382 0.21267605633802816 0.04239766081871345 0.0 0.0
0.0014880952380952382 0.252112676056338 0.06140350877192983 0.0029282576866764276 0.0
0.005952380952380953 0.2605633802816901 0.07017543859649122 0.0 0.0
0.0014880952380952382 0.28169014084507044 0.07748538011695906 0.0014641288433382138 0.0
0.0014880952380952382 0.21549295774647886 0.06140350877192983 0.0 0.0
0.0029761904761904765 0.3070422535211268 0.05555555555555556 0.0014641288433382138 0.0
0.0029761904761904765 0.2915492957746479 0.06432748538011696 0.0014641288433382138 0.0
0.0 0.25352112676056343 0.05701754385964912 0.0029282576866764276 0.0
0.004464285714285715 0.23380281690140844 0.07017543859649122 0.0014641288433382138 0.0
0.0014880952380952382 0.2605633802816901 0.06578947368421052 0.0014641288433382138 0.0
0.0014880952380952382 0.24788732394366195 0.08333333333333333 0.004392386530014641 0.0
0.0 0.31549295774647884 0.08771929824561403 0.0 0.001347708894878706
0.0 0.29295774647887324 0.06725146198830409 0.0014641288433382138 0.0
0.0 0.30281690140845074 0.07017543859649122 0.0 0.001347708894878706
0.0 0.33380281690140845 0.06725146198830409 0.0 0.0
0.0 0.34225352112676055 0.05555555555555556 0.0014641288433382138 0.0
0.005952380952380953 0.30563380281690145 0.05555555555555556 0.0 0.0
0.0 0.4323943661971831 0.05555555555555556 0.0029282576866764276 0.0
0.0014880952380952382 0.36901408450704226 0.0628654970760234 0.0 0.0
0.0014880952380952382 0.37746478873239436 0.046783625730994156 0.0 0.0
0.0 0.4169014084507042 0.08040935672514621 0.0 0.0
0.0 0.37042253521126756 0.07163742690058479 0.0014641288433382138 0.0
0.0 0.4619718309859155 0.06725146198830409 0.0 0.0
0.0014880952380952382 0.4295774647887324 0.06725146198830409 0.0014641288433382138 0.0
0.0014880952380952382 0.45211267605633804 0.0891812865497076 0.0014641288433382138 0.0
0.0014880952380952382 0.5014084507042254 0.0891812865497076 0.0 0.0
0.0 0.5112676056338028 0.09064327485380116 0.0014641288433382138 0.0
0.0014880952380952382 0.5 0.09356725146198831 0.0014641288433382138 0.0
0.0 0.5098591549295775 0.09210526315789475 0.0 0.0
0.0014880952380952382 0.5169014084507042 0.07309941520467836 0.0 0.001347708894878706
0.0 0.5014084507042254 0.09795321637426901 0.0014641288433382138 0.0
0.0014880952380952382 0.6422535211267605 0.12134502923976609 0.0014641288433382138 0.0
0.0 0.5338028169014085 0.08187134502923976 0.0 0.0
0.0 0.6140845070422536 0.09941520467836258 0.0 0.0
0.0014880952380952382 0.5845070422535211 0.07602339181286549 0.0014641288433382138 0.0
0.0029761904761904765 0.6169014084507043 0.0891812865497076 0.0014641288433382138 0.0
0.0 0.5943661971830986 0.07602339181286549 0.0014641288433382138 0.0
0.0014880952380952382 0.6464788732394366 0.09064327485380116 0.0 0.0
0.004464285714285715 0.6267605633802817 0.07894736842105263 0.0 0.0
0.0014880952380952382 0.6661971830985915 0.07163742690058479 0.0 0.0
0.0 0.6830985915492958 0.09210526315789475 0.0 0.0
0.0014880952380952382 0.6957746478873239 0.09941520467836258 0.0014641288433382138 0.0
0.0029761904761904765 0.7394366197183099 0.08040935672514621 0.0 0.0
0.0 0.7464788732394366 0.09064327485380116 0.0 0.0
0.0 0.7619718309859155 0.11257309941520467 0.0014641288433382138 0.0
0.0 0.7760563380281691 0.12426900584795321 0.0014641288433382138 0.0
0.0014880952380952382 0.7380281690140845 0.11549707602339182 0.0 0.0
0.0 0.7352112676056338 0.1286549707602339 0.0 0.0
0.0 0.7563380281690141 0.12426900584795321 0.0014641288433382138 0.0
0.0014880952380952382 0.7985915492957746 0.1023391812865497 0.0 0.001347708894878706
0.0029761904761904765 0.8577464788732394 0.12719298245614036 0.0 0.0
0.0 0.8901408450704226 0.11257309941520467 0.0 0.001347708894878706
0.0 0.9394366197183098 0.14035087719298245 0.0 0.0
0.0 0.9661971830985915 0.1388888888888889 0.0014641288433382138 0.0
0.0 0.9492957746478874 0.1388888888888889 0.0014641288433382138 0.001347708894878706
0.0 1.0070422535211268 0.12134502923976609 0.0 0.0
0.0014880952380952382 1.0211267605633803 0.1564327485380117 0.0014641288433382138 0.0
0.0029761904761904765 1.047887323943662 0.14473684210526316 0.0 0.0
0.0014880952380952382 1.0915492957746478 0.12280701754385966 0.0 0.0
0.0 1.028169014084507 0.10818713450292397 0.0014641288433382138 0.0
0.0014880952380952382 1.1577464788732394 0.11403508771929824 0.0 0.0
0.0 1.1338028169014085 0.1564327485380117 0.0 0.0
0.0014880952380952382 1.1380281690140845 0.1257309941520468 0.0014641288433382138 0.0
0.0 1.2225352112676058 0.1476608187134503 0.0 0.0
0.0 1.2633802816901407 0.1739766081871345 0.0014641288433382138 0.0
0.0 1.2788732394366196 0.18713450292397663 0.0 0.001347708894878706
0.0029761904761904765 1.3 0.18713450292397663 0.0014641288433382138 0.0
0.0 1.2619718309859154 0.1739766081871345 0.0 0.0
0.0014880952380952382 1.2309859154929577 0.15350877192982457 0.0014641288433382138 0.0
0.0 1.371830985915493 0.1783625730994152 0.0 0.0
0.0014880952380952382 1.2422535211267605 0.15350877192982457 0.0029282576866764276 0.0
0.0029761904761904765 1.3859154929577464 0.19736842105263158 0.0 0.0
0.0014880952380952382 1.5126760563380282 0.1915204678362573 0.0 0.0
0.0014880952380952382 1.432394366197183 0.16081871345029242 0.0029282576866764276 0.0
0.0 1.547887323943662 0.2134502923976608 0.0014641288433382138 0.0
0.0 1.5464788732394368 0.19590643274853803 0.0 0.0
0.0014880952380952382 1.628169014084507 0.18274853801169588 0.0 0.0
0.0 1.4929577464788732 0.16374269005847952 0.0 0.0
0.0 0.14929577464788732 0.0 0.0 0.0
0.0 0.14507042253521127 0.0 0.0 0.0
0.0 0.14366197183098592 0.0029239766081871348 0.0 0.0
0.0 0.16197183098591547 0.0 0.0 0.0
0.0 1.6140845070422534 0.20029239766081872 0.0 0.0
0.0 0.17746478873239438 0.0 0.0 0.0
0.0 0.14929577464788732 0.0 0.0 0.0
0.0 0.12535211267605634 0.0 0.0 0.0
0.0 0.17183098591549295 0.0 0.0 0.001347708894878706
0.0 1.276056338028169 0.3567251461988304 0.0029282576866764276 0.0
0.0 0.1507042253521127 0.0 0.0014641288433382138 0.0
0.0 0.16338028169014085 0.0 0.0 0.0
0.0 0.14507042253521127 0.0 0.0 0.0
0.0014880952380952382 0.14225352112676057 0.0014619883040935674 0.0 0.0
0.0 1.6253521126760562 0.17690058479532164 0.0 0.0
0.0 0.15492957746478875 0.0 0.0 0.0
0.0 0.14366197183098592 0.0 0.0 0.0
0.0 0.14647887323943662 0.0 0.0 0.0
0.0 0.16197183098591547 0.0 0.0 0.0
0.0 1.204225352112676 0.3508771929824561 0.0 0.0
0.0 0.15492957746478875 0.0014619883040935674 0.0 0.0
0.0 0.14366197183098592 0.0 0.0 0.0
0.0 0.11126760563380282 0.0 0.0 0.0
0.0 0.15915492957746477 0.0 0.0 0.0
0.0 0.15492957746478875 0.0 0.0 0.0
0.0 0.17605633802816903 0.0 0.0 0.0
0.0 0.14366197183098592 0.0 0.0 0.0
0.0 0.15492957746478875 0.0014619883040935674 0.0 0.0
0.0014880952380952382 0.17464788732394368 0.0 0.0 0.0
0.0 0.14366197183098592 0.0014619883040935674 0.0 0.0
0.0 1.243661971830986 0.368421052631579 0.0 0.0
0.0029761904761904765 1.2492957746478874 0.3508771929824561 0.0 0.0
0.0 1.204225352112676 0.3464912280701754 0.0 0.0
0.0 1.2647887323943663 0.29970760233918126 0.0 0.0
0.0 1.2492957746478874 0.3713450292397661 0.0014641288433382138 0.001347708894878706
0.0 1.2267605633802818 0.3157894736842105 0.0029282576866764276 0.0
0.0014880952380952382 1.167605633802817 0.3669590643274854 0.004392386530014641 0.0
0.0014880952380952382 1.1915492957746479 0.3304093567251462 0.0 0.0
0.0 1.223943661971831 0.3289473684210526 0.0 0.0
0.0 1.2619718309859154 0.3318713450292398 0.0014641288433382138 0.0
0.0 1.2056338028169016 0.29385964912280704 0.0029282576866764276 0.0
0.0 1.2014084507042253 0.3172514619883041 0.004392386530014641 0.0
0.0029761904761904765 1.1929577464788732 0.347953216374269 0.0014641288433382138 0.0
0.0 1.1577464788732394 0.347953216374269 0.004392386530014641 0.0
0.0029761904761904765 1.256338028169014 0.2675438596491228 0.0 0.0
0.0 1.2140845070422535 0.34210526315789475 0.0014641288433382138 0.0
0.0 1.1661971830985915 0.2573099415204678 0.0029282576866764276 0.001347708894878706
0.0 1.2323943661971832 0.3318713450292398 0.0014641288433382138 0.0
0.0014880952380952382 1.1887323943661972 0.3157894736842105 0.0014641288433382138 0.0
0.0 1.2211267605633802 0.29385964912280704 0.0029282576866764276 0.0
0.0 1.1845070422535213 0.34210526315789475 0.0014641288433382138 0.0
0.0014880952380952382 1.2253521126760563 0.33771929824561403 0.0029282576866764276 0.0
0.0 1.180281690140845 0.2953216374269006 0.004392386530014641 0.0
0.0 1.1591549295774648 0.2953216374269006 0.0 0.0
0.0 1.204225352112676 0.3055555555555555 0.0029282576866764276 0.0
0.0 1.171830985915493 0.3172514619883041 0.004392386530014641 0.0
0.0 1.1816901408450704 0.29239766081871343 0.004392386530014641 0.0
0.0 1.195774647887324 0.31140350877192985 0.0029282576866764276 0.001347708894878706
0.0 1.1816901408450704 0.347953216374269 0.0029282576866764276 0.0
0.0014880952380952382 1.104225352112676 0.29970760233918126 0.0014641288433382138 0.0
0.0 1.1352112676056338 0.3172514619883041 0.0014641288433382138 0.0
0.0 1.1380281690140845 0.28362573099415206 0.0 0.0
0.0 1.1380281690140845 0.26169590643274854 0.0014641288433382138 0.0
0.0 1.1690140845070423 0.28654970760233917 0.0 0.0
0.0 1.167605633802817 0.2719298245614035 0.0029282576866764276 0.0
0.0014880952380952382 1.1704225352112676 0.2470760233918129 0.0 0.0
0.0 1.0971830985915492 0.2543859649122807 0.0014641288433382138 0.0
0.0 1.1521126760563378 0.3157894736842105 0.0014641288433382138 0.0
0.0014880952380952382 1.1591549295774648 0.24269005847953218 0.0014641288433382138 0.0
0.0 1.1647887323943662 0.26900584795321636 0.0029282576866764276 0.001347708894878706
0.0 1.1943661971830986 0.2192982456140351 0.0014641288433382138 0.0
0.0 1.115492957746479 0.29678362573099415 0.0029282576866764276 0.0
0.0 1.143661971830986 0.2543859649122807 0.0 0.0
0.0 1.1492957746478873 0.26900584795321636 0.0 0.0
0.0 1.1267605633802817 0.2573099415204678 0.0029282576866764276 0.0
0.0 1.1577464788732394 0.24269005847953218 0.007320644216691069 0.0
0.0 1.123943661971831 0.2631578947368421 0.0014641288433382138 0.0
0.0014880952380952382 1.0887323943661973 0.23099415204678364 0.0014641288433382138 0.0
0.0 1.0507042253521126 0.24853801169590642 0.0014641288433382138 0.0
0.0 1.095774647887324 0.20906432748538012 0.0014641288433382138 0.0
0.0 1.0901408450704226 0.2105263157894737 0.0 0.0
0.0 1.076056338028169 0.2412280701754386 0.004392386530014641 0.0
0.0014880952380952382 1.0380281690140845 0.2046783625730994 0.0014641288433382138 0.0
0.0 1.1380281690140845 0.19883040935672516 0.0029282576866764276 0.0
0.0 1.0577464788732396 0.20321637426900585 0.004392386530014641 0.0
0.0014880952380952382 1.1309859154929578 0.20906432748538012 0.0 0.0
0.0 1.1197183098591548 0.22953216374269006 0.0029282576866764276 0.0
0.0 1.0380281690140845 0.20029239766081872 0.0014641288433382138 0.0
0.0 1.0591549295774647 0.20614035087719296 0.0014641288433382138 0.0
0.0 1.036619718309859 0.17690058479532164 0.0014641288433382138 0.0
0.0 1.0577464788732396 0.19298245614035087 0.0 0.0
0.0 1.0549295774647887 0.16666666666666666 0.0014641288433382138 0.0
0.0 1.0873239436619717 0.16666666666666666 0.0029282576866764276 0.0
0.0014880952380952382 1.0098591549295775 0.1652046783625731 0.0029282576866764276 0.0
0.0 1.056338028169014 0.18859649122807018 0.0014641288433382138 0.0
0.0 1.0211267605633803 0.17690058479532164 0.0029282576866764276 0.0
0.0 1.0464788732394368 0.1783625730994152 0.0029282576866764276 0.0
0.0014880952380952382 1.0267605633802817 0.1842105263157895 0.0029282576866764276 0.0
0.0 1.0464788732394368 0.19005847953216373 0.0014641288433382138 0.0
0.0 1.0380281690140845 0.1842105263157895 0.004392386530014641 0.0
0.0 1.023943661971831 0.19298245614035087 0.0029282576866764276 0.0
0.0 1.0464788732394368 0.1652046783625731 0.0 0.0
0.0 1.0464788732394368 0.18859649122807018 0.0014641288433382138 0.0
0.0 0.9830985915492958 0.1476608187134503 0.0 0.0
0.0 1.063380281690141 0.14181286549707603 0.0 0.0
0.0 1.0436619718309859 0.18713450292397663 0.004392386530014641 0.0
0.0 1.032394366197183 0.15497076023391812 0.0014641288433382138 0.001347708894878706
0.0014880952380952382 1.0422535211267605 0.18274853801169588 0.0 0.0
0.0 1.036619718309859 0.1739766081871345 0.0014641288433382138 0.0
0.0 1.036619718309859 0.1695906432748538 0.0 0.0
0.0 0.9985915492957748 0.18274853801169588 0.0 0.0
0.0 1.0422535211267605 0.19444444444444442 0.0014641288433382138 0.0
0.0 1.0211267605633803 0.1652046783625731 0.0 0.0
0.0 1.0253521126760563 0.1476608187134503 0.004392386530014641 0.0
0.0 0.9943661971830986 0.16081871345029242 0.0 0.0
0.0014880952380952382 1.0126760563380282 0.15058479532163743 0.0 0.0
0.0 0.9830985915492958 0.17543859649122806 0.0014641288433382138 0.0
0.0 1.0126760563380282 0.15058479532163743 0.0014641288433382138 0.0
0.0 1.0380281690140845 0.14473684210526316 0.0014641288433382138 0.0
0.0014880952380952382 1.0253521126760563 0.14912280701754388 0.0014641288433382138 0.0
0.0 1.0577464788732396 0.16228070175438597 0.0 0.0
0.0014880952380952382 1.0154929577464789 0.1652046783625731 0.0014641288433382138 0.0
0.0 1.0140845070422537 0.16374269005847952 0.004392386530014641 0.0
0.0014880952380952382 0.9774647887323944 0.14327485380116958 0.0 0.0
0.0014880952380952382 1.0183098591549296 0.15058479532163743 0.0 0.0
0.0 1.0295774647887324 0.14619883040935672 0.0029282576866764276 0.0
0.0 1.0267605633802817 0.15204678362573099 0.0029282576866764276 0.0
0.0 1.023943661971831 0.17105263157894737 0.005856515373352855 0.0
0.0014880952380952382 1.008450704225352 0.17105263157894737 0.0014641288433382138 0.0
