17.166666666666668 36.6 28.6 14.333333333333334 12.666666666666666
17.333333333333332 37.0 28.2 17.5 12.833333333333334
14.833333333333334 33.0 31.4 15.166666666666666 12.666666666666666
16.5 36.0 27.2 15.333333333333332 12.166666666666666
16.166666666666664 34.2 25.2 14.5 12.833333333333334
14.833333333333334 35.2 24.6 17.333333333333332 14.0
15.333333333333332 34.6 29.6 17.333333333333332 16.0
15.666666666666666 35.4 25.8 17.5 12.166666666666666
14.5 33.0 26.599999999999998 14.666666666666666 12.666666666666666
14.333333333333334 36.0 27.599999999999998 16.5 12.666666666666666
15.333333333333332 34.8 30.200000000000003 17.666666666666668 12.666666666666666
13.666666666666668 37.8 28.400000000000002 20.5 15.0
16.0 38.0 25.8 14.833333333333334 15.5
15.666666666666666 32.4 26.0 17.0 15.0
15.5 34.8 27.2 15.666666666666666 13.166666666666666
14.0 36.4 29.2 14.333333333333334 12.333333333333334
14.0 35.2 26.8 14.333333333333334 12.166666666666666
16.666666666666668 38.800000000000004 28.6 15.166666666666666 12.333333333333334
18.166666666666668 36.6 27.599999999999998 17.0 15.666666666666666
16.333333333333332 36.8 27.799999999999997 18.333333333333332 12.333333333333334
16.5 35.6 23.599999999999998 14.666666666666666 13.5
17.0 37.6 27.400000000000002 16.5 14.666666666666666
12.666666666666666 36.4 25.2 15.166666666666666 13.333333333333334
14.5 36.4 29.4 14.666666666666666 13.333333333333334
15.5 39.0 25.2 17.333333333333332 15.333333333333332
17.5 34.2 29.8 12.0 13.0
15.666666666666666 38.4 26.599999999999998 14.0 12.833333333333334
16.0 37.6 23.400000000000002 17.833333333333332 15.666666666666666
17.0 35.6 28.8 15.5 16.166666666666664
15.5 35.2 23.400000000000002 14.166666666666666 16.0
13.666666666666668 36.0 25.8 17.666666666666668 15.166666666666666
15.0 36.0 26.599999999999998 16.0 12.833333333333334
15.666666666666666 37.199999999999996 29.2 14.5 15.166666666666666
13.333333333333334 37.400000000000006 28.2 16.0 12.5
14.0 34.0 24.2 14.166666666666666 13.5
14.666666666666666 33.4 28.8 15.333333333333332 16.333333333333332
19.333333333333336 33.4 26.200000000000003 15.333333333333332 12.666666666666666
14.166666666666666 36.2 25.6 14.166666666666666 11.0
17.666666666666668 35.2 26.8 12.833333333333334 14.666666666666666
15.833333333333334 34.2 26.200000000000003 16.5 13.166666666666666
15.833333333333334 34.8 27.799999999999997 16.0 11.833333333333332
16.833333333333332 36.4 28.0 16.666666666666668 13.0
17.5 39.4 24.2 16.666666666666668 11.833333333333332
16.166666666666664 36.6 25.4 13.5 14.833333333333334
13.166666666666666 40.599999999999994 25.2 17.5 13.0
15.166666666666666 37.400000000000006 23.400000000000002 16.833333333333332 11.333333333333334
15.166666666666666 35.6 31.2 14.0 12.833333333333334
17.0 37.400000000000006 26.4 17.166666666666668 13.166666666666666
15.333333333333332 34.4 30.0 17.333333333333332 15.666666666666666
12.666666666666666 36.8 25.8 17.5 13.333333333333334
17.166666666666668 35.6 24.400000000000002 15.833333333333334 13.333333333333334
15.666666666666666 39.4 26.200000000000003 13.833333333333332 10.0
17.833333333333332 38.0 25.8 16.0 13.166666666666666
16.833333333333332 37.199999999999996 24.400000000000002 17.833333333333332 14.0
15.0 36.8 25.8 14.833333333333334 13.0
14.166666666666666 36.0 27.0 13.333333333333334 12.833333333333334
14.666666666666666 37.400000000000006 28.8 17.833333333333332 13.666666666666668
16.333333333333332 35.4 28.400000000000002 16.5 14.833333333333334
14.666666666666666 34.2 26.599999999999998 16.833333333333332 12.833333333333334
16.666666666666668 36.2 27.799999999999997 14.166666666666666 12.833333333333334
15.5 36.8 29.0 15.833333333333334 13.166666666666666
19.833333333333336 39.199999999999996 28.6 17.166666666666668 14.0
16.0 38.800000000000004 26.4 12.833333333333334 11.333333333333334
15.5 35.2 27.2 15.5 12.333333333333334
17.0 36.2 27.2 18.5 12.5
18.0 38.4 27.2 16.5 14.0
14.833333333333334 37.400000000000006 26.200000000000003 16.0 10.166666666666666
19.333333333333336 37.6 25.8 13.5 13.166666666666666
15.666666666666666 35.8 26.0 16.333333333333332 12.833333333333334
16.833333333333332 39.199999999999996 28.6 15.166666666666666 12.666666666666666
17.0 34.8 25.4 15.166666666666666 13.333333333333334
15.5 35.0 24.400000000000002 17.166666666666668 16.0
17.666666666666668 37.199999999999996 26.8 15.166666666666666 13.833333333333332
17.0 33.8 25.2 14.0 11.666666666666668
17.0 36.8 27.799999999999997 17.666666666666668 13.166666666666666
16.0 33.0 28.400000000000002 18.166666666666668 13.333333333333334
14.0 35.2 28.8 14.333333333333334 10.833333333333334
14.833333333333334 37.8 29.2 16.333333333333332 13.333333333333334
16.333333333333332 35.0 26.599999999999998 16.333333333333332 15.0
17.0 38.6 25.0 17.166666666666668 14.166666666666666
14.666666666666666 38.0 27.799999999999997 15.833333333333334 13.166666666666666
18.333333333333332 37.199999999999996 30.0 14.666666666666666 14.666666666666666
15.166666666666666 33.4 26.8 16.166666666666664 13.833333333333332
15.5 33.8 27.0 17.0 15.666666666666666
16.666666666666668 35.4 27.2 16.666666666666668 11.333333333333334
17.0 37.400000000000006 28.8 14.0 12.333333333333334
14.833333333333334 35.0 26.4 16.333333333333332 12.5
16.0 38.4 26.0 15.0 12.333333333333334
14.333333333333334 40.599999999999994 24.6 17.0 14.666666666666666
17.666666666666668 39.0 26.599999999999998 16.5 11.833333333333332
15.0 38.199999999999996 25.8 11.833333333333332 13.666666666666668
16.166666666666664 39.800000000000004 24.6 15.5 11.333333333333334
14.666666666666666 37.6 28.8 13.833333333333332 13.666666666666668
17.5 37.8 26.8 16.333333333333332 13.0
17.166666666666668 38.4 29.8 16.5 13.0
16.166666666666664 35.8 26.0 15.333333333333332 12.0
16.0 36.4 24.0 15.833333333333334 14.333333333333334
16.5 37.199999999999996 26.0 14.333333333333334 13.833333333333332
15.5 36.6 23.400000000000002 17.333333333333332 13.666666666666668
15.5 34.2 26.599999999999998 14.333333333333334 13.333333333333334
16.0 39.0 28.2 16.333333333333332 14.5
16.666666666666668 15.8 13.6 15.333333333333332 15.666666666666666
14.833333333333334 15.4 13.6 15.666666666666666 14.833333333333334
19.0 15.8 16.0 14.833333333333334 15.5
14.0 16.2 15.8 12.0 16.166666666666664
14.333333333333334 37.8 26.8 17.333333333333332 14.666666666666666
13.333333333333334 13.4 13.799999999999999 16.0 17.0
13.333333333333334 16.400000000000002 18.8 16.5 15.5
15.166666666666666 18.599999999999998 14.8 16.666666666666668 15.833333333333334
14.666666666666666 15.2 15.0 14.0 15.333333333333332
13.666666666666668 31.6 28.2 15.833333333333334 14.5
13.833333333333332 13.6 15.8 18.166666666666668 14.833333333333334
13.5 15.4 16.0 17.333333333333332 15.0
14.833333333333334 13.799999999999999 12.8 15.666666666666666 15.166666666666666
14.166666666666666 15.8 14.200000000000001 15.666666666666666 15.666666666666666
16.166666666666664 40.4 25.0 17.5 13.5
15.0 15.8 17.4 13.0 13.333333333333334
15.0 13.799999999999999 13.6 16.166666666666664 18.666666666666668
14.666666666666666 15.2 15.6 15.0 15.833333333333334
17.0 14.8 16.6 15.833333333333334 15.666666666666666
14.166666666666666 31.6 31.8 20.833333333333332 12.333333333333334
15.166666666666666 14.0 14.0 17.333333333333332 14.333333333333334
14.333333333333334 17.0 16.6 12.0 14.833333333333334
15.5 17.8 12.6 15.833333333333334 15.666666666666666
15.833333333333334 15.4 16.2 15.0 14.0
14.0 14.200000000000001 16.400000000000002 12.666666666666666 16.166666666666664
13.0 14.4 14.6 16.0 17.166666666666668
16.0 13.799999999999999 14.200000000000001 14.833333333333334 14.833333333333334
13.666666666666668 16.400000000000002 19.8 13.333333333333334 14.166666666666666
14.166666666666666 14.4 16.6 16.833333333333332 14.333333333333334
12.0 16.8 17.4 14.5 14.0
14.0 30.0 30.0 15.0 12.0
15.5 31.8 27.400000000000002 17.666666666666668 13.333333333333334
18.5 34.4 30.200000000000003 16.333333333333332 10.166666666666666
13.166666666666666 30.200000000000003 32.2 16.5 14.166666666666666
15.666666666666666 33.0 31.2 15.666666666666666 15.333333333333332
16.0 33.2 32.2 16.333333333333332 14.0
13.833333333333332 30.599999999999998 26.4 17.666666666666668 12.833333333333334
15.833333333333334 31.8 28.6 15.166666666666666 14.5
16.333333333333332 31.8 32.599999999999994 15.0 12.833333333333334
15.5 31.6 35.6 16.333333333333332 11.5
12.5 30.4 30.0 17.833333333333332 13.0
15.666666666666666 33.2 32.4 14.666666666666666 14.5
15.0 33.6 32.4 14.0 14.333333333333334
13.5 30.4 30.0 19.666666666666664 12.333333333333334
13.666666666666668 35.6 34.2 14.333333333333334 13.0
19.0 31.6 31.8 15.666666666666666 14.333333333333334
16.5 30.4 30.8 16.5 14.5
16.5 32.599999999999994 33.8 14.333333333333334 12.833333333333334
14.833333333333334 29.2 28.8 18.166666666666668 13.166666666666666
14.0 32.599999999999994 30.8 16.333333333333332 12.666666666666666
13.5 31.0 31.8 17.333333333333332 13.333333333333334
17.166666666666668 33.4 32.0 15.166666666666666 9.333333333333334
15.5 31.8 29.8 15.833333333333334 13.5
17.666666666666668 32.0 32.2 16.0 11.833333333333332
15.833333333333334 31.0 37.400000000000006 18.0 11.333333333333334
17.333333333333332 37.199999999999996 28.8 16.5 15.333333333333332
13.833333333333332 29.6 31.2 14.666666666666666 12.666666666666666
17.333333333333332 31.4 32.2 17.166666666666668 15.5
13.666666666666668 33.8 31.0 15.5 17.5
13.833333333333332 33.6 31.2 18.166666666666668 14.0
14.5 33.0 32.2 17.333333333333332 12.5
13.666666666666668 32.0 33.2 17.833333333333332 14.5
14.5 32.4 32.800000000000004 18.666666666666668 12.0
15.166666666666666 31.2 34.0 15.5 16.166666666666664
14.333333333333334 34.2 34.6 17.0 13.166666666666666
15.0 32.4 34.8 17.333333333333332 12.333333333333334
15.166666666666666 31.4 34.2 16.333333333333332 11.666666666666668
14.333333333333334 33.0 33.4 17.333333333333332 13.666666666666668
16.666666666666668 34.2 34.8 16.333333333333332 12.5
15.0 29.8 33.6 18.833333333333332 13.833333333333332
13.666666666666668 31.4 33.8 17.166666666666668 11.5
15.0 34.0 32.800000000000004 16.0 12.166666666666666
17.333333333333332 31.0 36.6 21.5 13.0
18.333333333333332 36.2 33.4 17.0 12.166666666666666
16.5 31.6 31.6 15.166666666666666 14.166666666666666
13.166666666666666 32.0 32.4 17.666666666666668 12.833333333333334
13.333333333333334 29.6 34.6 14.5 12.333333333333334
17.5 33.0 31.2 14.333333333333334 12.0
13.833333333333332 34.4 37.8 19.833333333333336 13.5
15.0 32.800000000000004 37.6 16.166666666666664 12.166666666666666
14.166666666666666 35.2 36.6 19.666666666666664 13.333333333333334
13.166666666666666 31.8 37.6 15.666666666666666 14.833333333333334
12.666666666666666 33.4 40.2 18.333333333333332 12.5
17.0 33.0 38.0 16.0 12.5
15.333333333333332 31.8 35.4 17.333333333333332 10.333333333333334
17.5 34.0 38.199999999999996 16.166666666666664 11.5
13.666666666666668 31.8 38.4 20.833333333333332 14.833333333333334
16.333333333333332 34.2 36.4 17.333333333333332 14.166666666666666
12.0 33.2 36.2 14.0 14.666666666666666
15.0 36.8 36.2 17.5 14.333333333333334
12.666666666666666 35.4 40.0 19.666666666666664 12.333333333333334
16.333333333333332 31.6 42.4 20.166666666666664 12.333333333333334
13.333333333333334 33.4 42.2 18.333333333333332 14.5
14.333333333333334 37.6 43.2 17.0 14.333333333333334
11.166666666666666 37.199999999999996 42.2 15.0 10.333333333333334
13.333333333333334 35.0 40.4 19.0 11.5
13.166666666666666 36.6 44.4 16.5 14.166666666666666
10.666666666666666 34.6 42.8 14.0 13.5
17.5 31.8 41.0 20.0 11.666666666666668
17.0 36.4 46.0 19.5 14.333333333333334
15.5 36.0 40.0 16.666666666666668 9.833333333333332
13.833333333333332 33.4 40.4 16.0 13.166666666666666
13.5 38.4 42.8 17.5 11.166666666666666
15.0 33.6 39.4 16.166666666666664 10.666666666666666
13.166666666666666 35.4 39.199999999999996 17.833333333333332 13.166666666666666
14.5 35.4 43.0 17.166666666666668 14.666666666666666
13.166666666666666 38.4 42.2 18.0 10.166666666666666
16.666666666666668 36.2 43.6 18.166666666666668 12.166666666666666
13.0 32.599999999999994 44.4 20.166666666666664 14.666666666666666
15.333333333333332 32.4 44.2 19.166666666666664 13.0
12.166666666666666 33.2 41.2 19.166666666666664 10.0
15.5 35.0 45.0 18.166666666666668 12.5
15.0 34.6 39.6 19.333333333333336 11.5
15.166666666666666 33.8 41.4 16.666666666666668 10.5
15.333333333333332 32.800000000000004 43.0 18.0 12.5
14.5 39.0 46.199999999999996 19.666666666666664 10.666666666666666
13.166666666666666 35.8 45.0 17.5 13.5
13.0 35.4 44.4 16.333333333333332 10.666666666666666
17.833333333333332 32.599999999999994 42.8 15.5 10.166666666666666
14.333333333333334 33.6 47.800000000000004 19.166666666666664 12.0
11.333333333333334 35.0 42.8 17.666666666666668 12.333333333333334
14.833333333333334 33.4 41.2 18.166666666666668 13.0
13.666666666666668 37.6 46.199999999999996 20.333333333333332 12.666666666666666
12.0 39.4 46.800000000000004 20.0 15.333333333333332
14.833333333333334 31.6 44.4 18.0 11.333333333333334
15.166666666666666 38.6 44.0 16.0 12.0
16.333333333333332 35.6 43.0 18.833333333333332 13.5
15.333333333333332 32.800000000000004 46.800000000000004 18.166666666666668 13.5
13.666666666666668 35.8 43.4 17.833333333333332 12.333333333333334
