11.62962962962963 20.400000000000002 15.677419354838708 9.814814814814815 7.714285714285714
11.25925925925926 20.119999999999997 16.806451612903224 10.481481481481483 9.071428571428571
11.222222222222221 19.8 15.870967741935486 9.37037037037037 9.142857142857144
10.074074074074074 18.880000000000003 16.258064516129032 10.074074074074074 10.285714285714285
9.851851851851851 17.52 16.548387096774196 10.074074074074074 10.107142857142858
9.666666666666668 18.52 16.451612903225808 9.925925925925927 8.928571428571429
9.148148148148149 18.48 16.161290322580644 10.518518518518519 9.821428571428571
10.555555555555555 21.04 16.870967741935484 10.962962962962962 9.75
9.666666666666668 19.32 16.967741935483872 11.407407407407408 9.178571428571429
9.592592592592592 19.92 17.387096774193548 8.88888888888889 10.535714285714285
10.444444444444443 20.04 15.419354838709678 10.555555555555555 9.892857142857142
10.11111111111111 18.599999999999998 15.096774193548388 10.88888888888889 9.035714285714286
10.518518518518519 19.48 16.29032258064516 10.925925925925926 8.857142857142858
9.11111111111111 20.48 16.903225806451612 10.037037037037036 10.535714285714285
11.037037037037036 18.48 16.806451612903224 11.333333333333334 10.428571428571429
9.518518518518519 20.119999999999997 16.806451612903224 9.814814814814815 10.928571428571429
10.62962962962963 19.560000000000002 15.903225806451614 10.777777777777779 9.892857142857142
11.185185185185185 19.36 16.677419354838708 10.37037037037037 9.25
9.25925925925926 19.2 17.419354838709676 11.444444444444445 9.607142857142858
10.37037037037037 19.84 16.612903225806452 9.814814814814815 9.5
9.888888888888888 18.880000000000003 16.35483870967742 9.703703703703704 9.142857142857144
9.666666666666668 21.56 17.258064516129032 9.25925925925926 9.357142857142858
9.444444444444445 20.88 16.774193548387096 10.333333333333334 9.214285714285715
11.0 19.599999999999998 16.677419354838708 10.037037037037036 9.178571428571429
9.888888888888888 17.8 15.38709677419355 10.222222222222223 9.357142857142858
10.481481481481483 19.2 15.967741935483872 10.555555555555555 9.964285714285714
10.185185185185187 21.44 15.64516129032258 10.851851851851853 9.785714285714286
9.518518518518519 20.52 16.032258064516128 9.962962962962964 9.607142857142858
10.555555555555555 19.48 16.032258064516128 9.592592592592592 9.821428571428571
10.444444444444443 20.56 15.161290322580646 10.814814814814815 8.75
9.74074074074074 19.12 16.741935483870968 11.222222222222221 8.5
9.703703703703704 19.08 15.709677419354838 8.62962962962963 9.607142857142858
9.185185185185185 18.48 17.70967741935484 9.962962962962964 9.428571428571429
9.481481481481481 17.56 15.806451612903228 10.62962962962963 10.142857142857142
9.703703703703704 18.96 16.096774193548388 9.185185185185185 9.214285714285715
10.037037037037036 18.599999999999998 15.935483870967742 10.296296296296296 9.0
10.0 19.32 16.935483870967744 10.0 9.107142857142858
9.333333333333334 20.72 16.483870967741936 10.0 9.107142857142858
9.148148148148149 20.8 17.29032258064516 10.444444444444443 8.75
10.37037037037037 19.36 16.548387096774196 10.814814814814815 9.678571428571429
9.11111111111111 19.16 16.032258064516128 10.62962962962963 10.392857142857142
10.925925925925926 18.2 15.677419354838708 9.333333333333334 9.25
10.148148148148147 19.16 16.451612903225808 10.74074074074074 9.821428571428571
9.962962962962964 19.040000000000003 17.03225806451613 10.518518518518519 9.857142857142858
10.518518518518519 20.28 17.29032258064516 9.925925925925927 8.892857142857144
9.851851851851851 20.04 18.451612903225804 10.777777777777779 9.535714285714286
9.74074074074074 19.279999999999998 15.0 10.444444444444443 9.464285714285715
8.592592592592593 20.2 16.741935483870968 10.703703703703702 9.464285714285715
9.222222222222221 19.52 16.612903225806452 10.814814814814815 8.321428571428571
8.555555555555555 19.32 17.225806451612904 8.925925925925926 10.0
11.037037037037036 19.64 16.129032258064516 9.62962962962963 9.0
11.037037037037036 18.919999999999998 17.67741935483871 10.25925925925926 8.392857142857142
10.25925925925926 19.720000000000002 15.677419354838708 9.666666666666668 9.25
10.444444444444443 18.96 17.129032258064516 9.74074074074074 8.928571428571429
10.666666666666666 20.119999999999997 15.483870967741936 10.481481481481483 9.142857142857144
9.518518518518519 19.279999999999998 16.129032258064516 10.851851851851853 9.071428571428571
10.25925925925926 19.52 16.64516129032258 10.88888888888889 10.142857142857142
10.962962962962962 20.36 17.258064516129032 9.555555555555555 9.928571428571429
11.11111111111111 19.439999999999998 16.677419354838708 10.481481481481483 10.25
11.11111111111111 19.24 16.161290322580644 9.25925925925926 10.5
9.814814814814815 21.12 15.483870967741936 10.74074074074074 9.714285714285714
9.777777777777777 19.16 16.612903225806452 10.444444444444443 8.75
10.0 19.439999999999998 15.580645161290322 11.481481481481481 9.857142857142858
9.518518518518519 20.2 16.29032258064516 10.333333333333334 9.964285714285714
9.925925925925927 21.16 17.483870967741932 9.888888888888888 8.25
9.37037037037037 22.32 16.32258064516129 10.481481481481483 8.821428571428573
9.296296296296296 20.639999999999997 16.64516129032258 9.851851851851851 8.857142857142858
10.185185185185187 20.48 17.35483870967742 9.962962962962964 9.5
10.555555555555555 19.2 16.451612903225808 8.481481481481483 8.25
11.703703703703704 19.48 18.451612903225804 11.185185185185185 9.5
10.444444444444443 21.88 16.838709677419352 10.0 9.428571428571429
10.037037037037036 21.32 18.096774193548388 9.777777777777777 10.464285714285714
11.444444444444445 18.96 16.161290322580644 9.777777777777777 9.428571428571429
11.0 20.639999999999997 15.935483870967742 10.25925925925926 10.321428571428571
10.88888888888889 20.68 16.35483870967742 8.777777777777779 9.035714285714286
9.555555555555555 20.8 16.35483870967742 10.0 8.714285714285714
10.333333333333334 19.68 16.451612903225808 9.851851851851851 8.678571428571427
11.074074074074074 20.52 16.096774193548388 10.37037037037037 9.5
9.25925925925926 20.119999999999997 17.612903225806452 10.074074074074074 9.392857142857142
12.37037037037037 20.68 15.483870967741936 9.74074074074074 8.928571428571429
10.222222222222223 19.36 17.70967741935484 9.407407407407408 9.642857142857142
9.222222222222221 19.48 15.419354838709678 8.814814814814815 9.5
10.185185185185187 18.2 17.193548387096776 9.296296296296296 9.678571428571429
9.518518518518519 19.48 18.225806451612904 11.037037037037036 9.107142857142858
9.444444444444445 20.8 16.64516129032258 10.185185185185187 9.785714285714286
9.925925925925927 19.08 16.096774193548388 10.555555555555555 9.035714285714286
10.444444444444443 19.88 17.548387096774196 9.444444444444445 8.571428571428571
10.777777777777779 18.24 15.225806451612904 10.88888888888889 10.035714285714285
9.333333333333334 20.48 16.935483870967744 9.148148148148149 9.428571428571429
9.296296296296296 20.04 17.32258064516129 10.481481481481483 8.964285714285715
10.88888888888889 20.6 15.193548387096774 9.555555555555555 9.214285714285715
11.518518518518519 20.56 17.67741935483871 10.296296296296296 8.607142857142856
9.407407407407408 20.2 17.161290322580644 8.703703703703702 9.071428571428571
11.481481481481481 18.32 17.258064516129032 10.037037037037036 9.25
10.481481481481483 19.759999999999998 15.774193548387098 9.296296296296296 8.392857142857142
9.703703703703704 18.96 16.838709677419352 9.148148148148149 9.785714285714286
8.703703703703702 21.8 17.35483870967742 9.0 9.035714285714286
9.11111111111111 20.32 16.161290322580644 11.407407407407408 9.107142857142858
10.185185185185187 19.400000000000002 18.35483870967742 8.703703703703702 8.285714285714285
9.74074074074074 19.400000000000002 17.193548387096776 10.962962962962962 9.857142857142858
9.777777777777777 19.0 17.03225806451613 10.74074074074074 10.5
10.62962962962963 10.319999999999999 9.193548387096774 9.25925925925926 11.428571428571429
10.333333333333334 8.959999999999999 9.483870967741936 10.74074074074074 10.75
10.88888888888889 10.040000000000001 9.838709677419354 10.666666666666666 9.607142857142858
8.88888888888889 9.32 10.096774193548386 10.148148148148147 10.428571428571429
10.703703703703702 20.400000000000002 15.935483870967742 10.074074074074074 9.428571428571429
10.62962962962963 11.88 10.612903225806452 10.481481481481483 10.714285714285714
11.333333333333334 9.36 10.903225806451612 9.148148148148149 10.892857142857144
11.592592592592592 10.040000000000001 10.483870967741936 10.666666666666666 9.535714285714286
10.592592592592593 10.8 10.290322580645162 10.407407407407407 10.285714285714285
9.703703703703704 17.080000000000002 17.516129032258068 9.518518518518519 8.642857142857142
10.925925925925926 11.84 10.0 9.592592592592592 10.75
11.185185185185185 11.639999999999999 11.35483870967742 10.222222222222223 10.392857142857142
10.592592592592593 11.04 10.870967741935484 10.148148148148147 10.75
9.777777777777777 9.879999999999999 9.645161290322582 10.62962962962963 11.571428571428571
9.851851851851851 19.24 17.193548387096776 9.518518518518519 10.678571428571427
10.11111111111111 10.0 10.935483870967742 9.925925925925927 10.035714285714285
9.148148148148149 9.799999999999999 10.193548387096776 9.74074074074074 11.571428571428571
10.666666666666666 10.08 9.193548387096774 10.555555555555555 11.142857142857144
10.037037037037036 10.68 10.387096774193548 11.037037037037036 9.964285714285714
10.62962962962963 15.959999999999999 18.806451612903228 9.0 8.321428571428571
10.37037037037037 10.36 10.612903225806452 10.555555555555555 10.964285714285715
10.185185185185187 10.4 10.387096774193548 9.592592592592592 10.178571428571429
10.333333333333334 11.28 10.35483870967742 10.25925925925926 10.285714285714285
10.185185185185187 9.879999999999999 12.096774193548386 10.296296296296296 10.214285714285714
10.777777777777779 10.48 10.548387096774194 10.666666666666666 10.0
10.814814814814815 10.24 10.290322580645162 10.333333333333334 10.285714285714285
10.185185185185187 11.88 9.741935483870968 10.25925925925926 9.571428571428571
11.444444444444445 10.4 10.32258064516129 9.555555555555555 10.785714285714286
9.481481481481481 9.96 10.483870967741936 11.296296296296296 9.857142857142858
9.925925925925927 11.440000000000001 9.0 11.148148148148149 10.607142857142856
9.333333333333334 15.4 19.322580645161292 9.592592592592592 8.714285714285714
10.148148148148147 16.92 19.290322580645164 10.037037037037036 9.75
9.481481481481481 18.2 18.93548387096774 10.074074074074074 8.571428571428571
10.222222222222223 16.72 18.29032258064516 10.74074074074074 8.892857142857144
11.148148148148149 19.84 18.193548387096776 10.592592592592593 8.785714285714285
10.555555555555555 17.24 20.451612903225808 11.148148148148149 9.285714285714286
10.148148148148147 17.52 18.161290322580648 10.296296296296296 9.214285714285715
8.703703703703702 16.72 19.709677419354836 9.666666666666668 9.714285714285714
11.0 16.44 19.225806451612904 10.222222222222223 9.535714285714286
9.074074074074074 17.72 19.322580645161292 11.592592592592592 10.142857142857142
10.518518518518519 19.12 19.483870967741936 10.185185185185187 9.714285714285714
9.851851851851851 16.92 19.322580645161292 10.037037037037036 9.214285714285715
9.74074074074074 17.840000000000003 19.161290322580644 10.333333333333334 9.321428571428571
9.925925925925927 16.88 19.322580645161292 10.518518518518519 9.964285714285714
10.37037037037037 16.8 19.096774193548384 10.62962962962963 9.392857142857142
10.148148148148147 18.68 17.096774193548388 10.555555555555555 9.964285714285714
9.185185185185185 16.84 19.35483870967742 12.148148148148147 8.857142857142858
11.074074074074074 16.88 19.741935483870968 10.11111111111111 9.857142857142858
9.814814814814815 17.88 18.645161290322584 10.777777777777779 9.428571428571429
10.222222222222223 17.4 18.93548387096774 9.74074074074074 9.535714285714286
9.666666666666668 18.72 19.258064516129032 11.62962962962963 10.214285714285714
9.148148148148149 16.88 17.806451612903224 10.62962962962963 9.535714285714286
9.407407407407408 18.08 17.451612903225804 11.11111111111111 9.535714285714286
9.518518518518519 16.56 19.451612903225808 11.185185185185185 8.464285714285714
10.592592592592593 16.400000000000002 20.161290322580644 10.444444444444443 8.785714285714285
8.814814814814815 16.36 19.387096774193548 9.148148148148149 10.107142857142858
9.962962962962964 16.639999999999997 18.35483870967742 10.185185185185187 8.607142857142856
8.592592592592593 16.119999999999997 18.806451612903228 11.0 8.571428571428571
9.888888888888888 15.520000000000001 20.161290322580644 11.777777777777777 9.892857142857142
10.148148148148147 17.12 21.06451612903226 10.185185185185187 9.321428571428571
9.037037037037038 19.24 19.967741935483872 10.62962962962963 8.678571428571427
9.962962962962964 16.2 19.58064516129032 10.62962962962963 9.035714285714286
10.592592592592593 16.2 19.483870967741936 9.518518518518519 10.535714285714285
9.185185185185185 18.08 19.709677419354836 11.666666666666668 9.857142857142858
9.962962962962964 18.2 18.387096774193548 9.777777777777777 9.714285714285714
9.925925925925927 19.439999999999998 19.612903225806452 10.962962962962962 9.678571428571429
9.555555555555555 16.32 18.225806451612904 12.11111111111111 9.821428571428571
10.592592592592593 18.880000000000003 19.225806451612904 11.185185185185185 9.428571428571429
9.444444444444445 17.4 18.032258064516128 11.037037037037036 9.464285714285715
11.185185185185185 17.0 19.0 11.25925925925926 8.75
10.962962962962962 18.12 18.903225806451612 11.037037037037036 8.321428571428571
10.0 17.6 18.483870967741936 9.703703703703704 9.75
10.37037037037037 18.08 18.0 9.814814814814815 8.607142857142856
10.518518518518519 16.92 18.451612903225804 10.037037037037036 9.107142857142858
10.11111111111111 18.52 18.322580645161292 11.407407407407408 9.178571428571429
9.888888888888888 19.52 18.129032258064516 9.925925925925927 8.142857142857142
8.925925925925926 17.76 19.161290322580644 10.703703703703702 8.857142857142858
10.333333333333334 18.44 18.451612903225804 10.851851851851853 8.964285714285715
11.25925925925926 17.16 20.129032258064516 10.0 9.928571428571429
9.666666666666668 17.2 19.935483870967744 10.148148148148147 9.821428571428571
9.407407407407408 17.16 20.161290322580644 10.518518518518519 9.321428571428571
8.925925925925926 18.2 18.774193548387096 10.703703703703702 9.571428571428571
9.74074074074074 17.96 19.193548387096772 10.703703703703702 9.535714285714286
7.9259259259259265 18.4 19.451612903225808 9.11111111111111 8.785714285714285
10.222222222222223 18.12 19.032258064516128 11.814814814814815 9.642857142857142
9.962962962962964 18.12 18.61290322580645 10.481481481481483 9.285714285714286
9.333333333333334 17.2 19.096774193548384 10.666666666666666 9.785714285714286
10.296296296296296 16.44 18.225806451612904 11.148148148148149 9.142857142857144
8.592592592592593 17.44 19.58064516129032 10.25925925925926 9.071428571428571
10.037037037037036 16.44 19.774193548387096 9.407407407407408 7.821428571428571
9.777777777777777 15.879999999999999 19.032258064516128 10.74074074074074 9.0
9.925925925925927 17.52 17.774193548387096 10.518518518518519 8.464285714285714
9.851851851851851 17.68 18.258064516129032 10.814814814814815 9.714285714285714
8.666666666666666 18.2 18.838709677419356 10.222222222222223 9.928571428571429
12.11111111111111 16.48 18.161290322580648 10.962962962962962 8.0
10.962962962962962 16.16 20.32258064516129 10.444444444444443 9.357142857142858
10.555555555555555 18.44 19.129032258064516 9.0 10.035714285714285
10.444444444444443 15.440000000000001 20.451612903225808 11.296296296296296 8.857142857142858
9.444444444444445 16.279999999999998 21.419354838709676 10.74074074074074 9.642857142857142
11.296296296296296 17.64 18.93548387096774 11.555555555555555 10.571428571428571
10.296296296296296 19.599999999999998 18.193548387096776 9.0 9.142857142857144
9.333333333333334 17.64 18.032258064516128 9.62962962962963 9.178571428571429
9.333333333333334 17.76 17.483870967741932 11.333333333333334 9.892857142857142
10.777777777777779 17.52 18.741935483870968 10.88888888888889 8.821428571428573
11.444444444444445 18.44 20.0 11.333333333333334 8.964285714285715
9.962962962962964 18.12 19.064516129032256 10.703703703703702 9.5
10.333333333333334 15.559999999999999 20.129032258064516 11.777777777777777 9.678571428571429
10.555555555555555 18.32 18.0 10.37037037037037 9.464285714285715
9.962962962962964 17.44 18.967741935483872 10.814814814814815 9.142857142857144
10.11111111111111 17.72 18.161290322580648 10.481481481481483 9.071428571428571
9.814814814814815 18.52 18.645161290322584 11.777777777777777 9.142857142857144
9.888888888888888 18.04 17.419354838709676 10.25925925925926 9.535714285714286
10.407407407407407 19.36 17.774193548387096 11.25925925925926 9.0
9.11111111111111 17.36 17.93548387096774 10.481481481481483 9.464285714285715
9.222222222222221 17.68 19.451612903225808 10.777777777777779 9.892857142857142
9.592592592592592 18.880000000000003 20.096774193548388 9.703703703703704 8.285714285714285
10.518518518518519 18.599999999999998 18.451612903225804 10.666666666666666 10.678571428571427
9.74074074074074 16.6 19.096774193548384 11.037037037037036 9.357142857142858
9.481481481481481 16.84 18.967741935483872 11.074074074074074 8.535714285714285
10.407407407407407 17.56 19.290322580645164 10.851851851851853 8.321428571428571
9.814814814814815 18.56 20.612903225806452 10.925925925925926 9.178571428571429
9.74074074074074 17.96 18.483870967741936 8.962962962962962 10.142857142857142
9.777777777777777 17.16 17.161290322580644 11.185185185185185 7.678571428571429
10.444444444444443 17.2 19.806451612903228 10.11111111111111 10.25
9.925925925925927 17.96 20.161290322580644 11.592592592592592 8.178571428571429
10.11111111111111 18.44 19.193548387096772 10.481481481481483 9.392857142857142
10.851851851851853 17.68 18.161290322580648 10.62962962962963 9.392857142857142
9.851851851851851 18.599999999999998 18.70967741935484 12.0 10.607142857142856
10.037037037037036 16.119999999999997 20.225806451612904 10.296296296296296 9.928571428571429
