32935.000 -0.400 -0.400 0.095
32936.000 -0.400 -0.331 0.141
32937.000 -0.400 -0.262 0.119
32938.000 -0.400 -0.192 0.286
32939.000 -0.400 -0.123 0.426
32940.000 -0.400 -0.054 0.299
32941.000 -0.400 0.015 0.031
32942.000 -0.400 0.085 0.235
32943.000 -0.400 0.154 0.004
32944.000 -0.400 0.223 0.210
32945.000 -0.400 0.292 0.426
32946.000 -0.400 0.362 0.333
32947.000 -0.400 0.431 0.110
32948.000 -0.331 -0.400 0.105
32949.000 -0.331 -0.331 0.411
32950.000 -0.331 -0.262 0.093
32951.000 -0.331 -0.192 0.371
32952.000 -0.331 -0.123 0.472
32953.000 -0.331 -0.054 0.128
32954.000 -0.331 0.015 0.018
32955.000 -0.331 0.085 0.404
32956.000 -0.331 0.154 0.025
32957.000 -0.331 0.223 0.188
32958.000 -0.331 0.292 0.405
32959.000 -0.331 0.362 0.049
32960.000 -0.331 0.431 0.248
32961.000 -0.262 -0.400 0.017
32962.000 -0.262 -0.331 0.144
32963.000 -0.262 -0.262 0.194
32964.000 -0.262 -0.192 0.341
32965.000 -0.262 -0.123 0.076
32966.000 -0.262 -0.054 0.179
32967.000 -0.262 0.015 0.092
32968.000 -0.262 0.085 0.027
32969.000 -0.262 0.154 0.234
32970.000 -0.262 0.223 0.406
32971.000 -0.262 0.292 0.041
32972.000 -0.262 0.362 0.242
32973.000 -0.262 0.431 0.134
32974.000 -0.192 -0.400 0.403
32975.000 -0.192 -0.331 0.294
32976.000 -0.192 -0.262 0.176
32977.000 -0.192 -0.192 0.270
32978.000 -0.192 -0.123 0.247
32979.000 -0.192 -0.054 0.463
32980.000 -0.192 0.015 0.198
32981.000 -0.192 0.085 0.010
32982.000 -0.192 0.154 0.360
32983.000 -0.192 0.223 0.254
32984.000 -0.192 0.292 0.256
32985.000 -0.192 0.362 0.308
32986.000 -0.192 0.431 0.406
32987.000 -0.123 -0.400 0.341
32988.000 -0.123 -0.331 0.070
32989.000 -0.123 -0.262 0.360
32990.000 -0.123 -0.192 0.165
32991.000 -0.123 -0.123 0.129
32992.000 -0.123 -0.054 0.365
32993.000 -0.123 0.015 0.221
32994.000 -0.123 0.085 0.438
32995.000 -0.123 0.154 0.465
32996.000 -0.123 0.223 0.262
32997.000 -0.123 0.292 0.493
32998.000 -0.123 0.362 0.131
32999.000 -0.123 0.431 0.038
33000.000 -0.054 -0.400 0.388
33001.000 -0.054 -0.331 0.254
33002.000 -0.054 -0.262 0.207
33003.000 -0.054 -0.192 0.337
33004.000 -0.054 -0.123 0.030
33005.000 -0.054 -0.054 0.411
33006.000 -0.054 0.015 0.278
33007.000 -0.054 0.085 0.447
33008.000 -0.054 0.154 0.043
33009.000 -0.054 0.223 0.234
33010.000 -0.054 0.292 0.484
33011.000 -0.054 0.362 0.328
33012.000 -0.054 0.431 0.189
33013.000 0.015 -0.400 0.418
33014.000 0.015 -0.331 0.097
33015.000 0.015 -0.262 0.484
33016.000 0.015 -0.192 0.157
33017.000 0.015 -0.123 0.407
33018.000 0.015 -0.054 0.397
33019.000 0.015 0.015 0.241
33020.000 0.015 0.085 0.050
33021.000 0.015 0.154 0.193
33022.000 0.015 0.223 0.069
33023.000 0.015 0.292 0.191
33024.000 0.015 0.362 0.448
33025.000 0.015 0.431 0.249
33026.000 0.085 -0.400 0.444
33027.000 0.085 -0.331 0.317
33028.000 0.085 -0.262 0.329
33029.000 0.085 -0.192 0.418
33030.000 0.085 -0.123 0.077
33031.000 0.085 -0.054 0.446
33032.000 0.085 0.015 0.119
33033.000 0.085 0.085 0.105
33034.000 0.085 0.154 0.310
33035.000 0.085 0.223 0.053
33036.000 0.085 0.292 0.233
33037.000 0.085 0.362 0.334
33038.000 0.085 0.431 0.024
33039.000 0.154 -0.400 0.266
33040.000 0.154 -0.331 0.130
33041.000 0.154 -0.192 0.025
33042.000 0.154 -0.123 0.108
33043.000 0.154 -0.054 0.224
33044.000 0.154 0.015 0.351
33045.000 0.154 0.085 0.001
33046.000 0.154 0.154 0.063
33047.000 0.154 0.223 0.470
33048.000 0.154 0.292 0.320
33049.000 0.154 0.362 0.439
33050.000 0.154 0.431 0.046
33051.000 0.223 -0.400 0.074
33052.000 0.223 -0.331 0.339
33053.000 0.223 -0.262 0.138
33054.000 0.223 -0.192 0.422
33055.000 0.223 -0.123 0.045
33056.000 0.223 -0.054 0.279
33057.000 0.223 0.015 0.398
33058.000 0.223 0.085 0.196
33059.000 0.223 0.154 0.191
33060.000 0.223 0.223 0.026
33061.000 0.223 0.292 0.361
33062.000 0.223 0.362 0.453
33063.000 0.223 0.431 0.092
33064.000 0.292 -0.400 0.344
33065.000 0.292 -0.331 0.025
33066.000 0.292 -0.262 0.126
33067.000 0.292 -0.192 0.145
33068.000 0.292 -0.123 0.084
33069.000 0.292 -0.054 0.136
33070.000 0.292 0.015 0.075
33071.000 0.292 0.085 0.387
33072.000 0.292 0.154 0.422
33073.000 0.292 0.223 0.045
33074.000 0.292 0.292 0.371
33075.000 0.292 0.362 0.404
33076.000 0.292 0.431 0.124
33077.000 0.362 -0.400 0.206
33078.000 0.362 -0.331 0.188
33079.000 0.362 -0.262 0.384
33080.000 0.362 -0.192 0.277
33081.000 0.362 -0.123 0.256
33082.000 0.362 -0.054 0.097
33083.000 0.362 0.015 0.357
33084.000 0.362 0.085 0.169
33085.000 0.362 0.154 0.063
33086.000 0.362 0.223 0.119
33087.000 0.362 0.292 0.489
33088.000 0.362 0.362 0.305
33089.000 0.362 0.431 0.030
33090.000 0.431 -0.400 0.416
33091.000 0.431 -0.331 0.454
33092.000 0.431 -0.262 0.461
33093.000 0.431 -0.192 0.078
33094.000 0.431 -0.123 0.229
33095.000 0.431 -0.054 0.338
33096.000 0.431 0.015 0.150
33097.000 0.431 0.085 0.027
33098.000 0.431 0.154 0.144
33099.000 0.431 0.223 0.023
33100.000 0.431 0.292 0.273
33101.000 0.431 0.362 0.482
33102.000 0.431 0.431 0.276
