0.0013986013986013986 0.18449197860962566 0.05555555555555556 0.0 0.0
0.0013986013986013986 0.1537433155080214 0.0625 0.0014749262536873156 0.0
0.0013986013986013986 0.14705882352941174 0.05972222222222222 0.0 0.0013831258644536654
0.002797202797202797 0.1537433155080214 0.048611111111111105 0.004424778761061947 0.0
0.0 0.13770053475935828 0.06666666666666667 0.0014749262536873156 0.0
0.0013986013986013986 0.16042780748663102 0.06666666666666667 0.0014749262536873156 0.0013831258644536654
0.002797202797202797 0.16176470588235295 0.06111111111111111 0.0 0.0
0.004195804195804196 0.1537433155080214 0.07638888888888888 0.0 0.0
0.0 0.14705882352941174 0.05138888888888889 0.0 0.0
0.004195804195804196 0.1804812834224599 0.06527777777777778 0.0029498525073746312 0.0
0.002797202797202797 0.16443850267379678 0.07361111111111111 0.0014749262536873156 0.0
0.0 0.12032085561497327 0.05138888888888889 0.0 0.0
0.004195804195804196 0.17379679144385027 0.07083333333333333 0.0 0.0
0.0013986013986013986 0.1858288770053476 0.06111111111111111 0.0014749262536873156 0.0
0.0013986013986013986 0.14304812834224598 0.05694444444444444 0.0 0.0
0.0013986013986013986 0.16176470588235295 0.048611111111111105 0.0014749262536873156 0.0013831258644536654
0.0 0.17780748663101603 0.048611111111111105 0.0 0.0
0.002797202797202797 0.1537433155080214 0.05555555555555556 0.0014749262536873156 0.0
0.0013986013986013986 0.14304812834224598 0.05555555555555556 0.0029498525073746312 0.0
0.0013986013986013986 0.16978609625668448 0.0625 0.0 0.0
0.004195804195804196 0.14304812834224598 0.05138888888888889 0.0014749262536873156 0.0
0.0 0.17379679144385027 0.05277777777777778 0.0 0.0
0.0 0.13636363636363638 0.043055555555555555 0.0 0.0
0.002797202797202797 0.13368983957219252 0.05 0.0014749262536873156 0.0
0.0013986013986013986 0.14438502673796794 0.05694444444444444 0.0 0.0
0.0013986013986013986 0.17112299465240643 0.05972222222222222 0.0014749262536873156 0.0
0.002797202797202797 0.17914438502673796 0.0638888888888889 0.0 0.0
0.002797202797202797 0.16176470588235295 0.0625 0.0014749262536873156 0.0
0.0013986013986013986 0.16310160427807488 0.08194444444444444 0.0 0.0
0.0013986013986013986 0.16711229946524064 0.048611111111111105 0.0 0.0
0.0013986013986013986 0.13903743315508021 0.06527777777777778 0.0 0.0
0.0013986013986013986 0.13368983957219252 0.06666666666666667 0.0 0.0
0.0 0.14304812834224598 0.05416666666666666 0.0014749262536873156 0.0
0.0013986013986013986 0.12165775401069519 0.05972222222222222 0.0 0.0
0.0013986013986013986 0.12165775401069519 0.05694444444444444 0.0 0.0
0.0013986013986013986 0.13368983957219252 0.05138888888888889 0.0 0.0
0.002797202797202797 0.17780748663101603 0.06111111111111111 0.0 0.0
0.0 0.1537433155080214 0.06111111111111111 0.0 0.0
0.004195804195804196 0.16176470588235295 0.05694444444444444 0.0 0.0
0.0013986013986013986 0.15775401069518716 0.05277777777777778 0.0 0.0
0.0013986013986013986 0.1550802139037433 0.04722222222222222 0.0014749262536873156 0.0
0.004195804195804196 0.11363636363636363 0.043055555555555555 0.0 0.0
0.0 0.15106951871657753 0.05416666666666666 0.0014749262536873156 0.0013831258644536654
0.002797202797202797 0.15106951871657753 0.044444444444444446 0.0 0.0
0.0013986013986013986 0.16443850267379678 0.041666666666666664 0.0014749262536873156 0.0
0.002797202797202797 0.1323529411764706 0.05972222222222222 0.0 0.0
0.0 0.14304812834224598 0.05416666666666666 0.0 0.0
0.0 0.13368983957219252 0.05972222222222222 0.0014749262536873156 0.0
0.0013986013986013986 0.13636363636363638 0.05972222222222222 0.0 0.0
0.0013986013986013986 0.1229946524064171 0.05277777777777778 0.0 0.0
0.0 0.1590909090909091 0.041666666666666664 0.0 0.0
0.0013986013986013986 0.1751336898395722 0.05972222222222222 0.0 0.0013831258644536654
0.002797202797202797 0.1283422459893048 0.06111111111111111 0.0 0.0013831258644536654
0.0013986013986013986 0.13101604278074866 0.05138888888888889 0.0 0.0013831258644536654
0.0 0.14438502673796794 0.048611111111111105 0.0 0.0
0.0013986013986013986 0.10695187165775401 0.04722222222222222 0.0014749262536873156 0.0
0.002797202797202797 0.12433155080213905 0.06805555555555555 0.0 0.0
0.002797202797202797 0.11764705882352941 0.04583333333333334 0.0 0.0
0.002797202797202797 0.1537433155080214 0.04583333333333334 0.0014749262536873156 0.0
0.0013986013986013986 0.14037433155080214 0.044444444444444446 0.0 0.0
0.0013986013986013986 0.1590909090909091 0.06805555555555555 0.0 0.0
0.002797202797202797 0.14037433155080214 0.05277777777777778 0.0 0.0
0.0 0.13636363636363638 0.0638888888888889 0.0 0.0
0.0 0.14304812834224598 0.05277777777777778 0.0 0.0
0.0013986013986013986 0.1283422459893048 0.06527777777777778 0.0 0.0
0.0013986013986013986 0.1497326203208556 0.05 0.0014749262536873156 0.0
0.0 0.1497326203208556 0.05416666666666666 0.0014749262536873156 0.0
0.0013986013986013986 0.1497326203208556 0.03888888888888889 0.0 0.0
0.002797202797202797 0.15775401069518716 0.05555555555555556 0.0 0.0
0.0013986013986013986 0.13502673796791442 0.043055555555555555 0.0 0.0
0.004195804195804196 0.17245989304812834 0.07083333333333333 0.0 0.0
0.0013986013986013986 0.08823529411764706 0.05555555555555556 0.0 0.0
0.0013986013986013986 0.17647058823529413 0.05277777777777778 0.0 0.0
0.0 0.12967914438502676 0.041666666666666664 0.0 0.0
0.0 0.1270053475935829 0.041666666666666664 0.0 0.0
0.0013986013986013986 0.16443850267379678 0.041666666666666664 0.0 0.0
0.0013986013986013986 0.12165775401069519 0.05 0.0029498525073746312 0.0
0.0 0.10828877005347592 0.03888888888888889 0.0 0.0
0.0 0.13101604278074866 0.07638888888888888 0.0 0.0
0.0 0.13101604278074866 0.034722222222222224 0.0 0.0
0.0013986013986013986 0.13502673796791442 0.05138888888888889 0.0 0.0
0.0 0.1283422459893048 0.04583333333333334 0.0 0.0
0.0013986013986013986 0.14438502673796794 0.05138888888888889 0.0 0.0
0.0 0.11363636363636363 0.05555555555555556 0.0 0.0
0.0013986013986013986 0.13101604278074866 0.048611111111111105 0.0 0.0
0.0013986013986013986 0.13770053475935828 0.030555555555555555 0.0 0.0
0.0013986013986013986 0.11898395721925134 0.03611111111111111 0.0 0.0
0.0013986013986013986 0.12032085561497327 0.05555555555555556 0.0 0.0
0.0 0.1163101604278075 0.07083333333333333 0.0 0.0
0.0013986013986013986 0.1537433155080214 0.07222222222222222 0.0 0.0
0.0013986013986013986 0.0909090909090909 0.04027777777777778 0.0 0.0
0.0013986013986013986 0.13101604278074866 0.030555555555555555 0.0 0.0
0.0013986013986013986 0.1229946524064171 0.0375 0.0 0.0
0.0013986013986013986 0.11229946524064172 0.048611111111111105 0.0 0.0
0.0013986013986013986 0.08823529411764706 0.041666666666666664 0.0014749262536873156 0.0
0.0013986013986013986 0.0962566844919786 0.030555555555555555 0.0 0.0
0.0013986013986013986 0.14171122994652408 0.03888888888888889 0.0 0.0
0.0 0.13368983957219252 0.058333333333333334 0.0 0.0
0.002797202797202797 0.09893048128342247 0.0625 0.0 0.0
0.0 0.1283422459893048 0.06944444444444445 0.0 0.0
0.0013986013986013986 0.12032085561497327 0.058333333333333334 0.0 0.0
0.0 0.0 0.0 0.0 0.0
0.0 0.0 0.0 0.0 0.0
0.0 0.0 0.0 0.0 0.0
0.0 0.0 0.0 0.0 0.0
0.0013986013986013986 0.10962566844919786 0.05277777777777778 0.0 0.0
0.0 0.0 0.0 0.0 0.0
0.0 0.0 0.0 0.0 0.0
0.0 0.0 0.0 0.0 0.0
0.0 0.0 0.0 0.0 0.0
0.0 0.03342245989304813 0.10277777777777777 0.0 0.0
0.0 0.0 0.0 0.0 0.0
0.0 0.0 0.0 0.0 0.0
0.0 0.0 0.0 0.0 0.0
0.0 0.0 0.0 0.0 0.0
0.005594405594405594 0.12967914438502676 0.05 0.0 0.0
0.0 0.0 0.0 0.0 0.0
0.0 0.0013368983957219253 0.0 0.0 0.0
0.0 0.0 0.0 0.0 0.0
0.0 0.0 0.0 0.0 0.0
0.0 0.05213903743315508 0.15277777777777776 0.0 0.0
0.0 0.0 0.0 0.0 0.0
0.0 0.0 0.0 0.0 0.0
0.0 0.0 0.0 0.0 0.0
0.0 0.0 0.0 0.0 0.0
0.0 0.0 0.0 0.0 0.0
0.0 0.0 0.0 0.0 0.0
0.0 0.0 0.0 0.0 0.0
0.0 0.0 0.0 0.0 0.0
0.0 0.0 0.0 0.0 0.0
0.0 0.0 0.0 0.0 0.0013831258644536654
0.0 0.053475935828877004 0.12638888888888888 0.0 0.0
0.0013986013986013986 0.05614973262032086 0.12222222222222222 0.0014749262536873156 0.0
0.0 0.038770053475935824 0.15694444444444444 0.0029498525073746312 0.0
0.0 0.04411764705882353 0.15277777777777776 0.0 0.0
0.0 0.0481283422459893 0.14166666666666666 0.0 0.0
0.0 0.03342245989304813 0.16666666666666666 0.0014749262536873156 0.0
0.0 0.04946524064171123 0.1486111111111111 0.0014749262536873156 0.0
0.0 0.05614973262032086 0.15555555555555556 0.0 0.0
0.0013986013986013986 0.04278074866310161 0.15972222222222224 0.0 0.0
0.0 0.038770053475935824 0.15972222222222224 0.0 0.0
0.0 0.0641711229946524 0.20555555555555555 0.0014749262536873156 0.0
0.0 0.04946524064171123 0.18888888888888888 0.0 0.0
0.0 0.05614973262032086 0.18333333333333335 0.0 0.0
0.0 0.06550802139037433 0.2 0.0014749262536873156 0.0
0.0 0.060160427807486636 0.20277777777777778 0.0 0.0
0.0 0.060160427807486636 0.21666666666666665 0.0014749262536873156 0.0
0.0 0.058823529411764705 0.26666666666666666 0.0 0.0
0.0013986013986013986 0.06684491978609626 0.26666666666666666 0.0029498525073746312 0.0
0.0 0.0641711229946524 0.3194444444444445 0.0 0.0
0.0 0.06684491978609626 0.3138888888888889 0.0 0.0
0.0 0.04946524064171123 0.3125 0.0014749262536873156 0.0
0.0013986013986013986 0.0641711229946524 0.34444444444444444 0.0014749262536873156 0.0
0.0 0.04679144385026738 0.34305555555555556 0.004424778761061947 0.0
0.0 0.06684491978609626 0.4125 0.0 0.0
0.0 0.07754010695187165 0.48055555555555557 0.0014749262536873156 0.0
0.0 0.08556149732620322 0.49027777777777776 0.0014749262536873156 0.0
0.0013986013986013986 0.0748663101604278 0.5597222222222222 0.0014749262536873156 0.0
0.0 0.06283422459893048 0.6361111111111112 0.0014749262536873156 0.0
0.0 0.07620320855614973 0.6333333333333333 0.0 0.0
0.0 0.0909090909090909 0.6902777777777779 0.0 0.0
0.0 0.08422459893048129 0.6888888888888889 0.0 0.0
0.0 0.08823529411764706 0.7736111111111111 0.0014749262536873156 0.0
0.0 0.10026737967914438 0.7388888888888888 0.0 0.0
0.0013986013986013986 0.10561497326203209 0.8569444444444445 0.0 0.0
0.0 0.0909090909090909 0.8624999999999999 0.0 0.0
0.0 0.10427807486631016 0.9083333333333333 0.0 0.0
0.0 0.11497326203208556 1.0180555555555555 0.0 0.0
0.0 0.12566844919786097 0.9875 0.0 0.0
0.0 0.1270053475935829 1.0638888888888889 0.0 0.0
0.0 0.13368983957219252 1.1652777777777779 0.0 0.0
0.0013986013986013986 0.14037433155080214 1.1263888888888889 0.0014749262536873156 0.0
0.0 0.13636363636363638 1.176388888888889 0.0 0.0
0.0 0.13903743315508021 1.3430555555555554 0.0 0.0
0.0 0.1483957219251337 1.3194444444444444 0.0 0.0
0.0 0.16711229946524064 1.3152777777777778 0.0 0.0
0.0013986013986013986 0.16310160427807488 1.4069444444444443 0.0014749262536873156 0.0
0.0013986013986013986 0.1657754010695187 1.4541666666666668 0.0 0.0
0.0 0.1537433155080214 1.527777777777778 0.0 0.0
0.0 0.1657754010695187 1.5291666666666668 0.0 0.0
0.0 0.15775401069518716 1.5402777777777779 0.0 0.0
0.0 0.15775401069518716 1.6125 0.0 0.0
0.0 0.19786096256684493 1.4958333333333333 0.0 0.0
0.0013986013986013986 0.1858288770053476 1.6361111111111113 0.0014749262536873156 0.0
0.0013986013986013986 0.20053475935828877 1.6861111111111111 0.0 0.0
0.0 0.18315508021390375 1.6069444444444445 0.0014749262536873156 0.0
0.002797202797202797 0.16978609625668448 1.6083333333333334 0.0 0.0
0.0 0.2018716577540107 1.702777777777778 0.0 0.0
0.0013986013986013986 0.2018716577540107 1.5847222222222221 0.0 0.0
0.0 0.18315508021390375 1.6027777777777779 0.0 0.0
0.0 0.18983957219251338 1.6916666666666667 0.0014749262536873156 0.0
0.0013986013986013986 0.16711229946524064 1.6583333333333332 0.0 0.0
0.0 0.18850267379679145 1.6513888888888888 0.0 0.0
0.0 0.1818181818181818 1.6347222222222224 0.0014749262536873156 0.0
0.0 0.1925133689839572 1.6375000000000002 0.0 0.0
0.0 0.17780748663101603 1.6583333333333332 0.0 0.0
0.0 0.17379679144385027 1.7111111111111112 0.0 0.0
0.0013986013986013986 0.20053475935828877 1.625 0.0 0.0
0.0 0.1925133689839572 1.6069444444444445 0.0014749262536873156 0.0
0.0 0.1804812834224599 1.6791666666666667 0.0 0.0
0.0 0.17914438502673796 1.6194444444444445 0.0014749262536873156 0.0
0.0 0.1911764705882353 1.661111111111111 0.0 0.0
0.0 0.1911764705882353 1.6791666666666667 0.0 0.0
0.0013986013986013986 0.1925133689839572 1.6347222222222224 0.0 0.0
0.0 0.20454545454545453 1.6583333333333332 0.0014749262536873156 0.0
0.0 0.18315508021390375 1.675 0.0014749262536873156 0.0013831258644536654
0.0 0.17379679144385027 1.6944444444444444 0.0014749262536873156 0.0
0.0 0.16443850267379678 1.648611111111111 0.0 0.0
0.0 0.1751336898395722 1.5819444444444444 0.0 0.0
0.002797202797202797 0.17914438502673796 1.6875 0.0 0.0
0.002797202797202797 0.20320855614973263 1.6027777777777779 0.0014749262536873156 0.0
0.0013986013986013986 0.1537433155080214 1.6444444444444444 0.0014749262536873156 0.0
0.0 0.16978609625668448 1.5652777777777778 0.0 0.0
0.0 0.17780748663101603 1.6319444444444446 0.0014749262536873156 0.0
0.0 0.17379679144385027 1.6083333333333334 0.0029498525073746312 0.0
0.0 0.17379679144385027 1.6375000000000002 0.0014749262536873156 0.0
0.002797202797202797 0.15641711229946526 1.6 0.0014749262536873156 0.0013831258644536654
0.0 0.17245989304812834 1.6736111111111112 0.0 0.0
0.0 0.18449197860962566 1.7652777777777777 0.0 0.0
0.0013986013986013986 0.18983957219251338 1.7041666666666668 0.0 0.0
0.0 0.18983957219251338 1.7583333333333333 0.0 0.0
0.0013986013986013986 0.18315508021390375 1.7555555555555555 0.0014749262536873156 0.0
0.0 0.1818181818181818 1.7305555555555554 0.0 0.0
0.0 0.1751336898395722 1.6888888888888889 0.0014749262536873156 0.0
0.0 0.1751336898395722 1.7305555555555554 0.0 0.0
0.0 0.16711229946524064 1.6041666666666667 0.0 0.0
0.0013986013986013986 0.18716577540106952 1.7652777777777777 0.0 0.0
0.0 0.17647058823529413 1.698611111111111 0.0 0.0
0.002797202797202797 0.1911764705882353 1.6930555555555555 0.0014749262536873156 0.0
0.0 0.20454545454545453 1.7541666666666667 0.0 0.0
