0.0013986013986013986 0.16377005347593582 0.05416666666666666 0.0 0.0
0.002097902097902098 0.13703208556149732 0.05694444444444444 0.0014749262536873156 0.0
0.0006993006993006993 0.13636363636363638 0.05486111111111111 0.0 0.0013831258644536654
0.002097902097902098 0.16042780748663102 0.04722222222222222 0.0029498525073746312 0.0
0.0 0.1263368983957219 0.05625 0.0007374631268436578 0.0
0.0006993006993006993 0.1463903743315508 0.06041666666666667 0.0007374631268436578 0.0006915629322268327
0.0013986013986013986 0.15307486631016043 0.05138888888888889 0.0 0.0
0.002797202797202797 0.15307486631016043 0.06597222222222221 0.0007374631268436578 0.0
0.0006993006993006993 0.13903743315508021 0.05138888888888889 0.0 0.0
0.002797202797202797 0.18716577540106952 0.05694444444444444 0.0014749262536873156 0.0
0.002797202797202797 0.1751336898395722 0.06666666666666667 0.0014749262536873156 0.0
0.0013986013986013986 0.12433155080213905 0.05 0.0 0.0
0.0034965034965034965 0.17179144385026737 0.06111111111111111 0.0 0.0
0.0006993006993006993 0.1824866310160428 0.06041666666666667 0.0007374631268436578 0.0
0.0013986013986013986 0.14237967914438504 0.06180555555555556 0.0 0.0
0.0013986013986013986 0.16644385026737968 0.05277777777777778 0.0014749262536873156 0.0006915629322268327
0.0 0.178475935828877 0.057638888888888885 0.0 0.0
0.0013986013986013986 0.16243315508021391 0.052083333333333336 0.0007374631268436578 0.0
0.0006993006993006993 0.15574866310160426 0.05694444444444444 0.0014749262536873156 0.0
0.002797202797202797 0.1677807486631016 0.06180555555555556 0.0 0.0
0.002097902097902098 0.15240641711229946 0.05694444444444444 0.0007374631268436578 0.0
0.002097902097902098 0.17045454545454547 0.057638888888888885 0.0 0.0
0.0 0.1550802139037433 0.05 0.0 0.0
0.002097902097902098 0.16443850267379678 0.06736111111111111 0.0007374631268436578 0.0
0.002097902097902098 0.1550802139037433 0.06597222222222221 0.0007374631268436578 0.0
0.002097902097902098 0.1824866310160428 0.06111111111111111 0.0007374631268436578 0.0
0.0013986013986013986 0.2092245989304813 0.07083333333333333 0.0 0.0
0.002797202797202797 0.17446524064171123 0.05972222222222222 0.0007374631268436578 0.0
0.002797202797202797 0.19385026737967917 0.07430555555555556 0.0 0.0
0.002097902097902098 0.20454545454545453 0.052083333333333336 0.0 0.0
0.002097902097902098 0.1731283422459893 0.06041666666666667 0.0 0.0
0.0006993006993006993 0.17446524064171123 0.07361111111111111 0.0 0.0
0.0 0.1945187165775401 0.06944444444444445 0.0007374631268436578 0.0
0.0006993006993006993 0.15240641711229946 0.05694444444444444 0.0 0.0
0.002097902097902098 0.16310160427807488 0.057638888888888885 0.0 0.0
0.0006993006993006993 0.1858288770053476 0.04652777777777778 0.0 0.0
0.0034965034965034965 0.2212566844919786 0.07430555555555556 0.0 0.0
0.0 0.1925133689839572 0.07152777777777777 0.0 0.0
0.004195804195804196 0.21256684491978609 0.0625 0.0007374631268436578 0.0
0.0006993006993006993 0.22526737967914437 0.06458333333333334 0.0 0.0
0.0013986013986013986 0.21256684491978609 0.05486111111111111 0.0014749262536873156 0.0
0.002797202797202797 0.17780748663101603 0.04791666666666667 0.0 0.0
0.0013986013986013986 0.22393048128342247 0.05555555555555556 0.0007374631268436578 0.0006915629322268327
0.0013986013986013986 0.21256684491978609 0.057638888888888885 0.0007374631268436578 0.0
0.0013986013986013986 0.2192513368983957 0.05625 0.0007374631268436578 0.0
0.0013986013986013986 0.17914438502673796 0.05486111111111111 0.0 0.0
0.0 0.20989304812834225 0.06597222222222221 0.0 0.0
0.0 0.2232620320855615 0.058333333333333334 0.0014749262536873156 0.0
0.0013986013986013986 0.2072192513368984 0.06944444444444445 0.0007374631268436578 0.0
0.0013986013986013986 0.20454545454545453 0.058333333333333334 0.0 0.0
0.0013986013986013986 0.24131016042780748 0.05972222222222222 0.0 0.0
0.0013986013986013986 0.27807486631016043 0.05555555555555556 0.0 0.0006915629322268327
0.0013986013986013986 0.2426470588235294 0.0625 0.0 0.0006915629322268327
0.0013986013986013986 0.23596256684491979 0.048611111111111105 0.0 0.0006915629322268327
0.0006993006993006993 0.2566844919786096 0.06527777777777778 0.0014749262536873156 0.0
0.0013986013986013986 0.23663101604278075 0.06041666666666667 0.0014749262536873156 0.0
0.002797202797202797 0.2533422459893048 0.07083333333333333 0.0007374631268436578 0.0
0.0034965034965034965 0.2546791443850267 0.05138888888888889 0.0 0.0
0.0013986013986013986 0.2874331550802139 0.050694444444444445 0.0007374631268436578 0.0
0.0013986013986013986 0.2807486631016043 0.06180555555555556 0.0 0.0
0.002097902097902098 0.3094919786096257 0.07708333333333332 0.0007374631268436578 0.0006915629322268327
0.002797202797202797 0.27540106951871657 0.07152777777777777 0.0 0.0006915629322268327
0.0013986013986013986 0.27540106951871657 0.05902777777777778 0.0 0.0006915629322268327
0.0013986013986013986 0.3074866310160428 0.05555555555555556 0.0 0.0
0.0013986013986013986 0.31885026737967914 0.07986111111111112 0.0 0.0
0.002097902097902098 0.3175133689839572 0.06666666666666667 0.0007374631268436578 0.0
0.0006993006993006993 0.32219251336898397 0.07152777777777777 0.0007374631268436578 0.0
0.0006993006993006993 0.34425133689839577 0.04791666666666667 0.0007374631268436578 0.0
0.0013986013986013986 0.34024064171123 0.06805555555555555 0.0 0.0
0.0006993006993006993 0.3502673796791444 0.05902777777777778 0.0 0.0
0.002097902097902098 0.40909090909090906 0.0875 0.0 0.0
0.0013986013986013986 0.3181818181818182 0.075 0.0 0.0
0.0013986013986013986 0.42513368983957217 0.06875 0.0 0.0
0.0 0.38770053475935834 0.05694444444444444 0.0 0.0
0.0 0.3709893048128342 0.0638888888888889 0.0 0.0
0.0013986013986013986 0.4385026737967914 0.06111111111111111 0.0 0.0
0.002097902097902098 0.4191176470588235 0.07222222222222222 0.0014749262536873156 0.0
0.002097902097902098 0.4298128342245989 0.0638888888888889 0.0 0.0
0.0013986013986013986 0.4585561497326203 0.08611111111111111 0.0 0.0
0.0006993006993006993 0.43983957219251335 0.05694444444444444 0.0 0.0
0.0013986013986013986 0.46457219251336895 0.07222222222222222 0.0 0.0
0.0006993006993006993 0.5040106951871658 0.0625 0.0 0.0
0.002097902097902098 0.49665775401069523 0.08055555555555556 0.0 0.0
0.0013986013986013986 0.5100267379679144 0.08125 0.0 0.0
0.002097902097902098 0.5354278074866311 0.07013888888888889 0.0 0.0
0.0006993006993006993 0.5394385026737969 0.07013888888888889 0.0007374631268436578 0.0006915629322268327
0.0013986013986013986 0.5474598930481284 0.06944444444444445 0.0 0.0
0.0006993006993006993 0.5447860962566845 0.08125 0.0007374631268436578 0.0
0.0 0.5354278074866311 0.09513888888888888 0.0 0.0
0.0013986013986013986 0.5574866310160428 0.09652777777777778 0.0 0.0
0.0013986013986013986 0.5140374331550802 0.06805555555555555 0.0 0.0
0.0013986013986013986 0.5855614973262032 0.07847222222222222 0.0 0.0
0.0006993006993006993 0.6236631016042781 0.07916666666666666 0.0 0.0
0.002797202797202797 0.6417112299465241 0.075 0.0 0.0
0.0006993006993006993 0.5949197860962567 0.09375 0.0007374631268436578 0.0
0.0013986013986013986 0.6356951871657754 0.07638888888888888 0.0 0.0
0.002097902097902098 0.7446524064171123 0.07222222222222222 0.0 0.0
0.0013986013986013986 0.7152406417112299 0.08333333333333333 0.0 0.0
0.0013986013986013986 0.7225935828877006 0.10902777777777778 0.0 0.0
0.002097902097902098 0.7292780748663101 0.10902777777777778 0.0007374631268436578 0.0
0.002097902097902098 0.7633689839572193 0.11458333333333333 0.0 0.0
0.0 0.042112299465240643 0.0 0.0 0.0006915629322268327
0.0 0.0481283422459893 0.0 0.0 0.0
0.0 0.03542780748663102 0.0 0.0 0.0
0.0 0.046122994652406414 0.0 0.0 0.0
0.002097902097902098 0.7433155080213903 0.09930555555555555 0.0 0.0006915629322268327
0.0 0.0374331550802139 0.0 0.0 0.0
0.0 0.03943850267379679 0.0 0.0 0.0
0.0 0.04144385026737968 0.0006944444444444445 0.0 0.0
0.0 0.03542780748663102 0.0 0.0 0.0
0.0 0.5066844919786097 0.17083333333333334 0.0007374631268436578 0.0
0.0 0.04144385026737968 0.0 0.0 0.0
0.0 0.05013368983957219 0.0 0.0 0.0
0.0 0.034759358288770054 0.0 0.0 0.0
0.0 0.046122994652406414 0.0 0.0 0.0
0.0034965034965034965 0.7854278074866311 0.09444444444444444 0.0014749262536873156 0.0
0.0 0.04077540106951872 0.0 0.0 0.0006915629322268327
0.0 0.040106951871657755 0.0 0.0 0.0
0.0 0.04344919786096257 0.0 0.0 0.0
0.0 0.05213903743315508 0.0006944444444444445 0.0 0.0
0.0006993006993006993 0.5280748663101604 0.21805555555555556 0.0007374631268436578 0.0006915629322268327
0.0 0.04077540106951872 0.0 0.0 0.0
0.0 0.030748663101604276 0.0 0.0 0.0
0.0 0.05147058823529412 0.0 0.0 0.0
0.0 0.04144385026737968 0.0 0.0 0.0
0.0 0.04411764705882353 0.0 0.0 0.0
0.0 0.032754010695187165 0.0 0.0 0.0
0.0 0.038770053475935824 0.0 0.0 0.0
0.0 0.04411764705882353 0.0006944444444444445 0.0 0.0
0.0 0.04679144385026738 0.0 0.0 0.0
0.0006993006993006993 0.038770053475935824 0.0 0.0 0.0006915629322268327
0.0 0.5314171122994653 0.18680555555555556 0.0 0.0
0.0006993006993006993 0.5327540106951871 0.18125 0.0007374631268436578 0.0
0.0 0.5741978609625669 0.20069444444444445 0.0029498525073746312 0.0
0.0 0.5327540106951871 0.21180555555555555 0.0 0.0
0.0 0.5227272727272727 0.18194444444444446 0.0 0.0
0.0006993006993006993 0.5227272727272727 0.2263888888888889 0.0007374631268436578 0.0
0.0006993006993006993 0.5434491978609626 0.21666666666666665 0.0022123893805309734 0.0
0.0006993006993006993 0.5481283422459893 0.20625 0.0007374631268436578 0.0
0.002097902097902098 0.5300802139037433 0.19097222222222224 0.0 0.0006915629322268327
0.0 0.5274064171122995 0.2048611111111111 0.0 0.0
0.0 0.5574866310160428 0.25277777777777777 0.0014749262536873156 0.0
0.0 0.515374331550802 0.21736111111111112 0.0 0.0
0.0006993006993006993 0.518716577540107 0.20555555555555555 0.0007374631268436578 0.0
0.0 0.5381016042780749 0.23125 0.0007374631268436578 0.0
0.0 0.5280748663101604 0.225 0.0007374631268436578 0.0
0.0 0.5200534759358288 0.2159722222222222 0.0007374631268436578 0.0
0.0 0.5267379679144385 0.28541666666666665 0.0007374631268436578 0.0
0.0006993006993006993 0.5020053475935828 0.2548611111111111 0.0014749262536873156 0.0006915629322268327
0.0 0.5274064171122995 0.2916666666666667 0.0007374631268436578 0.0006915629322268327
0.0006993006993006993 0.5167112299465241 0.2791666666666667 0.0 0.0
0.0 0.5407754010695187 0.2659722222222222 0.0014749262536873156 0.0
0.0006993006993006993 0.5347593582887701 0.2923611111111111 0.0007374631268436578 0.0
0.0006993006993006993 0.49866310160427807 0.2861111111111111 0.0029498525073746312 0.0
0.0 0.4859625668449198 0.31527777777777777 0.0022123893805309734 0.0
0.0 0.518048128342246 0.36736111111111114 0.0007374631268436578 0.0
0.0 0.5113636363636364 0.3666666666666667 0.0014749262536873156 0.0
0.0006993006993006993 0.515374331550802 0.3840277777777778 0.0007374631268436578 0.0
0.0 0.5147058823529412 0.4291666666666667 0.0014749262536873156 0.0
0.0 0.5106951871657754 0.43263888888888885 0.0 0.0
0.0 0.516042780748663 0.4701388888888889 0.0007374631268436578 0.0
0.0 0.5213903743315508 0.4486111111111111 0.0 0.0
0.0 0.5113636363636364 0.49375 0.0014749262536873156 0.0
0.0 0.5147058823529412 0.4673611111111111 0.0 0.0
0.0006993006993006993 0.4933155080213904 0.5368055555555555 0.0007374631268436578 0.0
0.0 0.5020053475935828 0.5409722222222222 0.0 0.0
0.0 0.5254010695187166 0.5416666666666666 0.0 0.0
0.0006993006993006993 0.5073529411764706 0.6027777777777779 0.0007374631268436578 0.0
0.0006993006993006993 0.5287433155080214 0.6055555555555556 0.0 0.0
0.0006993006993006993 0.5227272727272727 0.6263888888888889 0.0022123893805309734 0.0
0.0 0.5334224598930482 0.6951388888888889 0.0007374631268436578 0.0
0.0006993006993006993 0.5327540106951871 0.6590277777777778 0.0007374631268436578 0.0
0.0006993006993006993 0.5213903743315508 0.6840277777777778 0.0007374631268436578 0.0
0.0006993006993006993 0.5213903743315508 0.7673611111111112 0.0007374631268436578 0.0
0.0 0.5287433155080214 0.7527777777777778 0.0 0.0
0.0 0.5588235294117647 0.7451388888888889 0.0 0.0
0.0006993006993006993 0.5501336898395721 0.7784722222222221 0.0014749262536873156 0.0
0.0006993006993006993 0.5541443850267379 0.8145833333333333 0.0 0.0
0.0 0.5267379679144385 0.8395833333333333 0.0 0.0
0.0013986013986013986 0.5327540106951871 0.8597222222222223 0.0007374631268436578 0.0
0.0 0.4919786096256684 0.8493055555555555 0.0007374631268436578 0.0
0.0006993006993006993 0.518048128342246 0.8916666666666667 0.0 0.0
0.0006993006993006993 0.5447860962566845 0.8291666666666666 0.0 0.0
0.0006993006993006993 0.5407754010695187 0.9020833333333333 0.0022123893805309734 0.0
0.0013986013986013986 0.588235294117647 0.9333333333333333 0.0 0.0
0.0006993006993006993 0.5354278074866311 0.8881944444444445 0.0014749262536873156 0.0
0.002097902097902098 0.517379679144385 0.9027777777777778 0.0 0.0
0.0 0.5441176470588235 0.9555555555555555 0.0007374631268436578 0.0
0.0006993006993006993 0.5768716577540107 0.8631944444444444 0.0007374631268436578 0.0
0.0 0.5233957219251337 0.8881944444444445 0.0 0.0
0.0 0.5628342245989305 0.9284722222222223 0.0007374631268436578 0.0
0.0013986013986013986 0.515374331550802 0.9180555555555555 0.0 0.0
0.0 0.5387700534759359 0.9090277777777778 0.0 0.0
0.0006993006993006993 0.5414438502673797 0.904861111111111 0.0014749262536873156 0.0
0.0 0.571524064171123 0.8986111111111111 0.0 0.0013831258644536654
0.0 0.5227272727272727 0.9298611111111111 0.0 0.0
0.0 0.5300802139037433 0.9583333333333333 0.0 0.0
0.002097902097902098 0.5588235294117647 0.8958333333333334 0.0 0.0
0.0 0.5327540106951871 0.8958333333333334 0.0007374631268436578 0.0
0.0 0.5447860962566845 0.9277777777777778 0.0007374631268436578 0.0
0.0006993006993006993 0.5608288770053476 0.8868055555555555 0.0007374631268436578 0.0
0.0 0.5401069518716577 0.9243055555555556 0.0022123893805309734 0.0
0.0 0.5447860962566845 0.9215277777777777 0.0007374631268436578 0.0
0.0006993006993006993 0.5334224598930482 0.9111111111111111 0.0 0.0
0.0006993006993006993 0.553475935828877 0.9083333333333333 0.0014749262536873156 0.0
0.0 0.570855614973262 0.9284722222222223 0.0007374631268436578 0.0006915629322268327
0.0 0.5334224598930482 0.9479166666666666 0.0014749262536873156 0.0
0.0 0.49866310160427807 0.9 0.0014749262536873156 0.0
0.0006993006993006993 0.5127005347593583 0.8645833333333333 0.0 0.0
0.0013986013986013986 0.5354278074866311 0.9243055555555556 0.0007374631268436578 0.0
0.002097902097902098 0.5762032085561497 0.8916666666666667 0.0007374631268436578 0.0
0.0006993006993006993 0.5093582887700534 0.90625 0.0022123893805309734 0.0
0.0006993006993006993 0.5461229946524064 0.8694444444444445 0.0 0.0
0.0 0.5541443850267379 0.8951388888888889 0.0014749262536873156 0.0
0.0006993006993006993 0.5193850267379678 0.8819444444444444 0.0022123893805309734 0.0
0.0 0.5220588235294118 0.9090277777777778 0.0007374631268436578 0.0
0.0013986013986013986 0.49933155080213903 0.867361111111111 0.0007374631268436578 0.0006915629322268327
0.0006993006993006993 0.5374331550802139 0.9194444444444444 0.0 0.0
0.0 0.5267379679144385 0.9833333333333333 0.0007374631268436578 0.0
0.0006993006993006993 0.5340909090909091 0.9361111111111111 0.0007374631268436578 0.0
0.0 0.5327540106951871 0.9625 0.0 0.0
0.0006993006993006993 0.5320855614973262 0.95 0.0007374631268436578 0.0
0.0 0.5200534759358288 0.9361111111111111 0.0 0.0
0.0 0.5401069518716577 0.9194444444444444 0.0014749262536873156 0.0
0.0 0.5267379679144385 0.9458333333333333 0.0 0.0
0.0 0.5327540106951871 0.8763888888888889 0.0007374631268436578 0.0
0.0006993006993006993 0.5621657754010695 0.9520833333333333 0.0 0.0
0.0 0.5193850267379678 0.9284722222222223 0.0 0.0
0.002097902097902098 0.5421122994652406 0.9277777777777778 0.0007374631268436578 0.0
0.0 0.5762032085561497 0.9618055555555556 0.0014749262536873156 0.0
