0.0013986013986013986 0.14304812834224598 0.05277777777777778 0.0 0.0
0.002797202797202797 0.12032085561497327 0.05138888888888889 0.0014749262536873156 0.0
0.0 0.12566844919786097 0.05 0.0 0.0013831258644536654
0.0013986013986013986 0.16711229946524064 0.04583333333333334 0.0014749262536873156 0.0
0.0 0.11497326203208556 0.04583333333333334 0.0 0.0
0.0 0.1323529411764706 0.05416666666666666 0.0 0.0
0.0 0.14438502673796794 0.041666666666666664 0.0 0.0
0.0013986013986013986 0.15240641711229946 0.05555555555555556 0.0014749262536873156 0.0
0.0013986013986013986 0.13101604278074866 0.05138888888888889 0.0 0.0
0.0013986013986013986 0.19385026737967917 0.048611111111111105 0.0 0.0
0.002797202797202797 0.1858288770053476 0.05972222222222222 0.0014749262536873156 0.0
0.002797202797202797 0.1283422459893048 0.048611111111111105 0.0 0.0
0.002797202797202797 0.16978609625668448 0.05138888888888889 0.0 0.0
0.0 0.17914438502673796 0.05972222222222222 0.0 0.0
0.0013986013986013986 0.14171122994652408 0.06666666666666667 0.0 0.0
0.0013986013986013986 0.17112299465240643 0.05694444444444444 0.0014749262536873156 0.0
0.0 0.17914438502673796 0.06666666666666667 0.0 0.0
0.0 0.17112299465240643 0.048611111111111105 0.0 0.0
0.0 0.16844919786096257 0.058333333333333334 0.0 0.0
0.004195804195804196 0.1657754010695187 0.06111111111111111 0.0 0.0
0.0 0.16176470588235295 0.0625 0.0 0.0
0.004195804195804196 0.16711229946524064 0.0625 0.0 0.0
0.0 0.17379679144385027 0.05694444444444444 0.0 0.0
0.0013986013986013986 0.19518716577540107 0.08472222222222223 0.0 0.0
0.002797202797202797 0.1657754010695187 0.075 0.0014749262536873156 0.0
0.002797202797202797 0.19385026737967917 0.0625 0.0 0.0
0.0 0.23930481283422458 0.07777777777777778 0.0 0.0
0.002797202797202797 0.18716577540106952 0.05694444444444444 0.0 0.0
0.004195804195804196 0.22459893048128343 0.06666666666666667 0.0 0.0
0.002797202797202797 0.24197860962566844 0.05555555555555556 0.0 0.0
0.002797202797202797 0.2072192513368984 0.05555555555555556 0.0 0.0
0.0 0.21524064171122995 0.08055555555555556 0.0 0.0
0.0 0.2459893048128342 0.08472222222222223 0.0 0.0
0.0 0.18315508021390375 0.05416666666666666 0.0 0.0
0.002797202797202797 0.20454545454545453 0.058333333333333334 0.0 0.0
0.0 0.23796791443850268 0.041666666666666664 0.0 0.0
0.004195804195804196 0.2647058823529412 0.0875 0.0 0.0
0.0 0.23128342245989303 0.08194444444444444 0.0 0.0
0.004195804195804196 0.26336898395721925 0.06805555555555555 0.0014749262536873156 0.0
0.0 0.2927807486631016 0.07638888888888888 0.0 0.0
0.0013986013986013986 0.27005347593582885 0.0625 0.0014749262536873156 0.0
0.0013986013986013986 0.24197860962566844 0.05277777777777778 0.0 0.0
0.002797202797202797 0.2967914438502674 0.05694444444444444 0.0 0.0
0.0 0.27406417112299464 0.07083333333333333 0.0014749262536873156 0.0
0.0013986013986013986 0.27406417112299464 0.07083333333333333 0.0 0.0
0.0 0.22593582887700536 0.05 0.0 0.0
0.0 0.2767379679144385 0.07777777777777778 0.0 0.0
0.0 0.3128342245989305 0.05694444444444444 0.0014749262536873156 0.0
0.0013986013986013986 0.27807486631016043 0.07916666666666666 0.0014749262536873156 0.0
0.0013986013986013986 0.28609625668449196 0.0638888888888889 0.0 0.0
0.002797202797202797 0.3235294117647059 0.07777777777777778 0.0 0.0
0.0013986013986013986 0.38101604278074863 0.05138888888888889 0.0 0.0
0.0 0.356951871657754 0.0638888888888889 0.0 0.0
0.0013986013986013986 0.34090909090909094 0.04583333333333334 0.0 0.0
0.0013986013986013986 0.3689839572192513 0.08194444444444444 0.0029498525073746312 0.0
0.0013986013986013986 0.3663101604278075 0.07361111111111111 0.0014749262536873156 0.0
0.002797202797202797 0.3823529411764706 0.07361111111111111 0.0014749262536873156 0.0
0.004195804195804196 0.3917112299465241 0.05694444444444444 0.0 0.0
0.0 0.4211229946524064 0.05555555555555556 0.0 0.0
0.0013986013986013986 0.4211229946524064 0.07916666666666666 0.0 0.0
0.002797202797202797 0.45989304812834225 0.08611111111111111 0.0014749262536873156 0.0013831258644536654
0.002797202797202797 0.410427807486631 0.09027777777777778 0.0 0.0013831258644536654
0.002797202797202797 0.4144385026737968 0.05416666666666666 0.0 0.0013831258644536654
0.002797202797202797 0.47192513368983957 0.058333333333333334 0.0 0.0
0.0013986013986013986 0.5093582887700534 0.09444444444444444 0.0 0.0
0.002797202797202797 0.4852941176470588 0.08333333333333333 0.0 0.0
0.0013986013986013986 0.4946524064171123 0.08888888888888889 0.0 0.0
0.0 0.5387700534759359 0.05694444444444444 0.0014749262536873156 0.0
0.0 0.5227272727272727 0.08055555555555556 0.0 0.0
0.0 0.5655080213903744 0.075 0.0 0.0
0.0 0.6457219251336899 0.10416666666666667 0.0 0.0
0.0013986013986013986 0.5481283422459893 0.09444444444444444 0.0 0.0
0.0013986013986013986 0.6737967914438503 0.08472222222222223 0.0 0.0
0.0 0.6457219251336899 0.07222222222222222 0.0 0.0
0.0 0.6149732620320856 0.08611111111111111 0.0 0.0
0.0013986013986013986 0.7125668449197862 0.08055555555555556 0.0 0.0
0.002797202797202797 0.7165775401069518 0.09444444444444444 0.0 0.0
0.004195804195804196 0.7513368983957218 0.08888888888888889 0.0 0.0
0.002797202797202797 0.7860962566844919 0.09583333333333334 0.0 0.0
0.0013986013986013986 0.7486631016042781 0.07916666666666666 0.0 0.0
0.0013986013986013986 0.7941176470588235 0.09305555555555556 0.0 0.0
0.0013986013986013986 0.8796791443850267 0.07916666666666666 0.0 0.0
0.002797202797202797 0.8489304812834224 0.10972222222222222 0.0 0.0
0.002797202797202797 0.9064171122994653 0.10694444444444445 0.0 0.0
0.002797202797202797 0.9398395721925134 0.09166666666666667 0.0 0.0
0.0 0.9411764705882353 0.10972222222222222 0.0014749262536873156 0.0013831258644536654
0.0013986013986013986 0.9759358288770054 0.10277777777777777 0.0 0.0
0.0 0.9692513368983957 0.10694444444444445 0.0014749262536873156 0.0
0.0 0.9545454545454546 0.11944444444444444 0.0 0.0
0.0013986013986013986 0.9612299465240641 0.12083333333333333 0.0 0.0
0.0013986013986013986 0.9371657754010695 0.09583333333333334 0.0 0.0
0.0013986013986013986 1.0401069518716577 0.12638888888888888 0.0 0.0
0.0 1.124331550802139 0.12083333333333333 0.0 0.0
0.004195804195804196 1.1711229946524064 0.10138888888888889 0.0 0.0
0.0 1.1016042780748663 0.14583333333333334 0.0 0.0
0.0013986013986013986 1.1751336898395723 0.12222222222222222 0.0 0.0
0.002797202797202797 1.3475935828877006 0.10555555555555556 0.0 0.0
0.002797202797202797 1.2967914438502675 0.10833333333333332 0.0 0.0
0.0 1.3462566844919786 0.15555555555555556 0.0 0.0
0.004195804195804196 1.3302139037433154 0.1486111111111111 0.0014749262536873156 0.0
0.002797202797202797 1.406417112299465 0.17083333333333334 0.0 0.0
0.0 0.08422459893048129 0.0 0.0 0.0013831258644536654
0.0 0.0962566844919786 0.0 0.0 0.0
0.0 0.07085561497326204 0.0 0.0 0.0
0.0 0.09224598930481283 0.0 0.0 0.0
0.002797202797202797 1.377005347593583 0.14583333333333334 0.0 0.0013831258644536654
0.0 0.0748663101604278 0.0 0.0 0.0
0.0 0.07887700534759358 0.0 0.0 0.0
0.0 0.08288770053475936 0.001388888888888889 0.0 0.0
0.0 0.07085561497326204 0.0 0.0 0.0
0.0 0.9799465240641712 0.23888888888888887 0.0014749262536873156 0.0
0.0 0.08288770053475936 0.0 0.0 0.0
0.0 0.10026737967914438 0.0 0.0 0.0
0.0 0.06951871657754011 0.0 0.0 0.0
0.0 0.09224598930481283 0.0 0.0 0.0
0.0013986013986013986 1.4411764705882353 0.1388888888888889 0.0029498525073746312 0.0
0.0 0.08155080213903744 0.0 0.0 0.0013831258644536654
0.0 0.07887700534759358 0.0 0.0 0.0
0.0 0.08689839572192513 0.0 0.0 0.0
0.0 0.10427807486631016 0.001388888888888889 0.0 0.0
0.0013986013986013986 1.0040106951871657 0.2833333333333333 0.0014749262536873156 0.0013831258644536654
0.0 0.08155080213903744 0.0 0.0 0.0
0.0 0.06149732620320855 0.0 0.0 0.0
0.0 0.10294117647058824 0.0 0.0 0.0
0.0 0.08288770053475936 0.0 0.0 0.0
0.0 0.08823529411764706 0.0 0.0 0.0
0.0 0.06550802139037433 0.0 0.0 0.0
0.0 0.07754010695187165 0.0 0.0 0.0
0.0 0.08823529411764706 0.001388888888888889 0.0 0.0
0.0 0.09358288770053476 0.0 0.0 0.0
0.0013986013986013986 0.07754010695187165 0.0 0.0 0.0
0.0 1.0093582887700536 0.24722222222222223 0.0 0.0
0.0 1.0093582887700536 0.24027777777777778 0.0 0.0
0.0 1.1096256684491979 0.24444444444444444 0.0029498525073746312 0.0
0.0 1.0213903743315509 0.2708333333333333 0.0 0.0
0.0 0.9973262032085561 0.22222222222222224 0.0 0.0
0.0013986013986013986 1.0120320855614973 0.2861111111111111 0.0 0.0
0.0013986013986013986 1.037433155080214 0.2847222222222222 0.0029498525073746312 0.0
0.0013986013986013986 1.0401069518716577 0.2569444444444445 0.0014749262536873156 0.0
0.002797202797202797 1.017379679144385 0.22222222222222224 0.0 0.0013831258644536654
0.0 1.0160427807486632 0.25 0.0 0.0
0.0 1.0508021390374331 0.3 0.0014749262536873156 0.0
0.0 0.9812834224598931 0.24583333333333332 0.0 0.0
0.0013986013986013986 0.9812834224598931 0.22777777777777777 0.0014749262536873156 0.0
0.0 1.0106951871657752 0.2625 0.0 0.0
0.0 0.9959893048128341 0.24722222222222223 0.0014749262536873156 0.0
0.0 0.9799465240641712 0.2152777777777778 0.0 0.0
0.0 0.9946524064171124 0.3041666666666667 0.0014749262536873156 0.0
0.0 0.9371657754010695 0.24305555555555555 0.0 0.0013831258644536654
0.0 0.9906417112299465 0.26388888888888884 0.0014749262536873156 0.0013831258644536654
0.0013986013986013986 0.9665775401069518 0.24444444444444444 0.0 0.0
0.0 1.032085561497326 0.21944444444444444 0.0014749262536873156 0.0
0.0 1.0053475935828877 0.24027777777777778 0.0 0.0
0.0013986013986013986 0.9505347593582888 0.22916666666666666 0.0014749262536873156 0.0
0.0 0.9050802139037433 0.21805555555555556 0.004424778761061947 0.0
0.0 0.9585561497326204 0.25416666666666665 0.0 0.0
0.0 0.9371657754010695 0.24305555555555555 0.0014749262536873156 0.0
0.0 0.9558823529411765 0.20833333333333334 0.0 0.0
0.0 0.9665775401069518 0.22222222222222224 0.0014749262536873156 0.0
0.0 0.9451871657754011 0.23194444444444445 0.0 0.0
0.0 0.9411764705882353 0.25 0.0014749262536873156 0.0
0.0 0.9585561497326204 0.20833333333333334 0.0 0.0
0.0 0.9344919786096257 0.2138888888888889 0.0014749262536873156 0.0
0.0 0.9291443850267379 0.19583333333333333 0.0 0.0
0.0 0.8810160427807486 0.21666666666666665 0.0014749262536873156 0.0
0.0 0.9131016042780749 0.21944444444444444 0.0 0.0
0.0 0.946524064171123 0.175 0.0 0.0
0.0013986013986013986 0.8997326203208557 0.1875 0.0014749262536873156 0.0
0.0013986013986013986 0.9318181818181818 0.22361111111111112 0.0 0.0
0.0013986013986013986 0.9184491978609626 0.18888888888888888 0.004424778761061947 0.0
0.0 0.9331550802139037 0.225 0.0014749262536873156 0.0
0.0 0.9251336898395721 0.19166666666666668 0.0 0.0
0.0013986013986013986 0.9064171122994653 0.19166666666666668 0.0014749262536873156 0.0
0.0013986013986013986 0.9037433155080214 0.19166666666666668 0.0014749262536873156 0.0
0.0 0.9090909090909091 0.18611111111111112 0.0 0.0
0.0 0.9505347593582888 0.175 0.0 0.0
0.0 0.9371657754010695 0.15 0.0014749262536873156 0.0
0.0 0.9425133689839572 0.175 0.0 0.0
0.0 0.8997326203208557 0.1513888888888889 0.0 0.0
0.002797202797202797 0.8997326203208557 0.19027777777777777 0.0014749262536873156 0.0
0.0 0.8262032085561497 0.15833333333333333 0.0014749262536873156 0.0
0.0013986013986013986 0.8783422459893049 0.17083333333333334 0.0 0.0
0.0013986013986013986 0.8917112299465241 0.1625 0.0 0.0
0.0 0.8957219251336899 0.16805555555555557 0.0029498525073746312 0.0
0.0013986013986013986 0.9759358288770054 0.18055555555555555 0.0 0.0
0.0013986013986013986 0.8877005347593583 0.16944444444444445 0.0014749262536873156 0.0
0.0013986013986013986 0.8649732620320856 0.19722222222222222 0.0 0.0
0.0 0.8863636363636365 0.20833333333333334 0.0014749262536873156 0.0
0.0 0.9518716577540107 0.14166666666666666 0.0014749262536873156 0.0
0.0 0.8636363636363636 0.1736111111111111 0.0 0.0
0.0 0.9358288770053476 0.16527777777777777 0.0 0.0
0.0013986013986013986 0.8636363636363636 0.17777777777777778 0.0 0.0
0.0 0.8890374331550802 0.16666666666666666 0.0 0.0
0.0013986013986013986 0.9010695187165775 0.175 0.0014749262536873156 0.0
0.0 0.9505347593582888 0.15972222222222224 0.0 0.0027662517289073307
0.0 0.8676470588235294 0.2013888888888889 0.0 0.0
0.0 0.8863636363636365 0.20555555555555555 0.0 0.0
0.002797202797202797 0.9171122994652406 0.16666666666666666 0.0 0.0
0.0 0.872994652406417 0.1847222222222222 0.0 0.0
0.0 0.9090909090909091 0.17638888888888887 0.0014749262536873156 0.0
0.0013986013986013986 0.9425133689839572 0.15416666666666665 0.0 0.0
0.0 0.8890374331550802 0.1875 0.004424778761061947 0.0
0.0 0.8983957219251337 0.1638888888888889 0.0014749262536873156 0.0
0.0 0.874331550802139 0.1875 0.0 0.0
0.0013986013986013986 0.9024064171122995 0.15833333333333333 0.0014749262536873156 0.0
0.0 0.9585561497326204 0.18194444444444446 0.0 0.0
0.0 0.893048128342246 0.2013888888888889 0.0014749262536873156 0.0
0.0 0.8328877005347594 0.1513888888888889 0.0029498525073746312 0.0
0.0013986013986013986 0.8502673796791443 0.14722222222222223 0.0 0.0
0.0 0.8917112299465241 0.16111111111111112 0.0014749262536873156 0.0
0.0013986013986013986 0.9491978609625668 0.18055555555555555 0.0 0.0
0.0 0.8649732620320856 0.16805555555555557 0.0029498525073746312 0.0
0.0013986013986013986 0.9224598930481284 0.1736111111111111 0.0 0.0
0.0 0.93048128342246 0.15833333333333333 0.0014749262536873156 0.0
0.0013986013986013986 0.8649732620320856 0.15555555555555556 0.0014749262536873156 0.0
0.0 0.8703208556149732 0.18055555555555555 0.0 0.0
0.0 0.8422459893048128 0.13472222222222222 0.0 0.0
0.0013986013986013986 0.9024064171122995 0.16527777777777777 0.0 0.0
0.0 0.8689839572192514 0.2013888888888889 0.0014749262536873156 0.0
0.0 0.8783422459893049 0.16805555555555557 0.0014749262536873156 0.0
0.0 0.875668449197861 0.16666666666666666 0.0 0.0
0.0 0.8810160427807486 0.14444444444444443 0.0 0.0
0.0 0.8582887700534759 0.14166666666666666 0.0 0.0
0.0 0.9050802139037433 0.15 0.0014749262536873156 0.0
0.0 0.8783422459893049 0.16111111111111112 0.0 0.0
0.0 0.8983957219251337 0.1486111111111111 0.0014749262536873156 0.0
0.0 0.9371657754010695 0.1388888888888889 0.0 0.0
0.0 0.8622994652406416 0.15833333333333333 0.0 0.0
0.0013986013986013986 0.893048128342246 0.1625 0.0 0.0
0.0 0.9478609625668449 0.16944444444444445 0.0029498525073746312 0.0
