15.833333333333334 34.666666666666664 26.333333333333332 16.2 13.166666666666666
15.0 29.833333333333332 27.833333333333336 14.200000000000001 13.666666666666668
14.666666666666666 31.333333333333332 30.666666666666664 14.0 13.666666666666668
13.333333333333334 33.833333333333336 27.666666666666664 16.0 13.666666666666668
14.833333333333334 28.833333333333332 31.5 14.200000000000001 14.0
12.333333333333334 32.5 27.0 17.6 15.5
15.333333333333332 31.166666666666664 29.5 14.6 13.833333333333332
16.833333333333332 29.5 26.0 15.4 13.5
15.833333333333334 31.666666666666668 27.666666666666664 14.200000000000001 11.333333333333334
13.833333333333332 31.666666666666668 27.666666666666664 15.6 13.166666666666666
15.5 31.833333333333332 28.666666666666668 15.2 14.333333333333334
15.166666666666666 30.833333333333336 27.0 16.8 13.666666666666668
15.333333333333332 32.0 31.166666666666664 14.8 13.833333333333332
14.833333333333334 32.833333333333336 28.833333333333332 16.6 13.666666666666668
15.333333333333332 28.666666666666668 26.833333333333336 18.2 13.666666666666668
13.166666666666666 32.16666666666667 25.5 19.0 15.333333333333332
13.5 31.166666666666664 27.5 15.2 13.333333333333334
13.5 31.166666666666664 31.5 19.0 12.333333333333334
14.166666666666666 33.833333333333336 29.333333333333332 15.6 12.833333333333334
12.0 30.333333333333332 29.166666666666668 17.0 14.833333333333334
16.166666666666664 32.0 30.166666666666668 15.0 15.333333333333332
14.5 30.5 26.0 16.0 11.333333333333334
13.0 33.166666666666664 29.333333333333332 17.8 13.0
16.166666666666664 31.833333333333332 28.5 14.200000000000001 14.5
14.666666666666666 34.5 27.5 12.200000000000001 14.666666666666666
15.0 31.0 29.166666666666668 17.0 14.0
15.666666666666666 30.0 26.666666666666668 17.2 13.166666666666666
14.833333333333334 31.333333333333332 25.666666666666668 16.6 13.5
13.166666666666666 30.833333333333336 30.333333333333332 16.400000000000002 15.166666666666666
13.666666666666668 32.16666666666667 28.166666666666668 16.400000000000002 12.666666666666666
13.5 29.5 29.333333333333332 16.2 12.166666666666666
15.666666666666666 32.33333333333333 31.5 18.2 12.0
13.833333333333332 30.166666666666668 31.666666666666668 18.0 13.666666666666668
17.166666666666668 30.833333333333336 28.333333333333332 18.4 13.166666666666666
16.0 31.5 25.833333333333332 16.2 13.0
15.666666666666666 29.333333333333332 25.666666666666668 13.6 14.166666666666666
14.666666666666666 33.333333333333336 28.5 17.8 13.833333333333332
13.166666666666666 31.5 27.666666666666664 16.2 13.333333333333334
14.5 32.0 29.666666666666668 16.2 14.5
16.5 32.33333333333333 28.0 14.0 13.333333333333334
14.666666666666666 32.33333333333333 28.5 15.8 12.0
15.333333333333332 33.333333333333336 29.666666666666668 12.0 14.666666666666666
17.833333333333332 29.0 31.166666666666664 16.8 11.833333333333332
12.5 33.0 29.166666666666668 18.4 13.0
14.5 30.0 28.833333333333332 14.4 14.0
16.666666666666668 32.33333333333333 27.333333333333336 17.0 14.166666666666666
15.0 31.833333333333332 29.5 15.6 13.666666666666668
13.166666666666666 32.0 26.166666666666668 16.0 13.5
13.5 33.166666666666664 27.833333333333336 17.6 13.666666666666668
14.666666666666666 31.333333333333332 26.5 15.4 13.0
15.333333333333332 33.333333333333336 29.666666666666668 16.0 12.5
15.0 32.0 30.333333333333332 13.4 14.333333333333334
14.833333333333334 32.666666666666664 28.666666666666668 14.4 11.666666666666668
12.5 29.166666666666668 27.0 17.0 11.833333333333332
17.333333333333332 32.833333333333336 29.5 13.6 13.5
16.166666666666664 28.666666666666668 29.666666666666668 15.0 13.166666666666666
12.333333333333334 33.666666666666664 26.5 17.8 13.333333333333334
14.5 32.5 28.833333333333332 14.8 13.166666666666666
13.333333333333334 30.166666666666668 28.666666666666668 15.0 14.0
13.0 31.166666666666664 27.0 18.4 11.833333333333332
12.333333333333334 29.666666666666668 29.333333333333332 16.400000000000002 15.5
16.166666666666664 30.333333333333332 26.0 16.0 12.5
17.5 30.333333333333332 27.333333333333336 17.2 11.0
17.333333333333332 33.833333333333336 27.666666666666664 15.0 15.0
14.666666666666666 28.5 30.5 13.799999999999999 15.5
14.666666666666666 31.833333333333332 30.666666666666664 15.2 12.833333333333334
14.666666666666666 31.833333333333332 29.5 15.0 13.333333333333334
13.5 33.0 27.333333333333336 15.0 14.333333333333334
15.5 32.5 30.333333333333332 14.4 13.166666666666666
14.5 32.0 31.333333333333332 18.599999999999998 10.5
14.5 31.333333333333332 27.0 18.2 12.666666666666666
13.333333333333334 32.666666666666664 28.666666666666668 14.8 12.0
12.833333333333334 30.666666666666664 29.833333333333332 15.8 12.0
15.0 30.333333333333332 28.0 18.4 10.333333333333334
12.0 29.0 26.666666666666668 15.8 15.0
14.333333333333334 31.0 26.333333333333332 14.4 11.166666666666666
15.0 29.833333333333332 27.166666666666664 14.4 11.5
14.5 31.833333333333332 28.666666666666668 14.8 10.166666666666666
16.166666666666664 29.666666666666668 28.666666666666668 18.0 13.333333333333334
14.166666666666666 32.0 28.833333333333332 15.0 11.833333333333332
17.666666666666668 34.166666666666664 26.5 17.2 12.0
16.166666666666664 34.166666666666664 25.333333333333332 16.400000000000002 12.833333333333334
12.833333333333334 30.166666666666668 29.666666666666668 17.0 10.666666666666666
15.0 32.833333333333336 28.666666666666668 18.4 14.666666666666666
14.5 33.166666666666664 29.0 15.2 13.833333333333332
14.0 29.666666666666668 26.5 15.0 14.0
15.666666666666666 31.5 28.666666666666668 18.2 12.166666666666666
17.0 31.166666666666664 29.5 15.4 15.5
12.833333333333334 30.833333333333336 27.666666666666664 16.2 12.5
15.833333333333334 30.166666666666668 31.666666666666668 16.400000000000002 11.666666666666668
12.833333333333334 30.833333333333336 29.666666666666668 17.6 11.833333333333332
14.833333333333334 31.666666666666668 29.166666666666668 16.6 12.666666666666666
13.0 32.0 30.5 15.6 16.0
12.666666666666666 30.0 28.833333333333332 17.0 11.5
15.333333333333332 30.833333333333336 29.833333333333332 17.6 12.166666666666666
14.666666666666666 35.333333333333336 29.5 16.6 13.333333333333334
14.5 33.833333333333336 29.5 19.0 11.166666666666666
13.833333333333332 31.333333333333332 29.833333333333332 15.2 13.833333333333332
12.666666666666666 35.5 23.5 18.0 12.166666666666666
15.666666666666666 35.0 27.333333333333336 16.0 15.666666666666666
12.666666666666666 33.666666666666664 32.16666666666667 15.8 13.666666666666668
11.333333333333334 17.333333333333332 15.0 17.6 15.666666666666666
16.666666666666668 14.0 16.0 14.8 15.666666666666666
14.166666666666666 13.833333333333332 16.833333333333332 18.4 14.0
16.333333333333332 15.5 13.0 14.200000000000001 15.666666666666666
13.0 34.0 27.666666666666664 16.0 14.666666666666666
16.5 13.0 16.166666666666664 15.0 16.166666666666664
16.166666666666664 15.833333333333334 15.166666666666666 12.8 15.333333333333332
15.5 15.333333333333332 14.5 19.0 12.333333333333334
17.0 18.0 14.666666666666666 19.2 14.666666666666666
16.0 27.166666666666664 33.833333333333336 18.0 15.333333333333332
16.0 15.166666666666666 16.5 15.8 17.333333333333332
14.333333333333334 15.0 15.666666666666666 16.6 14.666666666666666
16.833333333333332 18.166666666666668 14.666666666666666 14.6 12.666666666666666
17.5 14.5 15.0 13.799999999999999 15.166666666666666
16.0 33.666666666666664 29.5 17.0 13.166666666666666
18.166666666666668 13.333333333333334 16.0 17.0 14.333333333333334
16.0 16.333333333333332 14.666666666666666 15.6 17.0
15.0 13.5 16.5 15.4 15.666666666666666
16.166666666666664 14.833333333333334 15.833333333333334 16.6 15.333333333333332
12.666666666666666 26.666666666666668 32.666666666666664 14.4 14.833333333333334
13.0 15.166666666666666 16.0 15.2 14.5
15.666666666666666 16.333333333333332 10.833333333333334 15.4 16.0
13.833333333333332 12.5 17.5 16.8 17.166666666666668
16.5 13.666666666666668 14.5 16.8 12.833333333333334
12.0 17.166666666666668 16.0 15.8 15.166666666666666
15.166666666666666 15.0 16.333333333333332 15.4 17.166666666666668
14.166666666666666 15.0 18.333333333333332 15.2 13.333333333333334
14.666666666666666 19.5 16.5 14.8 12.833333333333334
13.0 16.0 18.5 15.6 16.166666666666664
17.833333333333332 17.0 15.833333333333334 13.4 14.666666666666666
14.333333333333334 26.166666666666668 34.666666666666664 17.0 12.666666666666666
15.166666666666666 26.0 33.0 16.8 12.5
15.833333333333334 28.5 34.333333333333336 17.4 14.5
15.0 23.666666666666664 32.666666666666664 16.0 13.5
14.5 25.833333333333332 33.5 17.6 12.166666666666666
13.166666666666666 26.333333333333332 33.166666666666664 16.0 14.0
9.166666666666666 23.5 31.5 16.400000000000002 14.0
11.5 25.833333333333332 33.333333333333336 18.0 12.0
11.333333333333334 26.333333333333332 36.333333333333336 15.8 11.0
13.5 28.833333333333332 31.0 18.2 12.833333333333334
14.0 30.166666666666668 33.333333333333336 19.2 12.5
14.5 29.333333333333332 33.333333333333336 16.0 14.333333333333334
12.666666666666666 25.0 35.0 14.8 11.0
16.166666666666664 28.666666666666668 31.333333333333332 17.2 12.333333333333334
13.0 28.0 34.0 15.2 12.666666666666666
11.666666666666668 26.5 34.333333333333336 17.0 13.333333333333334
12.166666666666666 25.333333333333332 31.666666666666668 12.8 14.333333333333334
15.333333333333332 29.166666666666668 33.666666666666664 15.0 13.166666666666666
14.333333333333334 28.166666666666668 34.166666666666664 18.0 14.833333333333334
14.666666666666666 29.166666666666668 34.5 17.0 14.166666666666666
16.0 25.666666666666668 34.666666666666664 16.400000000000002 13.333333333333334
14.5 27.333333333333336 35.0 15.0 11.0
18.166666666666668 29.833333333333332 31.333333333333332 16.0 13.666666666666668
15.666666666666666 27.833333333333336 33.833333333333336 16.8 13.166666666666666
16.0 28.0 35.0 17.0 10.833333333333334
11.833333333333332 28.333333333333332 32.0 17.4 14.833333333333334
13.5 27.833333333333336 32.666666666666664 17.0 12.5
14.0 30.666666666666664 31.666666666666668 13.799999999999999 15.0
15.166666666666666 30.5 32.33333333333333 19.0 12.333333333333334
12.666666666666666 26.5 35.666666666666664 17.0 14.833333333333334
15.0 28.5 32.5 16.400000000000002 13.333333333333334
12.666666666666666 26.833333333333336 36.666666666666664 15.6 12.5
12.666666666666666 27.0 34.333333333333336 14.4 13.833333333333332
14.666666666666666 29.166666666666668 32.16666666666667 17.0 13.333333333333334
17.833333333333332 29.333333333333332 31.333333333333332 20.0 11.166666666666666
15.666666666666666 25.5 32.666666666666664 15.6 13.5
14.166666666666666 27.666666666666664 34.666666666666664 15.8 13.5
14.166666666666666 28.5 33.333333333333336 17.4 12.666666666666666
10.5 27.833333333333336 36.166666666666664 19.0 13.666666666666668
16.166666666666664 28.333333333333332 33.5 15.0 14.5
14.833333333333334 29.5 37.0 16.400000000000002 10.666666666666666
16.333333333333332 28.666666666666668 31.5 13.799999999999999 10.333333333333334
16.166666666666664 30.666666666666664 32.833333333333336 18.0 12.5
14.333333333333334 26.333333333333332 33.833333333333336 15.0 13.333333333333334
13.666666666666668 31.166666666666664 33.0 16.2 11.666666666666668
15.0 29.333333333333332 37.0 16.400000000000002 12.0
14.333333333333334 28.0 38.33333333333333 17.8 12.5
12.833333333333334 26.666666666666668 33.833333333333336 17.6 12.0
15.0 27.666666666666664 37.166666666666664 16.0 13.333333333333334
12.333333333333334 27.5 34.5 16.2 13.5
15.333333333333332 26.666666666666668 35.0 17.4 12.666666666666666
14.333333333333334 29.5 38.16666666666667 15.4 14.0
13.833333333333332 29.5 34.5 15.0 11.833333333333332
15.666666666666666 26.166666666666668 34.0 17.2 15.5
14.333333333333334 31.333333333333332 37.166666666666664 13.6 13.166666666666666
16.5 28.166666666666668 35.5 17.6 14.333333333333334
15.5 26.166666666666668 35.833333333333336 17.6 12.5
14.166666666666666 28.333333333333332 36.166666666666664 15.4 12.5
12.166666666666666 31.833333333333332 36.166666666666664 15.6 14.5
12.333333333333334 26.833333333333336 31.833333333333332 13.2 11.833333333333332
14.166666666666666 29.833333333333332 35.0 16.6 15.833333333333334
14.5 28.333333333333332 35.0 17.0 13.5
16.5 28.5 33.5 17.4 15.0
16.0 30.333333333333332 37.5 15.4 13.0
14.666666666666666 27.5 36.5 16.2 13.666666666666668
16.666666666666668 27.166666666666664 32.33333333333333 18.599999999999998 12.666666666666666
15.333333333333332 30.0 36.333333333333336 16.6 13.833333333333332
14.333333333333334 30.0 39.33333333333333 18.0 13.0
14.833333333333334 25.333333333333332 35.666666666666664 14.0 11.0
13.833333333333332 28.0 36.0 16.8 12.5
13.333333333333334 29.333333333333332 38.16666666666667 16.0 12.0
15.0 31.166666666666664 36.333333333333336 16.2 11.166666666666666
14.333333333333334 27.833333333333336 35.166666666666664 16.0 15.0
15.333333333333332 31.0 37.333333333333336 15.8 11.166666666666666
15.0 26.5 36.833333333333336 14.8 13.166666666666666
15.5 26.166666666666668 33.5 16.400000000000002 15.166666666666666
17.0 27.333333333333336 34.333333333333336 16.0 14.333333333333334
14.5 31.333333333333332 35.166666666666664 14.8 12.166666666666666
14.5 28.0 33.666666666666664 15.8 11.666666666666668
13.166666666666666 29.666666666666668 36.333333333333336 17.0 13.0
14.5 29.166666666666668 35.666666666666664 18.8 12.166666666666666
13.833333333333332 28.0 35.666666666666664 17.2 14.166666666666666
14.833333333333334 28.666666666666668 33.0 17.2 12.833333333333334
14.666666666666666 28.333333333333332 34.666666666666664 15.2 13.0
12.5 29.166666666666668 35.5 14.8 12.666666666666666
15.0 30.666666666666664 34.5 17.0 11.166666666666666
13.333333333333334 28.5 37.166666666666664 14.0 13.166666666666666
15.0 27.833333333333336 38.33333333333333 17.2 13.5
11.5 28.666666666666668 35.333333333333336 18.2 12.5
15.0 30.5 36.0 19.0 11.666666666666668
16.166666666666664 24.5 34.5 14.200000000000001 12.333333333333334
14.333333333333334 31.166666666666664 34.833333333333336 15.0 14.5
16.5 31.5 33.833333333333336 17.2 12.166666666666666
15.5 27.666666666666664 34.166666666666664 17.6 12.5
14.333333333333334 28.0 36.833333333333336 17.6 13.333333333333334
15.0 30.0 34.0 16.6 13.0
15.166666666666666 30.5 35.833333333333336 15.6 12.833333333333334
14.666666666666666 26.5 36.5 15.4 10.833333333333334
13.333333333333334 28.666666666666668 33.5 17.6 13.0
