83.66666666666667 82.19999999999999 81.5 84.3 85.66666666666667
85.22222222222223 82.19999999999999 82.0 85.5 84.55555555555556
83.44444444444444 82.9 81.0 83.0 85.11111111111111
84.22222222222223 82.9 83.125 84.9 85.11111111111111
83.22222222222223 82.10000000000001 81.375 84.0 85.22222222222223
84.33333333333333 81.69999999999999 83.5 84.8 84.77777777777777
83.55555555555554 80.8 80.5 84.0 85.33333333333333
85.22222222222223 82.19999999999999 82.25 84.9 85.77777777777777
84.11111111111111 81.0 82.25 83.8 84.11111111111111
83.77777777777779 81.9 82.875 84.4 84.88888888888889
83.66666666666667 81.9 81.625 85.0 86.66666666666667
84.11111111111111 81.4 80.875 84.3 85.22222222222223
84.11111111111111 82.0 81.375 84.1 84.11111111111111
83.66666666666667 80.9 81.125 83.6 84.55555555555556
83.22222222222223 81.10000000000001 82.0 83.9 84.44444444444444
83.66666666666667 81.0 81.75 84.9 85.55555555555556
83.88888888888889 80.69999999999999 82.375 85.4 86.22222222222223
83.22222222222223 80.19999999999999 81.75 83.2 84.55555555555556
83.55555555555554 80.69999999999999 80.375 84.9 84.66666666666667
85.11111111111111 81.4 82.625 84.6 85.22222222222223
83.77777777777779 81.69999999999999 81.5 84.4 85.11111111111111
84.44444444444444 82.69999999999999 82.75 84.9 85.88888888888889
84.22222222222223 81.8 82.5 85.1 85.55555555555556
83.77777777777779 80.10000000000001 80.625 83.6 85.0
84.55555555555556 81.19999999999999 83.0 84.8 85.66666666666667
83.22222222222223 80.60000000000001 81.5 84.2 83.55555555555554
84.77777777777777 80.0 81.625 85.2 84.88888888888889
84.77777777777777 82.4 83.0 84.2 85.55555555555556
83.66666666666667 82.4 82.875 84.2 85.33333333333333
84.11111111111111 81.10000000000001 81.0 85.1 85.22222222222223
84.11111111111111 82.10000000000001 82.375 84.8 84.66666666666667
84.66666666666667 81.3 82.625 85.7 85.33333333333333
83.77777777777779 80.9 80.5 84.0 84.77777777777777
85.0 80.9 80.375 85.2 85.66666666666667
83.88888888888889 79.39999999999999 81.25 83.8 84.33333333333333
84.22222222222223 79.69999999999999 80.25 84.0 84.55555555555556
84.33333333333333 80.4 81.125 84.6 85.33333333333333
84.11111111111111 79.69999999999999 80.75 83.5 85.11111111111111
85.22222222222223 80.60000000000001 81.375 84.9 85.22222222222223
83.22222222222223 79.3 79.5 84.8 84.66666666666667
83.77777777777779 80.10000000000001 80.625 84.1 84.77777777777777
84.22222222222223 80.5 80.5 84.3 84.77777777777777
82.88888888888889 79.9 82.25 84.9 84.44444444444444
82.88888888888889 80.5 80.5 84.3 84.55555555555556
85.44444444444444 79.8 82.0 84.6 83.44444444444444
84.44444444444444 81.19999999999999 81.625 83.9 84.77777777777777
84.44444444444444 80.5 80.375 83.6 84.66666666666667
84.0 80.10000000000001 80.375 84.2 84.44444444444444
84.55555555555556 79.8 81.5 84.1 83.55555555555554
83.44444444444444 80.69999999999999 81.75 83.7 84.88888888888889
84.77777777777777 79.3 82.625 84.2 85.11111111111111
83.22222222222223 79.60000000000001 81.375 84.6 85.66666666666667
83.88888888888889 79.10000000000001 81.5 84.7 85.55555555555556
83.77777777777779 80.19999999999999 81.5 84.3 85.11111111111111
84.55555555555556 79.69999999999999 80.5 85.3 85.88888888888889
84.33333333333333 79.5 81.125 85.2 86.22222222222223
83.66666666666667 78.39999999999999 80.25 84.1 85.11111111111111
84.33333333333333 80.19999999999999 81.25 84.1 84.88888888888889
84.33333333333333 79.0 81.625 85.6 85.22222222222223
83.44444444444444 79.39999999999999 81.25 85.1 84.33333333333333
84.0 79.69999999999999 81.375 85.2 85.11111111111111
83.55555555555554 77.89999999999999 81.125 83.6 84.0
82.77777777777779 77.0 80.875 84.5 85.77777777777777
84.22222222222223 78.39999999999999 82.0 85.1 85.22222222222223
83.77777777777779 77.5 80.75 83.9 85.0
84.22222222222223 77.89999999999999 81.125 85.4 85.77777777777777
85.11111111111111 78.0 81.0 84.2 85.33333333333333
84.0 78.5 81.0 84.6 85.66666666666667
83.22222222222223 77.39999999999999 80.375 84.1 85.0
84.11111111111111 77.3 80.375 85.1 84.55555555555556
84.44444444444444 76.7 80.625 85.4 84.88888888888889
84.44444444444444 76.2 80.25 85.5 85.0
84.22222222222223 76.2 80.625 84.2 84.44444444444444
83.66666666666667 75.6 79.625 84.0 85.55555555555556
84.0 76.7 80.5 84.6 85.55555555555556
84.44444444444444 74.89999999999999 79.75 85.2 85.22222222222223
83.33333333333333 76.0 79.375 83.8 84.33333333333333
83.11111111111111 75.5 80.5 84.5 85.55555555555556
84.0 74.39999999999999 80.375 83.9 84.55555555555556
83.33333333333333 76.0 82.25 85.9 85.55555555555556
84.11111111111111 74.30000000000001 80.125 84.7 85.33333333333333
83.33333333333333 74.5 80.625 85.0 85.22222222222223
84.44444444444444 72.8 78.875 84.5 83.55555555555554
83.0 73.2 80.125 84.5 84.66666666666667
84.55555555555556 73.6 79.125 84.8 84.55555555555556
83.44444444444444 71.0 77.375 83.6 84.44444444444444
83.0 72.5 78.375 84.1 84.66666666666667
83.11111111111111 72.6 79.5 83.9 83.88888888888889
83.88888888888889 69.5 79.625 84.9 83.77777777777779
83.0 70.4 78.5 83.3 84.66666666666667
82.44444444444444 69.4 79.375 84.5 84.0
84.33333333333333 69.4 78.0 84.1 84.33333333333333
84.11111111111111 69.1 79.375 85.1 85.88888888888889
83.11111111111111 68.3 77.0 84.2 84.66666666666667
83.66666666666667 68.6 79.875 84.8 85.55555555555556
83.88888888888889 69.5 78.875 84.7 86.0
84.11111111111111 69.1 79.625 85.3 85.33333333333333
83.33333333333333 65.60000000000001 77.875 84.1 86.11111111111111
83.33333333333333 65.9 78.0 84.8 85.11111111111111
83.22222222222223 66.4 78.0 83.6 86.0
83.55555555555554 67.2 77.25 84.8 84.88888888888889
80.55555555555556 80.4 80.5 80.8 81.55555555555556
82.55555555555554 81.3 81.5 81.69999999999999 82.1111111111111
80.55555555555556 80.9 81.0 82.19999999999999 82.22222222222223
82.1111111111111 81.9 82.375 83.1 81.44444444444444
84.44444444444444 64.3 79.375 86.1 85.11111111111111
81.44444444444444 81.60000000000001 82.25 82.5 82.22222222222223
82.22222222222223 81.0 80.0 82.19999999999999 81.1111111111111
82.22222222222223 80.4 80.875 82.5 82.22222222222223
81.22222222222223 81.8 81.375 82.4 80.33333333333334
85.55555555555556 71.4 76.875 85.8 85.55555555555556
82.0 80.5 81.125 82.3 81.55555555555556
81.77777777777779 81.0 81.125 82.4 81.33333333333333
81.1111111111111 80.0 80.75 81.3 80.66666666666666
81.77777777777779 82.3 81.625 82.0 81.44444444444444
83.55555555555554 63.1 77.375 84.5 84.77777777777777
81.44444444444444 81.5 81.375 81.0 81.22222222222223
81.88888888888889 80.10000000000001 80.5 81.9 81.22222222222223
81.77777777777779 81.10000000000001 81.75 83.5 81.88888888888889
80.1111111111111 80.69999999999999 81.25 81.10000000000001 80.88888888888889
83.88888888888889 69.5 76.0 84.4 85.33333333333333
82.22222222222223 81.19999999999999 81.0 81.19999999999999 82.55555555555554
81.77777777777779 80.8 81.375 82.5 82.44444444444444
82.0 80.60000000000001 81.125 81.3 81.88888888888889
81.77777777777779 81.0 81.5 82.0 80.77777777777779
82.88888888888889 80.9 81.125 81.8 82.88888888888889
82.0 81.5 80.375 81.9 81.1111111111111
82.22222222222223 81.0 82.375 82.69999999999999 81.1111111111111
82.33333333333333 79.60000000000001 80.75 81.4 80.55555555555556
81.0 80.69999999999999 80.875 80.9 81.44444444444444
81.22222222222223 80.9 81.0 81.3 81.1111111111111
84.66666666666667 70.4 75.125 85.5 85.22222222222223
83.44444444444444 70.3 75.0 83.9 84.11111111111111
84.44444444444444 71.2 76.0 85.0 85.22222222222223
85.11111111111111 70.9 74.5 85.4 85.55555555555556
85.0 70.1 74.75 84.7 85.22222222222223
83.44444444444444 70.7 75.5 85.6 84.88888888888889
84.44444444444444 71.0 76.125 85.9 85.55555555555556
83.22222222222223 71.1 77.125 85.4 84.33333333333333
83.88888888888889 71.5 76.375 84.4 84.55555555555556
84.77777777777777 71.3 75.25 85.8 85.44444444444444
84.88888888888889 70.6 74.875 85.1 86.55555555555556
84.11111111111111 72.4 76.5 85.7 86.55555555555556
83.66666666666667 69.9 75.25 85.1 84.88888888888889
84.22222222222223 70.7 75.5 85.3 85.11111111111111
83.22222222222223 70.1 75.375 85.3 85.0
84.66666666666667 72.8 75.5 84.6 86.33333333333333
83.66666666666667 70.7 75.375 85.4 85.0
84.44444444444444 71.3 76.625 85.3 84.11111111111111
85.0 72.1 77.25 86.7 85.66666666666667
84.77777777777777 72.8 75.25 84.8 85.11111111111111
85.55555555555556 70.8 75.0 85.6 84.77777777777777
84.66666666666667 72.1 74.75 85.1 86.11111111111111
84.77777777777777 71.7 75.625 85.4 84.66666666666667
84.44444444444444 70.3 74.625 85.1 85.44444444444444
84.66666666666667 72.0 75.375 85.9 85.66666666666667
85.22222222222223 70.9 74.75 86.1 85.44444444444444
84.88888888888889 72.3 75.5 85.6 86.22222222222223
85.0 71.1 76.875 85.7 85.44444444444444
84.22222222222223 73.2 76.375 85.8 85.44444444444444
84.22222222222223 69.5 74.0 85.5 83.77777777777779
85.88888888888889 71.7 74.5 86.4 85.66666666666667
84.44444444444444 71.2 75.375 85.5 85.11111111111111
85.11111111111111 70.5 74.75 85.9 84.88888888888889
85.33333333333333 70.6 74.75 86.8 85.0
83.55555555555554 71.2 72.0 84.9 84.77777777777777
84.66666666666667 70.7 75.0 86.0 86.55555555555556
85.55555555555556 73.80000000000001 74.75 86.1 86.88888888888889
85.0 72.3 73.75 85.6 85.66666666666667
84.88888888888889 71.9 74.875 86.5 86.22222222222223
85.11111111111111 70.9 75.125 85.8 85.22222222222223
84.11111111111111 70.8 74.0 86.1 85.44444444444444
84.77777777777777 70.5 74.5 85.8 86.77777777777777
84.66666666666667 73.0 73.0 85.7 85.0
83.88888888888889 70.4 73.125 84.8 85.11111111111111
84.33333333333333 71.7 72.75 85.8 86.0
84.77777777777777 70.9 71.375 85.2 84.33333333333333
85.22222222222223 73.2 73.0 87.2 85.55555555555556
85.55555555555556 70.4 74.25 85.8 85.22222222222223
85.22222222222223 72.1 72.125 86.6 87.44444444444444
85.55555555555556 71.2 72.25 86.4 85.44444444444444
84.77777777777777 70.3 71.625 86.5 85.77777777777777
85.55555555555556 70.5 72.0 86.1 86.55555555555556
84.66666666666667 72.7 70.5 85.5 85.77777777777777
84.33333333333333 71.5 71.25 86.5 84.88888888888889
84.66666666666667 72.2 71.875 85.8 85.77777777777777
85.33333333333333 70.8 70.5 87.0 87.11111111111111
85.0 70.3 69.125 86.4 84.88888888888889
85.66666666666667 71.6 71.625 85.9 86.0
85.66666666666667 71.9 70.875 86.6 86.77777777777777
85.44444444444444 72.4 72.125 86.5 85.88888888888889
84.33333333333333 71.8 70.875 86.4 86.33333333333333
84.33333333333333 71.0 71.125 86.3 86.88888888888889
84.11111111111111 70.9 71.125 86.1 85.55555555555556
86.22222222222223 72.4 70.875 87.1 85.77777777777777
85.33333333333333 71.8 70.625 86.7 86.77777777777777
84.44444444444444 72.1 70.0 86.5 85.66666666666667
86.11111111111111 72.9 70.875 87.1 86.33333333333333
84.44444444444444 71.9 70.125 85.5 85.0
84.77777777777777 70.8 69.5 86.5 85.77777777777777
84.77777777777777 70.9 69.875 86.6 86.22222222222223
85.22222222222223 70.9 70.5 86.6 86.77777777777777
84.77777777777777 72.1 72.0 86.5 86.55555555555556
84.66666666666667 70.6 68.75 86.7 85.88888888888889
85.77777777777777 72.8 70.75 86.9 86.11111111111111
85.88888888888889 72.4 70.0 88.0 87.0
85.44444444444444 71.1 71.5 87.1 85.33333333333333
84.66666666666667 71.5 69.875 86.6 86.0
86.22222222222223 72.5 70.625 87.6 86.55555555555556
84.11111111111111 71.1 68.625 85.8 85.44444444444444
85.66666666666667 73.2 70.125 86.8 86.22222222222223
86.33333333333333 72.2 70.5 87.4 86.66666666666667
84.77777777777777 72.8 71.125 86.6 86.77777777777777
85.77777777777777 72.7 71.125 86.8 85.77777777777777
85.55555555555556 71.5 69.5 87.7 87.22222222222223
86.0 73.4 69.125 87.3 85.55555555555556
86.22222222222223 72.2 70.625 87.7 87.66666666666667
85.44444444444444 73.89999999999999 72.25 87.5 87.44444444444444
85.55555555555556 71.1 70.875 87.1 85.88888888888889
85.77777777777777 72.1 70.125 87.4 85.77777777777777
86.11111111111111 71.9 72.25 87.6 86.33333333333333
86.22222222222223 71.8 70.0 86.7 86.44444444444444
86.11111111111111 72.6 69.125 87.8 87.77777777777777
85.88888888888889 71.8 70.875 87.0 86.33333333333333
85.88888888888889 72.7 70.5 86.7 86.44444444444444
85.44444444444444 70.9 69.5 87.0 86.33333333333333
85.44444444444444 72.9 71.0 87.7 86.66666666666667
86.44444444444444 70.8 69.875 86.5 86.44444444444444
86.0 71.3 70.25 87.1 86.55555555555556
84.33333333333333 70.3 69.625 86.9 85.44444444444444
