16.400000000000002 29.333333333333332 31.5 16.666666666666668 11.5
18.0 28.0 36.333333333333336 16.666666666666668 14.333333333333334
19.400000000000002 30.0 33.333333333333336 15.5 12.166666666666666
15.8 32.833333333333336 31.5 12.333333333333334 10.833333333333334
16.0 31.0 30.333333333333332 14.333333333333334 15.0
15.4 30.666666666666664 31.0 15.166666666666666 16.166666666666664
16.6 27.0 29.0 12.666666666666666 12.666666666666666
16.8 28.5 34.333333333333336 14.5 13.166666666666666
15.4 30.666666666666664 33.0 13.333333333333334 13.166666666666666
14.6 28.666666666666668 30.166666666666668 15.0 12.5
19.599999999999998 28.5 30.833333333333336 14.833333333333334 12.166666666666666
13.2 28.0 30.833333333333336 16.5 12.5
15.0 28.5 31.833333333333332 15.0 15.833333333333334
17.8 29.166666666666668 32.33333333333333 16.333333333333332 12.333333333333334
13.4 28.166666666666668 31.166666666666664 15.333333333333332 15.333333333333332
14.6 31.0 33.666666666666664 16.5 12.0
14.200000000000001 27.666666666666664 31.666666666666668 18.166666666666668 12.833333333333334
16.2 28.666666666666668 29.166666666666668 14.833333333333334 13.0
15.4 27.833333333333336 29.5 19.0 10.833333333333334
15.0 27.166666666666664 32.666666666666664 16.5 13.666666666666668
14.6 29.0 31.0 15.666666666666666 12.833333333333334
18.0 30.0 34.0 14.166666666666666 14.0
17.6 30.666666666666664 32.833333333333336 14.666666666666666 13.166666666666666
15.4 27.333333333333336 31.0 17.5 11.833333333333332
19.400000000000002 30.166666666666668 29.5 14.166666666666666 13.166666666666666
17.2 28.833333333333332 30.166666666666668 12.666666666666666 14.666666666666666
15.6 30.333333333333332 34.5 14.166666666666666 12.5
16.2 30.0 30.833333333333336 14.833333333333334 14.833333333333334
15.8 30.5 31.166666666666664 15.5 14.333333333333334
14.0 29.5 31.833333333333332 13.333333333333334 14.166666666666666
17.2 31.333333333333332 32.0 16.333333333333332 13.5
15.0 31.166666666666664 31.333333333333332 16.333333333333332 12.833333333333334
13.6 29.333333333333332 33.833333333333336 15.0 11.5
16.6 29.666666666666668 33.666666666666664 16.5 14.0
13.799999999999999 26.833333333333336 32.33333333333333 13.833333333333332 13.666666666666668
16.2 27.166666666666664 30.5 14.833333333333334 13.666666666666668
16.6 30.333333333333332 31.333333333333332 15.333333333333332 15.166666666666666
13.799999999999999 29.333333333333332 32.833333333333336 18.0 13.0
14.4 30.5 32.833333333333336 16.0 14.333333333333334
16.8 30.5 28.5 14.333333333333334 13.5
14.0 28.166666666666668 32.5 14.333333333333334 14.833333333333334
16.0 27.666666666666664 32.0 16.166666666666664 15.0
15.8 27.833333333333336 33.333333333333336 13.166666666666666 13.333333333333334
15.4 28.166666666666668 33.333333333333336 14.0 12.666666666666666
15.8 33.666666666666664 34.833333333333336 14.666666666666666 14.0
15.6 31.5 31.833333333333332 15.666666666666666 11.833333333333332
17.8 30.5 31.0 14.0 13.5
14.8 27.666666666666664 32.666666666666664 16.833333333333332 15.0
16.400000000000002 30.166666666666668 32.16666666666667 16.333333333333332 12.666666666666666
15.6 31.833333333333332 32.5 18.666666666666668 11.5
18.4 29.333333333333332 28.333333333333332 16.5 13.5
12.8 26.666666666666668 32.16666666666667 14.5 13.666666666666668
13.0 29.0 30.333333333333332 13.333333333333334 14.333333333333334
15.4 31.333333333333332 29.666666666666668 18.166666666666668 13.0
16.2 25.166666666666668 33.833333333333336 16.5 11.333333333333334
17.8 28.0 33.333333333333336 14.0 11.666666666666668
16.0 30.666666666666664 32.833333333333336 12.833333333333334 14.333333333333334
14.0 29.5 31.333333333333332 15.5 12.166666666666666
18.0 29.666666666666668 30.666666666666664 12.5 11.833333333333332
16.400000000000002 30.666666666666664 35.666666666666664 15.0 16.0
15.4 28.5 33.833333333333336 14.0 11.833333333333332
17.0 27.833333333333336 30.666666666666664 15.5 12.333333333333334
13.6 28.833333333333332 31.333333333333332 15.166666666666666 14.333333333333334
17.8 30.166666666666668 32.0 18.333333333333332 12.833333333333334
12.6 29.666666666666668 33.166666666666664 15.5 13.333333333333334
19.8 24.666666666666668 33.166666666666664 17.666666666666668 18.833333333333332
14.8 33.333333333333336 34.166666666666664 18.333333333333332 12.833333333333334
15.2 33.833333333333336 34.833333333333336 15.166666666666666 16.5
17.4 28.5 31.5 15.5 15.333333333333332
14.200000000000001 27.833333333333336 34.0 17.5 14.833333333333334
15.8 29.833333333333332 37.83333333333333 15.666666666666666 13.333333333333334
17.2 31.0 31.333333333333332 15.666666666666666 12.666666666666666
14.4 32.833333333333336 31.166666666666664 17.333333333333332 11.833333333333332
14.200000000000001 28.5 31.166666666666664 13.0 14.166666666666666
18.0 29.0 34.166666666666664 14.166666666666666 15.5
15.0 30.166666666666668 35.166666666666664 16.666666666666668 12.666666666666666
16.400000000000002 26.666666666666668 31.0 12.333333333333334 13.333333333333334
14.6 31.166666666666664 34.166666666666664 13.5 12.666666666666666
16.6 27.333333333333336 33.833333333333336 17.166666666666668 13.5
18.599999999999998 29.833333333333332 34.666666666666664 12.833333333333334 11.666666666666668
15.4 30.166666666666668 34.0 14.5 11.666666666666668
14.6 29.5 30.833333333333336 15.0 14.666666666666666
14.6 29.5 35.666666666666664 16.166666666666664 14.5
19.2 28.666666666666668 31.333333333333332 16.833333333333332 10.333333333333334
16.400000000000002 29.666666666666668 31.833333333333332 16.5 13.833333333333332
16.0 30.666666666666664 30.5 14.666666666666666 16.0
16.2 30.0 32.833333333333336 15.166666666666666 15.5
14.6 27.0 32.833333333333336 16.666666666666668 11.166666666666666
13.6 31.0 32.5 15.0 13.5
15.6 28.666666666666668 32.833333333333336 16.833333333333332 12.833333333333334
17.0 29.5 31.5 14.5 11.833333333333332
17.4 31.166666666666664 32.0 13.666666666666668 13.666666666666668
16.6 29.666666666666668 33.666666666666664 16.166666666666664 13.0
15.8 31.0 31.5 16.166666666666664 13.666666666666668
16.0 32.33333333333333 33.166666666666664 13.166666666666666 13.5
18.4 30.5 31.5 15.833333333333334 14.0
13.4 26.833333333333336 32.0 18.5 11.666666666666668
15.4 31.0 34.333333333333336 16.166666666666664 12.666666666666666
17.8 29.333333333333332 32.666666666666664 14.333333333333334 13.0
13.2 30.0 33.166666666666664 17.0 13.333333333333334
13.799999999999999 29.833333333333332 33.833333333333336 15.666666666666666 14.666666666666666
13.6 14.5 15.333333333333332 15.5 17.0
15.2 15.5 15.833333333333334 17.5 15.833333333333334
15.8 16.5 20.166666666666664 12.333333333333334 13.666666666666668
18.8 15.833333333333334 14.5 16.0 18.166666666666668
15.8 27.0 35.0 17.833333333333332 14.5
15.6 16.5 15.333333333333332 14.5 15.333333333333332
12.8 16.333333333333332 14.333333333333334 14.833333333333334 16.0
13.6 15.5 17.0 15.166666666666666 14.666666666666666
14.4 14.666666666666666 16.666666666666668 17.666666666666668 14.0
16.8 28.666666666666668 34.166666666666664 13.5 13.5
12.6 16.666666666666668 14.166666666666666 14.5 13.833333333333332
13.799999999999999 16.666666666666668 15.333333333333332 17.0 18.333333333333332
16.0 14.833333333333334 14.5 14.333333333333334 13.666666666666668
16.2 15.166666666666666 13.666666666666668 16.166666666666664 15.666666666666666
15.8 30.5 35.0 14.0 16.0
14.0 15.333333333333332 15.833333333333334 16.166666666666664 13.666666666666668
13.2 12.666666666666666 14.5 15.666666666666666 16.166666666666664
17.2 15.166666666666666 13.333333333333334 16.333333333333332 14.166666666666666
16.8 17.333333333333332 14.666666666666666 10.333333333333334 14.333333333333334
18.0 27.666666666666664 34.333333333333336 17.0 14.833333333333334
17.0 15.333333333333332 15.166666666666666 18.833333333333332 12.833333333333334
15.4 13.833333333333332 17.166666666666668 14.166666666666666 18.166666666666668
15.6 15.166666666666666 15.333333333333332 15.333333333333332 16.5
14.6 16.0 16.833333333333332 15.166666666666666 15.666666666666666
16.0 13.0 13.833333333333332 14.666666666666666 17.333333333333332
12.0 14.666666666666666 14.666666666666666 15.333333333333332 16.5
17.6 15.666666666666666 12.5 13.0 13.5
17.0 16.333333333333332 15.833333333333334 14.166666666666666 16.333333333333332
11.2 14.166666666666666 14.5 16.0 17.0
15.0 14.666666666666666 15.166666666666666 15.833333333333334 13.833333333333332
13.2 27.0 37.5 16.166666666666664 15.166666666666666
17.6 27.333333333333336 33.333333333333336 15.333333333333332 12.666666666666666
13.6 26.333333333333332 37.5 14.5 13.833333333333332
17.4 25.666666666666668 36.333333333333336 19.333333333333336 12.833333333333334
12.200000000000001 25.166666666666668 36.833333333333336 15.0 15.666666666666666
11.4 25.666666666666668 37.83333333333333 15.333333333333332 9.833333333333332
13.6 28.0 37.0 15.333333333333332 15.0
16.8 29.166666666666668 37.0 12.5 12.0
14.0 26.666666666666668 34.5 15.666666666666666 15.5
17.6 28.166666666666668 35.833333333333336 18.333333333333332 13.333333333333334
14.8 27.0 40.0 15.333333333333332 13.166666666666666
15.4 26.666666666666668 38.33333333333333 14.5 13.333333333333334
15.6 25.166666666666668 38.16666666666667 13.333333333333334 13.333333333333334
14.8 26.166666666666668 33.666666666666664 17.0 13.833333333333332
13.799999999999999 26.166666666666668 40.5 14.166666666666666 12.5
18.599999999999998 25.666666666666668 36.833333333333336 17.333333333333332 13.666666666666668
15.4 25.333333333333332 39.33333333333333 12.5 13.166666666666666
15.6 25.5 41.166666666666664 14.166666666666666 11.5
17.0 23.5 40.16666666666667 14.666666666666666 11.5
13.2 26.166666666666668 38.33333333333333 15.666666666666666 13.0
13.799999999999999 24.0 37.666666666666664 14.5 11.166666666666666
15.8 26.666666666666668 39.0 18.166666666666668 12.833333333333334
15.4 24.833333333333332 36.0 15.0 15.666666666666666
17.6 27.333333333333336 38.66666666666667 16.0 13.166666666666666
14.6 25.166666666666668 38.66666666666667 16.666666666666668 14.166666666666666
16.2 25.666666666666668 38.0 13.666666666666668 14.5
12.4 26.833333333333336 37.166666666666664 15.166666666666666 13.0
17.2 29.666666666666668 36.166666666666664 16.333333333333332 10.666666666666666
13.6 28.833333333333332 37.166666666666664 15.333333333333332 14.666666666666666
15.4 24.0 40.0 17.666666666666668 12.5
14.0 27.0 40.5 16.833333333333332 14.666666666666666
15.4 26.5 39.33333333333333 14.833333333333334 14.333333333333334
15.8 24.166666666666668 41.5 17.0 12.0
15.4 25.833333333333332 38.83333333333333 17.166666666666668 12.166666666666666
14.4 26.333333333333332 41.666666666666664 17.0 12.833333333333334
18.599999999999998 25.5 39.16666666666667 14.666666666666666 14.166666666666666
15.0 26.0 40.16666666666667 15.333333333333332 13.666666666666668
16.6 28.0 39.83333333333333 17.0 9.833333333333332
14.200000000000001 27.5 41.666666666666664 17.666666666666668 14.0
15.4 25.333333333333332 37.333333333333336 15.666666666666666 13.166666666666666
15.6 27.0 41.333333333333336 17.0 10.166666666666666
16.400000000000002 28.833333333333332 41.833333333333336 14.666666666666666 11.166666666666666
15.6 26.666666666666668 41.666666666666664 15.833333333333334 12.666666666666666
17.0 23.666666666666664 41.166666666666664 16.333333333333332 13.666666666666668
15.0 29.666666666666668 42.333333333333336 15.333333333333332 11.333333333333334
15.0 27.0 40.16666666666667 16.5 11.333333333333334
14.4 27.0 45.66666666666667 17.833333333333332 12.833333333333334
14.6 24.666666666666668 44.166666666666664 14.333333333333334 11.166666666666666
14.0 28.0 41.333333333333336 16.833333333333332 13.333333333333334
14.4 27.166666666666664 39.66666666666667 16.0 14.166666666666666
16.6 24.833333333333332 47.0 13.333333333333334 12.666666666666666
15.8 25.333333333333332 43.0 12.333333333333334 13.666666666666668
13.0 28.0 41.833333333333336 13.5 12.166666666666666
15.8 26.0 43.166666666666664 15.333333333333332 14.333333333333334
17.0 25.666666666666668 43.666666666666664 15.166666666666666 11.666666666666668
16.0 28.333333333333332 45.66666666666667 17.166666666666668 11.0
15.6 26.5 44.5 17.666666666666668 12.833333333333334
17.4 28.666666666666668 43.0 17.5 14.5
12.6 26.333333333333332 45.166666666666664 17.333333333333332 14.0
13.6 25.166666666666668 43.333333333333336 13.666666666666668 12.833333333333334
13.799999999999999 26.333333333333332 44.333333333333336 14.5 12.166666666666666
11.2 26.666666666666668 44.0 18.0 12.666666666666666
12.8 26.666666666666668 46.16666666666667 13.833333333333332 13.0
17.2 28.166666666666668 43.833333333333336 15.0 13.5
14.0 28.166666666666668 45.5 16.166666666666664 12.333333333333334
15.6 28.0 47.16666666666667 18.333333333333332 12.5
15.8 29.833333333333332 43.333333333333336 15.5 11.166666666666666
11.4 28.0 42.5 15.833333333333334 12.5
16.0 29.333333333333332 46.16666666666667 14.5 13.666666666666668
12.6 28.5 45.166666666666664 17.0 12.0
15.8 25.666666666666668 44.833333333333336 16.5 12.333333333333334
15.0 28.333333333333332 41.833333333333336 17.0 12.166666666666666
13.6 27.5 47.16666666666667 14.833333333333334 13.0
13.2 31.0 41.666666666666664 17.333333333333332 13.0
13.6 29.166666666666668 48.666666666666664 17.666666666666668 12.166666666666666
17.0 25.5 46.33333333333333 14.666666666666666 13.166666666666666
13.6 28.833333333333332 44.0 14.833333333333334 11.5
17.4 29.166666666666668 47.33333333333333 16.166666666666664 14.166666666666666
11.799999999999999 29.5 42.666666666666664 16.333333333333332 11.5
14.200000000000001 27.0 48.16666666666667 14.833333333333334 13.833333333333332
11.6 26.5 46.5 18.333333333333332 13.333333333333334
16.400000000000002 29.666666666666668 44.666666666666664 18.166666666666668 11.333333333333334
14.6 30.5 42.333333333333336 20.333333333333332 12.666666666666666
14.0 26.333333333333332 46.16666666666667 17.166666666666668 13.0
13.799999999999999 26.666666666666668 43.666666666666664 18.5 13.666666666666668
13.4 27.333333333333336 45.5 17.166666666666668 12.166666666666666
15.2 27.166666666666664 45.83333333333333 16.0 12.833333333333334
15.0 27.166666666666664 45.333333333333336 16.333333333333332 11.0
16.0 25.666666666666668 46.33333333333333 16.833333333333332 10.0
16.400000000000002 28.333333333333332 45.333333333333336 15.5 12.166666666666666
16.2 30.333333333333332 46.0 15.333333333333332 14.5
13.799999999999999 29.166666666666668 45.166666666666664 17.166666666666668 12.5
16.400000000000002 28.333333333333332 46.33333333333333 17.666666666666668 14.0
13.0 28.333333333333332 44.5 14.333333333333334 14.5
15.0 24.333333333333332 46.33333333333333 16.5 14.0
15.0 26.666666666666668 45.0 19.5 13.166666666666666
13.4 26.166666666666668 44.833333333333336 15.166666666666666 13.5
15.8 28.333333333333332 47.16666666666667 12.5 11.166666666666666
15.0 24.833333333333332 44.666666666666664 13.5 10.833333333333334
