9.86206896551724 17.814814814814813 15.299999999999999 9.25925925925926 9.333333333333334
10.655172413793103 17.22222222222222 14.633333333333333 9.962962962962964 9.444444444444445
9.689655172413794 16.296296296296294 15.733333333333333 9.11111111111111 9.037037037037038
11.06896551724138 18.40740740740741 17.433333333333334 10.333333333333334 8.444444444444443
9.517241379310345 17.555555555555557 15.566666666666666 11.074074074074074 9.666666666666668
10.482758620689657 17.814814814814813 16.23333333333333 9.962962962962964 8.333333333333334
10.862068965517242 17.333333333333332 16.866666666666664 10.407407407407407 9.703703703703704
10.10344827586207 17.444444444444443 17.133333333333333 10.25925925925926 9.814814814814815
10.275862068965518 16.666666666666668 16.366666666666667 11.074074074074074 8.74074074074074
10.137931034482758 17.48148148148148 17.066666666666666 9.074074074074074 8.962962962962962
11.413793103448276 16.888888888888886 18.833333333333332 9.11111111111111 9.481481481481481
10.241379310344827 15.88888888888889 16.5 9.296296296296296 9.185185185185185
10.0 16.48148148148148 17.366666666666667 10.925925925925926 8.592592592592593
11.034482758620689 17.666666666666668 16.96666666666667 11.037037037037036 10.11111111111111
9.965517241379311 17.22222222222222 17.633333333333333 9.11111111111111 8.851851851851851
9.793103448275861 17.11111111111111 15.766666666666666 10.296296296296296 8.703703703703702
9.724137931034482 18.629629629629626 16.400000000000002 10.25925925925926 9.962962962962964
10.413793103448276 17.0 15.5 9.814814814814815 8.296296296296296
10.275862068965518 17.444444444444443 18.266666666666666 10.185185185185187 9.185185185185185
10.344827586206897 18.40740740740741 16.833333333333332 9.925925925925927 10.0
11.06896551724138 17.0 15.733333333333333 9.888888888888888 9.444444444444445
10.862068965517242 17.22222222222222 15.100000000000001 7.407407407407407 9.37037037037037
10.344827586206897 18.296296296296298 17.433333333333334 9.407407407407408 8.518518518518519
9.86206896551724 16.11111111111111 16.9 10.703703703703702 8.296296296296296
10.517241379310345 18.74074074074074 14.9 10.88888888888889 9.518518518518519
10.448275862068964 16.62962962962963 17.166666666666668 8.962962962962962 9.444444444444445
9.586206896551724 18.074074074074076 15.8 8.925925925925926 10.555555555555555
9.965517241379311 18.0 15.8 10.222222222222223 9.851851851851851
10.310344827586206 18.59259259259259 16.299999999999997 9.703703703703704 8.518518518518519
10.931034482758621 17.11111111111111 17.666666666666668 8.777777777777779 9.37037037037037
10.793103448275863 17.74074074074074 16.400000000000002 9.0 8.25925925925926
10.931034482758621 18.48148148148148 17.533333333333335 10.296296296296296 9.037037037037038
10.586206896551724 16.074074074074073 16.833333333333332 10.037037037037036 8.925925925925926
10.413793103448276 17.48148148148148 15.6 8.814814814814815 9.074074074074074
9.586206896551724 18.37037037037037 16.433333333333334 10.333333333333334 9.703703703703704
10.96551724137931 16.555555555555557 16.866666666666664 9.37037037037037 10.925925925925926
10.724137931034482 15.962962962962964 17.333333333333332 9.666666666666668 10.37037037037037
9.689655172413794 17.37037037037037 16.866666666666664 9.925925925925927 10.444444444444443
10.931034482758621 17.37037037037037 15.5 10.074074074074074 8.925925925925926
10.517241379310345 19.74074074074074 15.6 9.148148148148149 8.518518518518519
10.10344827586207 18.074074074074076 16.666666666666668 10.851851851851853 9.962962962962964
10.310344827586206 16.333333333333332 16.833333333333332 8.851851851851851 9.666666666666668
10.655172413793103 16.77777777777778 16.533333333333335 10.0 9.222222222222221
9.827586206896552 14.481481481481483 17.833333333333332 9.25925925925926 9.518518518518519
11.06896551724138 17.74074074074074 18.599999999999998 11.37037037037037 8.814814814814815
10.413793103448276 16.814814814814813 15.933333333333334 10.11111111111111 8.666666666666666
9.379310344827587 19.11111111111111 17.433333333333334 9.25925925925926 9.888888888888888
10.862068965517242 17.11111111111111 17.4 9.222222222222221 9.592592592592592
10.413793103448276 16.77777777777778 17.566666666666666 9.555555555555555 8.703703703703702
9.06896551724138 19.0 17.8 10.148148148148147 9.25925925925926
10.689655172413792 18.185185185185187 15.466666666666667 10.962962962962962 8.407407407407407
10.275862068965518 16.37037037037037 17.166666666666668 10.222222222222223 9.25925925925926
9.827586206896552 19.074074074074073 15.833333333333334 8.962962962962962 10.555555555555555
9.655172413793103 17.703703703703702 16.833333333333332 10.333333333333334 10.11111111111111
11.06896551724138 17.703703703703702 18.3 9.62962962962963 9.407407407407408
8.413793103448276 16.25925925925926 17.966666666666665 11.333333333333334 9.074074074074074
10.758620689655173 16.37037037037037 16.666666666666668 11.11111111111111 8.333333333333334
10.517241379310345 16.703703703703702 17.166666666666668 9.703703703703704 10.74074074074074
11.137931034482758 17.037037037037038 16.633333333333333 11.25925925925926 9.925925925925927
9.793103448275861 17.074074074074076 17.833333333333332 9.814814814814815 8.814814814814815
10.724137931034482 18.88888888888889 16.1 9.925925925925927 7.851851851851851
10.758620689655173 17.592592592592595 16.666666666666668 10.814814814814815 9.444444444444445
10.413793103448276 17.814814814814813 16.066666666666666 8.925925925925926 10.444444444444443
9.827586206896552 17.25925925925926 16.96666666666667 9.74074074074074 10.518518518518519
9.896551724137932 17.88888888888889 18.333333333333332 10.148148148148147 8.925925925925926
10.0 17.51851851851852 15.366666666666667 10.148148148148147 9.148148148148149
9.241379310344827 18.037037037037035 16.9 10.62962962962963 9.74074074074074
10.758620689655173 16.48148148148148 16.400000000000002 9.25925925925926 8.518518518518519
10.931034482758621 17.77777777777778 17.166666666666668 9.851851851851851 9.222222222222221
9.758620689655173 17.88888888888889 17.233333333333334 10.962962962962962 10.25925925925926
9.137931034482758 17.25925925925926 18.433333333333334 10.333333333333334 9.62962962962963
10.206896551724139 18.111111111111114 17.433333333333334 9.0 8.62962962962963
10.793103448275863 17.444444444444443 15.866666666666667 10.444444444444443 9.481481481481481
8.96551724137931 18.444444444444443 16.833333333333332 11.37037037037037 9.62962962962963
10.517241379310345 18.48148148148148 16.46666666666667 9.62962962962963 8.296296296296296
10.931034482758621 18.555555555555554 17.2 9.666666666666668 9.703703703703704
10.0 17.37037037037037 16.933333333333334 10.62962962962963 9.407407407407408
9.931034482758621 18.666666666666668 19.099999999999998 8.962962962962962 9.0
8.793103448275863 19.296296296296298 16.866666666666664 9.25925925925926 9.703703703703704
10.620689655172415 17.51851851851852 15.266666666666666 10.074074074074074 9.037037037037038
10.448275862068964 16.888888888888886 17.733333333333334 10.481481481481483 9.444444444444445
9.482758620689655 17.925925925925924 16.400000000000002 9.074074074074074 8.814814814814815
10.793103448275863 17.296296296296294 16.433333333333334 10.62962962962963 9.666666666666668
9.482758620689655 16.22222222222222 16.633333333333333 8.592592592592593 9.074074074074074
10.793103448275863 16.25925925925926 15.966666666666667 8.74074074074074 10.518518518518519
11.206896551724137 18.703703703703706 15.966666666666667 8.407407407407407 8.62962962962963
10.379310344827585 14.851851851851853 17.7 9.777777777777777 10.074074074074074
9.551724137931034 16.48148148148148 16.933333333333334 10.37037037037037 8.814814814814815
9.724137931034482 18.185185185185187 17.633333333333333 8.62962962962963 9.074074074074074
9.344827586206897 17.37037037037037 16.733333333333334 10.62962962962963 9.925925925925927
9.827586206896552 17.407407407407405 16.733333333333334 8.777777777777779 7.851851851851851
10.068965517241379 18.37037037037037 16.400000000000002 10.222222222222223 8.74074074074074
8.96551724137931 18.25925925925926 16.833333333333332 10.407407407407407 9.0
9.724137931034482 18.0 17.166666666666668 9.074074074074074 9.444444444444445
9.620689655172415 17.25925925925926 15.866666666666667 11.703703703703704 9.518518518518519
9.86206896551724 18.14814814814815 16.6 9.555555555555555 8.62962962962963
9.413793103448276 18.555555555555554 16.0 9.185185185185185 9.444444444444445
9.793103448275861 19.296296296296298 16.933333333333334 9.962962962962964 8.592592592592593
9.10344827586207 17.85185185185185 16.299999999999997 10.148148148148147 8.296296296296296
9.724137931034482 16.62962962962963 17.633333333333333 9.666666666666668 9.851851851851851
10.344827586206897 16.962962962962965 15.833333333333334 9.296296296296296 9.407407407407408
9.172413793103448 10.148148148148147 10.266666666666667 10.037037037037036 9.25925925925926
10.310344827586206 10.185185185185187 9.033333333333335 8.777777777777779 11.555555555555555
10.206896551724139 9.74074074074074 10.200000000000001 10.592592592592593 10.925925925925926
10.172413793103447 11.74074074074074 11.766666666666666 10.925925925925926 12.222222222222223
9.551724137931034 15.703703703703702 16.033333333333335 10.74074074074074 10.88888888888889
10.03448275862069 10.037037037037036 10.0 9.814814814814815 11.11111111111111
9.482758620689655 10.592592592592593 10.533333333333333 9.666666666666668 10.814814814814815
11.034482758620689 10.037037037037036 10.7 10.555555555555555 11.074074074074074
10.517241379310345 10.777777777777779 9.966666666666667 11.11111111111111 10.185185185185187
10.206896551724139 15.555555555555555 17.866666666666667 9.333333333333334 9.148148148148149
9.931034482758621 10.407407407407407 9.866666666666665 10.74074074074074 9.925925925925927
11.034482758620689 10.962962962962962 10.233333333333334 9.592592592592592 10.74074074074074
10.96551724137931 11.074074074074074 10.0 9.74074074074074 9.703703703703704
10.172413793103447 10.925925925925926 11.133333333333333 11.037037037037036 9.518518518518519
9.931034482758621 18.0 15.766666666666666 10.25925925925926 9.666666666666668
11.137931034482758 10.185185185185187 10.633333333333333 9.555555555555555 10.296296296296296
11.172413793103448 9.444444444444445 9.833333333333332 10.592592592592593 10.444444444444443
10.0 9.777777777777777 10.7 10.74074074074074 10.814814814814815
9.448275862068966 10.851851851851853 10.466666666666667 10.518518518518519 10.666666666666666
10.689655172413792 14.703703703703702 19.53333333333333 10.703703703703702 9.11111111111111
9.551724137931034 11.222222222222221 10.133333333333333 10.592592592592593 10.148148148148147
9.379310344827587 10.0 9.266666666666666 10.407407407407407 11.185185185185185
10.758620689655173 10.444444444444443 11.466666666666667 10.037037037037036 10.777777777777779
10.03448275862069 10.37037037037037 10.9 10.518518518518519 9.925925925925927
9.827586206896552 10.814814814814815 10.1 10.296296296296296 10.185185185185187
10.379310344827585 10.037037037037036 9.566666666666666 11.222222222222221 10.62962962962963
10.310344827586206 11.185185185185185 10.966666666666667 10.25925925925926 9.481481481481481
9.896551724137932 10.407407407407407 9.233333333333333 10.185185185185187 9.62962962962963
10.724137931034482 10.74074074074074 10.1 11.037037037037036 10.777777777777779
9.827586206896552 11.037037037037036 11.066666666666668 9.814814814814815 10.88888888888889
9.793103448275861 15.592592592592592 18.566666666666666 9.481481481481481 9.666666666666668
10.172413793103447 16.48148148148148 17.666666666666668 10.481481481481483 9.481481481481481
9.965517241379311 15.25925925925926 20.766666666666666 9.407407407407408 9.444444444444445
9.586206896551724 16.074074074074073 18.4 9.666666666666668 9.25925925925926
9.931034482758621 16.37037037037037 19.0 10.962962962962962 8.296296296296296
9.827586206896552 16.0 19.099999999999998 11.555555555555555 8.518518518518519
9.620689655172415 15.777777777777779 18.53333333333333 11.0 8.222222222222223
10.241379310344827 14.185185185185185 19.666666666666664 10.666666666666666 9.148148148148149
9.827586206896552 16.48148148148148 18.53333333333333 9.888888888888888 8.037037037037036
9.965517241379311 15.037037037037036 17.233333333333334 11.037037037037036 8.88888888888889
9.379310344827587 14.88888888888889 19.900000000000002 11.0 9.222222222222221
10.89655172413793 15.0 18.03333333333333 9.962962962962964 7.888888888888889
9.379310344827587 15.222222222222221 19.366666666666667 11.296296296296296 9.814814814814815
9.896551724137932 16.666666666666668 19.833333333333336 9.555555555555555 9.851851851851851
10.862068965517242 15.88888888888889 18.666666666666668 10.962962962962962 8.444444444444443
9.448275862068966 17.407407407407405 20.0 10.074074074074074 7.888888888888889
9.827586206896552 15.296296296296296 20.933333333333334 10.296296296296296 8.962962962962962
11.620689655172415 15.25925925925926 19.400000000000002 9.814814814814815 9.074074074074074
10.0 16.037037037037038 17.766666666666666 9.777777777777777 10.481481481481483
10.10344827586207 17.0 17.5 9.592592592592592 9.296296296296296
10.862068965517242 15.555555555555555 19.26666666666667 10.62962962962963 9.407407407407408
10.206896551724139 16.555555555555557 18.333333333333332 10.296296296296296 9.185185185185185
9.793103448275861 15.296296296296296 19.400000000000002 10.0 9.444444444444445
9.896551724137932 15.222222222222221 19.633333333333333 9.62962962962963 8.481481481481483
10.068965517241379 15.740740740740739 17.7 9.74074074074074 9.888888888888888
9.758620689655173 16.703703703703702 18.466666666666665 10.296296296296296 9.333333333333334
9.413793103448276 14.88888888888889 20.2 11.222222222222221 9.74074074074074
11.586206896551724 15.37037037037037 20.666666666666668 9.925925925925927 8.481481481481483
9.793103448275861 15.111111111111112 19.099999999999998 10.444444444444443 9.518518518518519
9.379310344827587 15.925925925925927 18.733333333333334 9.703703703703704 9.148148148148149
9.413793103448276 14.0 18.2 11.25925925925926 8.74074074074074
9.655172413793103 14.962962962962962 18.76666666666667 10.444444444444443 8.777777777777779
9.379310344827587 15.111111111111112 19.8 9.62962962962963 9.814814814814815
10.10344827586207 14.962962962962962 19.0 10.703703703703702 10.222222222222223
10.793103448275863 16.444444444444446 17.333333333333332 8.37037037037037 9.296296296296296
9.482758620689655 16.666666666666668 19.233333333333334 10.333333333333334 9.74074074074074
10.862068965517242 16.62962962962963 18.633333333333333 10.777777777777779 9.74074074074074
9.931034482758621 15.481481481481481 19.46666666666667 10.148148148148147 8.962962962962962
10.655172413793103 15.703703703703702 19.433333333333334 10.25925925925926 10.0
9.689655172413794 17.11111111111111 17.566666666666666 10.481481481481483 9.333333333333334
9.310344827586206 16.444444444444446 20.96666666666667 11.11111111111111 8.407407407407407
8.758620689655173 14.851851851851853 20.366666666666667 9.74074074074074 8.444444444444443
10.137931034482758 13.888888888888888 17.633333333333333 9.444444444444445 9.296296296296296
10.517241379310345 15.925925925925927 17.633333333333333 10.592592592592593 8.185185185185185
9.551724137931034 15.925925925925927 19.7 10.25925925925926 9.407407407407408
10.96551724137931 16.296296296296294 18.133333333333333 10.11111111111111 8.962962962962962
10.413793103448276 15.666666666666666 18.700000000000003 9.962962962962964 9.407407407407408
9.517241379310345 15.555555555555555 18.599999999999998 10.037037037037036 9.11111111111111
9.965517241379311 14.074074074074074 22.53333333333333 11.407407407407408 8.296296296296296
10.96551724137931 16.62962962962963 19.8 10.481481481481483 9.222222222222221
8.448275862068964 14.296296296296296 17.833333333333332 10.148148148148147 9.333333333333334
10.03448275862069 14.481481481481483 19.233333333333334 10.0 9.148148148148149
10.413793103448276 16.962962962962965 18.733333333333334 9.148148148148149 9.148148148148149
10.655172413793103 15.88888888888889 20.1 9.666666666666668 9.814814814814815
9.620689655172415 13.481481481481481 20.0 12.037037037037036 10.074074074074074
10.620689655172415 15.074074074074074 19.73333333333333 10.703703703703702 8.333333333333334
9.10344827586207 15.148148148148149 18.9 12.0 8.11111111111111
10.344827586206897 15.444444444444445 19.366666666666667 10.851851851851853 8.814814814814815
9.0 16.888888888888886 19.46666666666667 11.481481481481481 9.444444444444445
9.03448275862069 14.25925925925926 18.833333333333332 9.148148148148149 8.88888888888889
10.068965517241379 15.333333333333332 18.666666666666668 11.407407407407408 9.25925925925926
10.413793103448276 14.925925925925926 19.766666666666666 10.185185185185187 8.88888888888889
9.551724137931034 16.85185185185185 17.033333333333335 10.88888888888889 11.074074074074074
10.379310344827585 15.037037037037036 19.833333333333336 10.962962962962962 9.925925925925927
10.586206896551724 16.555555555555557 19.566666666666666 10.333333333333334 9.925925925925927
8.89655172413793 14.407407407407407 20.033333333333335 9.851851851851851 8.185185185185185
10.517241379310345 15.851851851851853 19.2 11.037037037037036 8.88888888888889
10.172413793103447 15.111111111111112 19.633333333333333 9.74074074074074 8.88888888888889
9.275862068965516 14.777777777777779 18.833333333333332 10.37037037037037 9.037037037037038
9.241379310344827 15.925925925925927 20.0 10.37037037037037 11.037037037037036
9.758620689655173 14.518518518518519 19.46666666666667 10.222222222222223 8.25925925925926
10.89655172413793 15.666666666666666 19.366666666666667 11.0 9.148148148148149
9.448275862068966 15.629629629629628 21.833333333333332 10.296296296296296 8.333333333333334
10.482758620689657 15.111111111111112 20.299999999999997 10.25925925925926 10.0
9.517241379310345 15.037037037037036 20.1 11.0 9.444444444444445
11.137931034482758 16.666666666666668 19.333333333333336 10.296296296296296 9.925925925925927
10.482758620689657 15.148148148148149 18.53333333333333 9.666666666666668 9.703703703703704
10.517241379310345 14.814814814814815 20.333333333333332 10.851851851851853 9.407407407407408
10.0 16.444444444444446 18.433333333333334 10.444444444444443 9.666666666666668
10.689655172413792 15.481481481481481 20.8 10.185185185185187 8.62962962962963
8.551724137931036 15.444444444444445 18.3 12.592592592592593 8.62962962962963
9.689655172413794 14.74074074074074 17.833333333333332 10.74074074074074 9.037037037037038
10.586206896551724 15.481481481481481 19.099999999999998 10.703703703703702 9.222222222222221
9.793103448275861 15.481481481481481 20.96666666666667 9.666666666666668 8.703703703703702
9.379310344827587 15.296296296296296 19.900000000000002 10.481481481481483 8.555555555555555
10.620689655172415 15.481481481481481 19.433333333333334 11.74074074074074 9.222222222222221
10.862068965517242 14.666666666666666 18.666666666666668 10.88888888888889 8.666666666666666
10.03448275862069 16.185185185185183 19.666666666666664 10.481481481481483 8.814814814814815
9.275862068965516 17.074074074074076 20.299999999999997 9.814814814814815 10.037037037037036
10.517241379310345 14.185185185185185 18.733333333333334 10.11111111111111 10.333333333333334
10.689655172413792 16.14814814814815 17.533333333333335 10.962962962962962 10.666666666666666
10.689655172413792 14.555555555555555 19.3 9.74074074074074 8.444444444444443
9.931034482758621 17.62962962962963 18.466666666666665 9.74074074074074 9.407407407407408
9.965517241379311 16.11111111111111 19.26666666666667 9.296296296296296 9.592592592592592
10.275862068965518 16.14814814814815 19.73333333333333 9.666666666666668 9.296296296296296
9.517241379310345 15.666666666666666 20.666666666666668 10.148148148148147 9.555555555555555
10.448275862068964 15.88888888888889 21.066666666666666 9.11111111111111 9.518518518518519
10.172413793103447 15.333333333333332 19.666666666666664 10.518518518518519 10.481481481481483
8.827586206896552 16.296296296296294 17.166666666666668 11.37037037037037 9.296296296296296
