75.23076923076923 71.91666666666667 72.13333333333333 73.07692307692308 75.81818181818181
74.92307692307692 71.0 71.33333333333333 73.53846153846153 76.18181818181819
75.3076923076923 72.33333333333333 72.6 75.23076923076923 76.45454545454545
76.3076923076923 73.16666666666667 71.2 74.15384615384616 76.09090909090908
75.3076923076923 70.33333333333333 71.46666666666667 73.07692307692308 75.9090909090909
75.15384615384616 71.58333333333333 72.33333333333333 73.15384615384615 75.36363636363637
75.53846153846155 71.91666666666667 72.4 74.6923076923077 76.0
75.84615384615384 71.66666666666667 71.66666666666667 73.23076923076923 75.18181818181819
74.46153846153847 71.41666666666667 70.93333333333334 72.6923076923077 74.18181818181819
76.38461538461539 73.08333333333333 73.0 74.61538461538461 76.36363636363637
75.61538461538461 71.91666666666667 72.93333333333334 74.0 74.27272727272727
74.53846153846153 71.33333333333333 72.13333333333333 72.92307692307692 74.72727272727272
75.6923076923077 71.41666666666667 72.6 73.53846153846153 76.81818181818181
77.0 71.33333333333333 72.26666666666668 74.38461538461539 76.45454545454545
74.53846153846153 71.16666666666667 71.0 72.76923076923077 74.72727272727272
75.84615384615384 71.41666666666667 72.06666666666666 73.46153846153847 75.72727272727272
75.0 70.33333333333333 72.6 74.38461538461539 76.54545454545455
73.61538461538461 70.0 70.26666666666667 72.3076923076923 74.9090909090909
76.38461538461539 72.58333333333333 72.2 73.07692307692308 76.09090909090908
75.6923076923077 71.41666666666667 73.46666666666667 73.3076923076923 75.54545454545455
74.92307692307692 71.16666666666667 72.53333333333333 73.46153846153847 75.54545454545455
75.23076923076923 71.16666666666667 72.2 74.0 75.45454545454545
75.61538461538461 72.33333333333333 71.4 73.0 75.45454545454545
74.6923076923077 71.5 72.2 72.84615384615385 74.54545454545455
75.46153846153845 71.83333333333333 71.86666666666666 72.84615384615385 75.63636363636364
75.15384615384616 71.58333333333333 72.26666666666668 73.3076923076923 76.09090909090908
74.15384615384616 70.91666666666667 71.53333333333333 73.3076923076923 75.72727272727272
74.0 70.0 70.53333333333333 73.0 75.0
74.07692307692308 71.58333333333333 72.13333333333333 72.0 74.63636363636364
74.6923076923077 70.25 71.33333333333333 72.46153846153847 75.63636363636364
75.38461538461539 71.41666666666667 71.93333333333334 72.46153846153847 75.54545454545455
74.6923076923077 70.33333333333333 71.53333333333333 72.6923076923077 75.18181818181819
73.38461538461539 70.5 69.6 71.61538461538461 75.45454545454545
74.76923076923077 71.58333333333333 72.53333333333333 73.3076923076923 76.54545454545455
74.76923076923077 71.25 70.6 73.53846153846153 76.81818181818181
75.84615384615384 71.25 72.06666666666666 74.38461538461539 74.81818181818181
75.76923076923077 72.33333333333333 72.33333333333333 74.07692307692308 76.09090909090908
75.92307692307692 72.66666666666667 72.33333333333333 74.38461538461539 76.45454545454545
75.38461538461539 72.16666666666667 71.86666666666666 73.53846153846153 76.09090909090908
75.92307692307692 71.33333333333333 71.26666666666667 74.3076923076923 77.72727272727273
74.3076923076923 71.75 72.13333333333333 72.6923076923077 75.54545454545455
76.15384615384616 72.16666666666667 73.0 74.23076923076923 77.18181818181819
75.15384615384616 71.75 72.06666666666666 73.3076923076923 75.72727272727272
75.53846153846155 73.0 72.33333333333333 74.07692307692308 77.09090909090908
74.15384615384616 70.0 72.26666666666668 73.07692307692308 74.0
75.6923076923077 71.0 72.33333333333333 74.6923076923077 77.0
75.76923076923077 70.41666666666667 72.0 74.0 75.81818181818181
75.23076923076923 72.08333333333333 71.93333333333334 74.07692307692308 76.0
75.53846153846155 72.0 73.0 74.23076923076923 77.36363636363637
75.3076923076923 70.5 71.46666666666667 73.61538461538461 74.72727272727272
74.61538461538461 69.83333333333333 71.0 73.38461538461539 76.0
75.84615384615384 72.33333333333333 72.6 73.38461538461539 76.09090909090908
75.92307692307692 70.0 71.53333333333333 73.92307692307692 76.63636363636364
75.6923076923077 70.5 70.8 74.23076923076923 75.45454545454545
74.92307692307692 69.08333333333333 71.53333333333333 73.53846153846153 74.81818181818181
74.76923076923077 70.58333333333333 72.2 75.0 76.27272727272727
74.84615384615384 70.08333333333333 70.86666666666666 73.0 75.54545454545455
74.0 68.41666666666667 69.66666666666667 71.53846153846153 74.45454545454545
74.92307692307692 69.75 70.8 74.0 75.9090909090909
73.46153846153847 69.08333333333333 70.8 72.61538461538461 75.54545454545455
74.84615384615384 70.75 72.2 73.38461538461539 77.27272727272727
75.61538461538461 70.83333333333333 72.26666666666668 74.15384615384616 75.54545454545455
75.46153846153845 69.41666666666667 71.33333333333333 73.6923076923077 76.09090909090908
75.46153846153845 69.83333333333333 72.0 74.0 76.36363636363637
76.15384615384616 70.33333333333333 70.46666666666667 73.46153846153847 75.45454545454545
74.38461538461539 69.83333333333333 72.4 73.84615384615385 75.0
75.23076923076923 70.08333333333333 70.66666666666667 72.46153846153847 76.09090909090908
75.53846153846155 70.83333333333333 72.66666666666667 74.07692307692308 76.18181818181819
74.6923076923077 68.58333333333333 70.33333333333333 71.53846153846153 73.9090909090909
74.6923076923077 69.0 71.13333333333334 73.38461538461539 75.45454545454545
76.76923076923077 70.41666666666667 72.2 74.15384615384616 75.72727272727272
73.92307692307692 69.16666666666667 70.93333333333334 73.61538461538461 74.45454545454545
75.76923076923077 70.25 72.2 74.23076923076923 76.09090909090908
75.07692307692308 69.16666666666667 70.0 72.84615384615385 74.63636363636364
75.46153846153845 69.0 71.2 74.0 75.9090909090909
74.0 68.58333333333333 70.73333333333333 73.61538461538461 75.72727272727272
73.23076923076923 68.5 71.33333333333333 72.23076923076924 75.18181818181819
75.46153846153845 70.08333333333333 71.26666666666667 73.38461538461539 76.27272727272727
75.6923076923077 69.0 71.2 74.6923076923077 75.36363636363637
75.84615384615384 69.41666666666667 71.8 74.07692307692308 75.36363636363637
77.0 69.91666666666667 72.73333333333333 74.61538461538461 75.27272727272727
74.23076923076923 68.58333333333333 71.93333333333334 73.92307692307692 75.0
75.23076923076923 69.08333333333333 72.86666666666666 75.6923076923077 77.0
74.53846153846153 67.5 70.2 73.46153846153847 74.9090909090909
76.92307692307693 70.33333333333333 73.66666666666667 73.61538461538461 76.27272727272727
75.3076923076923 69.66666666666667 72.0 74.46153846153847 77.63636363636364
75.23076923076923 67.75 72.46666666666667 73.61538461538461 75.63636363636364
75.6923076923077 68.66666666666667 72.0 74.3076923076923 76.09090909090908
76.0 68.25 72.2 75.0 77.09090909090908
76.53846153846155 68.66666666666667 71.53333333333333 74.38461538461539 76.72727272727273
76.15384615384616 69.25 72.2 74.3076923076923 75.72727272727272
75.46153846153845 70.5 71.53333333333333 74.53846153846153 77.45454545454545
73.61538461538461 65.83333333333333 69.6 72.38461538461539 74.9090909090909
74.76923076923077 68.25 71.26666666666667 73.76923076923077 75.63636363636364
75.15384615384616 67.08333333333333 70.73333333333333 74.38461538461539 75.72727272727272
75.53846153846155 68.58333333333333 71.8 73.53846153846153 75.9090909090909
74.15384615384616 67.33333333333333 72.0 73.53846153846153 75.0909090909091
76.07692307692308 68.25 71.93333333333334 73.76923076923077 76.45454545454545
75.3076923076923 67.08333333333333 70.46666666666667 73.15384615384615 76.72727272727273
76.3076923076923 68.5 71.66666666666667 74.53846153846153 76.81818181818181
73.92307692307692 66.08333333333333 70.6 73.3076923076923 75.54545454545455
66.23076923076923 66.0 65.53333333333333 66.46153846153847 67.36363636363636
66.84615384615385 67.83333333333333 68.13333333333334 68.07692307692308 68.0
65.92307692307692 64.41666666666666 65.66666666666667 66.53846153846153 65.72727272727273
66.0 65.08333333333334 66.06666666666666 66.84615384615385 65.81818181818181
75.84615384615384 68.5 71.06666666666666 73.6923076923077 75.27272727272727
66.53846153846153 66.25 65.73333333333333 66.92307692307692 66.63636363636363
66.0 64.25 65.66666666666667 65.15384615384616 65.9090909090909
66.46153846153847 65.5 66.13333333333334 65.6923076923077 66.81818181818181
65.84615384615384 64.41666666666666 65.93333333333332 65.53846153846153 67.36363636363636
75.07692307692308 67.75 70.0 73.6923076923077 74.9090909090909
66.07692307692308 65.5 65.4 65.92307692307692 66.18181818181817
67.92307692307692 66.83333333333333 67.6 66.84615384615385 68.0909090909091
67.6923076923077 66.75 66.66666666666667 66.92307692307692 66.72727272727273
66.53846153846153 66.25 66.06666666666666 66.38461538461539 65.9090909090909
75.76923076923077 67.75 72.0 73.38461538461539 75.54545454545455
65.61538461538461 65.66666666666667 65.60000000000001 65.84615384615384 66.0909090909091
65.46153846153845 65.25 65.93333333333332 66.3076923076923 66.72727272727273
64.92307692307692 65.91666666666667 65.93333333333332 66.53846153846153 65.0909090909091
67.61538461538461 67.41666666666667 68.0 68.6923076923077 67.9090909090909
74.0 68.5 69.46666666666667 73.61538461538461 72.72727272727272
64.23076923076923 65.91666666666667 65.66666666666667 65.07692307692308 66.0
66.15384615384616 64.41666666666666 65.86666666666667 66.23076923076923 65.45454545454545
67.46153846153847 66.41666666666667 66.73333333333333 66.23076923076923 66.63636363636363
66.3076923076923 65.91666666666667 65.0 65.38461538461539 66.72727272727273
67.6923076923077 66.75 67.6 67.07692307692308 67.54545454545455
67.07692307692308 66.08333333333333 65.26666666666667 65.46153846153845 67.45454545454547
67.07692307692308 65.91666666666667 66.26666666666667 65.6923076923077 66.36363636363636
66.15384615384616 65.16666666666667 66.46666666666665 66.92307692307692 65.45454545454545
66.15384615384616 66.33333333333333 66.66666666666667 65.76923076923077 67.45454545454547
66.07692307692308 66.66666666666667 67.6 67.0 66.72727272727273
74.15384615384616 67.58333333333333 70.0 73.23076923076923 74.81818181818181
75.0 69.16666666666667 71.6 73.6923076923077 76.18181818181819
75.46153846153845 68.33333333333333 71.53333333333333 75.07692307692308 75.27272727272727
75.15384615384616 68.25 70.2 73.61538461538461 76.0
74.38461538461539 67.66666666666667 70.46666666666667 73.53846153846153 73.9090909090909
74.6923076923077 69.0 70.06666666666666 73.23076923076923 75.54545454545455
73.38461538461539 67.16666666666667 69.86666666666666 73.23076923076923 74.54545454545455
75.92307692307692 69.0 71.0 75.07692307692308 75.81818181818181
76.92307692307693 69.83333333333333 70.13333333333334 75.84615384615384 77.27272727272727
76.0 67.75 71.13333333333334 74.3076923076923 76.36363636363637
74.53846153846153 68.08333333333333 69.06666666666666 73.38461538461539 73.9090909090909
73.53846153846153 67.5 69.26666666666667 73.0 75.72727272727272
76.07692307692308 69.25 71.13333333333334 74.0 76.72727272727273
74.23076923076923 66.83333333333333 68.73333333333332 74.07692307692308 75.36363636363637
73.92307692307692 67.25 69.46666666666667 73.15384615384615 74.81818181818181
74.84615384615384 67.66666666666667 68.66666666666667 73.84615384615385 75.0
75.92307692307692 67.75 68.8 74.84615384615384 75.0909090909091
75.38461538461539 68.5 69.6 73.76923076923077 76.09090909090908
74.15384615384616 67.66666666666667 67.46666666666665 73.53846153846153 75.0
74.92307692307692 69.08333333333333 68.4 73.53846153846153 75.81818181818181
75.23076923076923 67.66666666666667 69.13333333333334 73.53846153846153 75.81818181818181
74.61538461538461 67.08333333333333 68.13333333333334 73.6923076923077 74.27272727272727
74.61538461538461 67.0 65.66666666666667 71.84615384615385 73.9090909090909
75.15384615384616 67.83333333333333 67.93333333333334 74.23076923076923 76.09090909090908
75.53846153846155 67.33333333333333 66.4 74.15384615384616 75.72727272727272
74.38461538461539 66.83333333333333 64.8 72.76923076923077 75.63636363636364
75.61538461538461 66.91666666666667 64.86666666666667 74.46153846153847 75.0909090909091
75.76923076923077 68.25 65.13333333333334 73.61538461538461 77.27272727272727
74.3076923076923 66.58333333333333 64.06666666666666 73.23076923076923 75.63636363636364
74.6923076923077 66.41666666666667 64.66666666666666 73.38461538461539 75.54545454545455
76.0 67.66666666666667 63.0 73.61538461538461 76.18181818181819
75.38461538461539 65.58333333333333 61.0 74.46153846153847 75.9090909090909
75.3076923076923 66.66666666666667 61.33333333333333 73.07692307692308 75.0909090909091
74.07692307692308 66.0 60.6 73.76923076923077 75.81818181818181
75.76923076923077 66.75 60.199999999999996 74.76923076923077 75.27272727272727
75.53846153846155 64.75 58.333333333333336 72.92307692307692 75.72727272727272
76.61538461538461 65.66666666666667 58.6 76.0 76.45454545454545
76.07692307692308 65.5 57.0 73.07692307692308 76.09090909090908
75.76923076923077 63.916666666666664 57.2 73.38461538461539 76.36363636363637
74.23076923076923 63.25 54.733333333333334 73.07692307692308 75.63636363636364
75.6923076923077 64.66666666666666 54.6 73.0 76.81818181818181
76.92307692307693 65.16666666666667 54.33333333333333 74.6923076923077 78.54545454545455
76.92307692307693 64.16666666666666 53.333333333333336 76.15384615384616 77.36363636363637
77.0 64.41666666666666 52.13333333333333 75.15384615384616 77.45454545454545
76.0 62.583333333333336 49.0 74.3076923076923 76.63636363636364
76.38461538461539 62.833333333333336 48.4 74.07692307692308 76.27272727272727
77.23076923076923 64.08333333333334 46.6 74.84615384615384 78.45454545454545
76.6923076923077 62.08333333333333 45.199999999999996 75.23076923076923 78.81818181818181
77.53846153846155 61.91666666666667 42.86666666666667 75.92307692307692 79.0909090909091
76.6923076923077 62.75 43.6 74.76923076923077 78.0
77.38461538461539 61.33333333333333 41.0 73.76923076923077 77.72727272727273
77.53846153846155 60.666666666666664 39.86666666666667 74.6923076923077 77.72727272727273
77.15384615384616 58.25 37.8 73.15384615384615 77.27272727272727
77.46153846153845 58.5 35.53333333333333 75.46153846153845 78.90909090909092
76.61538461538461 57.416666666666664 32.46666666666666 73.92307692307692 77.54545454545455
76.92307692307693 57.25 29.4 74.23076923076923 77.0
77.53846153846155 57.416666666666664 29.8 73.46153846153847 78.63636363636364
77.92307692307693 56.833333333333336 26.4 74.15384615384616 80.45454545454545
78.23076923076923 56.25 25.533333333333335 72.76923076923077 79.45454545454545
78.61538461538461 56.583333333333336 22.2 72.84615384615385 79.54545454545455
79.23076923076923 55.41666666666667 22.2 73.84615384615385 80.18181818181819
77.76923076923077 54.08333333333333 18.53333333333333 71.15384615384615 79.45454545454545
79.07692307692307 55.41666666666667 20.733333333333334 75.38461538461539 78.72727272727273
77.69230769230768 53.25 17.333333333333332 72.61538461538461 78.90909090909092
79.15384615384616 55.0 18.666666666666668 75.0 81.63636363636363
77.84615384615384 54.5 18.733333333333334 74.61538461538461 79.36363636363636
78.61538461538461 54.41666666666667 19.333333333333336 75.23076923076923 80.9090909090909
78.84615384615384 53.91666666666667 16.2 74.38461538461539 80.27272727272728
79.61538461538461 53.75 15.666666666666666 74.15384615384616 81.27272727272728
78.30769230769232 51.833333333333336 15.733333333333333 72.3076923076923 79.90909090909092
78.46153846153845 54.0 16.533333333333335 74.23076923076923 80.9090909090909
78.07692307692307 51.5 14.666666666666666 72.38461538461539 78.27272727272727
78.0 53.166666666666664 17.2 73.61538461538461 79.90909090909092
79.61538461538461 54.25 16.666666666666668 74.07692307692308 80.9090909090909
79.23076923076923 53.5 16.2 74.07692307692308 81.45454545454545
78.92307692307693 52.166666666666664 15.6 73.46153846153847 80.0
79.15384615384616 53.0 15.2 74.07692307692308 80.36363636363636
78.92307692307693 54.16666666666667 15.866666666666667 74.15384615384616 81.18181818181819
77.61538461538461 52.666666666666664 14.866666666666667 73.46153846153847 80.9090909090909
77.38461538461539 52.916666666666664 14.933333333333334 74.38461538461539 80.0909090909091
79.38461538461539 54.58333333333333 17.266666666666666 74.53846153846153 80.0
78.0 52.333333333333336 15.6 75.07692307692308 79.90909090909092
79.61538461538461 54.41666666666667 15.933333333333334 73.38461538461539 80.45454545454545
79.6923076923077 54.41666666666667 15.4 74.0 81.63636363636363
79.38461538461539 52.75 15.333333333333332 73.84615384615385 80.27272727272728
80.0 55.0 16.6 73.3076923076923 81.63636363636363
79.07692307692307 52.833333333333336 14.133333333333333 73.61538461538461 79.90909090909092
79.6923076923077 53.5 15.8 73.6923076923077 81.0909090909091
77.76923076923077 52.25 15.133333333333333 73.3076923076923 79.18181818181819
79.3076923076923 54.08333333333333 15.6 73.53846153846153 79.90909090909092
78.6923076923077 54.16666666666667 15.266666666666666 73.6923076923077 79.36363636363636
79.23076923076923 52.75 16.533333333333335 73.3076923076923 80.0909090909091
77.3076923076923 52.5 15.0 73.38461538461539 79.81818181818181
79.15384615384616 53.75 16.533333333333335 73.76923076923077 81.0
77.76923076923077 52.666666666666664 14.8 73.46153846153847 79.18181818181819
79.07692307692307 54.83333333333333 16.0 73.92307692307692 80.0909090909091
79.15384615384616 54.16666666666667 15.8 73.0 80.0909090909091
78.07692307692307 53.083333333333336 14.333333333333334 72.61538461538461 79.54545454545455
76.92307692307693 52.916666666666664 15.6 72.38461538461539 78.63636363636364
