0.0 0.15351506456241032 0.04664723032069971 0.0027586206896551726 0.0
0.0013297872340425532 0.18220946915351507 0.06705539358600583 0.0 0.0
0.0 0.15351506456241032 0.04081632653061224 0.0 0.0
0.0026595744680851063 0.163558106169297 0.033527696793002916 0.0013793103448275863 0.0
0.0013297872340425532 0.15925394548063126 0.05102040816326531 0.0 0.0
0.0013297872340425532 0.15064562410329987 0.03498542274052478 0.0 0.0
0.0 0.12051649928263988 0.04081632653061224 0.0013793103448275863 0.0
0.0013297872340425532 0.16786226685796268 0.04227405247813411 0.0 0.0
0.0013297872340425532 0.16642754662840747 0.04081632653061224 0.0013793103448275863 0.0
0.0026595744680851063 0.17790530846484934 0.043731778425655975 0.0 0.0013386880856760374
0.0013297872340425532 0.13486370157819225 0.04956268221574344 0.0 0.0
0.003989361702127659 0.20229555236728838 0.05102040816326531 0.0 0.0
0.0013297872340425532 0.17073170731707316 0.048104956268221574 0.0 0.0
0.0013297872340425532 0.19225251076040173 0.04956268221574344 0.0 0.0
0.0013297872340425532 0.17216642754662842 0.05102040816326531 0.0 0.0
0.0013297872340425532 0.21951219512195122 0.037900874635568516 0.0 0.0
0.003989361702127659 0.17073170731707316 0.04227405247813411 0.0 0.0
0.0013297872340425532 0.18220946915351507 0.05539358600583091 0.0 0.0
0.0026595744680851063 0.19655667144906744 0.06997084548104957 0.0 0.0
0.0026595744680851063 0.24820659971305598 0.052478134110787174 0.0 0.0
0.0013297872340425532 0.18651362984218076 0.04081632653061224 0.0013793103448275863 0.0013386880856760374
0.0013297872340425532 0.18220946915351507 0.037900874635568516 0.0 0.0
0.0013297872340425532 0.18364418938307028 0.04518950437317784 0.0 0.0
0.0 0.20086083213773315 0.04956268221574344 0.0 0.0
0.0013297872340425532 0.2080344332855093 0.06997084548104957 0.0 0.0
0.0013297872340425532 0.2539454806312769 0.04664723032069971 0.0 0.0
0.0 0.242467718794835 0.048104956268221574 0.0 0.0
0.0013297872340425532 0.1951219512195122 0.059766763848396506 0.0 0.0
0.0013297872340425532 0.2654232424677188 0.05830903790087464 0.0 0.0
0.0 0.2539454806312769 0.05393586005830904 0.0 0.0
0.0026595744680851063 0.20229555236728838 0.04956268221574344 0.0 0.0
0.0 0.21664275466284075 0.043731778425655975 0.0 0.0
0.0013297872340425532 0.2525107604017217 0.05393586005830904 0.0 0.0
0.0 0.242467718794835 0.05393586005830904 0.0013793103448275863 0.0
0.0026595744680851063 0.3127690100430416 0.04664723032069971 0.0 0.0
0.0 0.23672883787661406 0.061224489795918366 0.0013793103448275863 0.0
0.0013297872340425532 0.2826398852223816 0.07142857142857144 0.0 0.0
0.0026595744680851063 0.2998565279770445 0.04081632653061224 0.0 0.0
0.005319148936170213 0.30703012912482064 0.05685131195335277 0.0 0.0
0.0013297872340425532 0.296987087517934 0.043731778425655975 0.0013793103448275863 0.0
0.0026595744680851063 0.2783357245337159 0.04956268221574344 0.0 0.0
0.0026595744680851063 0.2955523672883788 0.05685131195335277 0.0013793103448275863 0.0013386880856760374
0.0013297872340425532 0.31850789096126253 0.05830903790087464 0.0 0.0
0.0 0.2984218077474892 0.08017492711370262 0.0013793103448275863 0.0
0.0026595744680851063 0.3802008608321377 0.05685131195335277 0.0 0.0
0.0013297872340425532 0.38737446197991393 0.0685131195335277 0.0 0.0
0.0 0.4131994261119082 0.05539358600583091 0.0 0.0
0.0013297872340425532 0.3830703012912482 0.05830903790087464 0.0 0.0
0.0 0.3988522238163558 0.059766763848396506 0.0027586206896551726 0.0013386880856760374
0.0026595744680851063 0.4261119081779053 0.06268221574344024 0.0013793103448275863 0.0
0.0 0.430416068866571 0.0685131195335277 0.0 0.0
0.0013297872340425532 0.4720229555236729 0.03935860058309038 0.0 0.0
0.0013297872340425532 0.5681492109038738 0.08163265306122448 0.0 0.0
0.0 0.5078909612625538 0.07142857142857144 0.0 0.0
0.0013297872340425532 0.5279770444763271 0.059766763848396506 0.0013793103448275863 0.0
0.0013297872340425532 0.5466284074605452 0.07871720116618076 0.0 0.0
0.0 0.6427546628407461 0.08309037900874634 0.0 0.0
0.0 0.672883787661406 0.08600583090379008 0.0 0.0
0.0 0.6212338593974175 0.05539358600583091 0.0 0.0
0.0026595744680851063 0.6657101865136299 0.08454810495626822 0.0013793103448275863 0.0
0.0 0.6886657101865137 0.07871720116618076 0.0 0.0
0.0013297872340425532 0.6571018651362984 0.06268221574344024 0.0027586206896551726 0.0
0.005319148936170213 0.7015781922525108 0.05830903790087464 0.0 0.0
0.0013297872340425532 0.7747489239598279 0.061224489795918366 0.0 0.0
0.0 0.7890961262553802 0.05830903790087464 0.0 0.0
0.0 0.830703012912482 0.06268221574344024 0.0 0.0
0.0 0.7446197991391679 0.05830903790087464 0.0 0.0
0.0013297872340425532 0.8593974175035869 0.09037900874635568 0.0 0.0
0.0026595744680851063 0.9081779053084649 0.07434402332361517 0.0 0.0
0.0 0.8895265423242468 0.06997084548104957 0.0013793103448275863 0.0
0.0026595744680851063 0.9325681492109039 0.05539358600583091 0.0 0.0
0.0 0.9727403156384505 0.10787172011661808 0.0 0.0
0.0013297872340425532 0.9225251076040173 0.07580174927113703 0.0 0.0
0.003989361702127659 1.0258249641319943 0.08017492711370262 0.0 0.0
0.0013297872340425532 1.0502152080344334 0.08017492711370262 0.0 0.0
0.0013297872340425532 1.0860832137733143 0.06559766763848397 0.0 0.0
0.003989361702127659 1.0832137733142038 0.0728862973760933 0.0 0.0
0.0013297872340425532 1.163558106169297 0.0772594752186589 0.0013793103448275863 0.0
0.0 1.2223816355810617 0.0772594752186589 0.0027586206896551726 0.0
0.0026595744680851063 1.1678622668579628 0.06705539358600583 0.0 0.0
0.0 1.163558106169297 0.0772594752186589 0.0 0.0
0.003989361702127659 1.2065997130559543 0.04664723032069971 0.0 0.0
0.0013297872340425532 1.2094691535150646 0.08454810495626822 0.0 0.0
0.0 1.2639885222381635 0.09912536443148688 0.0013793103448275863 0.0
0.0013297872340425532 1.2453371592539455 0.07871720116618076 0.0 0.0
0.0026595744680851063 1.2826398852223817 0.0728862973760933 0.0 0.0
0.0026595744680851063 1.430416068866571 0.08454810495626822 0.0 0.0
0.0013297872340425532 1.460545193687231 0.09766763848396501 0.0 0.0
0.0013297872340425532 1.4863701578192252 0.08309037900874634 0.0 0.0
0.0 1.5552367288378766 0.10787172011661808 0.0027586206896551726 0.0
0.0013297872340425532 1.5538020086083215 0.0772594752186589 0.0 0.0
0.0013297872340425532 1.563845050215208 0.09766763848396501 0.0013793103448275863 0.0
0.0 1.6011477761836443 0.08309037900874634 0.0 0.0
0.0026595744680851063 1.5911047345767575 0.11661807580174928 0.0 0.0013386880856760374
0.0 1.6312769010043042 0.08892128279883381 0.0 0.0
0.0013297872340425532 1.7015781922525108 0.10058309037900874 0.0 0.0
0.0 1.7474892395982784 0.08746355685131195 0.0 0.0
0.0013297872340425532 1.7833572453371591 0.10349854227405247 0.0013793103448275863 0.0
0.0013297872340425532 1.8938307030129125 0.10932944606413994 0.0 0.0
0.0 1.8134863701578194 0.08746355685131195 0.0 0.0
0.0013297872340425532 2.0014347202295553 0.10495626822157435 0.0 0.0
0.0 0.17790530846484934 0.0 0.0 0.0
0.0 0.15064562410329987 0.0 0.0 0.0
0.0 0.1649928263988522 0.0 0.0013793103448275863 0.0
0.0 0.133428981348637 0.0 0.0 0.0
0.0013297872340425532 1.9426111908177905 0.08746355685131195 0.0 0.0
0.0 0.163558106169297 0.0 0.0 0.0
0.0 0.12338593974175037 0.0 0.0 0.0
0.0 0.14490674318507893 0.0 0.0 0.0
0.0 0.15781922525107606 0.0 0.0 0.0
0.0 1.5208034433285509 0.2303206997084548 0.0 0.0
0.0013297872340425532 0.15925394548063126 0.0 0.0 0.0
0.0 0.13773314203730272 0.0 0.0 0.0
0.0 0.15064562410329987 0.0 0.0 0.0013386880856760374
0.0 0.17360114777618363 0.0 0.0 0.0
0.0 1.8536585365853657 0.09037900874635568 0.0 0.0
0.0013297872340425532 0.1563845050215208 0.0 0.0 0.0
0.0 0.14490674318507893 0.0 0.0 0.0
0.0 0.14347202295552366 0.0 0.0 0.0
0.0 0.15064562410329987 0.0 0.0 0.0
0.0 1.5480631276901005 0.23760932944606414 0.0 0.0013386880856760374
0.0013297872340425532 0.16786226685796268 0.0 0.0 0.0
0.0 0.15208034433285508 0.0014577259475218659 0.0 0.0
0.0 0.1406025824964132 0.0014577259475218659 0.0 0.0
0.0 0.12769010043041606 0.0 0.0 0.0
0.0 0.1492109038737446 0.0 0.0 0.0
0.0 0.14490674318507893 0.0 0.0 0.0
0.0 0.12769010043041606 0.0 0.0 0.0
0.0 0.16786226685796268 0.0 0.0 0.0
0.0 0.14634146341463414 0.0 0.0 0.0
0.0 0.16212338593974174 0.0 0.0013793103448275863 0.0013386880856760374
0.0 1.4835007173601147 0.21137026239067055 0.0 0.0
0.0026595744680851063 1.5308464849354375 0.19387755102040816 0.0013793103448275863 0.0
0.0 1.5523672883787663 0.16180758017492713 0.0 0.0
0.0 1.5150645624103298 0.20116618075801748 0.0 0.0
0.0 1.5595408895265424 0.21137026239067055 0.0013793103448275863 0.0
0.0013297872340425532 1.5408895265423241 0.23177842565597667 0.0 0.0
0.0 1.5781922525107603 0.23615160349854228 0.0013793103448275863 0.0013386880856760374
0.0 1.60545193687231 0.24927113702623907 0.0 0.0
0.0 1.563845050215208 0.22886297376093295 0.0013793103448275863 0.0
0.0013297872340425532 1.5294117647058825 0.22886297376093295 0.0027586206896551726 0.0
0.0013297872340425532 1.5107604017216643 0.2259475218658892 0.0 0.0
0.0 1.4461979913916785 0.21428571428571427 0.0027586206896551726 0.0
0.0013297872340425532 1.4763271162123386 0.25072886297376096 0.0013793103448275863 0.0
0.0 1.54519368723099 0.24198250728862974 0.004137931034482759 0.0
0.0 1.5078909612625537 0.2274052478134111 0.0 0.0
0.0 1.5121951219512195 0.22157434402332363 0.0027586206896551726 0.0
0.0013297872340425532 1.6197991391678623 0.2565597667638484 0.004137931034482759 0.0
0.0 1.4332855093256816 0.2230320699708455 0.0 0.0
0.0 1.4318507890961263 0.21137026239067055 0.0 0.0
0.0 1.4806312769010044 0.19096209912536444 0.0 0.0
0.0013297872340425532 1.5322812051649928 0.1967930029154519 0.0013793103448275863 0.0
0.0 1.492109038737446 0.19825072886297376 0.0 0.0
0.0 1.5437589670014347 0.2055393586005831 0.0 0.0
0.0 1.4461979913916785 0.19387755102040816 0.0013793103448275863 0.0
0.0013297872340425532 1.5523672883787663 0.19387755102040816 0.0 0.0
0.0 1.5279770444763272 0.2230320699708455 0.0013793103448275863 0.0
0.0 1.4002869440459111 0.21865889212827988 0.0027586206896551726 0.0
0.0013297872340425532 1.4045911047345767 0.18950437317784255 0.0 0.0
0.0 1.430416068866571 0.1880466472303207 0.0 0.0
0.0 1.4863701578192252 0.15160349854227406 0.0 0.0
0.0 1.4289813486370158 0.17784256559766762 0.0 0.0
0.0 1.4490674318507892 0.1705539358600583 0.0013793103448275863 0.0
0.0 1.4576757532281206 0.19970845481049562 0.0013793103448275863 0.0
0.0013297872340425532 1.4332855093256816 0.1880466472303207 0.0 0.0
0.0 1.3787661406025826 0.16763848396501457 0.0013793103448275863 0.0
0.0013297872340425532 1.4074605451936872 0.18221574344023322 0.0 0.0
0.003989361702127659 1.4318507890961263 0.20116618075801748 0.0 0.0
0.0 1.4261119081779055 0.19825072886297376 0.0 0.0
0.0013297872340425532 1.430416068866571 0.1457725947521866 0.0 0.0
0.0 1.460545193687231 0.13848396501457727 0.0013793103448275863 0.0
0.0 1.4031563845050217 0.18513119533527697 0.0 0.0
0.0 1.4519368723098995 0.15306122448979592 0.0013793103448275863 0.0
0.0013297872340425532 1.4634146341463414 0.13848396501457727 0.0 0.0
0.0013297872340425532 1.4476327116212337 0.16180758017492713 0.0013793103448275863 0.0
0.0 1.3357245337159254 0.16180758017492713 0.0013793103448275863 0.0
0.0013297872340425532 1.4017216642754664 0.14285714285714288 0.0 0.0
0.0 1.4074605451936872 0.12536443148688048 0.0013793103448275863 0.0
0.0 1.3601147776183644 0.12536443148688048 0.0013793103448275863 0.0
0.0 1.327116212338594 0.1370262390670554 0.0 0.0
0.0 1.3744619799139166 0.1151603498542274 0.0013793103448275863 0.0
0.0 1.3127690100430416 0.11953352769679301 0.0013793103448275863 0.0
0.0 1.4175035868005739 0.14285714285714288 0.0 0.0
0.0 1.3916786226685796 0.141399416909621 0.0 0.0
0.0026595744680851063 1.4433285509325682 0.11078717201166181 0.0 0.0
0.0013297872340425532 1.3500717360114776 0.13119533527696794 0.0013793103448275863 0.0
0.0 1.3601147776183644 0.10495626822157435 0.0 0.0
0.0013297872340425532 1.3500717360114776 0.12682215743440234 0.0013793103448275863 0.0
0.0 1.2984218077474892 0.12390670553935859 0.0 0.0
0.0 1.441893830703013 0.11807580174927114 0.0013793103448275863 0.0
0.0013297872340425532 1.321377331420373 0.1370262390670554 0.0013793103448275863 0.0
0.0013297872340425532 1.351506456241033 0.10495626822157435 0.0 0.0
0.0 1.345767575322812 0.12244897959183673 0.0 0.0
0.0 1.3902439024390243 0.08600583090379008 0.0 0.0
0.0013297872340425532 1.3773314203730274 0.08454810495626822 0.0 0.0
0.0 1.3572453371592539 0.09912536443148688 0.0013793103448275863 0.0
0.0 1.2941176470588236 0.06997084548104957 0.0 0.0
0.0 1.345767575322812 0.09475218658892127 0.0 0.0
0.0013297872340425532 1.362984218077475 0.09912536443148688 0.0 0.0
0.0 1.3472022955523673 0.08892128279883381 0.0 0.0
0.0013297872340425532 1.327116212338594 0.08892128279883381 0.0 0.0
0.0 1.3744619799139166 0.11661807580174928 0.0 0.0
0.0 1.3314203730272598 0.0772594752186589 0.0 0.0
0.0 1.2926829268292683 0.08017492711370262 0.0 0.0
0.0 1.3428981348637015 0.09766763848396501 0.0013793103448275863 0.0
0.0013297872340425532 1.3658536585365852 0.0772594752186589 0.0 0.0
0.0 1.2869440459110473 0.08309037900874634 0.0 0.0
0.0013297872340425532 1.3658536585365852 0.0728862973760933 0.0 0.0
0.0 1.3572453371592539 0.09912536443148688 0.0013793103448275863 0.0013386880856760374
0.0013297872340425532 1.3787661406025826 0.12099125364431487 0.0 0.0
0.0 1.3400286944045912 0.07580174927113703 0.0027586206896551726 0.0
0.0013297872340425532 1.3127690100430416 0.08454810495626822 0.0 0.0
0.0026595744680851063 1.3113342898134863 0.09620991253644315 0.0 0.0
0.0013297872340425532 1.3070301291248207 0.07871720116618076 0.0 0.0
0.0 1.4002869440459111 0.08017492711370262 0.0 0.0
0.0 1.2984218077474892 0.08454810495626822 0.0 0.0
0.0 1.308464849354376 0.08309037900874634 0.0013793103448275863 0.0
0.0 1.2898134863701578 0.10932944606413994 0.0 0.0
0.0 1.2998565279770444 0.09183673469387754 0.0 0.0
0.0013297872340425532 1.3500717360114776 0.1282798833819242 0.0 0.0
0.0 1.3070301291248207 0.07580174927113703 0.0 0.0
0.0 1.3256814921090387 0.07142857142857144 0.0 0.0
0.0026595744680851063 1.3070301291248207 0.08892128279883381 0.0 0.0
0.0 1.3170731707317074 0.09183673469387754 0.0 0.0
0.0 1.3486370157819225 0.12390670553935859 0.0 0.0
0.0 1.291248206599713 0.08600583090379008 0.0027586206896551726 0.0
0.0 1.3601147776183644 0.09766763848396501 0.0 0.0013386880856760374
0.0013297872340425532 1.370157819225251 0.08600583090379008 0.0 0.0
0.0013297872340425532 1.3357245337159254 0.11661807580174928 0.0 0.0013386880856760374
0.0 1.3055954088952655 0.07871720116618076 0.0 0.0
