0.0 0.1406025824964132 0.05393586005830904 0.0 0.0013386880856760374
0.0 0.14634146341463414 0.05685131195335277 0.0013793103448275863 0.0
0.0013297872340425532 0.12195121951219512 0.059766763848396506 0.0013793103448275863 0.0
0.0013297872340425532 0.13773314203730272 0.043731778425655975 0.0 0.0
0.0013297872340425532 0.17073170731707316 0.05685131195335277 0.0 0.0
0.0026595744680851063 0.13629842180774748 0.033527696793002916 0.0027586206896551726 0.0
0.0013297872340425532 0.13773314203730272 0.06705539358600583 0.0 0.0
0.0 0.16212338593974174 0.04664723032069971 0.0 0.0
0.0013297872340425532 0.10329985652797705 0.04518950437317784 0.0 0.0
0.0 0.133428981348637 0.04956268221574344 0.0 0.0
0.003989361702127659 0.13055954088952654 0.04081632653061224 0.0 0.0
0.0013297872340425532 0.163558106169297 0.04518950437317784 0.0013793103448275863 0.0
0.0 0.13773314203730272 0.05393586005830904 0.0 0.0
0.0026595744680851063 0.15494978479196556 0.052478134110787174 0.0013793103448275863 0.0
0.0 0.09469153515064561 0.04664723032069971 0.0 0.0
0.0013297872340425532 0.12338593974175037 0.052478134110787174 0.0 0.0
0.0026595744680851063 0.15208034433285508 0.05539358600583091 0.0 0.0
0.0 0.1291248206599713 0.05830903790087464 0.0 0.0
0.0 0.15925394548063126 0.07871720116618076 0.0027586206896551726 0.0
0.0013297872340425532 0.17647058823529413 0.05102040816326531 0.0 0.0
0.0 0.1477761836441894 0.059766763848396506 0.0 0.0
0.0 0.14490674318507893 0.04227405247813411 0.0 0.0
0.0 0.11334289813486371 0.06268221574344024 0.0 0.0
0.0013297872340425532 0.13199426111908177 0.04227405247813411 0.0013793103448275863 0.0
0.0 0.12195121951219512 0.06705539358600583 0.0 0.0
0.0013297872340425532 0.12482065997130559 0.04956268221574344 0.0 0.0
0.0 0.11908177905308465 0.05393586005830904 0.0013793103448275863 0.0
0.0 0.133428981348637 0.04227405247813411 0.0 0.0
0.0026595744680851063 0.12482065997130559 0.04227405247813411 0.0013793103448275863 0.0
0.0013297872340425532 0.13055954088952654 0.05102040816326531 0.0013793103448275863 0.0
0.003989361702127659 0.12338593974175037 0.052478134110787174 0.0013793103448275863 0.0
0.0026595744680851063 0.11334289813486371 0.05102040816326531 0.0013793103448275863 0.0
0.0026595744680851063 0.10616929698708752 0.07142857142857144 0.0013793103448275863 0.0
0.003989361702127659 0.11621233859397417 0.06559766763848397 0.0013793103448275863 0.0
0.0 0.13629842180774748 0.05539358600583091 0.0 0.0
0.0026595744680851063 0.12195121951219512 0.0641399416909621 0.0013793103448275863 0.0
0.0 0.12769010043041606 0.05393586005830904 0.0013793103448275863 0.0
0.0026595744680851063 0.11908177905308465 0.08454810495626822 0.0 0.0
0.0026595744680851063 0.13773314203730272 0.06559766763848397 0.0 0.0
0.0 0.10186513629842181 0.06268221574344024 0.0027586206896551726 0.0
0.0 0.10760401721664276 0.05685131195335277 0.0 0.0
0.0013297872340425532 0.13055954088952654 0.05102040816326531 0.0013793103448275863 0.0
0.0 0.11621233859397417 0.02915451895043732 0.0 0.0
0.003989361702127659 0.10903873744619799 0.059766763848396506 0.0 0.0
0.005319148936170213 0.13773314203730272 0.06559766763848397 0.0 0.0
0.0013297872340425532 0.12482065997130559 0.0641399416909621 0.0 0.0
0.003989361702127659 0.14203730272596846 0.052478134110787174 0.0 0.0
0.0026595744680851063 0.13055954088952654 0.04518950437317784 0.0013793103448275863 0.0
0.0026595744680851063 0.12338593974175037 0.05830903790087464 0.0 0.0
0.0013297872340425532 0.13486370157819225 0.05685131195335277 0.0 0.0
0.0 0.11334289813486371 0.052478134110787174 0.0013793103448275863 0.0
0.0 0.13486370157819225 0.07434402332361517 0.0 0.0
0.0026595744680851063 0.1477761836441894 0.06559766763848397 0.0027586206896551726 0.0
0.0013297872340425532 0.0975609756097561 0.07142857142857144 0.0027586206896551726 0.0
0.0013297872340425532 0.12051649928263988 0.03498542274052478 0.0 0.0
0.0 0.13199426111908177 0.07580174927113703 0.0013793103448275863 0.0
0.0 0.1563845050215208 0.05830903790087464 0.0 0.0013386880856760374
0.003989361702127659 0.14347202295552366 0.0641399416909621 0.0 0.0
0.0013297872340425532 0.13486370157819225 0.061224489795918366 0.0 0.0
0.0 0.13055954088952654 0.08017492711370262 0.0013793103448275863 0.0
0.0026595744680851063 0.13055954088952654 0.05685131195335277 0.0 0.0
0.003989361702127659 0.10760401721664276 0.048104956268221574 0.0 0.0
0.0013297872340425532 0.10903873744619799 0.05830903790087464 0.0 0.0
0.0013297872340425532 0.12338593974175037 0.07580174927113703 0.0 0.0
0.0 0.13055954088952654 0.05685131195335277 0.0 0.0
0.0013297872340425532 0.14203730272596846 0.06268221574344024 0.0 0.0
0.0 0.11621233859397417 0.05102040816326531 0.0 0.0
0.0013297872340425532 0.12769010043041606 0.05830903790087464 0.0 0.0
0.0 0.12482065997130559 0.059766763848396506 0.0 0.0
0.0013297872340425532 0.12195121951219512 0.05539358600583091 0.0 0.0
0.0 0.1291248206599713 0.06268221574344024 0.0 0.0
0.0026595744680851063 0.12482065997130559 0.04227405247813411 0.0013793103448275863 0.0
0.0 0.10616929698708752 0.05685131195335277 0.0013793103448275863 0.0
0.0 0.11477761836441894 0.04664723032069971 0.0 0.0
0.005319148936170213 0.14203730272596846 0.07871720116618076 0.0013793103448275863 0.0
0.0 0.09899569583931134 0.04227405247813411 0.0 0.0
0.003989361702127659 0.08895265423242467 0.059766763848396506 0.0 0.0
0.0013297872340425532 0.14203730272596846 0.0641399416909621 0.0 0.0
0.0026595744680851063 0.15351506456241032 0.052478134110787174 0.0 0.0
0.0013297872340425532 0.12769010043041606 0.048104956268221574 0.0 0.0
0.0 0.07890961262553803 0.06268221574344024 0.0 0.0
0.0013297872340425532 0.12625538020086086 0.037900874635568516 0.0013793103448275863 0.0
0.0013297872340425532 0.10616929698708752 0.05685131195335277 0.0 0.0
0.0 0.12195121951219512 0.05102040816326531 0.0013793103448275863 0.0
0.0013297872340425532 0.10186513629842181 0.052478134110787174 0.0 0.0
0.0 0.10616929698708752 0.05102040816326531 0.0 0.0013386880856760374
0.0013297872340425532 0.15208034433285508 0.05102040816326531 0.0013793103448275863 0.0
0.0 0.11908177905308465 0.0641399416909621 0.0 0.0
0.0013297872340425532 0.10473457675753228 0.052478134110787174 0.0 0.0
0.0026595744680851063 0.10616929698708752 0.043731778425655975 0.0 0.0
0.0013297872340425532 0.10903873744619799 0.061224489795918366 0.0 0.0
0.0013297872340425532 0.11334289813486371 0.05830903790087464 0.0 0.0
0.0 0.11047345767575323 0.0772594752186589 0.0 0.0
0.0 0.12051649928263988 0.05393586005830904 0.0 0.0
0.0013297872340425532 0.12051649928263988 0.04518950437317784 0.0 0.0
0.0013297872340425532 0.10473457675753228 0.04081632653061224 0.0013793103448275863 0.0
0.0 0.11621233859397417 0.05102040816326531 0.0 0.0
0.0 0.11047345767575323 0.03935860058309038 0.0 0.0
0.0026595744680851063 0.13773314203730272 0.05830903790087464 0.0 0.0
0.0013297872340425532 0.13486370157819225 0.05539358600583091 0.0 0.0
0.0 0.11908177905308465 0.05393586005830904 0.0013793103448275863 0.0
0.0013297872340425532 0.0 0.0 0.0 0.0
0.0 0.0014347202295552366 0.0 0.0 0.0
0.0 0.0 0.0 0.0 0.0
0.0 0.0 0.0 0.0 0.0
0.0013297872340425532 0.10616929698708752 0.05830903790087464 0.0 0.0
0.0 0.0 0.0 0.0 0.0
0.0 0.0 0.0 0.0 0.0
0.0 0.0 0.0 0.0 0.0
0.0 0.0 0.0 0.0 0.0
0.0013297872340425532 0.03443328550932568 0.1501457725947522 0.0013793103448275863 0.0
0.0 0.0 0.0 0.0 0.0
0.0 0.0 0.0 0.0 0.0
0.0 0.0 0.0 0.0 0.0
0.0 0.0 0.0 0.0 0.0
0.0013297872340425532 0.0903873744619799 0.048104956268221574 0.0 0.0
0.0 0.0 0.0 0.0 0.0013386880856760374
0.0 0.0 0.0 0.0 0.0013386880856760374
0.0013297872340425532 0.0 0.0 0.0 0.0
0.0013297872340425532 0.0 0.0 0.0 0.0
0.0 0.04017216642754663 0.16180758017492713 0.0013793103448275863 0.0
0.0 0.0 0.0 0.0 0.0
0.0 0.0 0.0 0.0 0.0
0.0 0.0 0.0 0.0 0.0
0.0 0.0 0.0 0.0 0.0
0.0 0.0 0.0 0.0013793103448275863 0.0
0.0 0.0 0.0 0.0 0.0
0.0 0.0 0.0 0.0 0.0
0.0 0.0 0.0 0.0013793103448275863 0.0
0.0 0.0 0.0 0.0 0.0
0.0 0.0 0.0014577259475218659 0.0 0.0
0.0 0.03012912482065997 0.13411078717201166 0.0 0.0
0.0013297872340425532 0.03299856527977044 0.13556851311953352 0.0 0.0
0.0026595744680851063 0.05595408895265423 0.11953352769679301 0.0 0.0
0.0 0.03873744619799139 0.13848396501457727 0.0013793103448275863 0.0
0.0 0.03873744619799139 0.14285714285714288 0.0013793103448275863 0.0
0.0 0.03443328550932568 0.18075801749271136 0.0013793103448275863 0.0
0.0013297872340425532 0.03730272596843615 0.17346938775510204 0.0013793103448275863 0.0
0.0 0.06886657101865136 0.17346938775510204 0.0013793103448275863 0.0
0.0013297872340425532 0.05164992826398852 0.21428571428571427 0.004137931034482759 0.0
0.0 0.05595408895265423 0.22011661807580174 0.0013793103448275863 0.0013386880856760374
0.0 0.04591104734576757 0.23469387755102042 0.0 0.0
0.0013297872340425532 0.054519368723098996 0.21865889212827988 0.0013793103448275863 0.0
0.0013297872340425532 0.04878048780487805 0.2755102040816326 0.0013793103448275863 0.0
0.0 0.03873744619799139 0.2740524781341108 0.0 0.0
0.0 0.054519368723098996 0.3104956268221574 0.0 0.0
0.0 0.05308464849354376 0.3002915451895044 0.0027586206896551726 0.0
0.0 0.06456241032998565 0.4067055393586006 0.0 0.0
0.0 0.05738880918220947 0.29591836734693877 0.0013793103448275863 0.0
0.0 0.04734576757532281 0.3717201166180758 0.0013793103448275863 0.0
0.0013297872340425532 0.044476327116212334 0.40816326530612246 0.0 0.0
0.0 0.05595408895265423 0.4329446064139942 0.0 0.0
0.0 0.044476327116212334 0.44314868804664725 0.0 0.0
0.0013297872340425532 0.04734576757532281 0.49416909620991256 0.0 0.0
0.0 0.05021520803443329 0.5393586005830904 0.0 0.0
0.0 0.0817790530846485 0.6355685131195336 0.0027586206896551726 0.0
0.0013297872340425532 0.05595408895265423 0.6807580174927114 0.0 0.0
0.0 0.05308464849354376 0.7551020408163266 0.0 0.0
0.0 0.05164992826398852 0.7448979591836735 0.0013793103448275863 0.0
0.0 0.05595408895265423 0.8396501457725948 0.0 0.0013386880856760374
0.0 0.05738880918220947 0.8352769679300291 0.0 0.0
0.0 0.05738880918220947 0.9154518950437318 0.0013793103448275863 0.0
0.0 0.06312769010043043 1.1180758017492711 0.0 0.0013386880856760374
0.0 0.061692969870875185 1.183673469387755 0.0027586206896551726 0.0
0.0 0.06312769010043043 1.2303206997084548 0.0013793103448275863 0.0
0.0 0.07604017216642754 1.2740524781341107 0.0 0.0
0.0 0.09469153515064561 1.41399416909621 0.0 0.0
0.0013297872340425532 0.08751793400286945 1.489795918367347 0.0 0.0
0.0 0.08751793400286945 1.5743440233236152 0.0 0.0013386880856760374
0.0026595744680851063 0.10616929698708752 1.6472303206997085 0.0013793103448275863 0.0
0.0 0.11334289813486371 1.814868804664723 0.0 0.0
0.0 0.10616929698708752 1.9548104956268222 0.0027586206896551726 0.0
0.0 0.12625538020086086 2.0816326530612246 0.0013793103448275863 0.0
0.0013297872340425532 0.12051649928263988 2.1603498542274053 0.0 0.0
0.0 0.11047345767575323 2.303206997084548 0.0 0.0
0.0026595744680851063 0.10903873744619799 2.39067055393586 0.0013793103448275863 0.0
0.0013297872340425532 0.1406025824964132 2.4781341107871717 0.0027586206896551726 0.0
0.0 0.13916786226685796 2.635568513119533 0.0 0.0
0.0 0.12769010043041606 2.8498542274052476 0.0 0.0
0.0 0.13199426111908177 3.013119533527697 0.0 0.0
0.0 0.15925394548063126 3.032069970845481 0.0027586206896551726 0.0
0.0 0.13629842180774748 3.19533527696793 0.0013793103448275863 0.0
0.0 0.15925394548063126 3.4825072886297375 0.004137931034482759 0.0
0.0 0.17790530846484934 3.6472303206997085 0.0013793103448275863 0.0
0.0 0.18794835007173602 3.784256559766764 0.0027586206896551726 0.0
0.0013297872340425532 0.19225251076040173 4.013119533527696 0.0 0.0
0.0 0.2065997130559541 4.126822157434402 0.0013793103448275863 0.0
0.0 0.2223816355810617 4.306122448979592 0.0013793103448275863 0.0
0.0 0.20229555236728838 4.534985422740525 0.0 0.0
0.0013297872340425532 0.25681492109038734 4.785714285714286 0.0013793103448275863 0.0
0.0 0.23959827833572453 4.899416909620991 0.0 0.0
0.0013297872340425532 0.26398852223816355 5.20262390670554 0.0 0.0
0.0 0.2611190817790531 5.5276967930029155 0.0 0.0013386880856760374
0.0 0.27403156384505023 5.411078717201166 0.0013793103448275863 0.0
0.0 0.2797704447632712 5.488338192419826 0.0013793103448275863 0.0
0.0 0.2797704447632712 5.501457725947522 0.0013793103448275863 0.0
0.0 0.2611190817790531 5.486880466472303 0.0 0.0
0.0 0.27116212338593976 5.358600583090379 0.0 0.0
0.0 0.296987087517934 5.896501457725948 0.004137931034482759 0.0
0.0 0.27546628407460544 5.854227405247814 0.0 0.0
0.0013297872340425532 0.29124820659971307 5.871720116618076 0.004137931034482759 0.0
0.0013297872340425532 0.296987087517934 5.887755102040816 0.0013793103448275863 0.0
0.0026595744680851063 0.28837876614060254 5.887755102040816 0.0 0.0
0.0 0.2926829268292683 5.816326530612245 0.0013793103448275863 0.0
0.0 0.2826398852223816 5.985422740524781 0.0013793103448275863 0.0
0.0013297872340425532 0.30129124820659975 5.892128279883382 0.0027586206896551726 0.0
0.0026595744680851063 0.3084648493543759 5.9169096209912535 0.0013793103448275863 0.0
0.0 0.25538020086083213 5.7696793002915445 0.0 0.0
0.0 0.2998565279770445 5.855685131195335 0.0 0.0
0.0013297872340425532 0.3113342898134864 5.9358600583090375 0.0 0.0
0.0 0.28981348637015786 5.871720116618076 0.0 0.0
0.0 0.28981348637015786 5.832361516034985 0.0 0.0
0.0 0.28837876614060254 5.84402332361516 0.0013793103448275863 0.0
0.0013297872340425532 0.2826398852223816 5.807580174927113 0.0 0.0
0.0 0.3127690100430416 5.890670553935861 0.0013793103448275863 0.0
0.0 0.2941176470588235 5.91399416909621 0.0 0.0
0.0 0.30559540889526543 6.005830903790088 0.0027586206896551726 0.0
0.0 0.3170731707317073 5.911078717201166 0.0 0.0
0.0 0.2941176470588235 5.886297376093294 0.0 0.0
0.0 0.28837876614060254 5.947521865889213 0.0013793103448275863 0.0
0.0 0.2769010043041607 5.833819241982507 0.0013793103448275863 0.0
0.0 0.27403156384505023 5.784256559766764 0.0 0.0
0.0013297872340425532 0.28837876614060254 5.84402332361516 0.0027586206896551726 0.0
0.0 0.2840746054519369 5.87463556851312 0.0 0.0
0.0 0.2855093256814921 5.956268221574343 0.0013793103448275863 0.0
0.0013297872340425532 0.2926829268292683 5.877551020408163 0.0027586206896551726 0.0
0.0 0.2984218077474892 5.99271137026239 0.0 0.0
0.0013297872340425532 0.2926829268292683 5.836734693877552 0.0 0.0
0.0013297872340425532 0.3084648493543759 5.982507288629738 0.0013793103448275863 0.0013386880856760374
0.0 0.29124820659971307 5.817784256559767 0.0013793103448275863 0.0
