72.78571428571429 71.61538461538461 75.66666666666666 72.45454545454545 74.92857142857143
73.0 70.61538461538463 73.93333333333334 72.63636363636364 76.07142857142857
71.92857142857143 70.92307692307692 73.46666666666667 73.54545454545453 75.07142857142857
72.71428571428572 71.92307692307692 74.0 73.18181818181819 75.35714285714286
72.64285714285715 70.61538461538463 73.0 73.27272727272727 74.64285714285715
73.78571428571429 72.61538461538461 74.86666666666666 72.63636363636364 76.5
73.28571428571429 72.92307692307692 73.66666666666667 73.0 75.78571428571429
72.64285714285715 71.53846153846153 73.93333333333334 72.63636363636364 75.78571428571429
72.57142857142857 72.53846153846153 74.6 72.81818181818183 76.07142857142857
72.92857142857143 71.92307692307692 73.80000000000001 72.36363636363636 74.28571428571429
72.42857142857143 72.15384615384615 73.80000000000001 73.0 74.92857142857143
73.28571428571429 73.07692307692308 75.66666666666666 73.81818181818183 76.35714285714286
72.07142857142858 71.23076923076924 73.93333333333334 72.63636363636364 76.0
72.64285714285715 70.6923076923077 72.86666666666666 72.9090909090909 74.71428571428572
73.14285714285715 72.38461538461539 74.53333333333333 73.45454545454545 75.28571428571429
71.71428571428572 71.15384615384615 73.13333333333333 72.18181818181819 75.21428571428572
73.14285714285715 72.3076923076923 73.66666666666667 73.81818181818183 75.21428571428572
73.64285714285715 71.92307692307692 75.33333333333333 72.54545454545455 76.0
72.92857142857143 71.23076923076924 73.80000000000001 72.9090909090909 75.14285714285714
72.28571428571429 71.92307692307692 73.86666666666666 72.9090909090909 75.35714285714286
71.71428571428572 71.3076923076923 72.33333333333333 72.18181818181819 75.07142857142857
72.64285714285715 70.76923076923076 74.26666666666667 72.54545454545455 75.14285714285714
71.5 70.92307692307692 73.0 72.27272727272727 74.71428571428572
72.14285714285715 71.0 73.6 73.0 75.71428571428572
72.21428571428572 72.0 74.33333333333333 72.9090909090909 75.42857142857143
72.92857142857143 72.3076923076923 74.80000000000001 74.0909090909091 75.57142857142857
72.42857142857143 71.61538461538461 73.80000000000001 73.63636363636364 75.71428571428572
73.57142857142857 72.92307692307692 76.06666666666668 73.72727272727272 76.5
73.0 72.61538461538461 74.6 74.81818181818181 75.71428571428572
71.71428571428572 69.76923076923076 73.53333333333335 71.0 73.64285714285715
72.92857142857143 70.15384615384615 72.6 72.72727272727272 75.57142857142857
73.35714285714286 71.92307692307692 74.06666666666666 72.63636363636364 74.92857142857143
72.64285714285715 70.07692307692308 73.46666666666667 71.54545454545455 75.0
73.0 70.3076923076923 74.53333333333333 73.18181818181819 75.07142857142857
71.64285714285715 70.53846153846153 74.33333333333333 72.63636363636364 75.85714285714286
72.57142857142857 70.84615384615385 73.66666666666667 73.72727272727272 75.57142857142857
73.07142857142857 70.46153846153847 73.13333333333333 72.81818181818183 76.28571428571429
72.57142857142857 70.84615384615385 75.06666666666668 73.45454545454545 75.5
73.0 72.0 75.26666666666667 75.0909090909091 76.92857142857143
73.21428571428572 72.61538461538461 75.46666666666667 73.9090909090909 76.85714285714286
73.21428571428572 71.84615384615385 75.2 73.36363636363637 76.14285714285714
73.35714285714286 71.76923076923076 74.2 74.81818181818181 76.28571428571429
74.0 72.15384615384615 75.26666666666667 74.0 75.85714285714286
74.0 71.46153846153847 74.39999999999999 74.45454545454545 77.78571428571429
72.57142857142857 70.38461538461537 72.13333333333333 71.54545454545455 74.85714285714286
73.07142857142857 71.92307692307692 75.0 73.9090909090909 77.0
72.92857142857143 71.38461538461539 74.46666666666667 72.36363636363636 75.78571428571429
73.85714285714286 72.15384615384615 74.80000000000001 75.0909090909091 75.71428571428572
73.5 70.46153846153847 74.66666666666667 73.54545454545453 76.57142857142857
72.14285714285715 69.15384615384615 73.53333333333335 73.0909090909091 74.28571428571429
72.21428571428572 69.38461538461537 74.53333333333333 72.9090909090909 75.64285714285714
71.64285714285715 69.38461538461537 72.93333333333334 72.72727272727272 74.07142857142857
75.35714285714286 71.6923076923077 74.2 74.27272727272727 75.57142857142857
74.21428571428572 72.38461538461539 75.33333333333333 75.18181818181819 76.78571428571429
73.85714285714286 70.6923076923077 74.73333333333333 73.45454545454545 76.21428571428572
73.71428571428572 71.07692307692308 74.06666666666666 75.36363636363637 76.5
71.28571428571429 67.84615384615385 72.33333333333333 70.27272727272728 73.57142857142857
73.07142857142857 70.76923076923076 73.33333333333333 73.0909090909091 75.14285714285714
73.5 71.38461538461539 74.73333333333333 74.54545454545455 76.78571428571429
74.28571428571429 71.76923076923076 75.39999999999999 74.9090909090909 77.5
73.07142857142857 69.61538461538463 73.66666666666667 72.0 75.85714285714286
73.64285714285715 69.15384615384615 72.8 73.72727272727272 75.28571428571429
73.78571428571429 70.0 74.2 74.0 75.5
73.21428571428572 70.76923076923076 75.46666666666667 73.63636363636364 75.42857142857143
74.0 69.61538461538463 73.4 74.63636363636364 76.35714285714286
71.85714285714286 68.23076923076924 72.66666666666667 73.0909090909091 74.42857142857143
71.35714285714286 67.0 72.26666666666668 72.18181818181819 74.5
71.57142857142858 68.84615384615385 73.6 74.0 76.35714285714286
73.85714285714286 70.15384615384615 74.80000000000001 73.54545454545453 76.64285714285714
73.07142857142857 68.38461538461539 73.80000000000001 72.45454545454545 75.85714285714286
74.78571428571429 70.46153846153847 74.26666666666667 74.0909090909091 76.85714285714286
72.14285714285715 67.84615384615385 72.86666666666666 73.9090909090909 76.21428571428572
72.28571428571429 68.0 72.53333333333333 71.9090909090909 74.28571428571429
72.21428571428572 68.76923076923076 73.6 73.27272727272727 74.85714285714286
73.21428571428572 67.15384615384615 73.53333333333335 73.45454545454545 76.5
71.71428571428572 67.3076923076923 72.53333333333333 73.18181818181819 75.21428571428572
73.21428571428572 67.0 74.66666666666667 72.0 76.21428571428572
72.28571428571429 66.84615384615385 72.2 73.36363636363637 75.71428571428572
71.64285714285715 65.53846153846153 71.8 71.72727272727272 74.21428571428572
74.35714285714286 68.38461538461539 74.66666666666667 73.54545454545453 75.71428571428572
73.07142857142857 67.53846153846153 73.2 74.27272727272727 77.28571428571429
73.35714285714286 66.92307692307692 73.6 73.72727272727272 76.35714285714286
73.92857142857143 66.92307692307692 73.46666666666667 74.63636363636364 75.85714285714286
72.92857142857143 67.0 74.13333333333333 74.18181818181819 75.85714285714286
73.78571428571429 67.38461538461539 74.46666666666667 73.54545454545453 76.64285714285714
72.5 67.76923076923077 72.33333333333333 73.0 75.57142857142857
73.64285714285715 66.61538461538461 73.93333333333334 74.54545454545455 77.14285714285714
73.5 65.15384615384616 72.2 72.54545454545455 74.28571428571429
71.92857142857143 65.76923076923077 72.06666666666666 72.72727272727272 75.57142857142857
73.21428571428572 66.07692307692308 73.06666666666666 73.9090909090909 75.0
71.21428571428572 64.92307692307692 72.46666666666667 72.0909090909091 75.07142857142857
74.0 67.07692307692308 73.73333333333333 74.0 77.71428571428571
73.21428571428572 65.84615384615384 73.4 72.72727272727272 76.42857142857143
72.85714285714286 65.46153846153845 72.93333333333334 74.72727272727272 76.21428571428572
74.42857142857143 66.07692307692308 75.0 72.72727272727272 77.42857142857143
73.71428571428572 64.76923076923077 71.8 73.63636363636364 76.14285714285714
72.14285714285715 63.15384615384616 72.53333333333333 73.18181818181819 74.57142857142857
72.71428571428572 63.692307692307686 72.66666666666667 72.81818181818183 76.14285714285714
73.07142857142857 64.6923076923077 72.86666666666666 73.72727272727272 76.0
72.92857142857143 64.15384615384616 72.46666666666667 72.72727272727272 75.0
73.64285714285715 63.692307692307686 73.06666666666666 74.36363636363637 76.57142857142857
67.42857142857143 66.23076923076923 67.06666666666666 67.18181818181817 65.92857142857143
67.92857142857143 65.76923076923077 65.8 66.54545454545455 66.85714285714285
66.28571428571428 64.84615384615384 66.46666666666665 66.0 66.71428571428571
66.21428571428571 64.46153846153845 65.93333333333332 66.36363636363636 66.07142857142857
74.07142857142857 64.53846153846155 73.33333333333333 73.45454545454545 75.78571428571429
65.57142857142857 64.46153846153845 66.46666666666665 64.72727272727273 66.07142857142857
67.42857142857143 66.92307692307692 66.53333333333333 68.0909090909091 66.85714285714285
66.42857142857143 66.38461538461539 66.13333333333334 66.81818181818181 66.21428571428571
66.57142857142857 64.92307692307692 65.73333333333333 65.9090909090909 65.85714285714285
73.21428571428572 64.3076923076923 70.4 74.0909090909091 76.21428571428572
65.42857142857143 66.46153846153847 66.93333333333334 67.18181818181817 66.35714285714285
67.07142857142857 67.15384615384615 67.4 67.27272727272728 67.85714285714285
67.07142857142857 66.23076923076923 66.73333333333333 67.0 66.5
67.64285714285714 66.3076923076923 67.06666666666666 66.9090909090909 66.71428571428571
73.07142857142857 65.0 72.73333333333333 72.72727272727272 76.21428571428572
67.42857142857143 66.46153846153847 66.33333333333333 66.18181818181817 66.85714285714285
65.0 65.23076923076923 65.66666666666667 66.18181818181817 66.42857142857143
66.28571428571428 64.76923076923077 65.86666666666667 67.18181818181817 66.57142857142857
65.35714285714286 64.53846153846155 64.0 63.81818181818181 63.57142857142857
73.21428571428572 67.46153846153847 72.86666666666666 75.0 77.35714285714286
66.21428571428571 65.15384615384616 67.0 66.45454545454547 66.07142857142857
65.78571428571428 65.23076923076923 65.19999999999999 66.54545454545455 66.71428571428571
66.78571428571428 65.84615384615384 65.46666666666667 66.9090909090909 66.78571428571428
66.5 65.92307692307692 66.46666666666665 65.72727272727273 66.14285714285714
66.14285714285714 65.53846153846153 66.4 65.36363636363636 65.57142857142857
65.85714285714285 64.38461538461539 65.73333333333333 65.0 65.0
65.5 64.6923076923077 65.46666666666667 66.0 66.07142857142857
66.07142857142857 64.92307692307692 65.8 66.45454545454547 65.78571428571428
67.78571428571428 66.07692307692308 67.2 66.72727272727273 66.71428571428571
66.28571428571428 65.3076923076923 65.13333333333334 66.72727272727273 66.21428571428571
73.85714285714286 68.15384615384615 71.6 73.63636363636364 75.28571428571429
73.07142857142857 65.0 71.86666666666666 73.81818181818183 75.71428571428572
74.07142857142857 66.61538461538461 72.86666666666666 74.18181818181819 77.57142857142857
73.07142857142857 65.76923076923077 71.66666666666667 74.45454545454545 76.14285714285714
73.21428571428572 64.76923076923077 71.73333333333333 74.45454545454545 76.78571428571429
74.28571428571429 64.46153846153845 71.26666666666667 75.18181818181819 76.07142857142857
72.57142857142857 66.3076923076923 72.0 73.81818181818183 76.71428571428572
73.85714285714286 66.76923076923077 72.6 76.0 78.85714285714286
72.42857142857143 66.61538461538461 72.06666666666666 74.45454545454545 77.07142857142857
72.85714285714286 66.23076923076923 71.13333333333334 74.72727272727272 76.35714285714286
74.14285714285715 66.23076923076923 70.66666666666667 75.36363636363637 76.07142857142857
73.0 65.92307692307692 70.73333333333333 74.0 75.78571428571429
74.07142857142857 66.23076923076923 71.6 73.63636363636364 75.21428571428572
73.35714285714286 65.3076923076923 69.73333333333333 75.0909090909091 76.71428571428572
72.78571428571429 66.6923076923077 71.26666666666667 73.54545454545453 76.5
71.64285714285715 64.61538461538461 70.06666666666666 72.81818181818183 75.85714285714286
73.28571428571429 66.15384615384616 71.53333333333333 74.72727272727272 76.64285714285714
74.28571428571429 66.23076923076923 71.86666666666666 74.45454545454545 76.78571428571429
72.35714285714286 64.07692307692307 68.6 72.63636363636364 74.92857142857143
72.64285714285715 64.84615384615384 67.86666666666667 74.9090909090909 75.85714285714286
74.0 66.92307692307692 70.46666666666667 75.45454545454545 77.14285714285714
73.71428571428572 67.46153846153847 70.46666666666667 73.9090909090909 76.92857142857143
72.28571428571429 65.15384615384616 68.66666666666667 74.72727272727272 75.71428571428572
74.64285714285715 65.76923076923077 70.6 74.45454545454545 76.42857142857143
74.21428571428572 66.3076923076923 69.66666666666667 74.0909090909091 75.07142857142857
72.0 63.07692307692307 68.4 74.36363636363637 76.07142857142857
72.92857142857143 64.53846153846155 69.93333333333334 74.0909090909091 77.35714285714286
74.0 66.84615384615385 68.53333333333333 74.45454545454545 76.78571428571429
73.92857142857143 65.3076923076923 69.53333333333333 75.45454545454545 77.85714285714286
73.21428571428572 64.38461538461539 66.86666666666667 74.18181818181819 77.35714285714286
74.0 67.0 67.4 74.45454545454545 76.92857142857143
73.71428571428572 63.769230769230774 67.26666666666667 72.72727272727272 75.42857142857143
73.35714285714286 63.84615384615385 65.86666666666667 74.63636363636364 76.85714285714286
74.0 65.3076923076923 67.53333333333333 74.81818181818181 77.42857142857143
72.07142857142858 62.230769230769226 65.4 74.0 75.85714285714286
73.78571428571429 63.92307692307693 66.19999999999999 75.63636363636364 77.92857142857143
73.21428571428572 63.53846153846155 64.0 73.9090909090909 76.5
74.0 64.0 64.19999999999999 76.09090909090908 77.71428571428571
73.21428571428572 63.07692307692307 63.266666666666666 74.54545454545455 76.14285714285714
74.64285714285715 63.53846153846155 61.86666666666667 73.54545454545453 76.07142857142857
72.28571428571429 61.230769230769226 61.06666666666666 74.18181818181819 75.28571428571429
73.85714285714286 63.3076923076923 60.46666666666667 72.81818181818183 77.14285714285714
73.85714285714286 63.46153846153846 61.800000000000004 75.72727272727272 78.57142857142857
76.07142857142857 63.0 61.13333333333333 75.0 78.71428571428571
73.85714285714286 62.53846153846154 61.06666666666666 75.0 79.0
74.14285714285715 62.46153846153847 59.6 74.27272727272727 77.57142857142857
73.78571428571429 62.15384615384615 59.86666666666667 75.0909090909091 76.92857142857143
72.85714285714286 60.92307692307692 59.93333333333333 74.72727272727272 76.85714285714286
74.92857142857143 62.84615384615385 60.53333333333333 75.0 78.35714285714286
74.64285714285715 62.230769230769226 59.46666666666667 76.0 79.07142857142857
74.35714285714286 63.92307692307693 59.333333333333336 74.27272727272727 78.5
75.28571428571429 61.46153846153846 57.666666666666664 75.0909090909091 78.85714285714286
75.57142857142857 62.38461538461539 58.53333333333333 74.63636363636364 77.5
74.07142857142857 62.92307692307693 58.86666666666667 75.27272727272727 77.42857142857143
73.78571428571429 61.07692307692308 57.266666666666666 75.18181818181819 77.64285714285714
73.21428571428572 61.53846153846154 58.6 73.81818181818183 77.0
73.64285714285715 60.23076923076923 56.86666666666667 73.63636363636364 76.85714285714286
74.5 60.92307692307692 58.53333333333333 75.18181818181819 78.07142857142857
74.21428571428572 61.07692307692308 57.46666666666667 73.9090909090909 77.0
74.07142857142857 61.07692307692308 58.86666666666667 74.45454545454545 76.78571428571429
74.14285714285715 60.46153846153846 56.73333333333333 73.45454545454545 77.57142857142857
75.5 62.692307692307686 58.13333333333333 74.81818181818181 77.5
74.0 61.15384615384615 58.86666666666667 74.72727272727272 78.07142857142857
73.78571428571429 62.0 58.8 74.72727272727272 77.0
72.71428571428572 60.07692307692307 55.86666666666667 72.0 75.07142857142857
73.28571428571429 60.53846153846154 55.46666666666666 74.45454545454545 76.92857142857143
73.21428571428572 61.15384615384615 57.93333333333334 72.72727272727272 75.42857142857143
73.28571428571429 59.07692307692307 56.2 73.18181818181819 76.35714285714286
73.14285714285715 60.84615384615385 56.800000000000004 74.72727272727272 77.28571428571429
73.28571428571429 60.15384615384615 56.2 74.0 76.92857142857143
74.28571428571429 60.92307692307692 57.0 75.63636363636364 77.5
74.28571428571429 61.92307692307692 58.6 74.54545454545455 79.07142857142857
73.71428571428572 61.92307692307692 56.86666666666667 74.63636363636364 77.64285714285714
73.42857142857143 61.15384615384615 57.93333333333334 74.0 77.71428571428571
75.14285714285714 62.15384615384615 59.46666666666667 75.54545454545455 79.57142857142857
73.71428571428572 60.30769230769231 56.666666666666664 72.9090909090909 76.35714285714286
74.21428571428572 61.38461538461539 57.8 73.45454545454545 77.64285714285714
72.64285714285715 59.84615384615385 56.2 72.81818181818183 76.07142857142857
74.35714285714286 61.53846153846154 57.4 74.27272727272727 77.14285714285714
73.71428571428572 62.53846153846154 58.266666666666666 76.27272727272727 78.78571428571429
73.57142857142857 61.46153846153846 59.266666666666666 75.54545454545455 77.85714285714286
73.92857142857143 61.0 57.93333333333334 73.72727272727272 77.0
73.85714285714286 62.53846153846154 59.4 75.27272727272727 78.71428571428571
75.07142857142857 62.92307692307693 59.4 74.54545454545455 78.28571428571429
73.14285714285715 63.38461538461539 58.86666666666667 73.36363636363637 77.92857142857143
73.92857142857143 60.84615384615385 58.13333333333333 74.36363636363637 77.21428571428571
74.85714285714286 62.53846153846154 58.46666666666667 75.27272727272727 78.07142857142857
73.07142857142857 60.53846153846154 56.4 73.54545454545453 75.85714285714286
74.35714285714286 61.07692307692308 58.333333333333336 73.54545454545453 77.28571428571429
74.0 61.69230769230769 58.0 73.18181818181819 76.0
72.92857142857143 60.61538461538461 57.86666666666666 74.0909090909091 77.71428571428571
73.92857142857143 61.0 58.0 74.0909090909091 78.42857142857143
73.5 62.84615384615385 59.53333333333333 74.0909090909091 78.42857142857143
73.28571428571429 60.53846153846154 56.93333333333334 73.54545454545453 77.42857142857143
73.35714285714286 62.53846153846154 58.93333333333333 73.63636363636364 77.71428571428571
74.28571428571429 60.46153846153846 55.93333333333334 75.0 77.85714285714286
74.07142857142857 61.30769230769231 57.333333333333336 74.9090909090909 77.07142857142857
72.78571428571429 60.38461538461539 58.06666666666667 73.72727272727272 76.64285714285714
74.21428571428572 60.92307692307692 58.53333333333333 74.63636363636364 77.07142857142857
