84.66666666666667 83.0 86.0 86.3 84.22222222222223
84.55555555555556 82.5 85.375 85.1 84.66666666666667
83.77777777777779 82.4 85.25 84.6 83.88888888888889
84.22222222222223 83.4 85.0 85.8 84.11111111111111
83.44444444444444 81.3 85.625 84.1 83.55555555555554
83.88888888888889 81.8 86.625 85.9 85.22222222222223
83.77777777777779 83.0 85.625 84.5 84.55555555555556
84.33333333333333 82.5 84.5 85.7 84.22222222222223
84.22222222222223 83.4 85.5 86.3 85.33333333333333
84.11111111111111 81.9 84.625 85.4 85.11111111111111
83.55555555555554 81.69999999999999 84.5 84.8 84.33333333333333
84.44444444444444 82.19999999999999 86.0 86.5 85.55555555555556
85.22222222222223 83.0 86.0 84.7 84.44444444444444
83.77777777777779 81.19999999999999 83.75 85.0 85.22222222222223
83.44444444444444 82.19999999999999 86.25 86.0 84.66666666666667
83.88888888888889 81.9 85.75 84.7 83.33333333333333
84.0 81.5 84.875 86.5 83.88888888888889
85.0 82.9 85.5 87.3 84.55555555555556
82.55555555555554 82.60000000000001 85.0 84.3 84.44444444444444
83.88888888888889 81.60000000000001 84.75 85.0 84.22222222222223
83.77777777777779 80.60000000000001 82.625 84.9 83.22222222222223
83.44444444444444 81.10000000000001 84.875 85.2 84.55555555555556
83.77777777777779 81.4 84.75 85.0 83.44444444444444
83.66666666666667 82.69999999999999 84.5 84.5 84.66666666666667
84.33333333333333 82.69999999999999 85.125 85.4 84.88888888888889
84.44444444444444 81.69999999999999 85.125 85.5 85.0
84.33333333333333 82.60000000000001 86.25 86.5 83.77777777777779
84.33333333333333 82.0 86.125 85.7 86.44444444444444
84.44444444444444 81.69999999999999 84.125 85.6 84.88888888888889
84.88888888888889 80.9 83.875 84.6 85.44444444444444
84.22222222222223 81.0 84.125 85.3 84.77777777777777
83.88888888888889 81.4 84.125 85.6 84.66666666666667
85.11111111111111 80.60000000000001 84.5 85.1 85.44444444444444
84.44444444444444 81.10000000000001 84.25 86.2 84.44444444444444
84.77777777777777 81.3 84.375 84.9 83.44444444444444
85.22222222222223 81.8 85.125 86.0 84.88888888888889
83.88888888888889 81.0 84.25 84.9 84.33333333333333
83.88888888888889 80.5 84.125 85.0 84.66666666666667
84.44444444444444 80.69999999999999 85.125 86.2 85.77777777777777
85.0 82.19999999999999 85.75 86.1 84.66666666666667
84.22222222222223 82.0 84.0 86.0 86.22222222222223
84.33333333333333 80.60000000000001 85.75 86.3 85.44444444444444
85.0 81.19999999999999 84.875 86.4 84.66666666666667
84.66666666666667 79.8 85.25 86.6 85.66666666666667
83.77777777777779 79.0 83.875 84.4 83.66666666666667
84.55555555555556 79.9 84.875 85.5 84.77777777777777
84.33333333333333 79.9 85.25 86.2 85.22222222222223
85.22222222222223 80.4 84.375 85.1 84.33333333333333
84.22222222222223 80.19999999999999 84.5 86.4 84.88888888888889
83.88888888888889 77.7 84.125 85.1 84.0
84.22222222222223 79.10000000000001 83.375 85.0 84.11111111111111
83.0 79.5 84.25 85.4 84.55555555555556
83.77777777777779 79.3 84.375 85.4 85.11111111111111
85.55555555555556 81.19999999999999 85.625 86.7 85.88888888888889
84.0 78.0 84.5 85.4 85.11111111111111
84.44444444444444 77.7 84.625 86.0 86.0
82.55555555555554 76.89999999999999 82.125 84.9 82.77777777777779
84.33333333333333 77.89999999999999 83.875 86.0 85.88888888888889
84.33333333333333 78.10000000000001 85.0 85.8 86.55555555555556
85.33333333333333 77.10000000000001 83.125 87.4 86.11111111111111
84.66666666666667 76.5 82.375 85.4 84.44444444444444
83.88888888888889 77.10000000000001 83.125 85.9 85.33333333333333
83.77777777777779 77.7 84.75 85.1 85.44444444444444
85.0 77.5 84.0 86.0 85.55555555555556
84.88888888888889 76.2 83.875 84.9 85.11111111111111
84.0 76.5 82.875 85.1 84.44444444444444
83.33333333333333 73.89999999999999 81.625 84.4 85.33333333333333
83.33333333333333 75.2 82.125 85.2 85.33333333333333
84.66666666666667 76.7 84.0 86.2 86.44444444444444
84.66666666666667 75.7 82.0 86.5 84.33333333333333
84.66666666666667 75.5 83.625 86.1 84.88888888888889
83.88888888888889 75.0 83.125 85.6 84.88888888888889
83.0 73.89999999999999 82.75 85.3 84.0
83.44444444444444 72.6 82.625 85.6 84.33333333333333
84.22222222222223 73.5 83.625 84.5 84.0
82.77777777777779 73.7 82.375 85.0 83.88888888888889
84.22222222222223 73.1 81.625 86.3 85.11111111111111
84.44444444444444 71.0 81.75 85.5 84.44444444444444
82.22222222222223 70.5 81.75 84.9 84.88888888888889
84.0 72.7 82.625 86.3 84.88888888888889
84.44444444444444 71.4 82.125 86.1 84.66666666666667
84.11111111111111 71.5 82.625 86.1 85.44444444444444
84.11111111111111 70.2 82.0 85.9 85.22222222222223
84.77777777777777 70.9 82.25 85.8 84.22222222222223
84.55555555555556 71.0 81.375 86.4 84.77777777777777
84.22222222222223 71.1 82.125 85.8 85.55555555555556
84.77777777777777 69.6 82.0 86.9 85.11111111111111
84.11111111111111 67.4 81.125 84.8 85.11111111111111
85.11111111111111 69.3 80.625 85.6 85.33333333333333
84.22222222222223 69.0 80.875 85.4 84.66666666666667
84.22222222222223 67.4 79.25 85.4 84.0
84.55555555555556 68.0 81.25 85.5 86.0
85.22222222222223 66.3 80.625 86.4 85.0
83.88888888888889 65.9 80.5 86.1 84.33333333333333
85.0 67.9 80.5 86.1 83.77777777777779
83.66666666666667 66.0 79.75 85.3 84.66666666666667
83.22222222222223 62.8 78.875 85.6 83.88888888888889
83.77777777777779 64.5 80.0 86.2 85.44444444444444
85.22222222222223 64.3 80.25 85.6 85.22222222222223
84.77777777777777 62.6 79.125 85.5 84.88888888888889
84.44444444444444 66.10000000000001 80.625 86.2 85.33333333333333
80.88888888888889 80.8 82.125 81.9 82.33333333333333
81.44444444444444 81.10000000000001 81.75 81.8 80.77777777777779
81.55555555555556 80.5 81.75 81.10000000000001 80.88888888888889
81.55555555555556 79.9 81.375 81.69999999999999 81.1111111111111
85.33333333333333 63.8 79.75 86.8 85.77777777777777
80.88888888888889 79.8 81.75 82.3 81.44444444444444
81.66666666666667 80.8 82.0 82.19999999999999 82.44444444444444
82.0 80.5 82.125 82.19999999999999 81.22222222222223
80.88888888888889 79.2 81.0 81.9 81.66666666666667
84.55555555555556 66.5 76.875 85.3 85.0
81.44444444444444 80.0 81.75 81.3 81.1111111111111
82.1111111111111 80.9 82.875 82.10000000000001 81.66666666666667
81.1111111111111 79.3 82.0 81.4 81.44444444444444
81.88888888888889 80.9 81.5 82.60000000000001 82.0
84.77777777777777 65.10000000000001 79.875 85.8 84.0
81.77777777777779 79.39999999999999 81.875 82.0 81.77777777777779
82.22222222222223 81.10000000000001 82.375 82.0 81.55555555555556
82.66666666666667 80.0 82.375 82.0 82.22222222222223
80.1111111111111 78.89999999999999 80.25 80.60000000000001 82.0
84.33333333333333 67.7 78.5 86.2 85.33333333333333
81.0 80.10000000000001 81.75 81.8 81.0
81.77777777777779 80.5 82.375 82.10000000000001 81.77777777777779
81.55555555555556 80.19999999999999 81.625 81.0 82.22222222222223
81.33333333333333 80.0 81.875 81.5 81.22222222222223
81.66666666666667 79.5 82.375 81.3 81.22222222222223
81.66666666666667 79.60000000000001 79.5 81.4 80.77777777777779
81.66666666666667 79.8 81.375 81.19999999999999 81.33333333333333
81.1111111111111 79.60000000000001 81.0 81.4 80.77777777777779
81.77777777777779 81.4 81.75 81.69999999999999 82.77777777777779
81.44444444444444 80.69999999999999 82.0 81.8 81.1111111111111
84.0 67.7 77.75 85.8 85.22222222222223
84.88888888888889 66.60000000000001 77.25 85.4 84.55555555555556
83.88888888888889 67.7 78.75 85.9 84.88888888888889
84.33333333333333 68.3 78.875 84.3 85.44444444444444
84.33333333333333 68.3 78.125 85.9 84.88888888888889
84.33333333333333 67.9 76.75 86.1 85.0
84.66666666666667 68.2 78.5 85.3 85.66666666666667
83.88888888888889 67.0 78.75 85.8 85.77777777777777
84.77777777777777 68.4 77.75 86.2 85.77777777777777
83.88888888888889 68.5 78.375 85.1 85.44444444444444
83.55555555555554 67.5 77.625 86.5 85.77777777777777
83.77777777777779 67.4 78.125 85.3 85.44444444444444
84.11111111111111 68.1 78.125 84.9 85.22222222222223
83.88888888888889 67.7 78.5 85.2 85.55555555555556
83.66666666666667 68.2 76.0 85.2 85.55555555555556
82.66666666666667 67.5 76.5 84.7 84.55555555555556
84.44444444444444 69.8 77.625 85.7 85.88888888888889
84.33333333333333 67.6 77.75 85.6 85.66666666666667
82.33333333333333 66.69999999999999 75.375 84.0 84.22222222222223
83.44444444444444 66.0 74.375 85.5 84.88888888888889
84.55555555555556 69.0 75.875 85.5 85.33333333333333
83.88888888888889 68.8 77.0 86.0 86.22222222222223
82.66666666666667 67.9 75.25 85.2 85.88888888888889
84.55555555555556 67.9 77.5 86.3 85.44444444444444
83.11111111111111 68.7 75.375 85.5 86.33333333333333
84.44444444444444 66.5 74.375 85.6 84.55555555555556
85.0 67.5 75.75 86.3 86.44444444444444
84.66666666666667 69.7 77.125 85.3 84.77777777777777
85.0 68.4 75.25 86.9 85.33333333333333
84.66666666666667 67.5 73.875 85.7 85.44444444444444
83.77777777777779 69.0 74.375 85.3 86.22222222222223
83.33333333333333 68.3 73.125 85.8 84.88888888888889
84.44444444444444 67.0 72.5 86.4 85.44444444444444
84.66666666666667 69.3 73.875 86.9 85.44444444444444
84.22222222222223 66.5 72.5 84.4 86.11111111111111
84.33333333333333 67.6 71.125 86.0 85.44444444444444
86.0 68.9 70.0 86.4 85.44444444444444
84.33333333333333 67.5 70.625 86.4 85.77777777777777
84.11111111111111 66.60000000000001 70.125 85.0 85.77777777777777
85.33333333333333 66.10000000000001 70.125 85.3 86.88888888888889
82.1111111111111 65.5 67.875 85.7 86.22222222222223
84.11111111111111 67.2 67.125 86.6 85.55555555555556
83.44444444444444 66.5 67.25 85.7 87.33333333333333
84.77777777777777 67.7 67.75 85.4 85.66666666666667
85.55555555555556 68.7 68.125 86.3 87.11111111111111
84.33333333333333 67.2 65.875 85.1 85.33333333333333
85.66666666666667 66.3 65.75 86.0 85.22222222222223
84.33333333333333 66.4 65.75 85.7 85.88888888888889
83.77777777777779 67.2 67.25 85.1 86.77777777777777
84.77777777777777 67.3 66.875 85.4 86.33333333333333
84.55555555555556 67.10000000000001 64.875 86.7 85.55555555555556
85.11111111111111 67.4 62.625 85.0 85.55555555555556
84.55555555555556 67.3 65.5 86.1 85.88888888888889
83.44444444444444 67.6 65.25 85.9 85.88888888888889
84.0 65.10000000000001 64.375 85.7 86.0
85.22222222222223 68.6 65.125 85.4 85.0
84.0 65.69999999999999 64.125 85.8 87.0
84.77777777777777 66.3 64.375 86.5 86.22222222222223
84.22222222222223 66.19999999999999 63.5 85.2 85.44444444444444
84.66666666666667 66.19999999999999 65.75 86.0 86.33333333333333
85.77777777777777 66.4 64.875 85.8 86.0
84.66666666666667 68.3 64.625 86.5 86.66666666666667
83.88888888888889 68.3 65.0 85.2 85.22222222222223
84.44444444444444 67.4 64.5 85.4 85.66666666666667
84.77777777777777 66.10000000000001 63.375 85.5 85.11111111111111
83.77777777777779 65.69999999999999 64.125 85.6 85.0
83.77777777777779 65.19999999999999 64.875 85.6 86.22222222222223
84.11111111111111 66.69999999999999 62.125 86.1 84.88888888888889
84.55555555555556 67.9 64.75 85.1 86.0
84.33333333333333 67.5 63.5 85.6 84.66666666666667
84.33333333333333 65.69999999999999 64.25 85.8 86.77777777777777
85.66666666666667 66.5 65.375 85.7 85.88888888888889
85.55555555555556 68.3 64.375 85.5 86.44444444444444
84.66666666666667 66.0 64.75 85.7 86.0
85.66666666666667 67.7 67.375 85.9 86.55555555555556
84.66666666666667 66.10000000000001 64.375 84.2 85.11111111111111
83.77777777777779 66.4 64.125 84.9 85.55555555555556
84.22222222222223 66.3 63.0 84.6 84.55555555555556
83.0 66.19999999999999 62.625 86.4 85.44444444444444
84.55555555555556 67.4 65.75 85.9 85.33333333333333
84.66666666666667 67.9 67.25 85.8 85.33333333333333
83.77777777777779 66.8 65.0 86.3 86.44444444444444
84.55555555555556 67.5 65.5 86.6 86.33333333333333
85.22222222222223 67.3 66.0 85.6 86.33333333333333
83.44444444444444 66.69999999999999 65.375 85.8 86.0
85.0 67.2 64.125 85.5 85.22222222222223
84.55555555555556 67.4 66.625 85.1 86.33333333333333
84.11111111111111 65.69999999999999 63.0 84.8 84.0
83.66666666666667 67.10000000000001 64.625 85.2 87.22222222222223
83.44444444444444 67.10000000000001 63.75 85.6 85.77777777777777
83.22222222222223 65.4 63.75 85.5 84.33333333333333
83.66666666666667 66.69999999999999 66.0 85.5 86.44444444444444
84.44444444444444 67.8 64.625 86.7 85.77777777777777
84.66666666666667 65.4 64.25 85.9 86.11111111111111
85.22222222222223 66.10000000000001 65.625 85.8 86.77777777777777
84.0 66.0 64.0 85.4 85.11111111111111
83.11111111111111 66.0 63.875 86.1 85.11111111111111
84.44444444444444 66.5 65.0 85.8 85.66666666666667
83.66666666666667 67.10000000000001 65.25 85.3 86.66666666666667
