0.0013966480446927375 0.16713681241184766 0.054242002781641166 0.0 0.0
0.0 0.15091678420310298 0.06050069541029207 0.0007288629737609329 0.0006858710562414267
0.0006983240223463687 0.1375176304654443 0.05702364394993046 0.0 0.0
0.0006983240223463687 0.1706629055007052 0.056328233657858134 0.0 0.0
0.0 0.18406205923836388 0.05910987482614743 0.0007288629737609329 0.0
0.0 0.1466854724964739 0.056328233657858134 0.0007288629737609329 0.0
0.0013966480446927375 0.13610719322990128 0.0521557719054242 0.0 0.0
0.002793296089385475 0.16925246826516221 0.04450625869262865 0.0 0.0
0.0006983240223463687 0.11847672778561354 0.06467315716272601 0.0 0.0
0.0 0.16290550070521861 0.06467315716272601 0.0 0.0
0.0006983240223463687 0.16854724964739068 0.061196105702364396 0.0 0.0
0.002094972067039106 0.1706629055007052 0.05980528511821975 0.0007288629737609329 0.0
0.0013966480446927375 0.14245416078984485 0.07301808066759388 0.0007288629737609329 0.0
0.0006983240223463687 0.21015514809590974 0.06467315716272601 0.0 0.0006858710562414267
0.0 0.16713681241184766 0.061196105702364396 0.0007288629737609329 0.0
0.0006983240223463687 0.19393511988716503 0.07579972183588318 0.0 0.0
0.0006983240223463687 0.17207334273624822 0.08831710709318498 0.0007288629737609329 0.0
0.0013966480446927375 0.1995768688293371 0.06467315716272601 0.0 0.0
0.0013966480446927375 0.13540197461212977 0.05354659248956885 0.0 0.0
0.0013966480446927375 0.16502115655853314 0.057719054242002785 0.0 0.0
0.0006983240223463687 0.192524682651622 0.08136300417246174 0.0 0.0
0.0006983240223463687 0.22002820874471085 0.07579972183588318 0.0 0.0
0.002793296089385475 0.1763046544428773 0.0521557719054242 0.0 0.0
0.0013966480446927375 0.18053596614950634 0.06397774687065369 0.0 0.0
0.0006983240223463687 0.15867418899858957 0.05285118219749652 0.0 0.0
0.002094972067039106 0.19887165021156558 0.06536856745479834 0.0007288629737609329 0.0
0.0 0.19534555712270804 0.06189151599443672 0.0 0.0
0.0 0.1763046544428773 0.06467315716272601 0.0 0.0
0.002793296089385475 0.19322990126939352 0.0764951321279555 0.0 0.0
0.002094972067039106 0.2165021156558533 0.0799721835883171 0.0 0.0
0.0013966480446927375 0.2165021156558533 0.07162726008344925 0.0 0.0
0.002094972067039106 0.21156558533145275 0.06328233657858137 0.0 0.0
0.0006983240223463687 0.24330042313117065 0.07301808066759388 0.0 0.0
0.002094972067039106 0.2397743300423131 0.05285118219749652 0.0007288629737609329 0.0
0.0013966480446927375 0.21791255289139633 0.06328233657858137 0.0 0.0
0.0006983240223463687 0.22496473906911144 0.0584144645340751 0.0014577259475218659 0.0
0.002094972067039106 0.19887165021156558 0.07162726008344925 0.0 0.0
0.0013966480446927375 0.25176304654442877 0.06606397774687066 0.0 0.0
0.0013966480446927375 0.2630465444287729 0.0890125173852573 0.0 0.0006858710562414267
0.0013966480446927375 0.2566995768688293 0.06815020862308763 0.0 0.0
0.002094972067039106 0.24471086036671366 0.07232267037552156 0.0007288629737609329 0.0
0.0 0.26939351198871647 0.07162726008344925 0.0 0.0006858710562414267
0.0013966480446927375 0.23483779971791255 0.06954102920723228 0.0014577259475218659 0.0
0.0013966480446927375 0.2919605077574048 0.06397774687065369 0.0 0.0
0.0013966480446927375 0.24047954866008464 0.06745479833101531 0.0 0.0
0.002094972067039106 0.2679830747531735 0.06050069541029207 0.0 0.0
0.002094972067039106 0.28138222849083216 0.06467315716272601 0.0 0.0
0.0006983240223463687 0.2792665726375176 0.07301808066759388 0.0 0.0006858710562414267
0.0 0.2849083215796897 0.06536856745479834 0.0 0.0
0.0006983240223463687 0.31664315937940757 0.06815020862308763 0.0007288629737609329 0.0
0.0006983240223463687 0.306064880112835 0.06815020862308763 0.0007288629737609329 0.0
0.0006983240223463687 0.2559943582510578 0.05980528511821975 0.0 0.0
0.0006983240223463687 0.3540197461212976 0.07788595271210014 0.0 0.0
0.0 0.27856135401974613 0.06815020862308763 0.0 0.0
0.0013966480446927375 0.36318758815232727 0.05980528511821975 0.0014577259475218659 0.0
0.0006983240223463687 0.32863187588152326 0.09388038942976355 0.0014577259475218659 0.0
0.0006983240223463687 0.33850493653032443 0.07371349095966621 0.0 0.0
0.0013966480446927375 0.3638928067700987 0.06467315716272601 0.0007288629737609329 0.0
0.003491620111731844 0.32792665726375175 0.061196105702364396 0.0 0.0
0.0013966480446927375 0.42595204513399154 0.09388038942976355 0.0 0.0
0.0006983240223463687 0.38716502115655854 0.08623087621696801 0.0 0.0
0.002094972067039106 0.40479548660084624 0.06884561891515995 0.0007288629737609329 0.0
0.0013966480446927375 0.3942172073342736 0.07788595271210014 0.0 0.0
0.0006983240223463687 0.42524682651622003 0.08205841446453407 0.0007288629737609329 0.0006858710562414267
0.002793296089385475 0.4583921015514809 0.07788595271210014 0.002186588921282799 0.0
0.0 0.42736248236953456 0.0799721835883171 0.0 0.0
0.002094972067039106 0.46403385049365303 0.10778859527121001 0.0 0.0
0.002094972067039106 0.44287729196050774 0.06675938803894298 0.0 0.0
0.0 0.4294781382228491 0.0890125173852573 0.0 0.0006858710562414267
0.002094972067039106 0.47320169252468264 0.08484005563282336 0.0 0.0006858710562414267
0.0006983240223463687 0.49153737658674196 0.09666203059805285 0.0007288629737609329 0.0
0.0 0.5098730606488012 0.08970792767732962 0.0 0.0
0.0 0.5077574047954866 0.09457579972183588 0.0 0.0
0.002094972067039106 0.5317348377997179 0.06397774687065369 0.0007288629737609329 0.0006858710562414267
0.0 0.5232722143864599 0.08066759388038942 0.0007288629737609329 0.0
0.0006983240223463687 0.5169252468265163 0.08066759388038942 0.0 0.0
0.0013966480446927375 0.5888575458392101 0.09596662030598052 0.0007288629737609329 0.0
0.002094972067039106 0.5726375176304654 0.10639777468706536 0.0 0.0
0.0013966480446927375 0.5944992947813822 0.08553546592489568 0.0 0.0
0.0013966480446927375 0.5909732016925248 0.08205841446453407 0.0 0.0
0.002094972067039106 0.6354019746121298 0.10222531293463143 0.0 0.0
0.0006983240223463687 0.6607898448519041 0.08831710709318498 0.0007288629737609329 0.0
0.002094972067039106 0.6798307475317349 0.08553546592489568 0.0 0.0
0.0013966480446927375 0.6720733427362483 0.10013908205841446 0.0 0.0
0.0 0.6431593794076164 0.10083449235048679 0.0007288629737609329 0.0
0.0013966480446927375 0.6713681241184768 0.09874826147426982 0.0 0.0
0.0006983240223463687 0.6755994358251057 0.09944367176634214 0.0 0.0
0.0013966480446927375 0.7503526093088857 0.0952712100139082 0.0 0.0
0.0013966480446927375 0.7263751763046545 0.10500695410292073 0.0 0.0
0.0006983240223463687 0.7242595204513399 0.11821974965229486 0.0 0.0
0.002094972067039106 0.770098730606488 0.1070931849791377 0.0007288629737609329 0.0
0.0006983240223463687 0.7489421720733427 0.1043115438108484 0.0 0.0
0.0013966480446927375 0.8392101551480959 0.1105702364394993 0.0 0.0006858710562414267
0.0006983240223463687 0.8258110014104373 0.10152990264255911 0.0007288629737609329 0.0
0.0013966480446927375 0.8018335684062059 0.10848400556328233 0.0 0.0
0.002094972067039106 0.8540197461212976 0.12447844228094575 0.0 0.0
0.002793296089385475 0.9167842031029618 0.13143254520166897 0.0 0.0
0.0013966480446927375 0.8765867418899859 0.12030598052851182 0.0 0.0
0.002094972067039106 0.9097320169252469 0.12308762169680111 0.0 0.0006858710562414267
0.0013966480446927375 0.9485190409026798 0.12308762169680111 0.0007288629737609329 0.0
0.0013966480446927375 0.8660084626234132 0.1105702364394993 0.0007288629737609329 0.0
0.0 0.05782792665726375 0.0 0.0007288629737609329 0.0
0.0 0.059943582510578276 0.0006954102920723226 0.0 0.0
0.0006983240223463687 0.05853314527503527 0.0 0.0 0.0
0.0 0.06276445698166432 0.0006954102920723226 0.0 0.0
0.0013966480446927375 0.9330042313117066 0.13977746870653684 0.0007288629737609329 0.0
0.0 0.06135401974612129 0.0 0.0 0.0
0.0 0.057122708039492244 0.0 0.0 0.0
0.0 0.06488011283497884 0.0 0.0007288629737609329 0.0013717421124828533
0.0 0.06629055007052187 0.0 0.0 0.0
0.002094972067039106 0.7454160789844853 0.2517385257301808 0.0007288629737609329 0.0
0.0 0.0620592383638928 0.0 0.0 0.0
0.0 0.059943582510578276 0.0 0.0 0.0
0.0 0.07404795486600846 0.0 0.0 0.0
0.0006983240223463687 0.06911142454160789 0.0 0.0 0.0
0.0013966480446927375 0.8885754583921016 0.1168289290681502 0.0 0.0
0.0 0.0684062059238364 0.0 0.0 0.0006858710562414267
0.0 0.0684062059238364 0.0 0.0 0.0
0.0 0.057122708039492244 0.0006954102920723226 0.0 0.0
0.0 0.05853314527503527 0.0 0.0 0.0
0.0006983240223463687 0.7080394922425952 0.2767732962447844 0.0007288629737609329 0.0
0.0 0.06346967559943582 0.0 0.0 0.0
0.0 0.06770098730606489 0.0 0.0 0.0
0.0 0.0535966149506347 0.0 0.0 0.0
0.0 0.06558533145275035 0.0 0.0 0.0
0.0 0.06558533145275035 0.0 0.0 0.0
0.0006983240223463687 0.07193229901269393 0.0 0.0 0.0
0.0 0.07193229901269393 0.0 0.0007288629737609329 0.0
0.0 0.0620592383638928 0.0 0.0 0.0
0.0 0.0458392101551481 0.0 0.0 0.0
0.0 0.05571227080394922 0.0 0.0 0.0
0.0 0.7334273624823696 0.2531293463143255 0.0007288629737609329 0.0
0.0 0.7468265162200283 0.25869262865090403 0.0 0.0
0.0013966480446927375 0.7390691114245417 0.2517385257301808 0.0 0.0
0.0 0.7045133991537377 0.21696801112656466 0.0014577259475218659 0.0
0.0 0.7186177715091678 0.24408901251738527 0.0 0.0
0.0 0.7172073342736248 0.2301808066759388 0.0007288629737609329 0.0
0.0 0.7256699576868829 0.2621696801112656 0.0007288629737609329 0.0
0.0 0.7348377997179125 0.27329624478442277 0.0 0.0
0.0 0.7235543018335684 0.26147426981919336 0.0007288629737609329 0.0
0.0013966480446927375 0.7016925246826516 0.26981919332406124 0.0007288629737609329 0.0
0.0 0.7193229901269393 0.2753824756606398 0.0007288629737609329 0.0
0.0 0.7094499294781382 0.2475660639777469 0.0 0.0
0.0 0.7207334273624824 0.2573018080667594 0.0007288629737609329 0.0
0.0013966480446927375 0.7390691114245417 0.30180806675938804 0.0014577259475218659 0.0
0.0 0.6960507757404796 0.33379694019471484 0.0007288629737609329 0.0
0.0013966480446927375 0.6889985895627644 0.30806675938803896 0.0007288629737609329 0.0
0.0 0.6904090267983075 0.3045897079276773 0.0007288629737609329 0.0
0.0 0.7503526093088857 0.32127955493741306 0.0007288629737609329 0.0
0.0013966480446927375 0.6995768688293371 0.3720445062586926 0.0007288629737609329 0.0006858710562414267
0.0006983240223463687 0.729901269393512 0.39707927677329624 0.0007288629737609329 0.0
0.0006983240223463687 0.7242595204513399 0.38178025034770513 0.002186588921282799 0.0
0.0 0.6882933709449929 0.3748261474269819 0.0 0.0
0.0013966480446927375 0.6805359661495063 0.38803894297635605 0.0 0.0
0.0006983240223463687 0.7461212976022568 0.3692628650904033 0.0 0.0
0.0 0.6840620592383639 0.4200278164116829 0.0007288629737609329 0.0
0.0006983240223463687 0.7193229901269393 0.4360222531293463 0.0 0.0
0.0 0.6755994358251057 0.4276773296244784 0.0007288629737609329 0.0
0.0 0.6643159379407616 0.41933240611961053 0.0 0.0
0.0006983240223463687 0.7115655853314528 0.5041724617524339 0.0007288629737609329 0.0006858710562414267
0.0006983240223463687 0.7136812411847673 0.5479833101529903 0.0007288629737609329 0.0
0.0006983240223463687 0.692524682651622 0.5208623087621697 0.0 0.0006858710562414267
0.0006983240223463687 0.731311706629055 0.5229485396383867 0.0007288629737609329 0.0
0.0013966480446927375 0.720028208744711 0.6321279554937413 0.0 0.0
0.0013966480446927375 0.6833568406205924 0.6140472878998608 0.0014577259475218659 0.0
0.0006983240223463687 0.7306064880112835 0.6363004172461753 0.0 0.0006858710562414267
0.0013966480446927375 0.7172073342736248 0.7086230876216968 0.0 0.0
0.0 0.6875881523272214 0.7447844228094576 0.0 0.0
0.0 0.7150916784203103 0.7816411682892908 0.0007288629737609329 0.0006858710562414267
0.0 0.7052186177715092 0.8268428372739917 0.0014577259475218659 0.0006858710562414267
0.0 0.7228490832157969 0.9075104311543811 0.002186588921282799 0.0
0.0013966480446927375 0.7172073342736248 0.9575799721835884 0.0007288629737609329 0.0
0.0006983240223463687 0.7193229901269393 1.0250347705146037 0.0007288629737609329 0.0006858710562414267
0.0 0.70098730606488 0.9819193324061197 0.0014577259475218659 0.0
0.0 0.7221438645980254 1.0312934631432547 0.0 0.0
0.0 0.6607898448519041 1.0897079276773296 0.0 0.0
0.0 0.6939351198871649 1.088317107093185 0.0 0.0
0.0013966480446927375 0.7150916784203103 1.0479833101529903 0.0 0.0
0.0006983240223463687 0.7150916784203103 1.0396383866481225 0.0014577259475218659 0.0
0.0 0.6833568406205924 1.0702364394993047 0.0014577259475218659 0.0006858710562414267
0.0006983240223463687 0.7186177715091678 1.1481223922114048 0.0 0.0
0.0006983240223463687 0.7165021156558533 1.2246175243393602 0.0 0.0
0.0 0.7080394922425952 1.2579972183588317 0.0007288629737609329 0.0
0.0006983240223463687 0.6791255289139634 1.1404728789986092 0.002186588921282799 0.0
0.0006983240223463687 0.6875881523272214 1.1251738525730182 0.0007288629737609329 0.0
0.0 0.731311706629055 1.1954102920723229 0.0007288629737609329 0.0
0.0 0.6699576868829337 1.159944367176634 0.0014577259475218659 0.0
0.0006983240223463687 0.7327221438645981 1.194019471488178 0.0007288629737609329 0.0
0.0013966480446927375 0.764456981664316 1.1815020862308763 0.0014577259475218659 0.0006858710562414267
0.0006983240223463687 0.728490832157969 1.203059805285118 0.0007288629737609329 0.0
0.0 0.7390691114245417 1.1773296244784421 0.0007288629737609329 0.0
0.0 0.7559943582510578 1.172461752433936 0.0 0.0
0.002094972067039106 0.7059238363892807 1.1912378303198887 0.0007288629737609329 0.0
0.0006983240223463687 0.7038081805359662 1.1536856745479833 0.0007288629737609329 0.0006858710562414267
0.0 0.6918194640338505 1.152990264255911 0.0007288629737609329 0.0
0.0 0.7263751763046545 1.196105702364395 0.0007288629737609329 0.0
0.0 0.6981664315937941 1.2517385257301807 0.0007288629737609329 0.0
0.0 0.7221438645980254 1.136300417246175 0.0014577259475218659 0.0
0.0006983240223463687 0.7362482369534555 1.1954102920723229 0.0007288629737609329 0.0
0.0006983240223463687 0.6777150916784204 1.1835883171070931 0.0007288629737609329 0.0
0.0 0.6946403385049364 1.2079276773296244 0.0007288629737609329 0.0
0.0006983240223463687 0.7143864598025388 1.1947148817802502 0.0 0.0
0.0 0.7433004231311706 1.2294853963838666 0.0 0.0
0.0006983240223463687 0.692524682651622 1.1808066759388038 0.0007288629737609329 0.0
0.0 0.7157968970380818 1.1842837273991655 0.0007288629737609329 0.0006858710562414267
0.0 0.6946403385049364 1.139777468706537 0.0 0.0
0.0013966480446927375 0.7214386459802539 1.13769123783032 0.0 0.0
0.0 0.6988716502115656 1.1974965229485397 0.0007288629737609329 0.0
0.0 0.7306064880112835 1.150904033379694 0.0007288629737609329 0.0
0.0006983240223463687 0.7510578279266573 1.2232267037552156 0.0007288629737609329 0.0
0.0006983240223463687 0.7172073342736248 1.1891515994436719 0.0 0.0
0.0006983240223463687 0.7101551480959097 1.1147426981919333 0.0007288629737609329 0.0
0.0013966480446927375 0.7101551480959097 1.1439499304589706 0.0 0.0
0.0006983240223463687 0.7235543018335684 1.1564673157162726 0.0 0.0
0.0013966480446927375 0.7052186177715092 1.1342141863699582 0.0014577259475218659 0.0
0.002094972067039106 0.7193229901269393 1.1821974965229485 0.0007288629737609329 0.0
0.0006983240223463687 0.70098730606488 1.159944367176634 0.0 0.0
0.0 0.7066290550070522 1.1717663421418638 0.0014577259475218659 0.0
0.0 0.7150916784203103 1.1870653685674548 0.0014577259475218659 0.0
0.002094972067039106 0.720028208744711 1.1418636995827538 0.0007288629737609329 0.0
0.0 0.7172073342736248 1.1703755215577192 0.0007288629737609329 0.0
0.0 0.7094499294781382 1.172461752433936 0.0007288629737609329 0.0
0.0 0.7108603667136812 1.1439499304589706 0.0007288629737609329 0.0
0.0013966480446927375 0.7214386459802539 1.1557719054242004 0.0007288629737609329 0.0
0.0 0.7235543018335684 1.178720445062587 0.0007288629737609329 0.0
0.0006983240223463687 0.7291960507757405 1.166203059805285 0.0007288629737609329 0.0
0.0006983240223463687 0.735543018335684 1.2371349095966622 0.0 0.0
0.0 0.7320169252468265 1.1801112656467316 0.0 0.0
0.0013966480446927375 0.7235543018335684 1.133518776077886 0.0 0.0
0.0 0.7052186177715092 1.1794158553546594 0.0 0.0
