18.833333333333332 34.166666666666664 25.5 14.666666666666666 12.0
17.5 31.333333333333332 27.0 14.0 15.8
17.0 31.0 28.333333333333332 12.5 13.4
18.333333333333332 27.833333333333336 27.666666666666664 15.166666666666666 14.4
16.0 30.5 25.166666666666668 13.333333333333334 10.4
18.166666666666668 30.5 25.833333333333332 15.0 13.2
18.833333333333332 32.0 27.333333333333336 13.0 12.6
20.166666666666664 31.666666666666668 28.833333333333332 14.5 11.6
17.5 33.666666666666664 28.166666666666668 15.5 12.200000000000001
15.333333333333332 31.166666666666664 24.833333333333332 15.333333333333332 13.6
15.666666666666666 32.33333333333333 28.166666666666668 14.333333333333334 11.0
16.0 31.0 30.166666666666668 15.5 11.4
19.333333333333336 34.166666666666664 23.666666666666664 15.666666666666666 14.200000000000001
18.166666666666668 34.5 26.0 19.166666666666664 11.799999999999999
17.5 28.833333333333332 27.666666666666664 14.5 14.200000000000001
18.166666666666668 32.833333333333336 30.166666666666668 14.166666666666666 12.4
17.666666666666668 30.833333333333336 30.333333333333332 13.666666666666668 13.799999999999999
20.333333333333332 29.666666666666668 27.5 14.5 13.6
18.333333333333332 31.833333333333332 27.166666666666664 14.666666666666666 13.6
18.5 29.666666666666668 29.5 16.5 13.4
17.5 34.5 24.666666666666668 14.666666666666666 12.0
16.5 30.666666666666664 28.0 12.833333333333334 13.799999999999999
18.333333333333332 32.33333333333333 27.0 13.333333333333334 13.799999999999999
17.166666666666668 31.833333333333332 24.666666666666668 13.333333333333334 14.0
17.833333333333332 31.333333333333332 26.166666666666668 15.666666666666666 12.0
17.0 31.0 26.333333333333332 14.0 14.6
18.166666666666668 32.16666666666667 29.166666666666668 15.333333333333332 13.0
21.333333333333332 33.166666666666664 26.833333333333336 15.166666666666666 14.0
16.166666666666664 28.5 28.0 17.0 15.2
16.5 34.166666666666664 23.0 14.0 11.4
17.5 30.333333333333332 29.666666666666668 13.166666666666666 15.0
17.333333333333332 30.833333333333336 26.333333333333332 14.666666666666666 14.6
17.0 33.5 23.833333333333336 13.5 13.6
19.333333333333336 32.833333333333336 29.5 15.666666666666666 9.799999999999999
16.666666666666668 31.833333333333332 29.5 12.833333333333334 14.200000000000001
17.333333333333332 31.666666666666668 28.666666666666668 14.166666666666666 13.6
20.5 32.833333333333336 28.166666666666668 14.833333333333334 14.4
18.0 32.666666666666664 26.666666666666668 14.833333333333334 12.6
17.5 32.33333333333333 31.833333333333332 14.833333333333334 14.4
18.666666666666668 32.833333333333336 28.833333333333332 11.333333333333334 12.6
19.166666666666664 33.666666666666664 23.666666666666664 16.0 14.8
20.5 31.5 27.666666666666664 15.5 12.8
18.166666666666668 30.5 28.666666666666668 15.166666666666666 12.0
17.833333333333332 33.166666666666664 29.333333333333332 16.166666666666664 13.2
17.0 32.16666666666667 27.0 14.166666666666666 13.4
18.666666666666668 34.166666666666664 28.333333333333332 13.0 12.6
16.666666666666668 33.166666666666664 26.833333333333336 16.333333333333332 13.0
15.166666666666666 33.0 27.5 14.5 11.6
18.166666666666668 31.0 27.666666666666664 14.0 14.0
20.5 31.0 27.833333333333336 15.0 14.200000000000001
13.833333333333332 30.5 29.666666666666668 13.5 15.2
20.0 29.833333333333332 26.5 14.666666666666666 14.6
15.833333333333334 29.666666666666668 28.0 14.5 12.8
17.666666666666668 34.0 24.333333333333332 13.5 11.799999999999999
18.0 33.333333333333336 26.666666666666668 15.166666666666666 12.0
20.833333333333332 31.5 29.666666666666668 15.833333333333334 11.2
16.333333333333332 29.5 28.833333333333332 15.166666666666666 10.6
18.166666666666668 31.0 24.666666666666668 17.833333333333332 12.200000000000001
17.833333333333332 30.166666666666668 29.5 14.666666666666666 13.6
14.833333333333334 30.5 30.0 18.833333333333332 14.8
18.5 29.833333333333332 25.0 14.833333333333334 13.0
19.333333333333336 31.666666666666668 25.0 13.0 15.8
19.333333333333336 29.166666666666668 24.666666666666668 15.0 11.6
18.333333333333332 31.5 30.0 14.5 12.6
18.666666666666668 29.5 29.166666666666668 15.833333333333334 11.2
16.333333333333332 31.333333333333332 27.5 14.333333333333334 11.4
19.166666666666664 32.16666666666667 28.666666666666668 15.333333333333332 13.4
17.166666666666668 31.333333333333332 28.166666666666668 15.5 14.0
18.5 35.333333333333336 25.333333333333332 15.0 11.799999999999999
16.833333333333332 32.666666666666664 26.833333333333336 13.166666666666666 11.6
19.333333333333336 36.166666666666664 28.0 12.166666666666666 12.6
19.333333333333336 33.666666666666664 26.833333333333336 15.5 13.6
16.666666666666668 31.333333333333332 27.166666666666664 11.833333333333332 14.6
18.166666666666668 29.666666666666668 26.833333333333336 13.666666666666668 14.4
19.333333333333336 32.0 27.0 13.5 15.6
17.666666666666668 30.833333333333336 30.0 13.166666666666666 10.4
19.166666666666664 32.5 27.5 14.166666666666666 13.2
18.833333333333332 34.0 29.0 14.333333333333334 13.0
21.333333333333332 28.166666666666668 29.5 14.666666666666666 13.4
15.0 30.666666666666664 27.166666666666664 16.333333333333332 11.4
17.0 33.166666666666664 28.0 15.5 11.4
15.0 39.66666666666667 29.333333333333332 13.833333333333332 14.6
15.333333333333332 29.333333333333332 27.333333333333336 15.0 13.4
16.5 32.5 26.833333333333336 15.166666666666666 13.2
21.166666666666668 33.0 28.166666666666668 12.5 12.0
16.833333333333332 32.33333333333333 26.333333333333332 14.0 15.4
17.333333333333332 38.16666666666667 28.0 15.166666666666666 12.4
16.166666666666664 29.333333333333332 24.166666666666668 13.833333333333332 15.4
19.5 34.5 26.666666666666668 16.333333333333332 14.0
19.166666666666664 30.5 25.833333333333332 14.666666666666666 18.2
17.5 33.166666666666664 25.166666666666668 13.333333333333334 14.4
20.0 35.0 26.5 13.166666666666666 13.6
17.333333333333332 33.666666666666664 27.833333333333336 13.0 12.6
19.166666666666664 32.666666666666664 30.333333333333332 10.5 12.200000000000001
20.166666666666664 35.833333333333336 27.5 14.666666666666666 16.2
17.666666666666668 32.833333333333336 27.333333333333336 14.5 12.6
19.0 32.33333333333333 26.5 15.166666666666666 15.0
16.166666666666664 34.166666666666664 25.666666666666668 14.0 14.200000000000001
16.833333333333332 31.666666666666668 25.333333333333332 15.833333333333334 13.4
16.333333333333332 32.33333333333333 28.166666666666668 16.833333333333332 15.2
17.666666666666668 33.666666666666664 28.166666666666668 14.333333333333334 13.0
16.833333333333332 15.5 15.5 14.5 14.0
14.5 15.666666666666666 17.333333333333332 16.5 14.200000000000001
13.333333333333334 18.666666666666668 15.5 15.0 14.6
14.833333333333334 19.666666666666664 14.5 15.833333333333334 15.8
18.0 35.333333333333336 27.833333333333336 14.833333333333334 13.2
16.833333333333332 16.166666666666664 13.833333333333332 12.166666666666666 14.6
15.666666666666666 16.0 14.666666666666666 12.0 16.400000000000002
15.5 13.333333333333334 14.5 16.833333333333332 12.8
13.666666666666668 14.833333333333334 14.166666666666666 15.0 14.0
17.0 29.333333333333332 33.0 14.5 10.6
16.0 11.5 16.333333333333332 17.833333333333332 15.4
14.5 15.5 14.5 13.5 16.2
18.166666666666668 15.166666666666666 16.333333333333332 14.5 15.2
17.0 16.666666666666668 14.833333333333334 18.0 17.4
18.833333333333332 37.5 28.0 15.666666666666666 9.799999999999999
16.5 12.833333333333334 17.666666666666668 15.166666666666666 16.8
13.5 17.666666666666668 17.5 15.833333333333334 15.2
12.833333333333334 18.0 13.0 14.0 14.4
14.0 14.0 14.833333333333334 14.0 15.6
16.666666666666668 30.5 33.0 13.666666666666668 14.4
15.166666666666666 17.833333333333332 16.833333333333332 13.666666666666668 14.4
14.333333333333334 15.0 15.333333333333332 17.333333333333332 18.8
18.5 14.166666666666666 17.666666666666668 17.166666666666668 13.0
16.0 14.5 14.0 16.833333333333332 14.4
15.333333333333332 18.333333333333332 15.166666666666666 15.166666666666666 12.8
12.666666666666666 18.166666666666668 13.166666666666666 16.0 17.0
15.833333333333334 13.833333333333332 14.833333333333334 15.0 13.0
15.833333333333334 14.0 13.666666666666668 15.5 17.8
18.0 16.166666666666664 14.5 15.0 15.0
15.666666666666666 14.666666666666666 16.5 16.333333333333332 13.2
17.666666666666668 28.666666666666668 30.0 14.666666666666666 9.799999999999999
16.166666666666664 28.666666666666668 31.333333333333332 13.666666666666668 14.0
20.0 29.333333333333332 33.5 14.0 14.200000000000001
15.833333333333334 26.0 32.33333333333333 16.0 13.4
16.166666666666664 32.5 31.0 13.0 13.799999999999999
16.666666666666668 27.833333333333336 33.833333333333336 15.0 12.0
16.0 30.0 33.833333333333336 17.166666666666668 12.4
20.666666666666668 27.5 32.16666666666667 16.5 13.4
17.5 27.166666666666664 31.666666666666668 15.833333333333334 11.799999999999999
17.333333333333332 28.166666666666668 34.166666666666664 15.0 12.6
15.5 29.166666666666668 35.0 16.666666666666668 11.2
16.166666666666664 28.0 31.0 14.666666666666666 13.0
15.166666666666666 28.833333333333332 28.833333333333332 14.333333333333334 13.2
18.833333333333332 30.166666666666668 31.166666666666664 12.666666666666666 11.799999999999999
17.0 28.5 29.166666666666668 13.333333333333334 13.2
15.833333333333334 29.5 30.166666666666668 16.333333333333332 16.400000000000002
15.5 30.0 33.5 16.0 14.0
17.0 28.666666666666668 32.5 15.166666666666666 13.4
15.5 26.333333333333332 33.333333333333336 14.666666666666666 12.8
15.166666666666666 31.166666666666664 31.333333333333332 15.166666666666666 14.8
16.666666666666668 31.666666666666668 32.5 15.5 13.0
14.833333333333334 28.333333333333332 34.5 16.166666666666664 12.8
14.666666666666666 28.333333333333332 33.666666666666664 14.5 15.0
16.5 28.166666666666668 30.833333333333336 14.5 10.0
16.5 26.333333333333332 31.0 14.833333333333334 11.4
16.666666666666668 28.166666666666668 34.5 16.166666666666664 12.4
16.166666666666664 31.333333333333332 32.0 14.333333333333334 14.0
17.333333333333332 29.666666666666668 30.666666666666664 13.333333333333334 15.0
18.166666666666668 31.666666666666668 32.16666666666667 14.5 11.2
17.833333333333332 28.666666666666668 29.833333333333332 17.0 11.6
15.666666666666666 30.833333333333336 35.5 14.333333333333334 12.200000000000001
15.833333333333334 31.166666666666664 33.5 13.666666666666668 11.799999999999999
19.833333333333336 29.0 32.5 15.833333333333334 12.0
17.333333333333332 28.5 33.333333333333336 14.166666666666666 13.0
15.166666666666666 26.5 29.0 13.5 14.6
16.166666666666664 29.333333333333332 35.666666666666664 16.166666666666664 17.4
16.833333333333332 31.0 31.0 13.166666666666666 13.2
19.666666666666664 29.0 31.5 16.5 12.6
17.0 28.666666666666668 36.0 12.833333333333334 13.0
15.166666666666666 29.166666666666668 30.833333333333336 18.166666666666668 11.6
15.833333333333334 28.5 36.0 13.666666666666668 12.200000000000001
14.666666666666666 29.166666666666668 36.333333333333336 14.5 12.0
16.5 28.5 38.0 15.166666666666666 13.6
19.333333333333336 28.333333333333332 33.333333333333336 15.666666666666666 12.4
16.166666666666664 31.5 35.166666666666664 15.666666666666666 12.200000000000001
18.0 32.833333333333336 35.0 14.166666666666666 9.2
14.833333333333334 28.666666666666668 34.166666666666664 15.166666666666666 16.400000000000002
15.333333333333332 31.166666666666664 35.166666666666664 15.666666666666666 12.200000000000001
16.333333333333332 29.0 36.5 12.666666666666666 15.2
16.333333333333332 31.333333333333332 35.333333333333336 16.833333333333332 13.4
18.333333333333332 30.0 36.0 14.0 13.0
14.0 31.166666666666664 32.833333333333336 16.166666666666664 13.0
16.833333333333332 29.833333333333332 34.333333333333336 14.5 15.2
14.333333333333334 30.166666666666668 33.166666666666664 17.333333333333332 10.4
17.666666666666668 28.166666666666668 34.0 14.166666666666666 13.2
15.833333333333334 30.333333333333332 36.0 14.666666666666666 13.799999999999999
12.833333333333334 30.0 36.0 13.5 14.200000000000001
16.666666666666668 30.166666666666668 36.833333333333336 12.5 15.8
18.666666666666668 30.5 30.0 15.166666666666666 10.0
17.166666666666668 30.5 35.333333333333336 12.0 13.6
15.0 31.333333333333332 34.833333333333336 15.833333333333334 12.6
15.833333333333334 29.666666666666668 35.666666666666664 17.833333333333332 12.8
16.666666666666668 32.33333333333333 33.666666666666664 14.0 13.4
15.166666666666666 29.333333333333332 36.833333333333336 19.0 14.0
14.5 30.333333333333332 33.5 12.166666666666666 11.2
16.166666666666664 30.666666666666664 35.166666666666664 14.166666666666666 11.0
16.5 30.333333333333332 34.0 15.5 11.2
14.666666666666666 29.666666666666668 35.833333333333336 15.833333333333334 14.200000000000001
17.0 33.333333333333336 34.666666666666664 14.333333333333334 12.6
13.833333333333332 29.833333333333332 33.166666666666664 16.0 12.200000000000001
15.833333333333334 32.5 36.666666666666664 15.666666666666666 11.6
16.166666666666664 32.0 38.16666666666667 12.333333333333334 11.799999999999999
16.166666666666664 32.0 33.0 17.0 12.8
18.0 31.0 35.0 13.666666666666668 14.8
16.333333333333332 32.16666666666667 34.5 16.833333333333332 16.0
14.833333333333334 30.0 32.33333333333333 12.333333333333334 13.0
16.5 29.0 34.833333333333336 14.666666666666666 12.0
17.0 30.833333333333336 33.5 14.0 8.8
13.166666666666666 30.666666666666664 36.666666666666664 17.0 10.0
14.0 33.0 37.333333333333336 15.0 12.8
15.5 29.333333333333332 37.0 13.333333333333334 12.8
16.0 30.0 36.333333333333336 17.666666666666668 9.4
19.666666666666664 30.833333333333336 35.333333333333336 16.833333333333332 14.4
18.833333333333332 31.166666666666664 36.833333333333336 14.0 11.4
18.0 30.333333333333332 36.166666666666664 14.0 11.6
17.0 30.0 32.0 14.166666666666666 11.4
16.5 27.666666666666664 34.0 14.333333333333334 13.2
16.5 28.833333333333332 35.666666666666664 13.0 11.4
16.333333333333332 29.833333333333332 35.5 16.5 11.2
15.166666666666666 29.833333333333332 30.833333333333336 14.666666666666666 12.0
18.833333333333332 27.333333333333336 37.166666666666664 15.833333333333334 13.799999999999999
19.333333333333336 31.0 33.833333333333336 13.833333333333332 15.6
15.0 32.33333333333333 33.166666666666664 19.0 15.4
17.666666666666668 27.5 35.5 13.0 10.8
17.166666666666668 30.833333333333336 34.333333333333336 16.0 14.6
17.166666666666668 29.0 33.166666666666664 16.166666666666664 12.6
14.833333333333334 30.333333333333332 35.0 15.0 9.799999999999999
15.0 30.0 35.5 15.166666666666666 10.8
15.5 31.0 35.666666666666664 13.833333333333332 13.2
