71.41666666666667 71.84615384615385 73.1875 74.85714285714286 71.3076923076923
72.83333333333333 72.07692307692308 73.0625 74.85714285714286 71.84615384615385
72.83333333333333 72.46153846153847 73.875 75.07142857142857 72.76923076923077
73.25 71.46153846153847 71.9375 73.42857142857143 70.53846153846153
71.0 69.15384615384615 71.75 73.14285714285715 70.23076923076924
72.08333333333333 73.23076923076923 73.625 73.64285714285715 72.07692307692308
73.25 71.46153846153847 71.5625 73.78571428571429 71.46153846153847
73.0 71.61538461538461 73.1875 74.78571428571429 71.38461538461539
71.91666666666667 70.46153846153847 71.25 74.14285714285715 71.53846153846153
72.08333333333333 72.76923076923077 71.9375 73.5 70.61538461538463
72.5 72.38461538461539 72.75 74.5 72.23076923076924
73.58333333333333 72.07692307692308 72.4375 73.35714285714286 72.23076923076924
71.41666666666667 73.84615384615385 72.875 75.28571428571429 72.15384615384615
70.41666666666667 71.3076923076923 72.0 74.78571428571429 70.6923076923077
72.83333333333333 72.15384615384615 72.0 73.14285714285715 70.6923076923077
71.58333333333333 70.38461538461537 71.8125 73.92857142857143 70.76923076923076
71.58333333333333 71.23076923076924 73.625 74.35714285714286 72.38461538461539
74.0 72.0 74.0625 75.35714285714286 72.61538461538461
70.83333333333333 71.38461538461539 73.3125 74.5 71.3076923076923
71.5 71.84615384615385 72.1875 74.14285714285715 70.15384615384615
72.58333333333333 71.76923076923076 72.75 74.07142857142857 72.53846153846153
72.75 70.3076923076923 72.375 74.92857142857143 71.3076923076923
72.33333333333333 72.46153846153847 73.4375 74.42857142857143 71.76923076923076
72.58333333333333 71.07692307692308 72.1875 73.57142857142857 70.61538461538463
71.16666666666667 70.46153846153847 71.0625 73.0 71.0
70.0 70.3076923076923 70.6875 73.21428571428572 69.84615384615385
72.33333333333333 72.46153846153847 73.75 75.5 71.53846153846153
72.25 73.3076923076923 72.5625 75.64285714285714 72.3076923076923
72.16666666666667 71.15384615384615 72.8125 74.07142857142857 72.0
73.41666666666667 71.84615384615385 73.5 76.21428571428572 72.23076923076924
72.25 71.6923076923077 71.75 73.71428571428572 71.07692307692308
71.66666666666667 71.84615384615385 71.25 73.14285714285715 71.76923076923076
72.33333333333333 72.38461538461539 72.75 74.64285714285715 71.53846153846153
72.0 71.84615384615385 73.3125 75.5 72.3076923076923
71.75 72.23076923076924 73.5 75.5 72.46153846153847
72.58333333333333 71.38461538461539 72.75 74.14285714285715 71.07692307692308
71.25 69.07692307692308 70.4375 73.0 70.6923076923077
72.41666666666667 70.84615384615385 72.625 75.14285714285714 71.92307692307692
70.25 72.07692307692308 72.75 73.64285714285715 70.53846153846153
72.16666666666667 70.0 72.5 72.92857142857143 72.15384615384615
72.5 71.15384615384615 72.75 73.71428571428572 71.15384615384615
70.91666666666667 71.15384615384615 72.75 75.14285714285714 72.15384615384615
71.83333333333333 70.84615384615385 71.5 73.21428571428572 71.07692307692308
71.5 71.07692307692308 72.0625 74.0 72.15384615384615
73.58333333333333 71.0 71.75 74.85714285714286 71.76923076923076
72.0 71.76923076923076 72.875 74.0 71.3076923076923
71.41666666666667 70.61538461538463 72.375 74.57142857142857 71.76923076923076
73.33333333333333 72.15384615384615 73.125 75.5 71.6923076923077
73.16666666666667 71.53846153846153 73.3125 74.21428571428572 72.38461538461539
72.0 71.3076923076923 72.6875 75.14285714285714 72.0
70.91666666666667 70.92307692307692 72.125 73.28571428571429 70.92307692307692
72.33333333333333 72.23076923076924 72.75 74.85714285714286 71.23076923076924
71.33333333333333 68.92307692307692 70.3125 73.71428571428572 69.38461538461537
72.08333333333333 71.53846153846153 71.5625 74.71428571428572 70.46153846153847
72.16666666666667 71.6923076923077 73.25 74.85714285714286 70.6923076923077
73.41666666666667 71.6923076923077 73.3125 74.78571428571429 72.53846153846153
73.0 70.76923076923076 72.75 74.92857142857143 73.3076923076923
73.58333333333333 69.6923076923077 73.3125 75.07142857142857 71.76923076923076
73.33333333333333 71.92307692307692 72.6875 75.35714285714286 72.92307692307692
73.41666666666667 71.0 73.1875 75.35714285714286 71.61538461538461
74.16666666666667 71.84615384615385 73.125 75.92857142857143 73.92307692307692
72.83333333333333 71.46153846153847 72.375 76.14285714285714 71.6923076923077
71.58333333333333 69.46153846153847 72.0625 74.14285714285715 71.76923076923076
73.41666666666667 70.3076923076923 73.25 75.07142857142857 71.92307692307692
71.75 71.15384615384615 72.75 74.57142857142857 71.38461538461539
72.66666666666667 70.3076923076923 71.5 73.71428571428572 71.6923076923077
73.83333333333333 70.92307692307692 72.375 76.0 72.61538461538461
70.91666666666667 68.76923076923076 69.625 73.42857142857143 70.15384615384615
71.66666666666667 70.3076923076923 72.1875 72.64285714285715 71.46153846153847
70.83333333333333 68.3076923076923 72.25 74.35714285714286 70.3076923076923
71.91666666666667 69.53846153846153 72.9375 74.92857142857143 71.6923076923077
73.41666666666667 68.6923076923077 72.6875 75.28571428571429 72.3076923076923
71.16666666666667 69.0 72.3125 73.92857142857143 71.0
70.25 68.3076923076923 72.375 74.21428571428572 71.23076923076924
71.83333333333333 68.61538461538461 71.875 73.5 72.0
74.33333333333333 71.38461538461539 72.75 76.92857142857143 72.76923076923077
73.58333333333333 69.92307692307692 72.9375 73.78571428571429 71.07692307692308
72.25 70.23076923076924 72.375 74.21428571428572 71.76923076923076
71.33333333333333 67.6923076923077 71.6875 74.5 71.53846153846153
72.08333333333333 68.23076923076924 71.3125 74.71428571428572 70.92307692307692
71.25 69.15384615384615 72.5625 74.71428571428572 70.53846153846153
73.75 68.53846153846153 71.125 74.71428571428572 71.0
72.58333333333333 68.61538461538461 71.375 74.71428571428572 72.15384615384615
73.58333333333333 67.6923076923077 71.125 73.92857142857143 71.61538461538461
72.66666666666667 68.07692307692308 71.5625 74.35714285714286 70.38461538461537
71.58333333333333 67.53846153846153 71.8125 74.64285714285715 71.38461538461539
71.0 66.61538461538461 70.4375 73.35714285714286 70.15384615384615
72.58333333333333 67.07692307692308 70.9375 74.78571428571429 73.15384615384615
72.08333333333333 66.92307692307692 72.0625 73.28571428571429 71.6923076923077
71.58333333333333 66.3076923076923 71.0 74.07142857142857 71.3076923076923
74.66666666666667 68.0 72.125 75.71428571428572 73.15384615384615
71.66666666666667 67.15384615384615 72.1875 74.35714285714286 73.0
71.33333333333333 64.3076923076923 70.0625 74.28571428571429 70.92307692307692
74.0 69.07692307692308 73.75 75.5 73.07692307692308
72.33333333333333 67.6923076923077 72.0 74.92857142857143 71.61538461538461
73.08333333333333 65.92307692307692 72.0 75.07142857142857 71.61538461538461
72.66666666666667 66.07692307692308 70.6875 74.35714285714286 69.6923076923077
72.5 66.84615384615385 71.125 74.21428571428572 73.46153846153847
72.16666666666667 67.3076923076923 71.25 74.71428571428572 71.76923076923076
72.41666666666667 66.92307692307692 72.5625 74.42857142857143 71.0
71.83333333333333 65.15384615384616 70.5 74.21428571428572 71.23076923076924
65.5 66.23076923076923 66.5625 66.28571428571428 65.84615384615384
65.33333333333333 65.38461538461539 66.125 65.92857142857143 63.769230769230774
65.5 65.84615384615384 66.9375 67.21428571428571 67.15384615384615
67.41666666666667 66.0 67.0 66.35714285714285 66.61538461538461
73.5 66.76923076923077 72.4375 74.5 72.76923076923077
66.41666666666667 66.07692307692308 66.6875 66.71428571428571 66.84615384615385
65.58333333333333 67.07692307692308 65.625 66.07142857142857 65.76923076923077
67.0 66.61538461538461 66.5625 66.64285714285714 66.6923076923077
66.58333333333333 66.84615384615385 65.8125 65.57142857142857 67.07692307692308
71.75 67.23076923076923 70.0 73.92857142857143 72.07692307692308
66.5 66.92307692307692 66.8125 67.0 67.38461538461539
66.0 66.07692307692308 66.1875 66.78571428571428 66.53846153846153
66.66666666666667 65.61538461538461 65.9375 66.07142857142857 64.6923076923077
65.41666666666667 65.15384615384616 65.6875 66.5 66.53846153846153
72.0 65.61538461538461 70.625 73.71428571428572 71.46153846153847
65.58333333333333 64.92307692307692 65.1875 65.0 66.15384615384616
65.75 66.0 66.375 66.57142857142857 66.6923076923077
67.25 66.76923076923077 67.5625 67.14285714285714 67.46153846153847
66.41666666666667 66.0 66.125 66.35714285714285 65.84615384615384
72.08333333333333 67.38461538461539 69.625 74.14285714285715 71.15384615384615
66.58333333333333 64.84615384615384 66.125 65.07142857142857 65.92307692307692
66.66666666666667 63.92307692307693 66.8125 66.14285714285714 66.23076923076923
68.25 67.3076923076923 67.5 67.28571428571428 67.15384615384615
65.41666666666667 66.38461538461539 66.1875 66.07142857142857 65.61538461538461
66.08333333333333 65.23076923076923 66.375 64.92857142857143 66.3076923076923
65.58333333333333 65.53846153846153 66.1875 64.57142857142857 65.38461538461539
66.75 67.07692307692308 67.3125 67.07142857142857 66.07692307692308
65.66666666666667 64.3076923076923 65.25 65.78571428571428 66.15384615384616
66.5 67.23076923076923 66.625 66.57142857142857 65.53846153846153
66.0 65.46153846153845 66.4375 66.07142857142857 66.0
72.66666666666667 67.92307692307692 70.8125 75.5 73.53846153846153
71.91666666666667 67.46153846153847 69.4375 75.21428571428572 70.84615384615385
72.0 66.92307692307692 70.75 74.0 72.6923076923077
71.33333333333333 66.07692307692308 68.6875 72.85714285714286 70.92307692307692
72.25 67.3076923076923 70.5 75.0 72.23076923076924
71.58333333333333 66.84615384615385 69.9375 74.64285714285715 72.53846153846153
70.66666666666667 66.61538461538461 70.1875 73.71428571428572 71.6923076923077
72.91666666666667 67.92307692307692 69.75 74.57142857142857 70.84615384615385
70.33333333333333 66.92307692307692 70.1875 74.5 71.38461538461539
72.58333333333333 67.84615384615385 69.375 74.57142857142857 72.38461538461539
72.5 67.15384615384615 69.125 74.0 71.38461538461539
73.41666666666667 67.15384615384615 68.9375 73.78571428571429 71.38461538461539
72.08333333333333 67.23076923076923 69.1875 75.07142857142857 73.0
73.33333333333333 68.0 70.9375 74.14285714285715 72.23076923076924
71.33333333333333 66.3076923076923 69.3125 74.28571428571429 73.0
72.58333333333333 66.6923076923077 69.375 74.35714285714286 72.23076923076924
72.08333333333333 67.38461538461539 68.3125 74.28571428571429 71.6923076923077
71.08333333333333 66.07692307692308 68.75 74.21428571428572 73.38461538461539
73.0 69.6923076923077 69.1875 75.64285714285714 73.15384615384615
72.16666666666667 66.3076923076923 67.9375 73.78571428571429 71.76923076923076
73.0 68.3076923076923 69.625 75.07142857142857 73.07692307692308
72.66666666666667 66.92307692307692 68.375 75.14285714285714 72.84615384615385
72.58333333333333 66.76923076923077 67.1875 73.42857142857143 71.0
70.91666666666667 66.6923076923077 68.9375 74.78571428571429 71.6923076923077
71.58333333333333 66.07692307692308 67.3125 73.35714285714286 71.76923076923076
72.66666666666667 65.6923076923077 66.6875 74.28571428571429 72.46153846153847
73.5 67.46153846153847 67.9375 74.57142857142857 74.61538461538461
70.91666666666667 65.76923076923077 65.8125 72.64285714285715 71.84615384615385
71.41666666666667 65.3076923076923 64.4375 73.35714285714286 71.61538461538461
72.16666666666667 65.76923076923077 66.0 74.14285714285715 73.76923076923077
72.0 64.23076923076923 66.125 74.85714285714286 73.76923076923077
72.75 66.23076923076923 65.5625 73.57142857142857 71.76923076923076
72.41666666666667 66.61538461538461 64.3125 74.21428571428572 72.15384615384615
72.33333333333333 64.84615384615384 64.75 73.85714285714286 73.38461538461539
72.0 65.15384615384616 63.06249999999999 74.78571428571429 72.23076923076924
71.16666666666667 66.15384615384616 62.68749999999999 73.57142857142857 72.53846153846153
74.0 66.3076923076923 63.06249999999999 74.07142857142857 72.61538461538461
71.83333333333333 65.0 62.1875 73.35714285714286 71.46153846153847
72.91666666666667 66.15384615384616 61.4375 74.57142857142857 72.92307692307692
73.0 65.38461538461539 62.3125 75.28571428571429 73.0
72.83333333333333 67.61538461538461 61.0 74.85714285714286 74.15384615384616
73.91666666666667 66.23076923076923 59.9375 74.28571428571429 74.0
73.58333333333333 66.0 58.0 74.64285714285715 73.61538461538461
72.25 66.3076923076923 57.875 74.71428571428572 73.23076923076923
72.58333333333333 64.76923076923077 58.6875 74.14285714285715 72.46153846153847
73.41666666666667 63.769230769230774 57.4375 73.71428571428572 73.53846153846153
72.33333333333333 63.92307692307693 54.75 73.71428571428572 73.61538461538461
73.91666666666667 63.769230769230774 53.125 74.28571428571429 73.46153846153847
72.83333333333333 63.53846153846155 52.8125 72.78571428571429 72.07692307692308
74.5 66.23076923076923 54.5625 76.21428571428572 73.92307692307692
73.83333333333333 65.15384615384616 53.0625 74.92857142857143 75.23076923076923
74.25 64.3076923076923 49.75 73.64285714285715 74.23076923076923
73.0 64.0 51.3125 74.35714285714286 74.15384615384616
72.66666666666667 62.92307692307693 48.75 74.21428571428572 73.53846153846153
73.58333333333333 63.3076923076923 51.1875 74.21428571428572 73.53846153846153
74.08333333333333 65.46153846153845 49.875 74.21428571428572 72.76923076923077
72.33333333333333 63.3076923076923 49.0625 73.92857142857143 73.61538461538461
73.25 63.84615384615385 49.25 71.21428571428572 72.15384615384615
72.75 62.692307692307686 45.875 73.07142857142857 73.46153846153847
74.41666666666667 65.3076923076923 49.625 75.57142857142857 74.6923076923077
74.25 63.38461538461539 48.9375 74.42857142857143 74.23076923076923
72.0 62.46153846153847 46.3125 73.64285714285715 72.6923076923077
74.08333333333333 63.692307692307686 48.8125 74.71428571428572 74.6923076923077
73.41666666666667 62.53846153846154 49.0 73.64285714285715 74.15384615384616
72.0 62.92307692307693 49.375 73.57142857142857 74.53846153846153
74.08333333333333 64.15384615384616 47.75 74.64285714285715 74.07692307692308
73.91666666666667 64.53846153846155 49.1875 74.92857142857143 75.15384615384616
74.41666666666667 63.769230769230774 47.0 74.5 74.61538461538461
73.41666666666667 62.769230769230774 46.75 74.42857142857143 73.23076923076923
73.33333333333333 63.92307692307693 47.6875 74.14285714285715 73.61538461538461
74.33333333333333 64.3076923076923 48.375 75.0 74.07692307692308
73.16666666666667 62.46153846153847 46.3125 73.5 73.46153846153847
73.5 61.61538461538461 46.8125 73.92857142857143 74.23076923076923
73.16666666666667 63.15384615384616 47.5625 73.57142857142857 74.0
74.33333333333333 64.38461538461539 49.625 74.35714285714286 75.07692307692308
73.0 62.53846153846154 46.8125 73.92857142857143 73.53846153846153
73.5 63.46153846153846 46.375 73.85714285714286 74.92307692307692
73.83333333333333 61.53846153846154 47.0 74.28571428571429 74.0
73.75 63.692307692307686 46.9375 74.57142857142857 73.6923076923077
73.91666666666667 62.230769230769226 46.5625 73.21428571428572 74.84615384615384
73.5 62.230769230769226 46.8125 73.35714285714286 74.23076923076923
73.25 62.84615384615385 47.5625 74.64285714285715 75.3076923076923
74.5 63.61538461538461 46.125 72.92857142857143 74.38461538461539
74.16666666666667 62.692307692307686 45.875 73.64285714285715 73.76923076923077
73.75 63.692307692307686 47.5625 73.78571428571429 73.3076923076923
73.91666666666667 62.84615384615385 46.875 74.28571428571429 74.61538461538461
72.08333333333333 62.46153846153847 47.75 73.28571428571429 72.6923076923077
73.75 62.61538461538461 46.3125 73.35714285714286 74.84615384615384
73.75 63.46153846153846 48.1875 74.21428571428572 74.3076923076923
74.0 62.230769230769226 46.9375 73.35714285714286 75.3076923076923
72.33333333333333 63.3076923076923 46.75 73.28571428571429 74.15384615384616
74.66666666666667 64.0 48.0 74.0 75.38461538461539
73.66666666666667 63.3076923076923 48.6875 74.5 74.3076923076923
72.75 62.38461538461539 44.875 73.14285714285715 73.6923076923077
72.91666666666667 64.46153846153845 46.4375 74.21428571428572 73.92307692307692
73.16666666666667 63.692307692307686 45.875 74.42857142857143 75.76923076923077
74.5 64.46153846153845 46.4375 75.28571428571429 76.15384615384616
73.91666666666667 62.07692307692308 44.375 73.07142857142857 74.53846153846153
73.66666666666667 62.30769230769231 46.25 74.0 74.46153846153847
