87.55555555555556 83.5 85.28571428571428 87.6 85.55555555555556
87.11111111111111 83.8 84.85714285714285 87.1 85.88888888888889
87.22222222222223 82.10000000000001 83.57142857142857 87.7 86.0
86.55555555555556 83.2 84.0 85.8 85.22222222222223
85.77777777777777 81.9 82.71428571428571 85.8 84.77777777777777
87.55555555555556 83.2 85.71428571428571 88.0 85.77777777777777
85.66666666666667 82.69999999999999 84.42857142857142 85.9 84.66666666666667
86.44444444444444 82.9 83.71428571428571 86.2 86.0
87.11111111111111 82.0 84.0 86.3 85.0
86.77777777777777 82.9 84.85714285714285 87.4 85.22222222222223
87.66666666666667 83.2 84.85714285714285 86.4 86.22222222222223
87.11111111111111 82.69999999999999 84.14285714285714 86.7 86.44444444444444
87.55555555555556 83.1 86.42857142857143 87.4 85.77777777777777
86.77777777777777 82.9 84.28571428571428 86.1 84.88888888888889
87.0 83.4 84.28571428571428 86.1 84.88888888888889
86.88888888888889 81.69999999999999 83.85714285714285 85.0 84.66666666666667
87.55555555555556 81.5 85.14285714285714 86.7 86.44444444444444
87.55555555555556 84.3 85.42857142857142 87.9 85.77777777777777
87.77777777777777 81.3 84.85714285714285 85.7 85.66666666666667
87.33333333333333 82.19999999999999 84.28571428571428 86.7 84.88888888888889
87.44444444444444 81.8 84.0 87.7 85.88888888888889
87.11111111111111 82.5 82.85714285714285 86.5 84.88888888888889
87.0 81.5 84.42857142857142 87.7 85.77777777777777
88.11111111111111 81.69999999999999 84.71428571428571 86.5 85.44444444444444
86.44444444444444 81.19999999999999 83.28571428571428 85.9 84.88888888888889
85.77777777777777 81.10000000000001 83.57142857142857 85.9 84.66666666666667
87.11111111111111 81.8 84.42857142857142 86.9 85.66666666666667
87.22222222222223 83.0 85.14285714285714 87.4 86.33333333333333
87.44444444444444 81.9 84.0 87.3 85.88888888888889
87.66666666666667 81.8 85.0 87.1 86.66666666666667
86.33333333333333 80.69999999999999 83.42857142857143 86.9 86.0
86.88888888888889 81.5 84.28571428571428 87.0 86.11111111111111
87.0 81.5 84.85714285714285 87.6 86.66666666666667
87.11111111111111 81.69999999999999 84.28571428571428 86.4 85.77777777777777
86.77777777777777 80.10000000000001 83.71428571428571 86.5 86.22222222222223
87.22222222222223 81.10000000000001 83.85714285714285 86.9 85.55555555555556
85.55555555555556 80.8 81.57142857142857 85.3 85.33333333333333
87.22222222222223 80.4 83.71428571428571 86.2 85.77777777777777
86.55555555555556 81.8 85.0 87.0 85.77777777777777
86.77777777777777 80.4 82.42857142857143 86.6 85.22222222222223
86.55555555555556 81.0 83.28571428571428 86.8 85.55555555555556
87.22222222222223 81.5 84.42857142857142 87.0 84.77777777777777
86.0 80.19999999999999 84.57142857142857 86.1 85.55555555555556
85.33333333333333 79.2 82.71428571428571 87.4 85.22222222222223
86.77777777777777 80.10000000000001 83.14285714285714 86.1 85.22222222222223
86.55555555555556 80.10000000000001 84.14285714285714 86.7 85.33333333333333
87.33333333333333 80.69999999999999 83.28571428571428 85.7 85.77777777777777
88.33333333333333 81.0 84.28571428571428 88.0 86.77777777777777
87.44444444444444 79.8 82.57142857142857 87.1 85.88888888888889
87.88888888888889 78.89999999999999 83.28571428571428 87.3 86.33333333333333
86.44444444444444 78.5 84.0 86.8 85.66666666666667
86.88888888888889 78.7 83.42857142857143 87.1 86.55555555555556
85.66666666666667 78.60000000000001 81.85714285714285 85.1 85.11111111111111
86.88888888888889 79.10000000000001 82.71428571428571 86.3 86.33333333333333
87.77777777777777 78.10000000000001 83.42857142857143 87.2 86.33333333333333
86.88888888888889 79.5 83.85714285714285 87.3 86.33333333333333
87.33333333333333 76.2 83.71428571428571 86.8 86.66666666666667
87.0 77.7 83.85714285714285 86.8 85.33333333333333
87.44444444444444 78.39999999999999 83.57142857142857 87.1 86.22222222222223
87.66666666666667 76.89999999999999 83.0 86.4 86.44444444444444
88.0 77.10000000000001 83.28571428571428 87.6 86.55555555555556
87.55555555555556 76.39999999999999 82.57142857142857 86.9 87.0
85.22222222222223 74.1 82.71428571428571 87.2 86.0
87.33333333333333 75.1 82.85714285714285 86.4 85.77777777777777
86.66666666666667 75.30000000000001 82.28571428571428 87.0 86.22222222222223
86.66666666666667 74.80000000000001 81.71428571428571 87.2 85.66666666666667
87.88888888888889 76.0 82.57142857142857 87.1 85.66666666666667
85.77777777777777 71.4 80.0 85.3 85.66666666666667
87.44444444444444 73.4 83.28571428571428 86.3 86.77777777777777
86.77777777777777 73.89999999999999 82.57142857142857 87.3 86.55555555555556
87.55555555555556 72.3 81.85714285714285 87.6 86.22222222222223
87.0 72.5 81.57142857142857 87.4 85.88888888888889
86.88888888888889 71.5 81.57142857142857 87.1 86.0
85.77777777777777 71.8 80.14285714285714 86.4 84.77777777777777
86.77777777777777 72.3 81.42857142857143 86.6 86.55555555555556
87.44444444444444 73.0 82.85714285714285 89.30000000000001 86.33333333333333
87.88888888888889 71.4 81.14285714285714 87.9 86.55555555555556
86.88888888888889 71.5 81.85714285714285 85.3 86.33333333333333
86.11111111111111 69.9 80.85714285714286 86.9 85.44444444444444
86.33333333333333 71.3 81.14285714285714 86.5 86.22222222222223
86.88888888888889 71.0 80.57142857142857 86.8 86.0
86.77777777777777 71.0 82.85714285714285 87.5 85.55555555555556
86.33333333333333 68.0 81.0 87.4 86.66666666666667
85.44444444444444 68.0 79.71428571428571 86.3 85.22222222222223
87.33333333333333 69.3 80.28571428571428 86.3 85.55555555555556
87.33333333333333 68.1 80.42857142857143 86.3 86.11111111111111
87.11111111111111 65.9 79.0 86.1 84.88888888888889
86.22222222222223 64.60000000000001 79.42857142857143 86.1 85.33333333333333
86.11111111111111 65.4 80.0 86.4 86.44444444444444
87.33333333333333 65.9 79.28571428571428 86.3 85.33333333333333
87.11111111111111 65.10000000000001 80.28571428571428 87.9 86.55555555555556
87.0 63.1 79.28571428571428 87.1 84.66666666666667
86.0 61.800000000000004 77.42857142857143 85.9 85.0
87.11111111111111 64.60000000000001 80.14285714285714 87.7 86.77777777777777
86.44444444444444 60.900000000000006 79.28571428571428 87.1 86.33333333333333
87.33333333333333 61.699999999999996 79.42857142857143 86.6 85.88888888888889
85.77777777777777 60.6 78.28571428571429 86.6 85.55555555555556
86.22222222222223 60.400000000000006 79.0 87.0 85.88888888888889
86.55555555555556 60.8 78.42857142857143 86.1 86.33333333333333
86.66666666666667 58.3 78.28571428571429 87.7 86.11111111111111
86.0 56.4 77.71428571428571 87.6 86.11111111111111
82.0 80.69999999999999 83.14285714285714 81.60000000000001 82.77777777777779
80.55555555555556 79.3 79.71428571428571 80.60000000000001 80.44444444444444
81.0 79.39999999999999 80.28571428571428 80.9 81.55555555555556
83.0 81.0 81.28571428571428 82.3 80.77777777777779
86.88888888888889 59.4 78.28571428571429 87.0 86.77777777777777
80.88888888888889 79.8 81.14285714285714 81.8 81.55555555555556
81.1111111111111 78.89999999999999 81.14285714285714 81.69999999999999 81.33333333333333
81.77777777777779 80.3 81.71428571428571 81.69999999999999 81.88888888888889
81.0 80.4 81.57142857142857 81.10000000000001 82.0
86.33333333333333 62.9 77.0 85.4 86.22222222222223
82.33333333333333 80.69999999999999 81.85714285714285 82.60000000000001 82.1111111111111
81.33333333333333 79.60000000000001 81.0 81.0 81.77777777777779
81.55555555555556 79.3 81.42857142857143 82.8 81.88888888888889
81.55555555555556 79.8 81.0 80.8 80.66666666666666
85.55555555555556 58.2 77.0 86.6 86.33333333333333
80.33333333333334 79.39999999999999 80.42857142857143 81.3 81.0
80.66666666666666 80.10000000000001 80.71428571428571 81.60000000000001 82.0
81.77777777777779 81.10000000000001 82.0 82.9 81.33333333333333
81.22222222222223 79.9 82.42857142857143 81.3 81.1111111111111
86.22222222222223 63.1 76.42857142857143 86.3 85.55555555555556
82.0 80.8 80.57142857142857 80.5 80.55555555555556
81.88888888888889 79.60000000000001 80.85714285714286 80.8 81.0
81.66666666666667 80.19999999999999 82.71428571428571 81.9 82.55555555555554
81.44444444444444 79.39999999999999 81.14285714285714 81.19999999999999 81.66666666666667
80.44444444444444 79.5 80.85714285714286 81.0 81.55555555555556
81.55555555555556 80.4 81.42857142857143 81.0 82.33333333333333
81.33333333333333 79.9 82.0 81.60000000000001 82.44444444444444
81.44444444444444 77.39999999999999 80.85714285714286 80.19999999999999 80.88888888888889
80.66666666666666 80.4 81.57142857142857 81.69999999999999 81.66666666666667
81.22222222222223 80.19999999999999 81.28571428571428 81.60000000000001 80.88888888888889
87.33333333333333 63.3 77.0 87.4 86.66666666666667
85.22222222222223 62.5 76.0 86.1 85.88888888888889
86.44444444444444 63.4 75.42857142857143 86.5 86.0
85.22222222222223 61.400000000000006 74.71428571428572 86.9 86.44444444444444
85.33333333333333 62.8 75.0 88.0 86.0
86.0 63.6 77.0 86.1 85.77777777777777
86.44444444444444 64.8 74.85714285714286 87.5 85.44444444444444
87.22222222222223 65.8 75.85714285714286 86.1 85.55555555555556
85.44444444444444 62.7 77.0 86.2 85.11111111111111
86.77777777777777 62.9 75.57142857142857 87.2 85.66666666666667
86.55555555555556 63.5 76.14285714285714 86.4 86.55555555555556
85.66666666666667 64.4 76.28571428571429 86.2 85.55555555555556
86.88888888888889 65.19999999999999 76.85714285714286 87.3 85.66666666666667
87.0 65.3 76.28571428571429 86.6 86.55555555555556
87.44444444444444 62.8 74.28571428571429 87.2 85.88888888888889
87.0 63.8 74.0 87.4 85.33333333333333
86.66666666666667 62.199999999999996 75.28571428571429 86.7 86.44444444444444
86.55555555555556 65.19999999999999 75.57142857142857 87.3 85.55555555555556
87.22222222222223 64.10000000000001 76.28571428571429 87.1 86.44444444444444
86.44444444444444 63.9 73.28571428571429 87.0 85.88888888888889
87.22222222222223 64.0 75.42857142857143 89.0 87.0
87.55555555555556 63.6 76.85714285714286 86.8 86.55555555555556
86.55555555555556 63.2 74.57142857142857 85.9 85.66666666666667
86.11111111111111 61.9 75.28571428571429 86.7 85.66666666666667
85.88888888888889 63.3 73.42857142857143 86.7 87.11111111111111
86.77777777777777 62.5 73.28571428571429 85.3 85.88888888888889
87.55555555555556 63.9 75.28571428571429 87.2 86.44444444444444
86.11111111111111 64.4 73.14285714285715 86.4 85.88888888888889
85.0 64.0 72.85714285714286 86.3 85.0
85.44444444444444 63.70000000000001 74.28571428571429 86.6 85.77777777777777
86.55555555555556 63.3 72.71428571428572 87.5 85.33333333333333
87.11111111111111 64.10000000000001 71.71428571428572 87.7 85.88888888888889
86.88888888888889 64.4 71.85714285714286 86.0 86.66666666666667
86.11111111111111 64.10000000000001 71.42857142857143 86.0 85.0
86.55555555555556 63.3 71.28571428571429 86.0 85.0
86.11111111111111 63.70000000000001 72.42857142857143 86.9 86.0
87.22222222222223 63.4 71.42857142857143 87.2 87.66666666666667
85.55555555555556 63.0 71.57142857142858 87.2 85.88888888888889
86.33333333333333 63.5 70.14285714285714 87.1 86.55555555555556
87.0 65.69999999999999 70.0 87.7 86.22222222222223
87.66666666666667 63.1 70.85714285714286 87.1 87.44444444444444
87.33333333333333 64.8 69.85714285714285 86.9 86.22222222222223
86.66666666666667 64.8 68.42857142857142 86.9 85.22222222222223
87.11111111111111 65.10000000000001 68.57142857142857 86.8 85.77777777777777
86.66666666666667 62.6 66.71428571428571 87.6 86.22222222222223
87.11111111111111 62.8 66.85714285714285 87.8 86.44444444444444
86.44444444444444 63.70000000000001 66.57142857142857 86.7 86.66666666666667
86.55555555555556 62.9 66.0 86.9 85.66666666666667
85.44444444444444 63.0 66.42857142857143 86.6 85.22222222222223
87.33333333333333 64.60000000000001 66.28571428571428 87.8 87.77777777777777
87.33333333333333 63.6 64.71428571428571 88.7 88.11111111111111
87.22222222222223 64.4 63.85714285714286 88.0 86.22222222222223
87.55555555555556 65.19999999999999 64.71428571428571 88.2 87.55555555555556
87.44444444444444 62.8 61.714285714285715 86.5 86.55555555555556
87.77777777777777 63.3 61.285714285714285 86.2 86.55555555555556
86.77777777777777 64.19999999999999 61.57142857142857 86.8 87.33333333333333
87.77777777777777 63.0 63.28571428571429 87.2 86.0
87.33333333333333 63.5 63.57142857142857 87.5 87.44444444444444
86.55555555555556 62.5 60.42857142857143 86.6 86.33333333333333
88.88888888888889 65.9 61.85714285714286 89.2 88.22222222222221
87.66666666666667 64.10000000000001 61.285714285714285 88.8 87.55555555555556
86.55555555555556 62.9 60.57142857142858 87.3 86.66666666666667
87.77777777777777 65.19999999999999 63.0 88.3 87.0
88.0 63.2 61.714285714285715 86.5 86.44444444444444
86.77777777777777 62.6 62.285714285714285 88.2 86.77777777777777
87.66666666666667 64.5 63.14285714285714 87.6 86.88888888888889
87.22222222222223 63.0 63.42857142857143 86.7 87.55555555555556
87.66666666666667 64.69999999999999 60.285714285714285 87.8 87.11111111111111
87.44444444444444 62.9 61.714285714285715 86.5 86.77777777777777
88.11111111111111 63.4 62.0 88.1 87.66666666666667
88.33333333333333 63.5 61.42857142857143 88.0 87.33333333333333
86.88888888888889 63.2 60.42857142857143 86.3 87.44444444444444
87.33333333333333 62.4 60.42857142857143 87.3 86.33333333333333
87.33333333333333 63.6 62.42857142857143 87.3 87.0
86.66666666666667 64.10000000000001 61.714285714285715 88.6 87.22222222222223
87.77777777777777 62.9 59.85714285714286 86.8 89.0
88.11111111111111 63.0 59.42857142857143 87.1 87.33333333333333
86.88888888888889 61.400000000000006 59.85714285714286 86.7 87.22222222222223
87.22222222222223 63.8 60.42857142857143 86.8 87.0
86.88888888888889 62.300000000000004 61.42857142857143 86.8 87.0
87.33333333333333 62.8 60.714285714285715 87.1 86.11111111111111
86.66666666666667 62.9 60.85714285714286 87.1 86.44444444444444
89.22222222222221 64.69999999999999 60.85714285714286 87.4 87.33333333333333
87.22222222222223 61.9 61.0 86.1 86.0
86.44444444444444 63.9 61.57142857142857 88.1 87.22222222222223
87.55555555555556 63.3 61.57142857142857 86.6 87.88888888888889
87.22222222222223 63.4 61.714285714285715 87.5 87.44444444444444
86.66666666666667 63.70000000000001 60.42857142857143 86.6 86.88888888888889
88.11111111111111 64.0 61.42857142857143 87.4 87.88888888888889
88.11111111111111 63.6 59.28571428571429 87.7 87.11111111111111
87.22222222222223 63.8 61.285714285714285 87.6 86.77777777777777
87.44444444444444 62.1 60.285714285714285 87.8 87.88888888888889
87.77777777777777 62.8 62.85714285714286 87.5 87.44444444444444
86.0 62.9 60.42857142857143 86.2 86.33333333333333
87.77777777777777 64.9 60.42857142857143 87.8 87.66666666666667
88.22222222222221 62.9 59.85714285714286 87.7 87.33333333333333
87.66666666666667 64.19999999999999 61.85714285714286 86.6 87.33333333333333
86.44444444444444 62.5 58.285714285714285 86.2 85.66666666666667
86.88888888888889 63.8 60.42857142857143 88.2 88.44444444444446
