0.0015576323987538943 0.14184397163120568 0.0411522633744856 0.0014326647564469916 0.0
0.0031152647975077885 0.17163120567375886 0.053497942386831275 0.0 0.0
0.0015576323987538943 0.16170212765957445 0.06721536351165981 0.0 0.0
0.0 0.13617021276595745 0.06584362139917696 0.0014326647564469916 0.0
0.0031152647975077885 0.1673758865248227 0.042524005486968455 0.0 0.0
0.0 0.11631205673758865 0.03978052126200274 0.0 0.0
0.0031152647975077885 0.16879432624113475 0.04938271604938271 0.0 0.0
0.0015576323987538943 0.14751773049645392 0.05212620027434842 0.0 0.0013812154696132596
0.0 0.15460992907801419 0.05075445816186557 0.0 0.0
0.0 0.10638297872340426 0.07133058984910837 0.0014326647564469916 0.0
0.0015576323987538943 0.14326241134751772 0.04389574759945131 0.0 0.0
0.0015576323987538943 0.1574468085106383 0.05624142661179698 0.0 0.0
0.004672897196261683 0.14042553191489363 0.06035665294924555 0.0 0.0013812154696132596
0.0 0.16312056737588654 0.04389574759945131 0.0 0.0
0.0 0.13900709219858154 0.03978052126200274 0.0 0.0013812154696132596
0.0 0.16170212765957445 0.0617283950617284 0.0 0.0
0.0 0.14184397163120568 0.03429355281207133 0.0014326647564469916 0.0013812154696132596
0.0 0.14609929078014183 0.030178326474622773 0.0 0.0
0.0015576323987538943 0.19858156028368792 0.0644718792866941 0.0014326647564469916 0.0
0.0 0.16170212765957445 0.04526748971193416 0.0 0.0
0.0015576323987538943 0.16170212765957445 0.04389574759945131 0.0 0.0
0.0015576323987538943 0.15319148936170213 0.0411522633744856 0.0 0.0
0.0 0.13049645390070921 0.053497942386831275 0.0 0.0
0.0 0.1702127659574468 0.04389574759945131 0.0 0.0
0.0 0.14042553191489363 0.05761316872427983 0.0 0.0
0.0 0.13900709219858154 0.06035665294924555 0.0 0.0
0.0 0.14893617021276595 0.04938271604938271 0.0 0.0
0.0 0.15886524822695036 0.04389574759945131 0.0 0.0
0.0 0.13900709219858154 0.03840877914951989 0.0 0.0
0.0015576323987538943 0.15319148936170213 0.04938271604938271 0.0 0.0
0.0 0.14609929078014183 0.05212620027434842 0.0 0.0
0.0 0.1574468085106383 0.05761316872427983 0.0 0.0
0.0 0.14042553191489363 0.03429355281207133 0.0 0.0
0.0 0.14893617021276595 0.06035665294924555 0.0 0.0
0.0 0.12624113475177307 0.04389574759945131 0.0 0.0
0.0 0.1574468085106383 0.04938271604938271 0.0014326647564469916 0.0
0.0 0.14751773049645392 0.05486968449931413 0.0 0.0
0.0031152647975077885 0.1347517730496454 0.05761316872427983 0.0 0.0
0.0 0.14184397163120568 0.03840877914951989 0.0 0.0
0.0 0.1574468085106383 0.05212620027434842 0.0 0.0
0.0015576323987538943 0.09645390070921986 0.05898491083676269 0.0 0.0
0.0015576323987538943 0.10354609929078015 0.04663923182441701 0.0 0.0
0.0 0.1375886524822695 0.05624142661179698 0.0 0.0
0.0 0.13617021276595745 0.06035665294924555 0.0 0.0
0.0 0.12340425531914893 0.04389574759945131 0.0 0.0
0.0 0.11347517730496454 0.05624142661179698 0.0014326647564469916 0.0
0.0015576323987538943 0.12907801418439718 0.03978052126200274 0.0 0.0
0.0 0.13049645390070921 0.0617283950617284 0.0 0.0
0.0 0.09078014184397164 0.07133058984910837 0.0014326647564469916 0.0
0.0 0.1673758865248227 0.04938271604938271 0.0014326647564469916 0.0
0.0015576323987538943 0.12340425531914893 0.03978052126200274 0.0014326647564469916 0.0
0.0 0.1375886524822695 0.05212620027434842 0.0014326647564469916 0.0
0.0 0.11205673758865248 0.05075445816186557 0.0 0.0
0.0 0.11773049645390071 0.07407407407407407 0.0 0.0
0.0 0.11914893617021277 0.05761316872427983 0.0 0.0013812154696132596
0.0031152647975077885 0.15177304964539007 0.0411522633744856 0.0 0.0
0.0 0.14609929078014183 0.0617283950617284 0.0 0.0
0.0 0.14326241134751772 0.04938271604938271 0.0 0.0
0.0 0.12056737588652483 0.04938271604938271 0.0 0.0
0.0 0.11773049645390071 0.05486968449931413 0.0 0.0
0.004672897196261683 0.16879432624113475 0.05075445816186557 0.0 0.0
0.0 0.13333333333333333 0.04389574759945131 0.0 0.0
0.0 0.12056737588652483 0.05624142661179698 0.0 0.0
0.0015576323987538943 0.12482269503546098 0.05624142661179698 0.0014326647564469916 0.0013812154696132596
0.0015576323987538943 0.11063829787234042 0.04938271604938271 0.0 0.0
0.0 0.15177304964539007 0.03840877914951989 0.0 0.0
0.0 0.11063829787234042 0.05486968449931413 0.0 0.0
0.0015576323987538943 0.13617021276595745 0.03840877914951989 0.0 0.0
0.0015576323987538943 0.13617021276595745 0.0411522633744856 0.0 0.0
0.0 0.13900709219858154 0.06310013717421124 0.0 0.0
0.0015576323987538943 0.14042553191489363 0.05212620027434842 0.0 0.0
0.0015576323987538943 0.11205673758865248 0.06721536351165981 0.0014326647564469916 0.0
0.0031152647975077885 0.1148936170212766 0.03566529492455418 0.0 0.0
0.0031152647975077885 0.17304964539007092 0.04389574759945131 0.0 0.0
0.0 0.12624113475177307 0.05075445816186557 0.0 0.0
0.0015576323987538943 0.12340425531914893 0.0617283950617284 0.0 0.0
0.0 0.14751773049645392 0.03292181069958848 0.0014326647564469916 0.0
0.0 0.10921985815602837 0.05212620027434842 0.0 0.0
0.004672897196261683 0.13617021276595745 0.04801097393689986 0.0 0.0
0.0 0.11347517730496454 0.04663923182441701 0.0 0.0
0.0015576323987538943 0.12482269503546098 0.03292181069958848 0.0 0.0
0.004672897196261683 0.13191489361702127 0.04938271604938271 0.0 0.0
0.0015576323987538943 0.09929078014184396 0.03978052126200274 0.0 0.0013812154696132596
0.0 0.10638297872340426 0.04526748971193416 0.0 0.0
0.0 0.09078014184397164 0.04801097393689986 0.0 0.0
0.0 0.1276595744680851 0.03292181069958848 0.0 0.0
0.0015576323987538943 0.13191489361702127 0.042524005486968455 0.0 0.0
0.004672897196261683 0.13333333333333333 0.053497942386831275 0.0 0.0
0.0015576323987538943 0.11063829787234042 0.04938271604938271 0.0 0.0
0.0 0.10354609929078015 0.04938271604938271 0.0014326647564469916 0.0
0.0 0.13617021276595745 0.03840877914951989 0.0 0.0
0.0015576323987538943 0.12624113475177307 0.04663923182441701 0.0 0.0
0.0 0.15460992907801419 0.0411522633744856 0.0 0.0
0.0 0.09361702127659574 0.03840877914951989 0.0014326647564469916 0.0
0.0 0.11063829787234042 0.0411522633744856 0.0 0.0
0.0015576323987538943 0.11063829787234042 0.03429355281207133 0.0 0.0
0.0 0.1049645390070922 0.03429355281207133 0.0 0.0
0.0 0.12624113475177307 0.03840877914951989 0.0014326647564469916 0.0
0.0015576323987538943 0.11914893617021277 0.04526748971193416 0.0 0.0
0.0 0.10354609929078015 0.04938271604938271 0.0 0.0
0.0 0.11205673758865248 0.04938271604938271 0.0014326647564469916 0.0
0.0 0.0 0.0 0.0 0.0
0.0 0.0 0.0 0.0 0.0
0.0 0.0 0.0 0.0 0.0
0.0 0.0 0.0 0.0 0.0
0.0 0.11205673758865248 0.04663923182441701 0.0 0.0
0.0 0.0014184397163120568 0.0 0.0 0.0
0.0 0.0014184397163120568 0.0 0.0 0.0
0.0 0.0 0.0 0.0 0.0
0.0 0.0 0.0 0.0 0.0
0.0 0.03971631205673759 0.12208504801097393 0.0 0.0
0.0 0.0 0.0 0.0 0.0
0.0 0.0 0.0 0.0 0.0013812154696132596
0.0 0.0 0.0 0.0 0.0
0.0 0.0 0.0 0.0 0.0
0.0 0.12482269503546098 0.04663923182441701 0.0 0.0
0.0 0.0 0.0 0.0 0.0013812154696132596
0.0 0.0 0.0 0.0 0.0
0.0 0.0 0.0013717421124828533 0.0 0.0
0.0 0.0 0.0 0.0 0.0
0.0015576323987538943 0.03687943262411348 0.1234567901234568 0.0 0.0
0.0 0.0 0.0 0.0 0.0
0.0 0.0 0.0 0.0 0.0
0.0 0.0014184397163120568 0.0 0.0 0.0
0.0 0.0 0.0 0.0 0.0
0.0 0.0 0.0 0.0 0.0013812154696132596
0.0 0.0 0.0 0.0 0.0
0.0 0.0 0.0 0.0 0.0
0.0 0.0 0.0 0.0 0.0
0.0 0.0 0.0 0.0 0.0
0.0 0.0 0.0 0.0 0.0
0.0 0.03971631205673759 0.1289437585733882 0.0 0.0
0.0 0.028368794326241134 0.12757201646090535 0.0 0.0
0.0 0.03971631205673759 0.1234567901234568 0.0014326647564469916 0.0
0.0015576323987538943 0.05531914893617021 0.16598079561042522 0.0 0.0
0.0 0.03687943262411348 0.1646090534979424 0.0 0.0
0.0 0.02695035460992908 0.1550068587105624 0.0014326647564469916 0.0
0.0 0.04397163120567376 0.15912208504801095 0.0014326647564469916 0.0
0.0 0.05531914893617021 0.15775034293552814 0.0 0.0
0.0 0.05390070921985816 0.14814814814814814 0.004297994269340974 0.0
0.0 0.04397163120567376 0.252400548696845 0.0 0.0
0.0 0.04964539007092198 0.16049382716049382 0.0014326647564469916 0.0
0.0 0.04539007092198582 0.21810699588477367 0.002865329512893983 0.0
0.0 0.04539007092198582 0.2139917695473251 0.0 0.0
0.0 0.04822695035460993 0.23045267489711932 0.0 0.0
0.0 0.06808510638297872 0.23593964334705075 0.0 0.0
0.0 0.04822695035460993 0.29355281207133055 0.0 0.0
0.0 0.06950354609929077 0.31275720164609055 0.0 0.0
0.0 0.04680851063829787 0.29218106995884774 0.002865329512893983 0.0
0.0 0.06382978723404255 0.35390946502057613 0.0014326647564469916 0.0
0.0 0.03971631205673759 0.4060356652949246 0.0014326647564469916 0.0
0.0 0.05390070921985816 0.3689986282578875 0.0 0.0
0.0031152647975077885 0.04822695035460993 0.40329218106995884 0.0014326647564469916 0.0
0.0 0.05390070921985816 0.45679012345679015 0.0014326647564469916 0.0
0.0 0.06666666666666667 0.44581618655692734 0.0 0.0
0.0 0.06382978723404255 0.5267489711934157 0.0 0.0
0.0 0.04680851063829787 0.5432098765432098 0.0 0.0
0.0 0.05673758865248227 0.6021947873799726 0.0 0.0
0.0015576323987538943 0.04680851063829787 0.6364883401920438 0.0 0.0
0.0015576323987538943 0.04397163120567376 0.6762688614540466 0.0 0.0
0.0 0.07375886524822696 0.700960219478738 0.0014326647564469916 0.0
0.0015576323987538943 0.07801418439716312 0.8148148148148148 0.0 0.0
0.0 0.07801418439716312 0.869684499314129 0.0 0.0
0.0 0.05673758865248227 0.9231824417009602 0.0 0.0
0.0 0.06241134751773049 0.934156378600823 0.0014326647564469916 0.0
0.0015576323987538943 0.06382978723404255 1.0150891632373114 0.0 0.0
0.0 0.06241134751773049 1.046639231824417 0.0 0.0
0.0 0.11205673758865248 1.112482853223594 0.0014326647564469916 0.0
0.0 0.075177304964539 1.1358024691358024 0.0 0.0
0.0 0.06808510638297872 1.263374485596708 0.0 0.0
0.0 0.08085106382978723 1.3415637860082306 0.0014326647564469916 0.0
0.0 0.10638297872340426 1.5006858710562414 0.0014326647564469916 0.0
0.0015576323987538943 0.11347517730496454 1.5240054869684498 0.0014326647564469916 0.0
0.0 0.08652482269503546 1.6296296296296295 0.002865329512893983 0.0
0.0 0.08226950354609928 1.7256515775034293 0.0 0.0
0.0 0.1049645390070922 1.7846364883401922 0.0014326647564469916 0.0
0.0 0.10780141843971631 1.849108367626886 0.0 0.0
0.0 0.12624113475177307 1.9917695473251027 0.0 0.0
0.0 0.10638297872340426 2.146776406035665 0.0 0.0
0.0 0.13049645390070921 2.262002743484225 0.0 0.0
0.0015576323987538943 0.1375886524822695 2.3703703703703702 0.0 0.0
0.0015576323987538943 0.16453900709219857 2.585733882030178 0.0 0.0
0.0 0.17163120567375886 2.737997256515775 0.004297994269340974 0.0
0.0 0.18156028368794327 2.7338820301783264 0.002865329512893983 0.0
0.0 0.16879432624113475 2.747599451303155 0.0014326647564469916 0.0
0.0 0.16028368794326242 2.775034293552812 0.0014326647564469916 0.0
0.0015576323987538943 0.16170212765957445 2.7256515775034296 0.0 0.0
0.0 0.17304964539007092 2.7119341563786006 0.0 0.0
0.0031152647975077885 0.16453900709219857 2.7914951989026062 0.0 0.0
0.0 0.1900709219858156 2.962962962962963 0.0 0.0
0.0 0.17872340425531916 2.898491083676269 0.0 0.0
0.0 0.16879432624113475 2.88477366255144 0.0014326647564469916 0.0
0.0 0.18865248226950357 2.9506172839506175 0.0 0.0
0.0 0.17872340425531916 2.9122085048010975 0.0 0.0
0.0 0.19574468085106383 2.88477366255144 0.002865329512893983 0.0
0.0 0.17446808510638298 2.840877914951989 0.0 0.0
0.0 0.1773049645390071 2.9108367626886147 0.0014326647564469916 0.0
0.0 0.18865248226950357 2.921810699588477 0.0014326647564469916 0.0
0.0 0.2127659574468085 3.075445816186557 0.0 0.0
0.0 0.20141843971631207 3.0068587105624145 0.0014326647564469916 0.0
0.0 0.1971631205673759 3.010973936899863 0.0 0.0
0.0 0.1829787234042553 3.0246913580246915 0.0014326647564469916 0.0
0.0015576323987538943 0.18723404255319148 3.054869684499314 0.0 0.0
0.0 0.22836879432624113 3.1069958847736627 0.0 0.0
0.0015576323987538943 0.19290780141843972 3.016460905349794 0.0014326647564469916 0.0
0.0015576323987538943 0.19574468085106383 3.017832647462277 0.0 0.0
0.0015576323987538943 0.2 3.0891632373113858 0.0014326647564469916 0.0
0.0 0.19858156028368792 3.1700960219478738 0.0 0.0
0.0 0.2070921985815603 3.049382716049383 0.0 0.0
0.0015576323987538943 0.17163120567375886 3.01920438957476 0.0 0.0
0.0 0.1773049645390071 3.0054869684499312 0.0 0.0
0.0 0.21418439716312054 3.0699588477366255 0.0 0.0
0.0 0.22127659574468084 3.10562414266118 0.0014326647564469916 0.0
0.0 0.19148936170212766 3.090534979423868 0.0 0.0
0.0 0.19148936170212766 3.0301783264746227 0.0014326647564469916 0.0
0.0 0.18865248226950357 3.00960219478738 0.0 0.0
0.0015576323987538943 0.20567375886524822 3.0658436213991767 0.0014326647564469916 0.0
0.0 0.19148936170212766 3.0246913580246915 0.0 0.0
0.0 0.19574468085106383 3.056241426611797 0.0 0.0
0.0 0.18865248226950357 3.0973936899862826 0.0 0.0
0.0 0.18439716312056736 3.123456790123457 0.0 0.0
0.0 0.1702127659574468 3.0644718792866943 0.0 0.0
0.0 0.21134751773049645 3.1262002743484225 0.0 0.0
0.0 0.22127659574468084 3.0068587105624145 0.0014326647564469916 0.0
0.0 0.19148936170212766 3.152263374485597 0.0 0.0
0.0 0.18865248226950357 3.1632373113854597 0.002865329512893983 0.0
0.0 0.20567375886524822 3.2647462277091908 0.0014326647564469916 0.0
0.0 0.20141843971631207 3.075445816186557 0.0 0.0
0.0 0.18865248226950357 3.216735253772291 0.0 0.0
0.0015576323987538943 0.20567375886524822 3.187928669410151 0.0014326647564469916 0.0
