32935.000 -0.400 -0.400 0.399
32936.000 -0.400 -0.331 0.154
32937.000 -0.400 -0.262 0.352
32938.000 -0.400 -0.192 0.094
32939.000 -0.400 -0.123 0.158
32940.000 -0.400 -0.054 0.099
32941.000 -0.400 0.015 0.325
32942.000 -0.400 0.085 0.350
32943.000 -0.400 0.154 0.352
32944.000 -0.400 0.223 0.203
32945.000 -0.400 0.292 0.019
32946.000 -0.400 0.362 0.085
32947.000 -0.400 0.431 0.167
32948.000 -0.331 -0.400 0.084
32949.000 -0.331 -0.331 0.055
32950.000 -0.331 -0.262 0.298
32951.000 -0.331 -0.192 0.121
32952.000 -0.331 -0.123 0.111
32953.000 -0.331 -0.054 0.273
32954.000 -0.331 0.015 0.358
32955.000 -0.331 0.085 0.129
32956.000 -0.331 0.154 0.357
32957.000 -0.331 0.223 0.120
32958.000 -0.331 0.292 0.479
32959.000 -0.331 0.362 0.340
32960.000 -0.331 0.431 0.035
32961.000 -0.262 -0.331 0.089
32962.000 -0.262 -0.262 0.401
32963.000 -0.262 -0.192 0.185
32964.000 -0.262 -0.123 0.437
32965.000 -0.262 -0.054 0.157
32966.000 -0.262 0.015 0.197
32967.000 -0.262 0.085 0.202
32968.000 -0.262 0.154 0.125
32969.000 -0.262 0.223 0.262
32970.000 -0.262 0.292 0.037
32971.000 -0.262 0.362 0.326
32972.000 -0.262 0.431 0.145
32973.000 -0.192 -0.400 0.386
32974.000 -0.192 -0.331 0.176
32975.000 -0.192 -0.262 0.012
32976.000 -0.192 -0.192 0.011
32977.000 -0.192 -0.123 0.456
32978.000 -0.192 -0.054 0.362
32979.000 -0.192 0.015 0.124
32980.000 -0.192 0.085 0.192
32981.000 -0.192 0.154 0.455
32982.000 -0.192 0.223 0.132
32983.000 -0.192 0.292 0.029
32984.000 -0.192 0.362 0.431
32985.000 -0.192 0.431 0.018
32986.000 -0.123 -0.400 0.313
32987.000 -0.123 -0.331 0.391
32988.000 -0.123 -0.262 0.431
32989.000 -0.123 -0.192 0.379
32990.000 -0.123 -0.123 0.284
32991.000 -0.123 -0.054 0.358
32992.000 -0.123 0.015 0.177
32993.000 -0.123 0.085 0.190
32994.000 -0.123 0.154 0.236
32995.000 -0.123 0.223 0.120
32996.000 -0.123 0.292 0.369
32997.000 -0.123 0.362 0.411
32998.000 -0.123 0.431 0.156
32999.000 -0.054 -0.400 0.005
33000.000 -0.054 -0.331 0.287
33001.000 -0.054 -0.262 0.245
33002.000 -0.054 -0.192 0.367
33003.000 -0.054 -0.123 0.389
33004.000 -0.054 -0.054 0.365
33005.000 -0.054 0.015 0.127
33006.000 -0.054 0.085 0.144
33007.000 -0.054 0.154 0.344
33008.000 -0.054 0.223 0.201
33009.000 -0.054 0.292 0.495
33010.000 -0.054 0.362 0.449
33011.000 -0.054 0.431 0.317
33012.000 0.015 -0.400 0.255
33013.000 0.015 -0.331 0.176
33014.000 0.015 -0.262 0.244
33015.000 0.015 -0.192 0.019
33016.000 0.015 -0.123 0.336
33017.000 0.015 -0.054 0.312
33018.000 0.015 0.015 0.010
33019.000 0.015 0.085 0.056
33020.000 0.015 0.154 0.436
33021.000 0.015 0.223 0.348
33022.000 0.015 0.292 0.231
33023.000 0.015 0.362 0.006
33024.000 0.015 0.431 0.142
33025.000 0.085 -0.400 0.496
33026.000 0.085 -0.331 0.196
33027.000 0.085 -0.262 0.182
33028.000 0.085 -0.192 0.321
33029.000 0.085 -0.123 0.297
33030.000 0.085 -0.054 0.331
33031.000 0.085 0.015 0.346
33032.000 0.085 0.085 0.449
33033.000 0.085 0.154 0.493
33034.000 0.085 0.223 0.485
33035.000 0.085 0.292 0.361
33036.000 0.085 0.362 0.370
33037.000 0.085 0.431 0.459
33038.000 0.154 -0.400 0.251
33039.000 0.154 -0.331 0.477
33040.000 0.154 -0.262 0.314
33041.000 0.154 -0.192 0.431
33042.000 0.154 -0.123 0.461
33043.000 0.154 -0.054 0.455
33044.000 0.154 0.015 0.468
33045.000 0.154 0.085 0.098
33046.000 0.154 0.154 0.355
33047.000 0.154 0.223 0.041
33048.000 0.154 0.292 0.176
33049.000 0.154 0.362 0.412
33050.000 0.154 0.431 0.181
33051.000 0.223 -0.400 0.042
33052.000 0.223 -0.331 0.460
33053.000 0.223 -0.262 0.210
33054.000 0.223 -0.192 0.221
33055.000 0.223 -0.123 0.213
33056.000 0.223 -0.054 0.475
33057.000 0.223 0.015 0.346
33058.000 0.223 0.085 0.337
33059.000 0.223 0.154 0.452
33060.000 0.223 0.223 0.163
33061.000 0.223 0.292 0.373
33062.000 0.223 0.362 0.483
33063.000 0.223 0.431 0.078
33064.000 0.292 -0.400 0.448
33065.000 0.292 -0.331 0.024
33066.000 0.292 -0.262 0.079
33067.000 0.292 -0.192 0.455
33068.000 0.292 -0.123 0.111
33069.000 0.292 -0.054 0.138
33070.000 0.292 0.015 0.143
33071.000 0.292 0.085 0.067
33072.000 0.292 0.154 0.451
33073.000 0.292 0.223 0.186
33074.000 0.292 0.292 0.478
33075.000 0.292 0.362 0.134
33076.000 0.292 0.431 0.201
33077.000 0.362 -0.400 0.306
33078.000 0.362 -0.331 0.031
33079.000 0.362 -0.262 0.368
33080.000 0.362 -0.192 0.124
33081.000 0.362 -0.123 0.379
33082.000 0.362 -0.054 0.010
33083.000 0.362 0.015 0.178
33084.000 0.362 0.085 0.108
33085.000 0.362 0.154 0.268
33086.000 0.362 0.223 0.204
33087.000 0.362 0.292 0.050
33088.000 0.362 0.362 0.302
33089.000 0.362 0.431 0.173
33090.000 0.431 -0.400 0.309
33091.000 0.431 -0.331 0.469
33092.000 0.431 -0.262 0.409
33093.000 0.431 -0.192 0.098
33094.000 0.431 -0.123 0.078
33095.000 0.431 -0.054 0.109
33096.000 0.431 0.015 0.203
33097.000 0.431 0.085 0.085
33098.000 0.431 0.154 0.468
33099.000 0.431 0.223 0.478
33100.000 0.431 0.292 0.222
33101.000 0.431 0.362 0.188
33102.000 0.431 0.431 0.302
