83.22222222222223 81.19999999999999 83.875 85.0 84.22222222222223
84.55555555555556 81.5 83.25 85.1 84.55555555555556
83.88888888888889 81.4 83.875 86.4 85.44444444444444
83.33333333333333 80.69999999999999 82.625 86.0 84.0
84.66666666666667 81.5 83.875 86.1 85.66666666666667
83.77777777777779 80.69999999999999 83.875 84.8 84.33333333333333
83.55555555555554 81.69999999999999 83.25 85.8 84.11111111111111
84.44444444444444 80.5 83.375 86.1 86.33333333333333
84.33333333333333 81.10000000000001 84.25 85.9 84.11111111111111
83.55555555555554 81.60000000000001 82.75 85.5 85.77777777777777
84.66666666666667 81.10000000000001 83.625 85.8 84.66666666666667
84.22222222222223 80.69999999999999 83.625 85.5 85.22222222222223
84.22222222222223 81.4 84.25 85.8 84.88888888888889
84.44444444444444 80.5 83.0 85.2 85.0
83.66666666666667 80.60000000000001 82.375 85.6 85.0
82.55555555555554 80.0 83.5 85.1 84.55555555555556
84.66666666666667 80.60000000000001 82.125 85.8 84.88888888888889
85.33333333333333 81.5 83.875 86.3 85.88888888888889
83.66666666666667 80.9 83.875 85.6 84.22222222222223
83.0 80.69999999999999 83.125 84.1 85.33333333333333
83.66666666666667 80.0 83.125 85.7 84.44444444444444
84.0 80.19999999999999 84.125 85.5 84.33333333333333
82.66666666666667 79.10000000000001 83.375 85.9 84.66666666666667
83.33333333333333 81.10000000000001 81.625 86.1 85.33333333333333
82.66666666666667 79.3 82.625 85.3 85.0
83.66666666666667 80.69999999999999 84.5 86.0 84.33333333333333
83.66666666666667 78.2 84.0 85.7 85.33333333333333
85.55555555555556 80.19999999999999 83.25 86.5 85.55555555555556
84.33333333333333 79.9 83.625 85.7 84.22222222222223
84.66666666666667 80.4 83.0 86.1 86.33333333333333
83.77777777777779 78.2 83.875 85.8 85.0
82.55555555555554 79.39999999999999 81.875 84.7 84.0
83.0 79.5 83.375 85.8 84.55555555555556
84.44444444444444 78.2 82.75 86.2 85.0
83.88888888888889 77.7 82.0 85.2 84.88888888888889
85.0 80.0 83.0 85.6 85.77777777777777
82.66666666666667 78.2 82.375 85.2 84.55555555555556
83.11111111111111 79.0 83.125 85.4 84.66666666666667
83.44444444444444 78.7 83.125 85.5 85.0
83.22222222222223 76.8 83.125 84.4 83.33333333333333
83.77777777777779 78.2 83.625 85.4 85.55555555555556
84.0 76.8 82.75 85.3 84.44444444444444
84.77777777777777 77.60000000000001 83.25 85.8 85.22222222222223
83.66666666666667 77.10000000000001 82.0 85.3 83.88888888888889
84.0 77.8 82.5 84.8 85.0
84.0 78.10000000000001 83.5 86.1 84.33333333333333
84.66666666666667 77.5 84.5 87.0 86.22222222222223
84.33333333333333 76.39999999999999 82.25 86.7 85.44444444444444
84.44444444444444 76.6 83.375 86.0 86.33333333333333
84.77777777777777 76.1 81.5 86.7 84.44444444444444
84.22222222222223 76.6 82.75 85.7 85.44444444444444
83.11111111111111 77.10000000000001 82.125 84.6 85.44444444444444
84.11111111111111 76.2 82.25 86.3 84.44444444444444
82.77777777777779 76.30000000000001 83.25 85.4 84.88888888888889
83.88888888888889 75.39999999999999 81.625 86.1 85.22222222222223
84.0 75.30000000000001 82.125 85.4 84.33333333333333
84.44444444444444 75.39999999999999 83.125 84.9 85.11111111111111
84.55555555555556 75.6 82.5 86.8 84.88888888888889
84.55555555555556 75.2 81.125 85.8 85.0
84.44444444444444 74.39999999999999 83.0 85.5 84.33333333333333
83.44444444444444 73.89999999999999 82.25 85.7 84.66666666666667
83.44444444444444 73.4 82.25 85.1 84.55555555555556
84.88888888888889 73.6 81.5 86.4 84.44444444444444
83.88888888888889 72.8 83.0 87.0 84.88888888888889
82.55555555555554 71.5 81.0 84.8 84.44444444444444
83.88888888888889 72.5 80.75 85.6 84.88888888888889
84.33333333333333 71.7 80.875 86.6 84.77777777777777
84.11111111111111 72.1 82.625 86.2 84.22222222222223
84.22222222222223 69.9 80.25 85.4 84.55555555555556
84.11111111111111 70.5 80.75 86.2 85.77777777777777
85.11111111111111 69.8 81.625 87.7 86.66666666666667
83.77777777777779 68.9 80.75 86.5 86.33333333333333
84.0 68.2 80.125 86.9 86.0
83.33333333333333 67.8 81.875 85.2 85.11111111111111
82.55555555555554 66.8 80.75 84.8 84.44444444444444
83.11111111111111 67.4 81.0 85.2 85.44444444444444
83.66666666666667 66.69999999999999 80.625 86.7 85.55555555555556
83.44444444444444 66.5 80.875 87.3 85.77777777777777
83.77777777777779 65.60000000000001 81.375 86.4 85.55555555555556
83.11111111111111 64.9 79.5 86.7 84.33333333333333
83.11111111111111 64.9 80.0 85.6 84.66666666666667
82.33333333333333 64.3 79.375 85.1 83.0
82.77777777777779 63.0 79.0 85.7 85.22222222222223
82.77777777777779 63.5 80.125 85.7 85.55555555555556
82.55555555555554 63.2 79.125 85.6 84.55555555555556
83.55555555555554 62.8 80.875 85.5 85.33333333333333
82.55555555555554 62.199999999999996 79.25 85.4 84.88888888888889
83.33333333333333 61.699999999999996 80.125 85.6 84.55555555555556
82.88888888888889 61.199999999999996 79.125 86.5 85.55555555555556
82.33333333333333 60.3 79.25 85.8 84.77777777777777
83.66666666666667 59.5 78.5 86.6 85.66666666666667
83.66666666666667 60.6 78.75 86.3 84.77777777777777
82.77777777777779 58.8 78.25 85.1 84.44444444444444
83.33333333333333 58.3 78.625 86.0 84.44444444444444
83.11111111111111 57.2 78.625 85.4 84.77777777777777
84.0 55.9 78.125 86.2 86.22222222222223
83.33333333333333 57.2 78.25 87.4 85.66666666666667
82.55555555555554 54.4 78.0 84.5 85.33333333333333
83.0 55.0 77.125 86.8 85.0
83.22222222222223 52.6 75.25 85.9 85.77777777777777
84.77777777777777 54.9 78.25 86.8 86.44444444444444
81.77777777777779 78.2 82.25 80.8 81.33333333333333
80.44444444444444 78.8 80.0 81.0 82.1111111111111
81.33333333333333 77.39999999999999 81.0 81.69999999999999 81.66666666666667
80.33333333333334 78.60000000000001 80.75 80.60000000000001 81.55555555555556
83.66666666666667 53.3 77.75 86.5 85.55555555555556
82.44444444444444 79.10000000000001 81.625 81.4 81.1111111111111
81.66666666666667 79.9 80.25 81.8 80.88888888888889
80.77777777777779 77.2 80.0 80.60000000000001 79.77777777777779
82.0 80.0 80.25 82.0 82.0
83.33333333333333 60.199999999999996 76.375 86.0 85.11111111111111
80.66666666666666 78.10000000000001 80.375 81.10000000000001 81.1111111111111
82.66666666666667 79.10000000000001 80.625 82.19999999999999 82.0
82.1111111111111 78.7 81.5 82.10000000000001 81.88888888888889
81.44444444444444 78.3 81.625 82.19999999999999 82.1111111111111
82.77777777777779 53.699999999999996 77.25 86.1 85.11111111111111
82.1111111111111 79.0 82.0 82.0 81.66666666666667
82.77777777777779 78.8 80.375 80.5 81.77777777777779
82.55555555555554 78.5 81.25 81.8 81.88888888888889
82.1111111111111 79.2 82.25 81.5 82.22222222222223
83.0 59.8 75.5 86.3 85.11111111111111
82.44444444444444 79.39999999999999 81.5 82.60000000000001 82.33333333333333
80.88888888888889 79.2 82.0 80.69999999999999 80.88888888888889
81.77777777777779 78.0 81.0 82.60000000000001 80.66666666666666
81.22222222222223 78.39999999999999 81.75 82.19999999999999 82.0
82.55555555555554 78.60000000000001 81.125 81.5 81.77777777777779
81.66666666666667 78.5 81.875 80.69999999999999 81.66666666666667
81.88888888888889 79.9 82.0 82.10000000000001 83.44444444444444
81.55555555555556 79.2 81.875 81.60000000000001 81.77777777777779
82.0 78.89999999999999 80.875 82.10000000000001 82.22222222222223
82.66666666666667 79.60000000000001 81.0 81.5 82.66666666666667
82.77777777777779 59.6 75.375 86.6 84.44444444444444
83.66666666666667 59.2 75.125 86.0 84.55555555555556
84.11111111111111 61.400000000000006 74.5 86.3 85.44444444444444
83.11111111111111 60.1 76.375 85.6 84.88888888888889
83.0 59.7 76.75 84.4 85.55555555555556
83.0 58.8 75.5 87.1 84.11111111111111
84.22222222222223 60.0 75.375 86.1 85.44444444444444
84.0 60.699999999999996 74.875 86.0 86.11111111111111
82.44444444444444 58.0 75.125 85.4 84.0
83.44444444444444 60.3 77.0 86.7 85.11111111111111
83.44444444444444 61.0 75.375 85.3 84.66666666666667
83.44444444444444 60.3 75.375 85.7 84.88888888888889
83.55555555555554 60.400000000000006 75.5 85.9 85.33333333333333
84.33333333333333 61.400000000000006 75.75 86.1 85.33333333333333
82.66666666666667 58.8 76.125 85.9 84.88888888888889
83.77777777777779 61.800000000000004 76.0 85.9 84.44444444444444
83.33333333333333 61.9 74.5 85.8 84.22222222222223
83.33333333333333 59.3 74.125 85.7 84.77777777777777
84.22222222222223 59.9 76.375 87.1 85.22222222222223
82.0 59.4 75.875 85.4 85.44444444444444
84.22222222222223 60.199999999999996 74.875 86.2 85.66666666666667
84.22222222222223 60.3 76.375 85.6 84.77777777777777
83.55555555555554 60.8 76.25 85.1 85.88888888888889
84.44444444444444 61.199999999999996 76.375 85.4 85.88888888888889
83.66666666666667 60.5 76.0 86.3 85.55555555555556
82.66666666666667 61.5 76.25 84.5 84.33333333333333
83.44444444444444 60.400000000000006 74.625 86.6 83.77777777777779
83.55555555555554 62.1 74.5 85.4 84.33333333333333
83.55555555555554 60.199999999999996 75.125 86.2 85.55555555555556
84.66666666666667 61.0 74.125 85.7 85.55555555555556
84.11111111111111 61.800000000000004 75.0 86.4 86.44444444444444
83.77777777777779 61.800000000000004 74.0 86.6 86.0
83.77777777777779 60.400000000000006 73.0 86.2 85.88888888888889
84.55555555555556 61.699999999999996 73.375 86.7 85.11111111111111
84.44444444444444 62.1 74.125 86.7 85.55555555555556
84.11111111111111 60.0 73.125 86.2 84.44444444444444
84.0 59.5 72.75 86.2 85.88888888888889
83.0 61.9 71.625 87.3 84.88888888888889
83.33333333333333 62.1 72.5 85.7 85.0
84.11111111111111 60.6 71.75 85.7 86.0
84.55555555555556 60.199999999999996 70.375 85.6 84.33333333333333
84.22222222222223 64.0 72.875 86.4 84.77777777777777
83.66666666666667 60.8 70.625 84.6 85.66666666666667
84.33333333333333 62.300000000000004 71.0 86.2 85.11111111111111
84.22222222222223 62.6 68.75 85.5 85.55555555555556
84.66666666666667 60.400000000000006 69.375 86.3 85.0
84.33333333333333 61.800000000000004 69.125 86.9 84.77777777777777
83.44444444444444 62.300000000000004 68.625 86.8 85.77777777777777
83.88888888888889 60.8 68.5 85.7 84.88888888888889
84.33333333333333 62.9 69.0 86.1 85.55555555555556
84.77777777777777 62.8 66.875 87.8 86.88888888888889
83.88888888888889 61.699999999999996 65.625 86.8 85.0
84.33333333333333 64.0 65.75 86.3 84.33333333333333
84.22222222222223 63.5 66.75 86.7 86.66666666666667
85.44444444444444 62.1 63.25 86.3 86.66666666666667
84.77777777777777 62.199999999999996 62.0 86.6 86.22222222222223
83.44444444444444 60.8 62.875 86.0 84.22222222222223
85.22222222222223 62.7 62.25 87.0 85.55555555555556
84.44444444444444 63.2 63.875 86.1 85.22222222222223
83.33333333333333 63.3 62.25 87.4 85.55555555555556
84.66666666666667 63.4 62.375 86.8 86.22222222222223
85.11111111111111 62.6 59.75 86.2 85.55555555555556
85.11111111111111 63.2 61.5 87.4 86.66666666666667
84.33333333333333 63.3 60.25 86.5 86.11111111111111
84.11111111111111 63.9 63.0 86.7 86.11111111111111
83.88888888888889 62.0 59.875 86.6 84.77777777777777
84.88888888888889 62.7 62.875 87.5 86.66666666666667
84.0 64.19999999999999 61.625 87.8 86.22222222222223
84.88888888888889 62.300000000000004 59.0 86.1 85.55555555555556
84.77777777777777 61.800000000000004 59.625 86.5 85.66666666666667
84.44444444444444 61.5 58.875 85.9 85.44444444444444
85.11111111111111 60.5 59.125 86.3 85.22222222222223
84.33333333333333 63.70000000000001 60.125 86.5 86.11111111111111
84.88888888888889 62.7 61.75 86.9 87.11111111111111
84.77777777777777 62.8 60.125 87.1 86.33333333333333
84.11111111111111 62.4 60.0 86.4 85.33333333333333
84.11111111111111 62.4 61.125 86.4 85.66666666666667
84.11111111111111 63.2 61.0 86.4 85.77777777777777
84.0 62.8 61.25 87.2 86.44444444444444
85.0 62.8 60.125 87.0 86.11111111111111
83.44444444444444 62.0 60.25 85.9 85.0
83.11111111111111 61.0 59.375 85.8 84.66666666666667
83.77777777777779 61.400000000000006 59.375 86.2 87.0
85.55555555555556 63.3 62.0 86.7 87.0
85.0 61.699999999999996 59.875 86.5 86.11111111111111
84.44444444444444 63.6 61.875 86.7 85.77777777777777
85.11111111111111 63.4 62.0 87.8 87.11111111111111
85.55555555555556 64.19999999999999 60.5 86.0 86.66666666666667
84.77777777777777 62.4 59.125 86.9 86.66666666666667
85.0 64.19999999999999 61.5 86.5 86.55555555555556
83.11111111111111 62.9 61.0 86.5 85.0
83.88888888888889 63.4 61.625 86.1 86.22222222222223
83.55555555555554 63.4 60.25 86.8 86.77777777777777
85.22222222222223 62.5 60.75 87.1 85.88888888888889
83.88888888888889 63.0 59.625 87.1 85.77777777777777
84.44444444444444 63.2 60.75 86.9 86.22222222222223
84.55555555555556 63.1 60.75 87.1 85.88888888888889
84.55555555555556 61.0 60.25 86.9 85.44444444444444
84.44444444444444 62.7 59.0 86.4 86.33333333333333
