11.035714285714286 18.17241379310345 17.3125 11.586206896551724 8.56
10.392857142857142 20.379310344827587 15.6875 10.137931034482758 10.44
10.464285714285714 18.93103448275862 16.6875 10.03448275862069 9.24
11.214285714285715 18.79310344827586 16.65625 9.689655172413794 10.4
11.142857142857144 20.379310344827587 15.78125 10.137931034482758 11.08
11.071428571428571 20.448275862068968 16.25 11.689655172413794 9.76
10.571428571428571 19.448275862068964 14.71875 10.379310344827585 10.8
8.678571428571427 19.482758620689655 17.5 10.862068965517242 9.08
10.321428571428571 19.82758620689655 17.125 10.758620689655173 8.6
11.392857142857142 19.448275862068964 15.9375 10.275862068965518 8.84
11.571428571428571 19.75862068965517 15.65625 10.172413793103447 8.8
10.107142857142858 19.482758620689655 16.21875 10.172413793103447 9.24
10.928571428571429 19.75862068965517 15.8125 10.655172413793103 9.440000000000001
11.214285714285715 18.344827586206897 16.75 11.965517241379311 9.84
10.607142857142856 17.689655172413794 17.25 10.137931034482758 9.28
10.178571428571429 20.89655172413793 16.0625 10.758620689655173 8.76
10.821428571428573 20.551724137931036 15.28125 10.379310344827585 8.88
10.035714285714285 19.96551724137931 17.53125 10.241379310344827 9.68
9.214285714285715 19.586206896551722 15.6875 10.068965517241379 9.24
9.142857142857144 18.24137931034483 17.3125 10.517241379310345 8.36
11.178571428571429 19.482758620689655 16.15625 9.931034482758621 8.84
10.428571428571429 20.275862068965516 16.71875 10.275862068965518 7.680000000000001
9.964285714285714 19.206896551724135 17.0 9.620689655172415 8.44
9.75 19.551724137931036 17.46875 10.310344827586206 10.84
10.714285714285714 20.241379310344826 15.65625 10.793103448275863 9.6
9.964285714285714 18.310344827586206 16.125 9.931034482758621 9.639999999999999
11.035714285714286 20.275862068965516 15.9375 10.241379310344827 10.72
9.678571428571429 19.137931034482758 16.875 10.517241379310345 9.2
10.678571428571427 19.137931034482758 16.3125 10.379310344827585 9.84
11.25 19.72413793103448 17.59375 8.89655172413793 10.4
10.75 17.89655172413793 16.3125 10.448275862068964 8.88
11.214285714285715 20.17241379310345 15.6875 11.379310344827587 9.96
11.071428571428571 19.448275862068964 15.6875 10.137931034482758 9.2
10.107142857142858 19.620689655172413 16.9375 10.172413793103447 9.04
10.214285714285714 20.310344827586206 16.75 9.620689655172415 8.68
10.285714285714285 18.93103448275862 16.75 9.965517241379311 8.0
9.142857142857144 18.344827586206897 14.65625 9.86206896551724 8.959999999999999
10.464285714285714 20.89655172413793 15.75 9.0 8.56
9.892857142857142 19.793103448275865 15.0625 11.06896551724138 9.440000000000001
9.321428571428571 20.89655172413793 15.84375 11.206896551724137 10.76
9.535714285714286 19.896551724137932 15.3125 9.724137931034482 10.120000000000001
11.75 19.413793103448278 15.40625 9.551724137931034 9.36
10.928571428571429 19.896551724137932 15.46875 9.793103448275861 10.08
10.142857142857142 19.206896551724135 16.5 11.241379310344827 8.920000000000002
10.392857142857142 19.344827586206897 16.3125 10.413793103448276 9.32
9.5 20.103448275862068 16.96875 9.586206896551724 8.8
11.0 19.068965517241377 16.96875 10.827586206896552 8.76
10.214285714285714 19.586206896551722 16.71875 10.379310344827585 9.68
10.357142857142856 18.10344827586207 15.4375 10.0 9.56
10.107142857142858 19.413793103448278 15.84375 9.931034482758621 8.52
10.892857142857144 20.689655172413794 16.625 10.89655172413793 10.84
9.571428571428571 20.655172413793103 16.46875 9.793103448275861 8.56
10.107142857142858 20.86206896551724 16.0625 10.379310344827585 9.520000000000001
10.25 18.93103448275862 16.59375 10.827586206896552 8.24
9.964285714285714 19.793103448275865 16.71875 10.862068965517242 9.04
9.357142857142858 19.75862068965517 16.46875 10.758620689655173 9.2
9.5 19.793103448275865 14.375 10.172413793103447 8.920000000000002
10.535714285714285 18.10344827586207 16.4375 10.448275862068964 10.24
9.428571428571429 19.103448275862068 17.34375 9.655172413793103 9.84
11.285714285714286 18.13793103448276 16.09375 10.551724137931036 9.28
10.892857142857144 20.89655172413793 16.75 9.448275862068966 9.28
10.75 18.896551724137932 15.65625 9.275862068965516 10.56
10.5 19.17241379310345 15.46875 10.448275862068964 9.24
10.75 20.586206896551726 17.21875 9.86206896551724 9.440000000000001
9.642857142857142 20.06896551724138 15.78125 9.241379310344827 9.0
9.928571428571429 21.0 16.40625 10.03448275862069 8.88
10.678571428571427 19.862068965517242 17.0 9.137931034482758 9.12
10.0 18.96551724137931 15.75 11.965517241379311 9.08
9.75 19.448275862068964 14.71875 10.068965517241379 8.6
11.678571428571429 19.068965517241377 15.15625 9.620689655172415 9.16
9.25 19.896551724137932 15.625 11.06896551724138 9.6
10.5 19.17241379310345 15.8125 10.96551724137931 10.92
10.642857142857142 20.137931034482758 16.4375 10.551724137931036 9.16
10.25 20.275862068965516 16.71875 9.896551724137932 8.64
10.857142857142858 19.931034482758623 16.6875 10.137931034482758 9.24
9.357142857142858 20.20689655172414 17.875 9.86206896551724 10.319999999999999
10.071428571428571 19.896551724137932 15.125 11.275862068965516 9.96
10.714285714285714 19.448275862068964 15.9375 10.03448275862069 9.639999999999999
9.714285714285714 20.20689655172414 16.40625 10.620689655172415 9.56
9.75 19.517241379310345 15.59375 10.275862068965518 9.440000000000001
10.428571428571429 20.103448275862068 15.71875 8.862068965517242 9.0
9.107142857142858 20.379310344827587 16.375 10.379310344827585 9.84
11.178571428571429 19.655172413793103 14.75 10.793103448275863 8.36
9.392857142857142 20.06896551724138 17.25 9.379310344827587 9.04
10.678571428571427 18.413793103448274 15.9375 10.586206896551724 9.32
10.392857142857142 21.03448275862069 15.90625 10.241379310344827 9.16
10.464285714285714 18.724137931034484 16.71875 9.827586206896552 9.04
10.678571428571427 18.896551724137932 16.5625 10.10344827586207 10.200000000000001
9.928571428571429 20.620689655172413 17.71875 10.068965517241379 9.440000000000001
9.321428571428571 19.689655172413794 16.21875 11.034482758620689 9.68
11.214285714285715 19.689655172413794 16.8125 9.931034482758621 9.719999999999999
10.285714285714285 19.379310344827587 16.40625 9.931034482758621 8.68
8.642857142857142 21.620689655172416 17.21875 11.793103448275861 9.68
10.035714285714285 18.862068965517242 17.0625 10.275862068965518 9.719999999999999
11.357142857142858 17.862068965517242 15.875 11.86206896551724 8.52
9.821428571428571 19.068965517241377 14.78125 10.89655172413793 8.48
9.464285714285715 19.24137931034483 16.65625 10.655172413793103 9.32
10.142857142857142 20.03448275862069 16.28125 10.724137931034482 10.040000000000001
9.607142857142858 19.103448275862068 15.78125 9.448275862068966 9.84
10.392857142857142 20.620689655172413 16.40625 11.10344827586207 9.520000000000001
10.964285714285715 19.03448275862069 16.375 10.172413793103447 8.36
10.392857142857142 10.275862068965518 10.09375 11.06896551724138 10.68
11.714285714285714 10.758620689655173 10.09375 10.758620689655173 8.920000000000002
8.821428571428573 9.965517241379311 10.625 9.241379310344827 9.879999999999999
10.142857142857142 10.655172413793103 9.65625 9.0 9.92
9.821428571428571 20.448275862068968 16.03125 10.482758620689657 9.04
10.392857142857142 9.275862068965516 9.9375 10.0 10.24
11.392857142857142 11.517241379310345 10.21875 10.0 10.08
10.071428571428571 8.89655172413793 10.03125 9.758620689655173 11.68
10.178571428571429 10.448275862068964 10.9375 10.586206896551724 11.0
9.392857142857142 16.137931034482758 17.8125 11.206896551724137 10.52
10.071428571428571 9.0 9.71875 10.655172413793103 10.44
9.892857142857142 9.896551724137932 10.59375 10.620689655172415 10.64
10.535714285714285 8.724137931034482 11.3125 11.275862068965516 10.28
9.392857142857142 9.931034482758621 9.75 11.275862068965516 10.84
10.178571428571429 20.06896551724138 16.0 10.137931034482758 9.719999999999999
9.821428571428571 9.965517241379311 10.40625 11.10344827586207 10.08
10.178571428571429 9.137931034482758 9.96875 9.344827586206897 10.24
10.892857142857144 10.586206896551724 9.5 9.689655172413794 9.2
10.357142857142856 10.793103448275863 9.875 9.793103448275861 9.799999999999999
10.107142857142858 17.20689655172414 16.71875 10.10344827586207 8.28
9.785714285714286 9.586206896551724 10.375 11.206896551724137 9.76
10.821428571428573 10.793103448275863 11.3125 11.06896551724138 9.08
10.607142857142856 11.06896551724138 10.15625 10.03448275862069 10.319999999999999
11.0 9.620689655172415 10.0625 10.89655172413793 9.84
11.214285714285715 9.689655172413794 9.75 10.344827586206897 10.319999999999999
11.214285714285715 9.344827586206897 9.65625 10.448275862068964 10.08
10.5 9.965517241379311 12.09375 9.586206896551724 10.52
9.678571428571429 11.034482758620689 10.34375 9.965517241379311 10.48
9.607142857142858 9.03448275862069 10.0625 8.89655172413793 10.6
9.107142857142858 11.551724137931034 10.09375 9.310344827586206 10.36
10.964285714285715 17.551724137931036 17.6875 10.379310344827585 8.52
10.071428571428571 18.758620689655174 20.21875 10.10344827586207 9.4
10.571428571428571 16.86206896551724 18.0 11.793103448275861 9.24
9.357142857142858 16.965517241379313 18.0 10.96551724137931 8.8
9.464285714285715 18.06896551724138 17.71875 10.827586206896552 8.36
10.714285714285714 16.965517241379313 17.28125 11.448275862068966 7.92
9.464285714285715 18.24137931034483 16.46875 10.10344827586207 10.040000000000001
9.571428571428571 17.310344827586206 18.03125 12.0 9.440000000000001
8.964285714285715 16.344827586206897 19.1875 11.206896551724137 10.040000000000001
9.607142857142858 16.965517241379313 17.1875 11.379310344827587 9.440000000000001
10.571428571428571 16.586206896551726 18.25 11.620689655172415 9.92
10.392857142857142 18.413793103448274 18.6875 11.06896551724138 10.16
11.535714285714286 15.655172413793103 19.5 10.931034482758621 10.16
10.357142857142856 17.344827586206897 18.4375 11.241379310344827 9.28
10.714285714285714 17.862068965517242 18.125 11.0 10.08
9.464285714285715 17.93103448275862 17.25 10.793103448275863 10.6
10.214285714285714 17.79310344827586 17.96875 11.620689655172415 8.56
9.535714285714286 17.20689655172414 19.125 11.482758620689655 8.64
9.964285714285714 16.931034482758623 15.9375 11.137931034482758 10.28
10.535714285714285 15.965517241379311 17.875 10.379310344827585 10.040000000000001
9.857142857142858 16.86206896551724 18.3125 10.482758620689657 9.4
10.607142857142856 18.06896551724138 18.46875 10.379310344827585 9.6
9.928571428571429 17.241379310344826 19.09375 10.862068965517242 10.44
11.107142857142858 18.20689655172414 16.375 10.586206896551724 8.84
10.0 17.17241379310345 17.875 10.241379310344827 9.36
9.464285714285715 17.586206896551726 17.28125 11.827586206896552 8.959999999999999
10.642857142857142 16.82758620689655 17.375 11.10344827586207 9.719999999999999
10.892857142857144 17.344827586206897 18.84375 11.241379310344827 9.96
9.071428571428571 15.551724137931034 18.28125 9.689655172413794 10.68
10.107142857142858 17.620689655172416 16.9375 11.827586206896552 10.6
11.035714285714286 16.448275862068968 18.90625 10.10344827586207 9.28
10.107142857142858 18.413793103448274 17.40625 10.758620689655173 9.16
10.25 17.482758620689655 17.75 9.827586206896552 8.84
9.642857142857142 15.482758620689655 17.75 9.517241379310345 9.68
9.535714285714286 18.034482758620687 18.5625 12.10344827586207 8.64
11.178571428571429 18.655172413793107 18.90625 11.137931034482758 9.16
10.464285714285714 16.86206896551724 18.96875 11.724137931034482 9.76
10.428571428571429 17.689655172413794 17.59375 10.344827586206897 10.16
10.321428571428571 16.551724137931036 19.0 12.275862068965518 9.32
10.428571428571429 16.586206896551726 17.625 11.206896551724137 8.72
9.642857142857142 16.310344827586206 18.4375 10.586206896551724 11.04
10.178571428571429 15.931034482758621 18.9375 10.310344827586206 8.56
9.321428571428571 18.551724137931032 18.875 11.793103448275861 9.440000000000001
9.535714285714286 18.586206896551722 17.84375 11.0 9.24
11.75 19.068965517241377 17.4375 11.275862068965516 9.56
9.571428571428571 17.93103448275862 18.21875 11.758620689655173 9.2
11.25 16.72413793103448 18.9375 11.0 10.16
10.214285714285714 17.448275862068964 18.75 10.551724137931036 8.72
10.357142857142856 19.72413793103448 18.09375 11.482758620689655 9.76
11.321428571428571 17.413793103448274 19.21875 12.172413793103447 9.56
10.928571428571429 18.82758620689655 18.96875 11.06896551724138 11.12
9.321428571428571 17.17241379310345 16.875 11.137931034482758 10.040000000000001
9.428571428571429 17.655172413793103 18.28125 11.517241379310345 8.64
10.964285714285715 16.551724137931036 19.78125 12.137931034482758 8.319999999999999
11.214285714285715 16.517241379310345 19.25 12.689655172413792 8.52
10.75 18.17241379310345 19.9375 12.10344827586207 10.52
10.321428571428571 18.13793103448276 18.1875 11.620689655172415 8.48
11.535714285714286 17.551724137931036 18.375 11.965517241379311 8.200000000000001
9.785714285714286 17.79310344827586 17.375 10.275862068965518 9.440000000000001
10.357142857142856 18.724137931034484 19.90625 11.448275862068966 9.639999999999999
11.321428571428571 17.275862068965516 18.40625 11.793103448275861 8.88
10.607142857142856 18.82758620689655 18.0 9.310344827586206 9.28
10.607142857142856 18.275862068965516 20.21875 11.517241379310345 8.76
10.892857142857144 17.20689655172414 18.59375 11.86206896551724 9.0
11.357142857142858 16.79310344827586 18.96875 12.10344827586207 9.32
10.321428571428571 15.827586206896553 17.96875 10.482758620689657 10.6
10.857142857142858 19.206896551724135 16.1875 11.724137931034482 9.12
10.678571428571427 16.86206896551724 18.8125 11.586206896551724 9.639999999999999
9.928571428571429 16.86206896551724 18.71875 10.827586206896552 8.4
11.0 18.13793103448276 17.25 12.172413793103447 9.36
10.714285714285714 18.758620689655174 19.03125 12.10344827586207 8.200000000000001
10.714285714285714 17.551724137931036 18.09375 11.551724137931034 9.12
9.928571428571429 18.758620689655174 18.25 10.89655172413793 10.120000000000001
8.964285714285715 17.482758620689655 18.3125 12.0 9.799999999999999
10.071428571428571 16.965517241379313 17.0 11.379310344827587 9.440000000000001
10.5 18.034482758620687 19.875 11.344827586206897 10.44
9.785714285714286 17.03448275862069 18.875 9.793103448275861 9.92
9.892857142857142 16.482758620689655 19.15625 11.448275862068966 10.48
10.142857142857142 17.75862068965517 19.59375 11.620689655172415 9.68
10.142857142857142 18.413793103448274 19.6875 11.10344827586207 9.440000000000001
11.214285714285715 17.10344827586207 18.8125 10.620689655172415 10.16
10.428571428571429 17.03448275862069 19.0 11.310344827586206 8.84
11.321428571428571 20.517241379310345 19.3125 10.344827586206897 9.4
10.642857142857142 17.241379310344826 19.0625 11.655172413793103 10.24
11.821428571428571 17.96551724137931 17.09375 9.793103448275861 8.08
10.785714285714286 18.344827586206897 18.5 11.310344827586206 9.32
9.821428571428571 16.89655172413793 18.5 11.448275862068966 9.2
10.5 17.96551724137931 17.75 10.03448275862069 9.76
10.892857142857144 16.931034482758623 18.65625 10.241379310344827 9.440000000000001
11.285714285714286 17.10344827586207 18.90625 10.206896551724139 9.28
10.071428571428571 17.137931034482758 18.3125 11.931034482758621 9.48
10.285714285714285 16.82758620689655 18.21875 13.0 8.44
11.035714285714286 19.068965517241377 18.21875 10.862068965517242 9.2
9.678571428571429 18.82758620689655 18.65625 11.344827586206897 8.959999999999999
10.535714285714285 17.413793103448274 18.78125 11.931034482758621 9.76
10.107142857142858 17.20689655172414 18.46875 11.448275862068966 9.84
9.678571428571429 16.517241379310345 18.59375 11.310344827586206 10.08
11.071428571428571 17.310344827586206 19.25 11.689655172413794 8.68
10.964285714285715 17.344827586206897 18.625 11.586206896551724 8.48
