71.16666666666667 68.07692307692308 70.85714285714286 72.15384615384615 71.41666666666667
70.83333333333333 69.38461538461537 69.71428571428571 71.6923076923077 71.33333333333333
70.58333333333333 69.3076923076923 69.71428571428571 71.23076923076924 70.83333333333333
70.91666666666667 67.84615384615385 71.92857142857143 73.15384615384615 73.16666666666667
70.83333333333333 69.15384615384615 71.21428571428572 71.3076923076923 70.33333333333333
71.16666666666667 69.53846153846153 72.0 72.07692307692308 71.16666666666667
72.83333333333333 69.07692307692308 70.78571428571429 73.76923076923077 72.16666666666667
68.41666666666667 68.15384615384615 69.92857142857142 72.0 71.25
70.91666666666667 68.46153846153847 72.07142857142858 72.84615384615385 71.41666666666667
71.83333333333333 70.23076923076924 71.35714285714286 72.92307692307692 72.41666666666667
70.91666666666667 69.46153846153847 71.07142857142858 72.61538461538461 72.25
70.33333333333333 67.53846153846153 70.0 72.3076923076923 71.41666666666667
71.16666666666667 68.61538461538461 70.57142857142858 71.46153846153847 72.08333333333333
69.75 67.46153846153847 70.35714285714286 72.53846153846153 71.0
69.75 68.0 70.07142857142857 70.61538461538463 71.91666666666667
71.16666666666667 69.92307692307692 72.78571428571429 73.84615384615385 72.75
72.08333333333333 69.23076923076924 70.71428571428572 72.53846153846153 73.91666666666667
69.91666666666667 68.53846153846153 71.64285714285715 71.92307692307692 71.41666666666667
69.75 67.15384615384615 70.0 72.46153846153847 72.33333333333333
71.41666666666667 69.23076923076924 70.71428571428572 72.84615384615385 71.66666666666667
71.75 70.3076923076923 71.28571428571429 73.92307692307692 72.0
71.16666666666667 70.15384615384615 71.5 71.3076923076923 70.75
71.25 68.84615384615385 71.85714285714286 75.0 72.0
71.08333333333333 69.23076923076924 70.78571428571429 72.61538461538461 71.5
71.41666666666667 69.84615384615385 71.0 72.15384615384615 71.66666666666667
71.66666666666667 69.0 70.14285714285714 72.53846153846153 72.08333333333333
70.41666666666667 67.6923076923077 70.5 71.07692307692308 70.08333333333333
70.33333333333333 69.15384615384615 70.42857142857143 72.3076923076923 71.5
70.33333333333333 67.15384615384615 70.0 72.07692307692308 70.83333333333333
69.66666666666667 67.76923076923077 71.07142857142858 71.61538461538461 71.16666666666667
69.33333333333333 66.46153846153847 69.71428571428571 70.6923076923077 70.83333333333333
70.58333333333333 67.84615384615385 70.71428571428572 70.6923076923077 69.91666666666667
70.25 68.15384615384615 70.71428571428572 72.07692307692308 72.16666666666667
71.25 69.53846153846153 71.0 73.07692307692308 73.08333333333333
68.66666666666667 67.23076923076923 70.35714285714286 70.53846153846153 70.08333333333333
70.66666666666667 68.15384615384615 69.21428571428571 71.15384615384615 70.75
70.5 68.76923076923076 70.92857142857143 71.3076923076923 71.16666666666667
70.75 69.38461538461537 70.28571428571428 71.0 72.33333333333333
71.16666666666667 69.76923076923076 70.85714285714286 72.38461538461539 72.08333333333333
71.0 67.92307692307692 69.64285714285714 72.3076923076923 70.41666666666667
71.25 67.6923076923077 71.57142857142858 72.3076923076923 72.83333333333333
71.08333333333333 69.38461538461537 70.85714285714286 72.07692307692308 72.08333333333333
71.41666666666667 69.38461538461537 70.71428571428572 73.46153846153847 71.58333333333333
72.25 69.76923076923076 71.92857142857143 72.76923076923077 73.16666666666667
71.16666666666667 69.15384615384615 71.92857142857143 72.76923076923077 73.16666666666667
70.83333333333333 69.61538461538463 71.78571428571429 72.92307692307692 71.25
72.33333333333333 68.61538461538461 71.21428571428572 72.0 71.41666666666667
71.08333333333333 68.92307692307692 71.14285714285715 71.6923076923077 72.41666666666667
72.5 71.38461538461539 72.57142857142857 73.3076923076923 72.66666666666667
72.25 68.84615384615385 70.71428571428572 73.92307692307692 73.0
70.75 68.53846153846153 72.14285714285715 72.92307692307692 72.66666666666667
71.5 68.46153846153847 71.42857142857143 72.46153846153847 71.66666666666667
69.91666666666667 68.3076923076923 70.42857142857143 71.92307692307692 72.25
72.25 68.84615384615385 71.71428571428572 73.07692307692308 72.0
71.0 68.0 70.0 72.38461538461539 71.41666666666667
70.91666666666667 68.23076923076924 71.14285714285715 71.53846153846153 71.5
69.83333333333333 69.38461538461537 70.78571428571429 72.92307692307692 71.75
71.0 68.76923076923076 71.35714285714286 72.84615384615385 70.41666666666667
70.91666666666667 68.61538461538461 71.07142857142858 72.46153846153847 71.25
70.58333333333333 68.6923076923077 70.64285714285715 73.3076923076923 70.75
71.58333333333333 68.23076923076924 70.71428571428572 72.84615384615385 72.58333333333333
71.5 68.6923076923077 70.21428571428571 71.84615384615385 72.58333333333333
71.5 69.46153846153847 71.85714285714286 73.6923076923077 73.25
71.16666666666667 69.23076923076924 71.14285714285715 72.3076923076923 71.91666666666667
70.83333333333333 68.38461538461539 71.57142857142858 72.15384615384615 71.41666666666667
70.25 68.53846153846153 71.35714285714286 72.92307692307692 72.58333333333333
72.58333333333333 69.0 71.85714285714286 73.07692307692308 71.5
69.33333333333333 68.61538461538461 70.0 71.6923076923077 70.83333333333333
72.08333333333333 67.53846153846153 69.78571428571428 72.3076923076923 72.08333333333333
71.58333333333333 70.23076923076924 71.21428571428572 72.6923076923077 71.83333333333333
71.33333333333333 67.84615384615385 70.71428571428572 71.76923076923076 71.33333333333333
71.16666666666667 67.53846153846153 68.92857142857142 71.76923076923076 70.75
70.41666666666667 68.0 70.92857142857143 73.76923076923077 72.16666666666667
70.83333333333333 67.53846153846153 70.21428571428571 71.84615384615385 70.58333333333333
71.58333333333333 70.3076923076923 70.64285714285715 72.6923076923077 71.75
70.58333333333333 67.61538461538461 70.57142857142858 71.61538461538461 72.16666666666667
71.75 68.76923076923076 70.71428571428572 71.76923076923076 71.58333333333333
70.25 67.3076923076923 69.35714285714285 71.15384615384615 70.33333333333333
70.08333333333333 65.76923076923077 68.78571428571428 71.3076923076923 70.75
71.91666666666667 70.61538461538463 72.0 72.76923076923077 72.66666666666667
72.25 70.46153846153847 72.78571428571429 73.84615384615385 72.66666666666667
70.5 69.23076923076924 71.42857142857143 72.15384615384615 71.75
70.91666666666667 68.38461538461539 71.78571428571429 72.53846153846153 72.25
70.0 67.92307692307692 70.92857142857143 72.6923076923077 72.16666666666667
69.91666666666667 67.46153846153847 70.64285714285715 71.61538461538461 72.16666666666667
71.16666666666667 69.15384615384615 71.71428571428572 74.07692307692308 73.16666666666667
70.83333333333333 67.53846153846153 70.92857142857143 71.6923076923077 72.08333333333333
70.75 67.92307692307692 71.28571428571429 73.07692307692308 72.25
72.33333333333333 67.84615384615385 71.78571428571429 73.76923076923077 72.91666666666667
70.33333333333333 69.0 71.92857142857143 73.0 73.33333333333333
71.16666666666667 69.0 72.5 72.92307692307692 72.25
70.75 68.6923076923077 71.42857142857143 72.84615384615385 72.25
69.25 67.53846153846153 70.28571428571428 72.46153846153847 71.83333333333333
71.41666666666667 69.23076923076924 71.42857142857143 72.76923076923077 73.33333333333333
71.08333333333333 67.76923076923077 71.28571428571429 71.84615384615385 71.41666666666667
70.16666666666667 67.84615384615385 70.64285714285715 71.61538461538461 71.5
70.33333333333333 67.92307692307692 71.0 71.3076923076923 71.58333333333333
70.0 67.46153846153847 70.57142857142858 72.15384615384615 70.66666666666667
71.5 68.76923076923076 71.78571428571429 73.0 71.25
70.91666666666667 67.84615384615385 71.71428571428572 72.15384615384615 71.08333333333333
70.5 67.23076923076923 69.85714285714285 71.3076923076923 71.33333333333333
65.75 65.92307692307692 66.28571428571428 65.46153846153845 66.75
66.0 66.3076923076923 67.42857142857143 66.38461538461539 65.75
65.25 66.46153846153847 66.64285714285714 66.53846153846153 65.08333333333334
66.75 66.53846153846153 66.28571428571428 66.84615384615385 67.66666666666667
70.0 68.38461538461539 71.14285714285715 72.38461538461539 71.83333333333333
67.41666666666667 66.53846153846153 65.64285714285714 66.76923076923077 66.25
67.41666666666667 67.07692307692308 67.07142857142857 67.38461538461539 67.08333333333333
66.83333333333333 65.3076923076923 66.5 67.46153846153847 66.41666666666667
65.91666666666667 66.61538461538461 67.57142857142857 67.0 66.0
70.0 69.38461538461537 70.0 72.76923076923077 72.25
65.91666666666667 67.15384615384615 66.07142857142857 67.07692307692308 67.08333333333333
65.25 64.46153846153845 65.64285714285714 66.0 66.83333333333333
65.33333333333333 65.3076923076923 66.0 66.15384615384616 65.41666666666667
68.16666666666667 67.3076923076923 68.0 68.0 67.66666666666667
69.66666666666667 67.84615384615385 70.71428571428572 73.07692307692308 72.33333333333333
65.83333333333333 65.76923076923077 65.71428571428571 65.92307692307692 65.91666666666667
66.33333333333333 64.15384615384616 64.85714285714286 67.07692307692308 66.0
67.16666666666667 66.53846153846153 66.85714285714285 66.6923076923077 66.66666666666667
65.33333333333333 64.3076923076923 65.42857142857143 66.3076923076923 66.16666666666667
69.91666666666667 67.76923076923077 70.21428571428571 73.15384615384615 72.25
65.33333333333333 64.76923076923077 65.14285714285714 65.53846153846153 66.83333333333333
66.0 64.6923076923077 65.92857142857143 66.84615384615385 65.16666666666667
65.91666666666667 65.3076923076923 66.21428571428571 64.92307692307692 65.08333333333334
66.16666666666667 66.15384615384616 66.42857142857143 65.92307692307692 67.41666666666667
65.66666666666667 65.07692307692308 65.28571428571428 64.84615384615384 65.08333333333334
66.5 66.38461538461539 66.42857142857143 66.15384615384616 67.0
64.75 65.07692307692308 65.57142857142857 66.23076923076923 66.75
65.16666666666667 65.0 65.0 65.38461538461539 65.91666666666667
66.41666666666667 67.76923076923077 66.57142857142857 65.84615384615384 67.16666666666667
66.08333333333333 65.46153846153845 66.14285714285714 66.46153846153847 66.08333333333333
70.91666666666667 68.61538461538461 69.85714285714285 73.0 73.83333333333333
70.25 68.6923076923077 69.0 72.38461538461539 72.83333333333333
71.16666666666667 68.3076923076923 68.07142857142857 71.38461538461539 71.0
71.66666666666667 69.07692307692308 70.28571428571428 73.07692307692308 73.08333333333333
69.0 68.76923076923076 70.07142857142857 72.6923076923077 72.75
71.75 69.92307692307692 70.64285714285715 73.38461538461539 73.08333333333333
70.41666666666667 69.53846153846153 69.28571428571428 71.92307692307692 70.91666666666667
70.0 68.46153846153847 69.42857142857142 71.84615384615385 72.41666666666667
71.0 67.6923076923077 69.78571428571428 73.0 71.83333333333333
68.75 68.38461538461539 70.14285714285714 71.92307692307692 72.58333333333333
71.16666666666667 69.0 69.85714285714285 72.07692307692308 71.58333333333333
69.41666666666667 67.53846153846153 69.28571428571428 72.07692307692308 71.66666666666667
70.0 68.23076923076924 68.85714285714285 72.3076923076923 72.41666666666667
69.25 69.38461538461537 67.85714285714285 71.92307692307692 71.91666666666667
71.5 68.3076923076923 68.07142857142857 72.38461538461539 71.5
70.0 69.15384615384615 68.5 71.53846153846153 73.33333333333333
71.33333333333333 68.07692307692308 67.42857142857143 72.76923076923077 72.16666666666667
70.08333333333333 68.46153846153847 66.07142857142857 72.53846153846153 71.91666666666667
71.75 67.07692307692308 65.85714285714285 73.07692307692308 72.08333333333333
69.83333333333333 68.6923076923077 66.64285714285714 72.15384615384615 72.16666666666667
69.66666666666667 68.6923076923077 66.21428571428571 73.23076923076923 72.41666666666667
69.58333333333333 67.38461538461539 67.0 74.07692307692308 71.91666666666667
69.58333333333333 67.53846153846153 65.57142857142857 71.53846153846153 72.66666666666667
69.58333333333333 67.84615384615385 64.42857142857143 72.0 73.0
70.33333333333333 65.6923076923077 62.78571428571429 70.6923076923077 71.41666666666667
70.41666666666667 66.23076923076923 61.285714285714285 71.53846153846153 73.0
71.0 67.92307692307692 63.21428571428571 71.84615384615385 71.66666666666667
70.83333333333333 65.53846153846153 62.0 73.6923076923077 74.16666666666667
69.25 67.84615384615385 60.57142857142858 72.61538461538461 71.91666666666667
70.0 66.84615384615385 59.28571428571429 72.3076923076923 72.83333333333333
71.66666666666667 68.0 61.57142857142857 71.3076923076923 71.75
71.58333333333333 65.92307692307692 59.214285714285715 73.0 73.66666666666667
70.25 66.0 58.0 71.92307692307692 73.08333333333333
71.25 66.53846153846153 57.64285714285714 71.92307692307692 72.25
71.25 65.6923076923077 57.42857142857142 73.07692307692308 73.83333333333333
70.58333333333333 66.92307692307692 56.57142857142857 72.6923076923077 72.16666666666667
70.5 64.15384615384616 54.714285714285715 70.92307692307692 73.0
71.33333333333333 65.46153846153845 54.857142857142854 72.76923076923077 73.0
70.58333333333333 64.0 52.07142857142858 71.15384615384615 73.33333333333333
70.33333333333333 64.92307692307692 50.785714285714285 71.07692307692308 72.25
71.58333333333333 64.53846153846155 51.07142857142858 73.53846153846153 73.75
71.25 64.46153846153845 50.0 72.38461538461539 73.75
72.0 65.38461538461539 49.357142857142854 73.38461538461539 73.75
71.75 64.84615384615384 46.07142857142857 71.38461538461539 73.75
70.83333333333333 63.38461538461539 46.785714285714285 72.84615384615385 73.66666666666667
69.75 61.69230769230769 44.0 72.23076923076924 72.66666666666667
71.75 65.23076923076923 45.642857142857146 74.0 74.0
71.41666666666667 64.53846153846155 42.0 73.61538461538461 72.75
71.91666666666667 63.0 38.57142857142857 73.84615384615385 74.91666666666667
71.25 61.230769230769226 37.42857142857143 73.53846153846153 73.58333333333333
71.0 60.76923076923077 32.0 73.0 73.58333333333333
72.41666666666667 62.38461538461539 30.142857142857142 72.6923076923077 74.16666666666667
71.75 61.92307692307692 32.5 73.07692307692308 74.75
72.5 61.46153846153846 31.5 73.38461538461539 75.75
71.75 61.07692307692308 27.214285714285715 72.84615384615385 73.33333333333333
72.83333333333333 59.76923076923077 25.357142857142854 73.84615384615385 74.25
71.83333333333333 56.84615384615385 19.642857142857142 72.23076923076924 74.66666666666667
74.08333333333333 57.76923076923077 20.857142857142858 74.6923076923077 75.66666666666666
72.16666666666667 58.76923076923077 18.42857142857143 72.92307692307692 74.33333333333333
71.83333333333333 57.46153846153846 15.428571428571429 73.6923076923077 75.08333333333333
72.83333333333333 55.69230769230769 13.857142857142858 73.15384615384615 75.5
72.83333333333333 56.07692307692308 10.928571428571429 73.07692307692308 74.25
73.33333333333333 55.07692307692308 9.285714285714286 73.84615384615385 77.0
74.16666666666667 54.53846153846153 8.285714285714285 74.53846153846153 76.83333333333334
73.83333333333333 55.53846153846153 8.214285714285714 72.38461538461539 76.0
73.58333333333333 54.46153846153847 8.642857142857142 72.61538461538461 76.83333333333334
72.16666666666667 52.38461538461539 5.785714285714286 72.76923076923077 75.5
74.16666666666667 52.92307692307692 5.071428571428571 73.46153846153847 75.5
72.91666666666667 52.76923076923077 5.428571428571429 73.0 75.5
72.66666666666667 51.15384615384615 3.7142857142857144 71.23076923076924 76.0
72.41666666666667 50.692307692307686 2.642857142857143 72.61538461538461 76.33333333333334
72.91666666666667 49.69230769230769 2.142857142857143 72.23076923076924 75.5
74.75 50.692307692307686 2.357142857142857 72.6923076923077 77.58333333333334
74.58333333333333 49.76923076923077 3.142857142857143 74.0 76.0
73.66666666666667 51.15384615384615 2.857142857142857 72.23076923076924 77.25
72.33333333333333 50.07692307692307 2.9285714285714284 72.15384615384615 75.83333333333334
74.16666666666667 49.92307692307693 2.9285714285714284 71.61538461538461 77.25
73.66666666666667 49.84615384615385 1.8571428571428572 72.15384615384615 76.33333333333334
72.5 46.46153846153847 1.8571428571428572 72.23076923076924 75.91666666666666
72.75 47.84615384615385 2.071428571428571 71.61538461538461 76.5
72.33333333333333 46.15384615384615 1.4285714285714286 70.38461538461537 74.33333333333333
73.91666666666667 48.07692307692308 1.5 70.92307692307692 75.41666666666667
73.5 46.769230769230774 1.5 71.23076923076924 77.0
72.0 46.61538461538461 1.7142857142857142 70.15384615384615 75.33333333333333
74.91666666666667 49.92307692307693 1.2857142857142856 72.38461538461539 76.5
74.25 48.38461538461539 1.5 72.53846153846153 76.83333333333334
72.66666666666667 46.84615384615384 1.7142857142857142 70.61538461538463 76.16666666666666
73.91666666666667 45.38461538461539 2.071428571428571 71.6923076923077 75.41666666666667
74.75 48.38461538461539 1.2142857142857142 71.76923076923076 77.33333333333334
74.33333333333333 45.38461538461539 0.6428571428571428 71.38461538461539 76.41666666666666
74.66666666666667 46.61538461538461 1.0714285714285714 72.07692307692308 76.08333333333334
73.75 46.46153846153847 1.142857142857143 72.23076923076924 76.33333333333334
73.66666666666667 45.23076923076923 1.0 70.61538461538463 75.91666666666666
75.0 48.30769230769231 1.5 72.38461538461539 76.66666666666666
73.66666666666667 47.0 1.3571428571428572 71.61538461538461 75.41666666666667
74.25 46.230769230769226 1.2142857142857142 71.84615384615385 77.75
73.0 45.0 1.2857142857142856 70.38461538461537 75.66666666666666
73.66666666666667 46.38461538461539 1.2142857142857142 71.3076923076923 75.75
73.5 45.23076923076923 1.642857142857143 70.6923076923077 77.08333333333334
