32935.000 -0.400 -0.400 0.270
32936.000 -0.400 -0.331 0.328
32937.000 -0.400 -0.262 0.159
32938.000 -0.400 -0.192 0.328
32939.000 -0.400 -0.123 0.409
32940.000 -0.400 -0.054 0.351
32941.000 -0.400 0.015 0.306
32942.000 -0.400 0.085 0.232
32943.000 -0.400 0.154 0.040
32944.000 -0.400 0.223 0.395
32945.000 -0.400 0.292 0.129
32946.000 -0.400 0.362 0.383
32947.000 -0.400 0.431 0.451
32948.000 -0.331 -0.400 0.381
32949.000 -0.331 -0.331 0.399
32950.000 -0.331 -0.262 0.163
32951.000 -0.331 -0.192 0.078
32952.000 -0.331 -0.123 0.289
32953.000 -0.331 -0.054 0.407
32954.000 -0.331 0.085 0.180
32955.000 -0.331 0.154 0.092
32956.000 -0.331 0.223 0.171
32957.000 -0.331 0.292 0.425
32958.000 -0.331 0.362 0.117
32959.000 -0.331 0.431 0.136
32960.000 -0.262 -0.400 0.105
32961.000 -0.262 -0.331 0.075
32962.000 -0.262 -0.262 0.094
32963.000 -0.262 -0.192 0.275
32964.000 -0.262 -0.123 0.380
32965.000 -0.262 -0.054 0.362
32966.000 -0.262 0.015 0.346
32967.000 -0.262 0.085 0.323
32968.000 -0.262 0.154 0.104
32969.000 -0.262 0.223 0.188
32970.000 -0.262 0.292 0.245
32971.000 -0.262 0.362 0.312
32972.000 -0.262 0.431 0.119
32973.000 -0.192 -0.400 0.096
32974.000 -0.192 -0.331 0.120
32975.000 -0.192 -0.262 0.282
32976.000 -0.192 -0.192 0.055
32977.000 -0.192 -0.123 0.135
32978.000 -0.192 -0.054 0.323
32979.000 -0.192 0.015 0.280
32980.000 -0.192 0.085 0.207
32981.000 -0.192 0.154 0.083
32982.000 -0.192 0.223 0.489
32983.000 -0.192 0.292 0.482
32984.000 -0.192 0.362 0.217
32985.000 -0.192 0.431 0.187
32986.000 -0.123 -0.400 0.143
32987.000 -0.123 -0.331 0.433
32988.000 -0.123 -0.262 0.073
32989.000 -0.123 -0.192 0.157
32990.000 -0.123 -0.123 0.171
32991.000 -0.123 -0.054 0.135
32992.000 -0.123 0.015 0.305
32993.000 -0.123 0.085 0.227
32994.000 -0.123 0.154 0.442
32995.000 -0.123 0.223 0.156
32996.000 -0.123 0.292 0.118
32997.000 -0.123 0.362 0.188
32998.000 -0.123 0.431 0.176
32999.000 -0.054 -0.400 0.154
33000.000 -0.054 -0.331 0.192
33001.000 -0.054 -0.262 0.220
33002.000 -0.054 -0.192 0.285
33003.000 -0.054 -0.123 0.262
33004.000 -0.054 -0.054 0.102
33005.000 -0.054 0.015 0.096
33006.000 -0.054 0.085 0.045
33007.000 -0.054 0.154 0.238
33008.000 -0.054 0.223 0.407
33009.000 -0.054 0.292 0.098
33010.000 -0.054 0.362 0.298
33011.000 -0.054 0.431 0.319
33012.000 0.015 -0.400 0.155
33013.000 0.015 -0.331 0.140
33014.000 0.015 -0.262 0.140
33015.000 0.015 -0.192 0.021
33016.000 0.015 -0.123 0.228
33017.000 0.015 -0.054 0.152
33018.000 0.015 0.015 0.340
33019.000 0.015 0.085 0.222
33020.000 0.015 0.154 0.088
33021.000 0.015 0.223 0.103
33022.000 0.015 0.292 0.486
33023.000 0.015 0.362 0.354
33024.000 0.015 0.431 0.002
33025.000 0.085 -0.400 0.268
33026.000 0.085 -0.331 0.190
33027.000 0.085 -0.262 0.389
33028.000 0.085 -0.192 0.483
33029.000 0.085 -0.123 0.321
33030.000 0.085 -0.054 0.476
33031.000 0.085 0.015 0.016
33032.000 0.085 0.085 0.334
33033.000 0.085 0.154 0.014
33034.000 0.085 0.223 0.370
33035.000 0.085 0.292 0.311
33036.000 0.085 0.362 0.186
33037.000 0.085 0.431 0.443
33038.000 0.154 -0.400 0.178
33039.000 0.154 -0.331 0.442
33040.000 0.154 -0.262 0.350
33041.000 0.154 -0.192 0.354
33042.000 0.154 -0.123 0.232
33043.000 0.154 -0.054 0.037
33044.000 0.154 0.015 0.149
33045.000 0.154 0.085 0.151
33046.000 0.154 0.154 0.440
33047.000 0.154 0.223 0.284
33048.000 0.154 0.292 0.113
33049.000 0.154 0.362 0.291
33050.000 0.154 0.431 0.244
33051.000 0.223 -0.400 0.257
33052.000 0.223 -0.331 0.097
33053.000 0.223 -0.262 0.133
33054.000 0.223 -0.192 0.044
33055.000 0.223 -0.123 0.130
33056.000 0.223 -0.054 0.072
33057.000 0.223 0.015 0.008
33058.000 0.223 0.085 0.160
33059.000 0.223 0.154 0.276
33060.000 0.223 0.223 0.328
33061.000 0.223 0.292 0.076
33062.000 0.223 0.362 0.001
33063.000 0.223 0.431 0.473
33064.000 0.292 -0.400 0.220
33065.000 0.292 -0.331 0.325
33066.000 0.292 -0.262 0.092
33067.000 0.292 -0.192 0.029
33068.000 0.292 -0.123 0.391
33069.000 0.292 -0.054 0.088
33070.000 0.292 0.015 0.029
33071.000 0.292 0.085 0.197
33072.000 0.292 0.154 0.131
33073.000 0.292 0.223 0.465
33074.000 0.292 0.292 0.341
33075.000 0.292 0.362 0.244
33076.000 0.292 0.431 0.027
33077.000 0.362 -0.400 0.138
33078.000 0.362 -0.331 0.069
33079.000 0.362 -0.262 0.404
33080.000 0.362 -0.192 0.364
33081.000 0.362 -0.123 0.457
33082.000 0.362 -0.054 0.468
33083.000 0.362 0.015 0.399
33084.000 0.362 0.085 0.444
33085.000 0.362 0.154 0.292
33086.000 0.362 0.223 0.100
33087.000 0.362 0.292 0.411
33088.000 0.362 0.362 0.373
33089.000 0.362 0.431 0.254
33090.000 0.431 -0.400 0.192
33091.000 0.431 -0.331 0.077
33092.000 0.431 -0.262 0.312
33093.000 0.431 -0.192 0.075
33094.000 0.431 -0.123 0.269
33095.000 0.431 -0.054 0.118
33096.000 0.431 0.015 0.461
33097.000 0.431 0.085 0.351
33098.000 0.431 0.154 0.295
33099.000 0.431 0.223 0.322
33100.000 0.431 0.292 0.405
33101.000 0.431 0.362 0.055
33102.000 0.431 0.431 0.497
