0.0006775067750677507 0.1362339514978602 0.06420765027322403 0.0007246376811594203 0.0
0.002032520325203252 0.13480741797432239 0.06557377049180328 0.0 0.0
0.0013550135501355014 0.14550641940085593 0.04713114754098361 0.0 0.0
0.0006775067750677507 0.14978601997146934 0.04918032786885246 0.0014492753623188406 0.0
0.002032520325203252 0.144793152639087 0.04781420765027322 0.0 0.0
0.0 0.15549215406562056 0.04439890710382514 0.0 0.0
0.0006775067750677507 0.14621968616262482 0.051912568306010924 0.0 0.0
0.0013550135501355014 0.13195435092724678 0.0587431693989071 0.0 0.0
0.0006775067750677507 0.1733238231098431 0.050546448087431695 0.0007246376811594203 0.0007776049766718507
0.0006775067750677507 0.14693295292439373 0.04439890710382514 0.0 0.0
0.0013550135501355014 0.15477888730385164 0.056010928961748634 0.0007246376811594203 0.0
0.0 0.137660485021398 0.060792349726775954 0.0 0.0
0.0006775067750677507 0.15121255349500715 0.04644808743169399 0.0 0.0007776049766718507
0.0006775067750677507 0.14407988587731813 0.05806010928961749 0.0 0.0
0.0 0.14265335235378032 0.056010928961748634 0.0 0.0
0.0006775067750677507 0.1704707560627675 0.04849726775956284 0.0 0.0
0.002032520325203252 0.16690442225392296 0.056010928961748634 0.0 0.0
0.002032520325203252 0.16690442225392296 0.051912568306010924 0.0 0.0
0.0006775067750677507 0.15905848787446503 0.05942622950819672 0.0007246376811594203 0.0
0.002032520325203252 0.1398002853067047 0.0621584699453552 0.0014492753623188406 0.0
0.0013550135501355014 0.11412268188302425 0.049863387978142076 0.0 0.0
0.0013550135501355014 0.15049928673323823 0.04849726775956284 0.0 0.0007776049766718507
0.004065040650406504 0.15049928673323823 0.05806010928961749 0.0 0.0
0.0013550135501355014 0.14693295292439373 0.045081967213114756 0.0 0.0
0.0033875338753387536 0.15406562054208275 0.06284153005464481 0.0 0.0
0.0 0.15263908701854495 0.05806010928961749 0.0 0.0
0.0013550135501355014 0.16904422253922965 0.053961748633879786 0.0 0.0
0.002032520325203252 0.14693295292439373 0.07308743169398907 0.0 0.0
0.0006775067750677507 0.16547788873038516 0.051912568306010924 0.0 0.0
0.0013550135501355014 0.1733238231098431 0.0621584699453552 0.0007246376811594203 0.0
0.0027100271002710027 0.13195435092724678 0.041666666666666664 0.0 0.0
0.0 0.12339514978601998 0.05806010928961749 0.0007246376811594203 0.0
0.0013550135501355014 0.1840228245363766 0.045081967213114756 0.0007246376811594203 0.0
0.0006775067750677507 0.1754636233951498 0.0587431693989071 0.0007246376811594203 0.0
0.0013550135501355014 0.15691868758915836 0.0587431693989071 0.0014492753623188406 0.0007776049766718507
0.002032520325203252 0.15620542082738945 0.05669398907103825 0.0 0.0
0.0006775067750677507 0.1398002853067047 0.03961748633879782 0.0 0.0
0.0013550135501355014 0.1797432239657632 0.05806010928961749 0.0 0.0
0.0006775067750677507 0.15549215406562056 0.0621584699453552 0.0 0.0
0.0006775067750677507 0.19543509272467902 0.05737704918032787 0.0014492753623188406 0.0
0.0027100271002710027 0.1940085592011412 0.050546448087431695 0.0 0.0
0.002032520325203252 0.1940085592011412 0.053961748633879786 0.0 0.0
0.0006775067750677507 0.1747503566333809 0.0546448087431694 0.0007246376811594203 0.0
0.0013550135501355014 0.1704707560627675 0.053961748633879786 0.0 0.0
0.0006775067750677507 0.16262482168330955 0.053961748633879786 0.0 0.0
0.002032520325203252 0.16547788873038516 0.0587431693989071 0.0 0.0
0.002032520325203252 0.1768901569186876 0.0546448087431694 0.0 0.0007776049766718507
0.0013550135501355014 0.16619115549215405 0.06557377049180328 0.0007246376811594203 0.0
0.0 0.16761768901569185 0.050546448087431695 0.0007246376811594203 0.0
0.002032520325203252 0.17261055634807418 0.06352459016393443 0.0 0.0
0.0 0.16191155492154063 0.06898907103825137 0.0 0.0
0.002032520325203252 0.2225392296718973 0.04781420765027322 0.0 0.0
0.0013550135501355014 0.23252496433666192 0.06147540983606557 0.0 0.0
0.0006775067750677507 0.19614835948644793 0.07581967213114754 0.0 0.0007776049766718507
0.0013550135501355014 0.19329529243937232 0.06489071038251366 0.0007246376811594203 0.0
0.0027100271002710027 0.21255349500713266 0.06557377049180328 0.0 0.0
0.0027100271002710027 0.21112696148359486 0.06420765027322403 0.0 0.0
0.0013550135501355014 0.2303851640513552 0.07172131147540983 0.0 0.0
0.0027100271002710027 0.20399429386590584 0.06830601092896176 0.0 0.0
0.0006775067750677507 0.23680456490727533 0.0744535519125683 0.0007246376811594203 0.0
0.0027100271002710027 0.2225392296718973 0.06830601092896176 0.0 0.0
0.0006775067750677507 0.24750356633380882 0.07377049180327869 0.0007246376811594203 0.0
0.0 0.21754636233951496 0.06967213114754098 0.0 0.0
0.0013550135501355014 0.2303851640513552 0.08743169398907104 0.0007246376811594203 0.0
0.002032520325203252 0.2731811697574893 0.07513661202185792 0.0007246376811594203 0.0
0.0006775067750677507 0.2689015691868759 0.07035519125683061 0.0 0.0
0.0013550135501355014 0.2902995720399429 0.05737704918032787 0.0007246376811594203 0.0
0.0006775067750677507 0.2239657631954351 0.06693989071038252 0.0007246376811594203 0.0
0.0027100271002710027 0.2567760342368046 0.08128415300546447 0.0014492753623188406 0.0
0.0 0.25035663338088443 0.07308743169398907 0.0 0.0007776049766718507
0.0013550135501355014 0.26961483594864477 0.06762295081967212 0.0007246376811594203 0.0
0.0006775067750677507 0.30884450784593437 0.07923497267759563 0.0 0.0
0.0013550135501355014 0.30385164051355207 0.0744535519125683 0.0 0.0
0.0006775067750677507 0.3195435092724679 0.07103825136612021 0.0 0.0
0.0013550135501355014 0.275320970042796 0.06352459016393443 0.0 0.0
0.0013550135501355014 0.2888730385164051 0.08401639344262295 0.0 0.0
0.0027100271002710027 0.32453637660485024 0.09562841530054644 0.0007246376811594203 0.0
0.0 0.3052781740370899 0.08674863387978142 0.0 0.0007776049766718507
0.0006775067750677507 0.31811697574893005 0.07786885245901638 0.0 0.0
0.0033875338753387536 0.32738944365192585 0.06420765027322403 0.0 0.0
0.002032520325203252 0.3801711840228245 0.08948087431693989 0.0 0.0
0.0006775067750677507 0.3651925820256776 0.09699453551912568 0.0007246376811594203 0.0
0.0 0.38659058487874465 0.10040983606557377 0.0007246376811594203 0.0
0.002032520325203252 0.405848787446505 0.09084699453551913 0.0007246376811594203 0.0
0.0006775067750677507 0.3644793152639087 0.09904371584699453 0.0007246376811594203 0.0007776049766718507
0.0006775067750677507 0.4051355206847361 0.09221311475409837 0.0 0.0
0.002032520325203252 0.3880171184022824 0.09494535519125682 0.0014492753623188406 0.0
0.0013550135501355014 0.412981455064194 0.09836065573770492 0.0007246376811594203 0.0
0.0006775067750677507 0.4586305278174037 0.11065573770491803 0.0007246376811594203 0.0
0.0013550135501355014 0.4486447931526391 0.10519125683060108 0.0 0.0007776049766718507
0.0013550135501355014 0.43009985734664763 0.10997267759562843 0.0007246376811594203 0.0
0.0013550135501355014 0.4593437945791726 0.09631147540983608 0.0 0.0
0.0006775067750677507 0.4322396576319543 0.12021857923497269 0.0007246376811594203 0.0
0.0013550135501355014 0.46005706134094154 0.09631147540983608 0.0 0.0
0.0006775067750677507 0.46148359486447926 0.1168032786885246 0.0 0.0
0.0 0.4607703281027104 0.11202185792349727 0.0 0.0
0.0006775067750677507 0.47574893009985736 0.09904371584699453 0.0007246376811594203 0.0
0.0 0.4914407988587732 0.12568306010928962 0.0 0.0
0.0027100271002710027 0.48074179743223966 0.11953551912568305 0.0 0.0
0.0006775067750677507 0.5399429386590585 0.10382513661202185 0.0 0.0
0.002032520325203252 0.5656205420827389 0.1243169398907104 0.0 0.0
0.0 0.012125534950071326 0.0006830601092896175 0.0 0.0
0.0006775067750677507 0.012125534950071326 0.00273224043715847 0.0 0.0007776049766718507
0.0 0.009272467902995721 0.0006830601092896175 0.0 0.0
0.0006775067750677507 0.016405135520684736 0.0 0.0 0.0
0.0006775067750677507 0.5556348074179743 0.10450819672131148 0.0 0.0
0.0 0.009985734664764621 0.0006830601092896175 0.0 0.0
0.0 0.015691868758915834 0.0006830601092896175 0.0 0.0
0.0 0.012838801711840228 0.0 0.0 0.0
0.0 0.014978601997146934 0.0 0.0 0.0
0.0006775067750677507 0.40228245363766046 0.2185792349726776 0.0 0.0
0.0 0.019258202567760344 0.0 0.0 0.0
0.0 0.016405135520684736 0.0 0.0 0.0
0.0 0.014265335235378032 0.0020491803278688526 0.0 0.0
0.0006775067750677507 0.009985734664764621 0.00273224043715847 0.0 0.0
0.0006775067750677507 0.6112696148359487 0.1372950819672131 0.0 0.0
0.0 0.019258202567760344 0.0020491803278688526 0.0 0.0
0.0 0.020684736091298145 0.001366120218579235 0.0 0.0
0.0 0.01355206847360913 0.001366120218579235 0.0 0.0
0.0 0.014265335235378032 0.0 0.0 0.0007776049766718507
0.0006775067750677507 0.37874465049928674 0.21311475409836067 0.0014492753623188406 0.0
0.0 0.015691868758915834 0.0 0.0 0.0
0.0 0.012125534950071326 0.0020491803278688526 0.0 0.0
0.0 0.010699001426533523 0.0020491803278688526 0.0 0.0
0.0 0.015691868758915834 0.0020491803278688526 0.0007246376811594203 0.0
0.0 0.012125534950071326 0.0006830601092896175 0.0 0.0
0.0 0.016405135520684736 0.0 0.0 0.0
0.0 0.01355206847360913 0.001366120218579235 0.0 0.0
0.0 0.010699001426533523 0.0034153005464480873 0.0 0.0
0.0006775067750677507 0.006419400855920114 0.0020491803278688526 0.0 0.0
0.0 0.016405135520684736 0.0006830601092896175 0.0 0.0
0.0006775067750677507 0.3880171184022824 0.23292349726775954 0.0014492753623188406 0.0
0.0 0.3716119828815977 0.21448087431693988 0.0007246376811594203 0.0
0.0013550135501355014 0.3858773181169758 0.2219945355191257 0.0007246376811594203 0.0007776049766718507
0.0006775067750677507 0.3830242510699001 0.24931693989071038 0.0 0.0
0.0 0.3930099857346648 0.22540983606557377 0.0007246376811594203 0.0
0.0013550135501355014 0.3887303851640514 0.19398907103825136 0.0014492753623188406 0.0
0.0 0.35449358059914404 0.19603825136612021 0.004347826086956521 0.0
0.0027100271002710027 0.3887303851640514 0.24043715846994537 0.0014492753623188406 0.0007776049766718507
0.0 0.37375178316690444 0.2260928961748634 0.0 0.0
0.0 0.36305278174037087 0.2527322404371585 0.0021739130434782605 0.0
0.0006775067750677507 0.36305278174037087 0.25 0.0007246376811594203 0.0
0.0006775067750677507 0.39514978601997147 0.22882513661202186 0.0 0.0
0.0 0.3380884450784593 0.2301912568306011 0.0014492753623188406 0.0
0.0013550135501355014 0.37874465049928674 0.26366120218579236 0.0014492753623188406 0.0007776049766718507
0.0006775067750677507 0.3651925820256776 0.29508196721311475 0.0014492753623188406 0.0
0.0006775067750677507 0.362339514978602 0.282103825136612 0.0007246376811594203 0.0
0.0 0.3487874465049928 0.34972677595628415 0.0 0.0
0.0 0.3972895863052782 0.35450819672131145 0.0 0.0
0.0006775067750677507 0.38659058487874465 0.3292349726775956 0.0 0.0
0.0 0.36305278174037087 0.35792349726775957 0.0007246376811594203 0.0
0.0 0.3751783166904422 0.34836065573770497 0.0014492753623188406 0.0
0.0 0.39942938659058486 0.34836065573770497 0.0007246376811594203 0.0
0.0013550135501355014 0.4172610556348074 0.40642076502732244 0.0 0.0007776049766718507
0.0006775067750677507 0.3773181169757489 0.44057377049180324 0.0014492753623188406 0.0
0.0 0.39514978601997147 0.44193989071038253 0.002898550724637681 0.0
0.0 0.36376604850213984 0.47062841530054644 0.0007246376811594203 0.0
0.0006775067750677507 0.38088445078459343 0.46311475409836067 0.0014492753623188406 0.0
0.0 0.3930099857346648 0.5266393442622951 0.0021739130434782605 0.0
0.002032520325203252 0.36947218259629105 0.5853825136612022 0.0 0.0
0.0 0.3680456490727532 0.6181693989071039 0.002898550724637681 0.0
0.0013550135501355014 0.34022824536376606 0.5478142076502732 0.0 0.0
0.0 0.41797432239657634 0.6598360655737705 0.0014492753623188406 0.0
0.0 0.38088445078459343 0.6810109289617486 0.0 0.0
0.0 0.4037089871611983 0.7021857923497268 0.0 0.0
0.0 0.40442225392296716 0.712431693989071 0.0 0.0
0.0013550135501355014 0.3830242510699001 0.7459016393442623 0.0007246376811594203 0.0
0.0 0.4122681883024251 0.7622950819672132 0.0014492753623188406 0.0
0.0 0.3644793152639087 0.8312841530054644 0.0 0.0
0.0 0.3780313837375178 0.9146174863387978 0.0 0.0
0.0 0.3830242510699001 0.8995901639344263 0.0014492753623188406 0.0007776049766718507
0.0006775067750677507 0.39657631954350925 0.9337431693989071 0.0 0.0
0.0013550135501355014 0.39514978601997147 1.012295081967213 0.0007246376811594203 0.0
0.0006775067750677507 0.3687589158345221 1.0314207650273224 0.0007246376811594203 0.0
0.0006775067750677507 0.34807417974322397 1.0887978142076504 0.003623188405797101 0.0
0.0 0.37874465049928674 1.1434426229508197 0.0007246376811594203 0.0
0.0 0.42296718972895864 1.2137978142076502 0.0 0.0
0.0 0.37375178316690444 1.1980874316939891 0.0 0.0
0.0006775067750677507 0.3980028530670471 1.3668032786885245 0.0014492753623188406 0.0
0.0 0.39372325249643364 1.5013661202185793 0.0021739130434782605 0.0007776049766718507
0.0013550135501355014 0.391583452211127 1.4405737704918034 0.0 0.0
0.0006775067750677507 0.4122681883024251 1.6147540983606556 0.0007246376811594203 0.0
0.0 0.4122681883024251 1.6598360655737705 0.0007246376811594203 0.0
0.0 0.3687589158345221 1.659153005464481 0.0 0.0
0.0 0.4037089871611983 1.7650273224043715 0.0007246376811594203 0.0
0.0006775067750677507 0.4015691868758916 1.8148907103825136 0.0 0.0007776049766718507
0.0006775067750677507 0.4593437945791726 1.900273224043716 0.0 0.0
0.0006775067750677507 0.412981455064194 2.0737704918032787 0.0 0.0007776049766718507
0.0006775067750677507 0.42867332382310985 2.140710382513661 0.0007246376811594203 0.0007776049766718507
0.0 0.42653352353780316 2.1878415300546448 0.0 0.0
0.0 0.44935805991440797 2.373633879781421 0.0007246376811594203 0.0
0.0013550135501355014 0.3958630527817404 2.4371584699453552 0.0 0.0
0.0006775067750677507 0.4593437945791726 2.569672131147541 0.0014492753623188406 0.0
0.0 0.45720399429386593 2.646857923497268 0.0014492753623188406 0.0007776049766718507
0.0013550135501355014 0.456490727532097 2.6871584699453552 0.0007246376811594203 0.0
0.0 0.4486447931526391 2.760245901639344 0.0 0.0
0.0006775067750677507 0.43865905848787445 2.8114754098360657 0.0014492753623188406 0.0
0.0006775067750677507 0.44436519258202567 2.930327868852459 0.0 0.0
0.0 0.5014265335235377 3.0252732240437155 0.0007246376811594203 0.0
0.0 0.46219686162624823 3.058743169398907 0.0014492753623188406 0.0
0.0 0.48288159771754635 3.1987704918032787 0.0007246376811594203 0.0
0.0006775067750677507 0.48288159771754635 3.3872950819672134 0.0 0.0
0.0006775067750677507 0.48930099857346643 3.416666666666667 0.0 0.0007776049766718507
0.0 0.5171184022824536 3.5607923497267757 0.0014492753623188406 0.0
0.0 0.5413694721825962 3.510928961748634 0.0 0.0
0.0 0.5042796005706134 3.4651639344262293 0.0007246376811594203 0.0
0.0013550135501355014 0.4907275320970043 3.5669398907103824 0.0014492753623188406 0.0
0.0 0.5185449358059914 3.5471311475409837 0.0007246376811594203 0.0
0.0 0.5185449358059914 3.7096994535519126 0.0007246376811594203 0.0
0.0006775067750677507 0.5520684736091298 3.8476775956284155 0.0 0.0
0.002032520325203252 0.5306704707560628 3.9330601092896176 0.0007246376811594203 0.0
0.0006775067750677507 0.543509272467903 4.001366120218579 0.0 0.0
0.0 0.5420827389443652 3.9330601092896176 0.0 0.0
0.0 0.5292439372325249 3.942622950819672 0.0 0.0
0.0006775067750677507 0.5299572039942938 3.969262295081967 0.0007246376811594203 0.0
0.0006775067750677507 0.5699001426533524 3.91051912568306 0.0007246376811594203 0.0
0.0006775067750677507 0.5499286733238231 4.101092896174864 0.0 0.0015552099533437014
0.0 0.5649072753209701 4.0840163934426235 0.0014492753623188406 0.0
0.0013550135501355014 0.5898716119828816 4.145491803278689 0.0 0.0
0.0006775067750677507 0.5641940085592012 4.253415300546448 0.0014492753623188406 0.0
0.0 0.5770328102710414 4.2636612021857925 0.0021739130434782605 0.0
0.0 0.5620542082738944 4.233606557377049 0.0014492753623188406 0.0
0.0 0.5777460770328102 4.278688524590164 0.0014492753623188406 0.0
0.0 0.6055634807417974 4.291666666666667 0.0007246376811594203 0.0
0.0 0.557061340941512 4.1775956284153 0.0014492753623188406 0.0
0.0006775067750677507 0.5691868758915835 4.243852459016393 0.0 0.0
0.0 0.5520684736091298 4.264344262295082 0.0 0.0
0.0006775067750677507 0.5627674750356633 4.19672131147541 0.0 0.0
0.0 0.5713266761768901 4.254098360655737 0.0 0.0
0.0006775067750677507 0.5641940085592012 4.206284153005464 0.0007246376811594203 0.0
