0.0013550135501355014 0.14978601997146934 0.07513661202185792 0.0014492753623188406 0.0
0.0013550135501355014 0.1383737517831669 0.07923497267759563 0.0 0.0
0.0013550135501355014 0.1383737517831669 0.051912568306010924 0.0 0.0
0.0013550135501355014 0.15263908701854495 0.050546448087431695 0.0014492753623188406 0.0
0.0027100271002710027 0.14265335235378032 0.051912568306010924 0.0 0.0
0.0 0.16262482168330955 0.036885245901639344 0.0 0.0
0.0013550135501355014 0.14550641940085593 0.056010928961748634 0.0 0.0
0.0027100271002710027 0.14550641940085593 0.04644808743169399 0.0 0.0
0.0013550135501355014 0.16690442225392296 0.050546448087431695 0.0014492753623188406 0.0
0.0 0.14122681883024252 0.040983606557377046 0.0 0.0
0.0027100271002710027 0.15834522111269614 0.05737704918032787 0.0014492753623188406 0.0
0.0 0.14122681883024252 0.06420765027322403 0.0 0.0
0.0 0.15691868758915836 0.04644808743169399 0.0 0.0
0.0013550135501355014 0.15406562054208275 0.06830601092896176 0.0 0.0
0.0 0.11554921540656206 0.05737704918032787 0.0 0.0
0.0013550135501355014 0.16547788873038516 0.04371584699453552 0.0 0.0
0.0027100271002710027 0.15263908701854495 0.051912568306010924 0.0 0.0
0.0027100271002710027 0.1783166904422254 0.045081967213114756 0.0 0.0
0.0013550135501355014 0.15977175463623394 0.06557377049180328 0.0014492753623188406 0.0
0.0 0.12696148359486448 0.07240437158469946 0.0014492753623188406 0.0
0.0013550135501355014 0.11126961483594865 0.04234972677595628 0.0 0.0
0.0013550135501355014 0.1312410841654779 0.051912568306010924 0.0 0.0
0.005420054200542005 0.14978601997146934 0.05737704918032787 0.0 0.0
0.0013550135501355014 0.1398002853067047 0.04371584699453552 0.0 0.0
0.005420054200542005 0.1398002853067047 0.07377049180327869 0.0 0.0
0.0 0.15691868758915836 0.06010928961748634 0.0 0.0
0.0027100271002710027 0.1768901569186876 0.050546448087431695 0.0 0.0
0.004065040650406504 0.14265335235378032 0.06147540983606557 0.0 0.0
0.0013550135501355014 0.15549215406562056 0.050546448087431695 0.0 0.0
0.0027100271002710027 0.15263908701854495 0.05327868852459017 0.0 0.0
0.0013550135501355014 0.11554921540656206 0.04234972677595628 0.0 0.0
0.0 0.12125534950071327 0.04918032786885246 0.0014492753623188406 0.0
0.0 0.16690442225392296 0.040983606557377046 0.0014492753623188406 0.0
0.0 0.1398002853067047 0.051912568306010924 0.0 0.0
0.0013550135501355014 0.12410841654778888 0.06284153005464481 0.002898550724637681 0.0
0.004065040650406504 0.14265335235378032 0.06420765027322403 0.0 0.0
0.0013550135501355014 0.10699001426533525 0.03278688524590164 0.0 0.0
0.0027100271002710027 0.1355206847360913 0.05737704918032787 0.0 0.0
0.0013550135501355014 0.11126961483594865 0.06693989071038252 0.0 0.0
0.0013550135501355014 0.16547788873038516 0.0546448087431694 0.0 0.0
0.004065040650406504 0.15406562054208275 0.04371584699453552 0.0 0.0
0.004065040650406504 0.14265335235378032 0.0546448087431694 0.0 0.0
0.0 0.15549215406562056 0.056010928961748634 0.0014492753623188406 0.0
0.0013550135501355014 0.1312410841654779 0.040983606557377046 0.0 0.0
0.0013550135501355014 0.1283880171184023 0.045081967213114756 0.0 0.0
0.004065040650406504 0.1340941512125535 0.06010928961748634 0.0 0.0
0.0027100271002710027 0.1355206847360913 0.04781420765027322 0.0 0.0
0.0013550135501355014 0.11840228245363767 0.04781420765027322 0.0014492753623188406 0.0
0.0 0.11697574893009986 0.03551912568306011 0.0014492753623188406 0.0
0.004065040650406504 0.12981455064194009 0.06010928961748634 0.0 0.0
0.0 0.11412268188302425 0.06147540983606557 0.0 0.0
0.0013550135501355014 0.15263908701854495 0.036885245901639344 0.0 0.0
0.0027100271002710027 0.1783166904422254 0.04781420765027322 0.0 0.0
0.0013550135501355014 0.12981455064194009 0.06693989071038252 0.0 0.0
0.0013550135501355014 0.10984308131241084 0.06284153005464481 0.0 0.0
0.0013550135501355014 0.1340941512125535 0.06420765027322403 0.0 0.0
0.0013550135501355014 0.12410841654778888 0.04781420765027322 0.0 0.0
0.0013550135501355014 0.16405135520684735 0.050546448087431695 0.0 0.0
0.004065040650406504 0.11554921540656206 0.050546448087431695 0.0 0.0
0.0013550135501355014 0.12553495007132667 0.06420765027322403 0.0014492753623188406 0.0
0.0027100271002710027 0.11840228245363767 0.04918032786885246 0.0 0.0
0.0 0.1383737517831669 0.06557377049180328 0.0 0.0
0.0 0.10984308131241084 0.05737704918032787 0.0 0.0
0.0 0.1340941512125535 0.07240437158469946 0.0014492753623188406 0.0
0.0027100271002710027 0.16975748930099857 0.05327868852459017 0.0014492753623188406 0.0
0.0 0.11840228245363767 0.051912568306010924 0.0 0.0
0.0013550135501355014 0.16119828815977175 0.040983606557377046 0.0 0.0
0.0 0.0912981455064194 0.04781420765027322 0.0 0.0
0.0027100271002710027 0.09843081312410841 0.051912568306010924 0.0 0.0
0.0 0.10556348074179743 0.04781420765027322 0.0 0.0
0.0027100271002710027 0.11982881597717547 0.040983606557377046 0.0014492753623188406 0.0
0.0013550135501355014 0.12981455064194009 0.051912568306010924 0.0 0.0
0.0 0.11840228245363767 0.045081967213114756 0.0 0.0
0.0013550135501355014 0.1340941512125535 0.04644808743169399 0.0 0.0
0.0027100271002710027 0.10556348074179743 0.031420765027322405 0.0 0.0
0.0027100271002710027 0.10413694721825963 0.051912568306010924 0.0 0.0
0.0027100271002710027 0.14550641940085593 0.05327868852459017 0.0 0.0
0.0 0.11697574893009986 0.06557377049180328 0.0 0.0015552099533437014
0.0013550135501355014 0.11840228245363767 0.04234972677595628 0.0 0.0
0.0027100271002710027 0.12125534950071327 0.03415300546448088 0.0 0.0
0.0013550135501355014 0.1383737517831669 0.04918032786885246 0.0 0.0
0.0013550135501355014 0.14407988587731813 0.056010928961748634 0.0014492753623188406 0.0
0.0 0.1398002853067047 0.06420765027322403 0.0014492753623188406 0.0
0.0 0.1340941512125535 0.04371584699453552 0.0 0.0
0.0 0.11269614835948645 0.0546448087431694 0.0014492753623188406 0.0015552099533437014
0.0013550135501355014 0.10699001426533525 0.045081967213114756 0.0 0.0
0.004065040650406504 0.10556348074179743 0.05327868852459017 0.0014492753623188406 0.0
0.0027100271002710027 0.1283880171184023 0.05737704918032787 0.0 0.0
0.0013550135501355014 0.1312410841654779 0.06010928961748634 0.0014492753623188406 0.0
0.0013550135501355014 0.1340941512125535 0.0587431693989071 0.0 0.0015552099533437014
0.0013550135501355014 0.12268188302425108 0.04234972677595628 0.0 0.0
0.0027100271002710027 0.11126961483594865 0.04234972677595628 0.0 0.0
0.0013550135501355014 0.07560627674750357 0.0587431693989071 0.0014492753623188406 0.0
0.0027100271002710027 0.12410841654778888 0.051912568306010924 0.0 0.0
0.0 0.11412268188302425 0.04918032786885246 0.0 0.0
0.0 0.094151212553495 0.0546448087431694 0.0 0.0
0.0013550135501355014 0.11840228245363767 0.05327868852459017 0.0014492753623188406 0.0
0.0 0.08701854493580599 0.06147540983606557 0.0 0.0
0.005420054200542005 0.10271041369472182 0.05737704918032787 0.0 0.0
0.0 0.1283880171184023 0.036885245901639344 0.0 0.0
0.004065040650406504 0.12410841654778888 0.050546448087431695 0.0 0.0
0.0 0.0 0.0 0.0 0.0
0.0 0.0 0.0 0.0 0.0
0.0 0.0 0.0 0.0 0.0
0.0013550135501355014 0.0 0.0 0.0 0.0
0.0 0.11554921540656206 0.045081967213114756 0.0 0.0
0.0 0.0 0.0 0.0 0.0
0.0 0.0 0.0 0.0 0.0
0.0 0.0 0.0 0.0 0.0
0.0 0.0 0.0 0.0 0.0
0.0013550135501355014 0.052781740370898715 0.14754098360655737 0.0 0.0
0.0 0.0 0.0 0.0 0.0
0.0 0.0 0.0 0.0 0.0
0.0 0.0 0.0 0.0 0.0
0.0 0.0 0.0 0.0 0.0
0.0 0.11982881597717547 0.051912568306010924 0.0 0.0
0.0 0.0 0.0 0.0 0.0
0.0 0.0 0.001366120218579235 0.0 0.0
0.0 0.0 0.0 0.0 0.0
0.0 0.0 0.0 0.0 0.0015552099533437014
0.0013550135501355014 0.05135520684736091 0.12158469945355191 0.0014492753623188406 0.0
0.0 0.0 0.0 0.0 0.0
0.0 0.0 0.0 0.0 0.0
0.0 0.0 0.0 0.0 0.0
0.0 0.0 0.0 0.0014492753623188406 0.0
0.0 0.0 0.0 0.0 0.0
0.0 0.0 0.0 0.0 0.0
0.0 0.0 0.0 0.0 0.0
0.0 0.0 0.0 0.0 0.0
0.0 0.0 0.0 0.0 0.0
0.0 0.0 0.0 0.0 0.0
0.0013550135501355014 0.04992867332382311 0.13524590163934425 0.002898550724637681 0.0
0.0 0.039942938659058486 0.13387978142076504 0.0014492753623188406 0.0
0.0027100271002710027 0.039942938659058486 0.15846994535519127 0.0014492753623188406 0.0
0.0 0.05848787446504993 0.18579234972677597 0.0 0.0
0.0 0.05135520684736091 0.14344262295081966 0.0014492753623188406 0.0
0.0013550135501355014 0.04992867332382311 0.14071038251366122 0.002898550724637681 0.0
0.0 0.04136947218259629 0.12704918032786885 0.005797101449275362 0.0
0.004065040650406504 0.05706134094151213 0.1994535519125683 0.0014492753623188406 0.0
0.0 0.0456490727532097 0.17213114754098363 0.0 0.0
0.0 0.05420827389443652 0.18989071038251365 0.004347826086956521 0.0
0.0 0.04136947218259629 0.2076502732240437 0.0014492753623188406 0.0
0.0013550135501355014 0.05420827389443652 0.18715846994535518 0.0 0.0
0.0 0.02425106990014265 0.18989071038251365 0.0014492753623188406 0.0
0.0027100271002710027 0.037089871611982884 0.2390710382513661 0.0014492753623188406 0.0
0.0013550135501355014 0.05706134094151213 0.28551912568306015 0.0014492753623188406 0.0
0.0013550135501355014 0.05420827389443652 0.26639344262295084 0.0014492753623188406 0.0
0.0 0.0470756062767475 0.36885245901639346 0.0 0.0
0.0 0.06990014265335236 0.3866120218579235 0.0 0.0
0.0013550135501355014 0.06419400855920115 0.37431693989071035 0.0 0.0
0.0 0.05135520684736091 0.4057377049180328 0.0 0.0
0.0 0.05420827389443652 0.40846994535519127 0.0014492753623188406 0.0
0.0 0.07417974322396577 0.435792349726776 0.0014492753623188406 0.0
0.0013550135501355014 0.08131241084165478 0.5109289617486339 0.0 0.0
0.0013550135501355014 0.06562054208273894 0.5737704918032787 0.0014492753623188406 0.0
0.0 0.05706134094151213 0.6297814207650274 0.0014492753623188406 0.0
0.0 0.05563480741797432 0.6926229508196722 0.0 0.0
0.0 0.06704707560627675 0.6830601092896175 0.002898550724637681 0.0
0.0 0.08273894436519258 0.7950819672131147 0.0014492753623188406 0.0
0.0027100271002710027 0.06276747503566334 0.9043715846994536 0.0 0.0
0.0 0.07988587731811697 0.9166666666666666 0.002898550724637681 0.0
0.0027100271002710027 0.06990014265335236 0.8702185792349727 0.0 0.0
0.0 0.10984308131241084 0.9986338797814207 0.002898550724637681 0.0
0.0 0.0884450784593438 1.0683060109289617 0.0 0.0
0.0 0.09272467902995721 1.1270491803278688 0.0 0.0
0.0 0.09272467902995721 1.1748633879781423 0.0 0.0
0.0013550135501355014 0.07275320970042796 1.2363387978142077 0.0014492753623188406 0.0
0.0 0.11982881597717547 1.3101092896174864 0.0014492753623188406 0.0
0.0 0.10271041369472182 1.4330601092896174 0.0 0.0
0.0 0.094151212553495 1.5874316939890711 0.0 0.0
0.0 0.11412268188302425 1.5792349726775956 0.002898550724637681 0.0015552099533437014
0.0013550135501355014 0.11269614835948645 1.6407103825136613 0.0 0.0
0.0013550135501355014 0.12125534950071327 1.796448087431694 0.0014492753623188406 0.0
0.0 0.10984308131241084 1.8743169398907105 0.0014492753623188406 0.0
0.0 0.10271041369472182 1.9754098360655736 0.005797101449275362 0.0
0.0 0.11269614835948645 2.0819672131147544 0.0014492753623188406 0.0
0.0 0.15977175463623394 2.203551912568306 0.0 0.0
0.0 0.10984308131241084 2.198087431693989 0.0 0.0
0.0 0.14693295292439373 2.501366120218579 0.0014492753623188406 0.0
0.0 0.16690442225392296 2.7868852459016398 0.004347826086956521 0.0
0.0013550135501355014 0.15834522111269614 2.7158469945355193 0.0 0.0
0.0013550135501355014 0.16975748930099857 3.0368852459016393 0.0014492753623188406 0.0
0.0 0.1840228245363766 3.110655737704918 0.0014492753623188406 0.0
0.0 0.1768901569186876 3.158469945355191 0.0 0.0
0.0 0.20256776034236804 3.330601092896175 0.0014492753623188406 0.0
0.0013550135501355014 0.20114122681883023 3.441256830601093 0.0 0.0
0.0013550135501355014 0.25962910128388017 3.6379781420765025 0.0 0.0
0.0 0.2154065620542083 3.959016393442623 0.0 0.0
0.0013550135501355014 0.24679029957203996 4.109289617486338 0.0014492753623188406 0.0
0.0 0.24251069900142655 4.219945355191257 0.0 0.0
0.0 0.26676176890156916 4.575136612021858 0.0014492753623188406 0.0
0.0013550135501355014 0.2524964336661912 4.684426229508197 0.0 0.0
0.0 0.289586305278174 4.968579234972678 0.002898550724637681 0.0
0.0 0.2967189728958631 5.132513661202186 0.0 0.0015552099533437014
0.0 0.28815977175463625 5.224043715846995 0.0 0.0
0.0 0.3152639087018545 5.35792349726776 0.0 0.0
0.0013550135501355014 0.3152639087018545 5.4863387978142075 0.002898550724637681 0.0
0.0 0.3124108416547789 5.704918032786885 0.0 0.0
0.0 0.37232524964336666 5.9057377049180335 0.0 0.0
0.0 0.36091298145506423 5.967213114754099 0.0014492753623188406 0.0
0.0 0.38659058487874465 6.2636612021857925 0.0014492753623188406 0.0
0.0 0.42510699001426533 6.616120218579235 0.0 0.0
0.0013550135501355014 0.4065620542082739 6.680327868852459 0.0 0.0
0.0 0.43366619115549215 6.96448087431694 0.002898550724637681 0.0
0.0 0.44650499286733236 6.878415300546448 0.0 0.0
0.0 0.442225392296719 6.825136612021858 0.0014492753623188406 0.0
0.0027100271002710027 0.4222539229671897 6.979508196721311 0.0014492753623188406 0.0
0.0 0.4607703281027104 6.974043715846995 0.0014492753623188406 0.0
0.0 0.4664764621968616 7.282786885245902 0.0014492753623188406 0.0
0.0013550135501355014 0.5263908701854494 7.556010928961749 0.0 0.0
0.004065040650406504 0.5078459343794579 7.728142076502732 0.0014492753623188406 0.0
0.0013550135501355014 0.5192582025677603 7.870218579234972 0.0 0.0
0.0 0.5320970042796006 7.741803278688525 0.0 0.0
0.0 0.5092724679029957 7.76912568306011 0.0 0.0
0.0 0.5221112696148359 7.808743169398907 0.0014492753623188406 0.0
0.0013550135501355014 0.536376604850214 7.698087431693989 0.0014492753623188406 0.0
0.0 0.5463623395149786 8.079234972677597 0.0 0.0015552099533437014
0.0 0.557774607703281 8.047814207650275 0.0014492753623188406 0.0
0.0027100271002710027 0.5962910128388017 8.18032786885246 0.0 0.0
0.0 0.5663338088445079 8.383879781420765 0.0014492753623188406 0.0
0.0 0.5962910128388017 8.413934426229508 0.0014492753623188406 0.0
0.0 0.579172610556348 8.33879781420765 0.0014492753623188406 0.0
0.0 0.6134094151212554 8.415300546448087 0.0014492753623188406 0.0
0.0 0.609129814550642 8.446721311475411 0.0014492753623188406 0.0
0.0 0.5534950071326676 8.256830601092895 0.0014492753623188406 0.0
0.0 0.5805991440798858 8.367486338797814 0.0 0.0
0.0 0.5848787446504993 8.413934426229508 0.0 0.0
0.0 0.5877318116975749 8.274590163934427 0.0 0.0
0.0 0.5834522111269614 8.382513661202186 0.0 0.0
0.0 0.5820256776034237 8.30464480874317 0.0014492753623188406 0.0
