71.5 71.25 72.75 73.18181818181819 74.6923076923077
70.71428571428572 70.66666666666667 72.75 74.18181818181819 74.38461538461539
70.14285714285714 69.75 71.875 72.36363636363636 73.92307692307692
70.92857142857143 71.5 72.4375 73.0 73.46153846153847
70.78571428571429 69.0 71.0625 73.36363636363637 73.46153846153847
71.28571428571429 72.16666666666667 72.75 74.63636363636364 75.53846153846155
69.78571428571428 69.83333333333333 70.625 72.0 72.38461538461539
70.21428571428571 71.83333333333333 73.0 73.45454545454545 74.46153846153847
70.71428571428572 70.58333333333333 71.875 72.63636363636364 74.0
70.85714285714286 72.25 71.6875 72.9090909090909 72.76923076923077
71.5 71.0 72.875 73.81818181818183 74.38461538461539
69.07142857142857 70.16666666666667 70.3125 72.0909090909091 73.84615384615385
71.35714285714286 71.25 72.75 71.9090909090909 73.07692307692308
70.5 70.41666666666667 71.25 72.27272727272727 72.76923076923077
71.21428571428572 70.83333333333333 70.9375 71.63636363636364 73.38461538461539
70.35714285714286 71.41666666666667 71.75 71.63636363636364 73.15384615384615
69.92857142857142 70.83333333333333 71.25 72.72727272727272 74.53846153846153
71.21428571428572 70.66666666666667 70.9375 72.18181818181819 73.0
69.92857142857142 70.16666666666667 71.3125 73.36363636363637 74.6923076923077
71.5 70.83333333333333 71.9375 73.45454545454545 74.15384615384616
71.21428571428572 71.75 73.0 74.27272727272727 75.53846153846155
71.0 72.08333333333333 71.875 74.27272727272727 74.76923076923077
70.14285714285714 70.5 71.0625 73.81818181818183 74.38461538461539
71.0 71.66666666666667 71.625 73.81818181818183 74.46153846153847
69.5 70.66666666666667 71.875 72.0 72.3076923076923
70.14285714285714 70.08333333333333 71.0 72.63636363636364 73.84615384615385
69.42857142857142 71.25 72.9375 74.36363636363637 74.61538461538461
71.14285714285715 71.5 71.0 72.63636363636364 73.76923076923077
70.14285714285714 70.33333333333333 71.0 71.0 72.76923076923077
70.42857142857143 70.58333333333333 71.1875 72.45454545454545 73.6923076923077
70.78571428571429 69.75 70.875 72.18181818181819 73.3076923076923
70.07142857142857 70.25 71.0 72.0 73.6923076923077
71.42857142857143 70.58333333333333 71.875 73.0909090909091 74.15384615384616
70.35714285714286 70.25 71.875 73.81818181818183 73.15384615384615
70.21428571428571 70.33333333333333 70.3125 72.63636363636364 72.6923076923077
70.0 71.08333333333333 70.375 73.63636363636364 73.61538461538461
69.5 69.41666666666667 70.625 71.72727272727272 71.84615384615385
71.64285714285715 72.0 72.25 74.18181818181819 74.76923076923077
70.5 71.25 71.375 73.54545454545453 74.15384615384616
70.14285714285714 69.08333333333333 69.0 70.63636363636364 72.07692307692308
69.71428571428571 69.08333333333333 70.3125 71.0909090909091 73.38461538461539
71.14285714285715 70.83333333333333 71.6875 73.0 73.38461538461539
71.07142857142858 70.75 71.875 73.18181818181819 73.84615384615385
70.57142857142858 70.08333333333333 70.4375 73.72727272727272 73.84615384615385
70.85714285714286 71.5 71.3125 73.54545454545453 74.07692307692308
70.5 69.91666666666667 71.3125 74.0 73.92307692307692
70.14285714285714 71.0 71.5625 72.63636363636364 74.76923076923077
70.64285714285715 71.0 72.5 72.18181818181819 73.84615384615385
70.42857142857143 71.08333333333333 71.9375 73.45454545454545 74.46153846153847
70.42857142857143 71.08333333333333 70.0625 71.54545454545455 74.0
68.92857142857142 70.33333333333333 69.75 71.27272727272728 72.84615384615385
71.5 70.91666666666667 71.6875 73.45454545454545 74.38461538461539
70.21428571428571 70.25 70.625 74.0 74.07692307692308
71.5 71.33333333333333 72.0625 73.0909090909091 74.84615384615384
68.42857142857142 70.16666666666667 70.375 72.18181818181819 72.92307692307692
70.64285714285715 70.25 71.0 73.0909090909091 73.76923076923077
70.71428571428572 71.25 71.5625 73.54545454545453 72.92307692307692
71.42857142857143 69.75 72.625 72.0909090909091 73.61538461538461
72.57142857142857 73.16666666666667 73.5 74.9090909090909 75.15384615384616
70.92857142857143 70.91666666666667 71.4375 72.9090909090909 73.3076923076923
69.35714285714285 68.33333333333333 70.875 72.54545454545455 73.53846153846153
71.21428571428572 70.83333333333333 71.5 72.36363636363636 73.23076923076923
71.71428571428572 70.75 72.375 73.81818181818183 73.53846153846153
71.57142857142858 70.66666666666667 72.125 73.27272727272727 74.38461538461539
70.57142857142858 69.16666666666667 70.1875 73.0 72.6923076923077
69.71428571428571 71.25 70.0625 73.27272727272727 72.84615384615385
71.5 71.58333333333333 70.9375 74.0 74.84615384615384
69.92857142857142 69.91666666666667 71.0 72.63636363636364 72.61538461538461
70.5 69.16666666666667 69.9375 70.63636363636364 73.6923076923077
71.57142857142858 71.5 72.6875 74.63636363636364 73.46153846153847
71.92857142857143 71.91666666666667 72.75 75.27272727272727 76.53846153846155
71.5 70.33333333333333 72.3125 74.0909090909091 74.07692307692308
70.64285714285715 72.16666666666667 72.0 73.9090909090909 74.23076923076923
68.85714285714285 70.83333333333333 70.75 70.81818181818183 72.61538461538461
70.5 69.91666666666667 71.5625 72.72727272727272 75.0
71.71428571428572 71.91666666666667 72.9375 73.27272727272727 75.53846153846155
72.28571428571429 71.58333333333333 72.625 73.72727272727272 75.53846153846155
70.92857142857143 71.16666666666667 71.0625 72.0909090909091 74.38461538461539
70.78571428571429 69.16666666666667 71.0 72.27272727272727 74.07692307692308
69.14285714285714 68.91666666666667 70.375 70.9090909090909 72.38461538461539
70.85714285714286 68.83333333333333 71.25 72.0909090909091 73.53846153846153
71.0 70.58333333333333 71.8125 72.72727272727272 73.84615384615385
69.78571428571428 70.91666666666667 71.5625 73.63636363636364 74.15384615384616
70.28571428571428 72.16666666666667 71.6875 73.0 74.46153846153847
70.64285714285715 69.75 70.8125 72.72727272727272 73.0
71.14285714285715 70.58333333333333 71.6875 72.45454545454545 74.0
71.28571428571429 69.66666666666667 70.375 72.0 73.0
70.21428571428571 69.0 70.375 72.81818181818183 72.61538461538461
71.28571428571429 71.16666666666667 72.3125 73.54545454545453 74.46153846153847
71.14285714285715 70.66666666666667 71.6875 73.9090909090909 75.07692307692308
71.57142857142858 71.0 72.375 72.9090909090909 75.15384615384616
69.57142857142857 69.91666666666667 71.625 72.54545454545455 73.46153846153847
72.0 71.66666666666667 72.0 74.0 72.84615384615385
69.35714285714285 69.16666666666667 71.0625 72.63636363636364 72.76923076923077
70.85714285714286 70.66666666666667 71.1875 74.63636363636364 74.6923076923077
70.64285714285715 70.91666666666667 71.6875 71.9090909090909 73.15384615384615
71.57142857142858 70.5 71.75 72.9090909090909 74.84615384615384
70.85714285714286 70.58333333333333 72.4375 72.63636363636364 74.76923076923077
70.28571428571428 70.0 70.9375 71.9090909090909 73.38461538461539
69.57142857142857 69.75 70.5 71.81818181818183 73.38461538461539
70.78571428571429 70.0 71.5625 72.81818181818183 73.76923076923077
66.21428571428571 65.0 65.5 67.0 65.6923076923077
64.85714285714286 66.58333333333333 66.0 65.0 66.61538461538461
65.85714285714285 65.83333333333333 66.3125 65.63636363636363 65.84615384615384
66.78571428571428 66.25 65.8125 64.81818181818181 65.61538461538461
71.14285714285715 70.16666666666667 71.8125 72.27272727272727 72.92307692307692
66.07142857142857 64.58333333333334 66.5625 65.27272727272728 65.46153846153845
66.78571428571428 68.16666666666667 66.8125 68.27272727272728 68.23076923076924
66.28571428571428 65.75 64.9375 64.0909090909091 65.84615384615384
66.0 65.08333333333334 65.5625 66.0 66.15384615384616
70.42857142857143 71.83333333333333 69.875 72.63636363636364 73.07692307692308
66.42857142857143 66.16666666666667 65.3125 67.0 65.3076923076923
66.42857142857143 66.91666666666667 67.0625 67.45454545454547 66.76923076923077
66.21428571428571 65.16666666666667 65.8125 64.45454545454545 65.15384615384616
66.35714285714285 68.08333333333333 67.8125 66.27272727272728 67.38461538461539
71.21428571428572 70.33333333333333 72.3125 73.36363636363637 73.84615384615385
66.78571428571428 64.83333333333334 65.0 65.27272727272728 64.38461538461539
66.85714285714285 66.66666666666667 67.0 66.0 66.6923076923077
67.64285714285714 66.58333333333333 66.125 67.18181818181817 67.15384615384615
64.85714285714286 67.25 65.875 64.63636363636363 65.53846153846153
69.85714285714285 70.25 69.75 71.36363636363636 72.3076923076923
65.42857142857143 65.25 64.8125 65.54545454545455 65.76923076923077
66.07142857142857 66.0 66.25 65.72727272727273 66.38461538461539
68.35714285714285 66.83333333333333 67.3125 67.36363636363636 68.0
66.14285714285714 66.91666666666667 65.6875 65.81818181818181 67.07692307692308
65.85714285714285 66.75 66.1875 66.63636363636363 67.07692307692308
65.0 65.16666666666667 66.0 64.9090909090909 64.76923076923077
65.42857142857143 65.91666666666667 65.8125 66.72727272727273 67.0
65.42857142857143 65.5 66.5 65.27272727272728 66.84615384615385
65.0 65.75 65.9375 65.27272727272728 65.76923076923077
65.28571428571428 66.66666666666667 65.5625 66.45454545454547 65.84615384615384
72.07142857142858 72.08333333333333 71.3125 75.81818181818181 75.61538461538461
69.64285714285714 70.25 70.25 72.9090909090909 73.46153846153847
69.14285714285714 71.33333333333333 70.8125 71.9090909090909 71.46153846153847
69.21428571428571 71.83333333333333 71.5625 72.0 72.61538461538461
70.21428571428571 71.58333333333333 70.375 72.9090909090909 73.84615384615385
70.5 71.5 71.125 73.72727272727272 73.84615384615385
70.21428571428571 71.5 68.9375 71.36363636363636 72.92307692307692
68.78571428571428 70.75 68.75 73.36363636363637 73.07692307692308
70.92857142857143 72.58333333333333 71.6875 73.54545454545453 73.6923076923077
69.78571428571428 71.66666666666667 70.75 73.81818181818183 72.76923076923077
70.28571428571428 70.08333333333333 69.4375 73.36363636363637 74.0
70.71428571428572 72.75 71.125 74.0 74.07692307692308
70.35714285714286 72.08333333333333 71.875 73.45454545454545 73.6923076923077
70.42857142857143 70.75 70.75 72.18181818181819 73.3076923076923
69.71428571428571 72.33333333333333 72.125 74.18181818181819 73.92307692307692
69.78571428571428 71.91666666666667 71.3125 74.0 74.38461538461539
71.57142857142858 73.16666666666667 72.125 75.0909090909091 73.92307692307692
70.64285714285715 70.58333333333333 69.375 71.63636363636364 72.38461538461539
71.07142857142858 72.16666666666667 70.75 73.9090909090909 73.38461538461539
69.28571428571428 71.41666666666667 69.4375 72.18181818181819 71.84615384615385
68.64285714285714 71.5 70.3125 73.63636363636364 72.53846153846153
70.35714285714286 71.16666666666667 70.3125 72.81818181818183 72.61538461538461
71.64285714285715 74.25 72.75 76.09090909090908 74.84615384615384
70.78571428571429 70.75 69.4375 72.0 72.23076923076924
70.07142857142857 69.41666666666667 69.6875 72.18181818181819 70.38461538461537
70.0 70.66666666666667 71.4375 73.9090909090909 73.53846153846153
70.35714285714286 71.08333333333333 71.1875 71.0909090909091 72.23076923076924
70.35714285714286 69.83333333333333 69.25 71.63636363636364 72.23076923076924
70.71428571428572 70.25 69.875 72.0 72.61538461538461
68.71428571428571 70.58333333333333 69.0 71.9090909090909 72.46153846153847
71.21428571428572 70.91666666666667 70.5 74.0 74.0
70.57142857142858 71.58333333333333 69.375 73.27272727272727 72.6923076923077
71.42857142857143 71.16666666666667 70.6875 72.63636363636364 72.76923076923077
70.92857142857143 71.16666666666667 71.0625 71.81818181818183 74.07692307692308
70.0 73.08333333333333 70.0625 73.0909090909091 73.3076923076923
70.64285714285715 70.33333333333333 70.875 73.36363636363637 73.38461538461539
71.78571428571429 71.66666666666667 71.625 73.36363636363637 75.53846153846155
70.85714285714286 72.58333333333333 70.5625 74.72727272727272 73.61538461538461
69.78571428571428 71.75 69.5625 72.63636363636364 73.84615384615385
70.28571428571428 70.91666666666667 69.125 72.72727272727272 73.0
70.57142857142858 71.0 70.9375 72.81818181818183 74.46153846153847
71.28571428571429 71.16666666666667 70.625 73.0909090909091 74.3076923076923
70.0 70.5 69.4375 72.72727272727272 73.53846153846153
70.64285714285715 73.58333333333333 71.6875 74.27272727272727 72.92307692307692
69.71428571428571 71.16666666666667 69.3125 71.63636363636364 72.38461538461539
70.0 71.66666666666667 70.8125 74.18181818181819 72.6923076923077
71.42857142857143 73.0 72.375 74.9090909090909 74.92307692307692
71.78571428571429 73.33333333333333 71.6875 76.9090909090909 76.15384615384616
69.71428571428571 70.16666666666667 69.875 71.36363636363636 73.46153846153847
69.85714285714285 72.16666666666667 71.0 72.81818181818183 72.3076923076923
70.92857142857143 70.91666666666667 70.5 73.0 73.46153846153847
70.14285714285714 71.66666666666667 70.375 72.0 71.6923076923077
69.71428571428571 73.08333333333333 71.5 73.18181818181819 73.53846153846153
70.0 71.91666666666667 71.0625 73.72727272727272 74.6923076923077
68.85714285714285 70.91666666666667 69.625 71.54545454545455 72.76923076923077
69.85714285714285 71.75 70.8125 72.36363636363636 71.84615384615385
70.64285714285715 72.08333333333333 71.3125 73.45454545454545 73.92307692307692
70.35714285714286 71.91666666666667 70.875 72.63636363636364 73.61538461538461
69.57142857142857 71.58333333333333 70.25 72.36363636363636 72.23076923076924
70.28571428571428 71.25 69.25 71.18181818181817 72.76923076923077
68.64285714285714 71.16666666666667 69.125 72.81818181818183 72.76923076923077
70.07142857142857 71.66666666666667 70.625 73.45454545454545 72.84615384615385
70.92857142857143 72.58333333333333 71.6875 73.63636363636364 72.84615384615385
71.21428571428572 73.5 71.75 74.9090909090909 73.76923076923077
70.42857142857143 72.33333333333333 71.5 72.81818181818183 74.0
68.78571428571428 69.41666666666667 69.1875 71.27272727272728 71.23076923076924
71.57142857142858 71.41666666666667 71.0 72.18181818181819 72.84615384615385
69.85714285714285 71.33333333333333 70.25 73.18181818181819 73.07692307692308
71.42857142857143 71.91666666666667 71.0 73.36363636363637 73.38461538461539
70.5 71.41666666666667 71.375 74.36363636363637 74.53846153846153
69.5 71.16666666666667 70.5 72.27272727272727 72.6923076923077
71.64285714285715 71.08333333333333 71.125 73.81818181818183 73.92307692307692
71.0 71.91666666666667 70.875 72.9090909090909 72.84615384615385
70.35714285714286 71.83333333333333 70.75 72.9090909090909 73.0
69.14285714285714 70.5 69.625 72.0909090909091 71.92307692307692
69.92857142857142 71.08333333333333 70.5 72.81818181818183 72.61538461538461
69.5 71.08333333333333 69.8125 71.45454545454545 72.38461538461539
71.35714285714286 72.16666666666667 70.5 72.63636363636364 72.92307692307692
69.78571428571428 71.75 72.3125 74.0909090909091 72.92307692307692
70.28571428571428 72.08333333333333 70.875 73.0909090909091 73.53846153846153
70.57142857142858 69.83333333333333 70.25 72.0 71.76923076923076
69.0 70.58333333333333 69.125 72.9090909090909 73.53846153846153
69.14285714285714 70.5 69.3125 72.18181818181819 73.0
68.92857142857142 71.5 70.8125 72.0909090909091 73.76923076923077
70.21428571428571 71.0 70.625 72.72727272727272 72.53846153846153
71.07142857142858 71.66666666666667 70.125 72.9090909090909 72.6923076923077
69.78571428571428 71.25 70.625 73.63636363636364 72.84615384615385
69.57142857142857 70.83333333333333 70.125 73.0 72.38461538461539
69.71428571428571 71.16666666666667 70.625 73.54545454545453 73.3076923076923
71.07142857142858 71.33333333333333 71.0 73.0909090909091 73.61538461538461
71.21428571428572 72.33333333333333 71.5 73.36363636363637 73.76923076923077
70.35714285714286 70.33333333333333 69.6875 72.45454545454545 73.3076923076923
69.57142857142857 71.58333333333333 70.5 72.72727272727272 72.92307692307692
70.0 72.08333333333333 71.0625 74.0909090909091 72.6923076923077
69.14285714285714 70.58333333333333 69.75 72.63636363636364 71.76923076923076
70.0 71.83333333333333 70.9375 74.45454545454545 73.3076923076923
69.78571428571428 71.33333333333333 69.9375 73.63636363636364 72.15384615384615
69.28571428571428 71.33333333333333 69.8125 71.81818181818183 72.76923076923077
69.28571428571428 71.58333333333333 70.5 74.0 72.3076923076923
