86.44444444444444 85.2 84.875 85.9 83.88888888888889
86.88888888888889 85.3 83.25 85.8 84.88888888888889
86.77777777777777 84.2 83.125 84.8 83.33333333333333
86.66666666666667 84.1 83.875 85.3 84.88888888888889
86.0 83.3 83.75 85.1 82.88888888888889
87.11111111111111 84.4 83.875 86.2 84.66666666666667
85.66666666666667 83.5 83.625 85.3 82.33333333333333
85.77777777777777 83.8 83.875 86.2 84.11111111111111
86.33333333333333 84.3 83.25 84.7 83.11111111111111
85.33333333333333 84.6 83.625 85.4 83.22222222222223
87.88888888888889 84.9 83.875 85.4 83.11111111111111
84.33333333333333 83.8 82.875 85.0 82.44444444444444
87.33333333333333 85.1 83.375 84.6 84.0
86.0 83.9 83.25 84.9 83.44444444444444
86.11111111111111 84.3 83.875 85.4 83.77777777777779
86.22222222222223 84.6 82.75 84.5 84.55555555555556
86.22222222222223 84.1 83.875 84.8 83.55555555555554
86.0 83.8 83.375 84.2 83.11111111111111
87.66666666666667 84.5 82.0 85.1 84.33333333333333
85.88888888888889 84.8 84.375 86.3 81.66666666666667
87.11111111111111 85.6 85.125 86.4 83.33333333333333
88.0 84.7 84.625 85.4 84.55555555555556
87.0 84.4 82.25 85.8 84.66666666666667
86.77777777777777 84.6 82.75 85.2 83.66666666666667
85.55555555555556 83.5 82.375 85.1 82.77777777777779
86.55555555555556 84.7 83.375 84.8 82.66666666666667
87.55555555555556 84.5 83.625 85.8 84.77777777777777
86.77777777777777 84.3 83.75 85.2 83.0
87.22222222222223 84.9 83.0 84.6 84.22222222222223
86.33333333333333 84.6 84.0 84.9 83.88888888888889
85.88888888888889 83.0 81.75 85.1 83.55555555555554
86.0 83.4 83.625 85.7 82.66666666666667
87.55555555555556 85.0 84.5 85.7 83.77777777777779
86.11111111111111 85.4 82.875 85.3 82.66666666666667
86.11111111111111 82.4 82.625 85.1 83.77777777777779
85.88888888888889 84.3 83.125 85.4 82.77777777777779
85.88888888888889 84.5 82.5 84.5 82.88888888888889
86.77777777777777 86.3 83.5 85.3 84.55555555555556
87.22222222222223 84.9 83.5 85.0 84.33333333333333
85.77777777777777 83.6 83.125 84.9 83.44444444444444
85.55555555555556 82.9 82.75 84.9 82.22222222222223
86.77777777777777 84.5 84.125 85.4 83.22222222222223
86.55555555555556 84.9 83.75 84.8 83.55555555555554
87.33333333333333 84.2 83.0 84.5 83.33333333333333
87.0 85.7 83.25 86.1 84.0
86.0 84.3 83.5 85.7 84.77777777777777
87.22222222222223 84.1 84.25 84.9 84.77777777777777
87.66666666666667 84.1 84.125 85.4 83.11111111111111
86.66666666666667 84.6 83.125 85.0 83.11111111111111
86.55555555555556 83.8 83.125 84.7 82.33333333333333
85.66666666666667 83.0 82.75 83.9 81.33333333333333
86.55555555555556 85.2 84.625 85.4 82.77777777777779
86.22222222222223 84.9 82.5 85.5 84.11111111111111
87.22222222222223 84.0 84.125 86.5 84.11111111111111
85.44444444444444 83.4 82.5 84.4 83.77777777777779
85.22222222222223 84.0 82.375 84.8 84.33333333333333
86.55555555555556 84.8 83.875 85.5 83.11111111111111
85.88888888888889 84.5 85.0 86.2 83.33333333333333
86.77777777777777 85.7 84.375 86.2 85.0
85.77777777777777 82.8 84.25 85.3 83.33333333333333
85.77777777777777 83.2 81.875 85.3 83.22222222222223
85.22222222222223 82.69999999999999 82.875 85.6 83.55555555555554
86.88888888888889 83.8 83.0 84.9 84.55555555555556
86.88888888888889 83.8 84.125 85.7 84.0
86.44444444444444 83.7 83.125 84.5 84.0
86.66666666666667 84.5 83.0 85.0 82.66666666666667
86.22222222222223 83.6 83.625 86.1 84.44444444444444
86.55555555555556 82.9 83.875 85.1 83.33333333333333
86.66666666666667 84.0 82.375 85.1 82.77777777777779
85.55555555555556 84.8 84.25 85.3 84.0
86.88888888888889 84.5 85.0 86.4 83.77777777777779
86.88888888888889 84.7 83.375 85.6 84.11111111111111
85.77777777777777 84.1 83.125 85.6 84.33333333333333
87.22222222222223 83.6 82.75 84.2 83.11111111111111
86.33333333333333 84.1 83.125 85.8 82.66666666666667
86.33333333333333 85.3 83.0 85.3 82.55555555555554
88.22222222222221 84.3 84.5 86.3 84.55555555555556
86.66666666666667 83.6 83.625 85.9 83.44444444444444
87.0 83.5 83.125 84.4 83.55555555555554
85.77777777777777 81.5 82.625 83.8 83.33333333333333
86.22222222222223 83.7 81.625 84.7 83.55555555555554
85.55555555555556 82.60000000000001 82.5 85.6 83.22222222222223
85.88888888888889 84.7 83.0 84.6 82.44444444444444
86.44444444444444 84.1 83.125 85.3 83.11111111111111
86.44444444444444 82.69999999999999 81.875 85.4 83.0
86.55555555555556 83.1 83.0 85.2 84.0
85.77777777777777 84.1 82.375 85.5 83.22222222222223
86.44444444444444 83.9 82.75 85.2 83.33333333333333
86.88888888888889 84.3 83.375 86.1 84.44444444444444
87.44444444444444 85.2 83.25 85.2 83.0
86.88888888888889 84.7 84.125 86.0 83.55555555555554
85.44444444444444 83.7 82.375 85.4 83.0
86.66666666666667 84.6 83.75 86.3 84.77777777777777
87.0 82.9 82.25 84.9 82.1111111111111
86.66666666666667 84.3 83.75 86.3 84.66666666666667
86.44444444444444 82.8 83.125 84.7 82.88888888888889
87.55555555555556 84.9 83.875 86.0 83.88888888888889
86.55555555555556 84.5 82.25 85.5 83.77777777777779
86.44444444444444 83.5 81.875 83.5 83.88888888888889
86.55555555555556 83.0 82.25 84.9 83.55555555555554
85.88888888888889 83.4 83.25 85.9 84.33333333333333
81.77777777777779 81.3 81.375 82.0 81.44444444444444
82.33333333333333 81.3 81.875 81.3 81.0
81.66666666666667 81.10000000000001 81.75 81.69999999999999 81.33333333333333
81.1111111111111 80.8 80.875 81.5 80.44444444444444
86.0 83.7 83.5 85.3 84.11111111111111
81.1111111111111 81.60000000000001 81.875 81.3 81.33333333333333
82.22222222222223 81.60000000000001 82.375 82.3 81.44444444444444
81.77777777777779 80.69999999999999 81.125 81.69999999999999 81.44444444444444
81.33333333333333 81.69999999999999 81.25 80.60000000000001 80.66666666666666
85.88888888888889 84.9 81.375 84.3 83.44444444444444
81.66666666666667 82.0 82.125 82.19999999999999 81.44444444444444
81.66666666666667 82.19999999999999 82.625 82.4 81.33333333333333
81.55555555555556 80.8 81.125 82.3 81.1111111111111
81.66666666666667 81.8 83.375 82.5 82.66666666666667
86.77777777777777 84.5 83.0 84.9 83.44444444444444
80.55555555555556 80.5 81.625 80.5 80.55555555555556
81.77777777777779 82.19999999999999 81.625 81.5 81.44444444444444
82.22222222222223 81.69999999999999 82.125 83.3 80.88888888888889
81.1111111111111 80.69999999999999 81.375 81.5 81.22222222222223
85.55555555555556 85.4 80.5 84.5 83.0
81.77777777777779 80.8 80.875 81.4 80.66666666666666
81.66666666666667 81.10000000000001 81.75 81.60000000000001 81.22222222222223
82.0 82.60000000000001 82.0 83.0 82.33333333333333
82.1111111111111 81.19999999999999 81.375 81.4 81.88888888888889
82.1111111111111 82.4 81.875 81.4 80.55555555555556
80.66666666666666 81.10000000000001 80.625 81.69999999999999 81.88888888888889
81.88888888888889 81.9 81.0 82.10000000000001 80.88888888888889
82.0 81.60000000000001 81.125 80.4 80.33333333333334
82.44444444444444 81.69999999999999 80.25 82.0 80.88888888888889
82.22222222222223 81.69999999999999 82.125 82.19999999999999 80.44444444444444
87.77777777777777 85.8 82.375 86.9 84.22222222222223
87.22222222222223 85.0 80.5 85.5 83.11111111111111
86.22222222222223 84.3 82.375 85.1 83.33333333333333
86.33333333333333 85.2 81.75 85.9 84.22222222222223
86.77777777777777 85.5 81.75 84.6 82.77777777777779
86.44444444444444 85.3 82.0 85.5 84.11111111111111
87.33333333333333 86.2 81.875 84.4 83.0
87.11111111111111 84.3 80.625 85.9 82.33333333333333
87.55555555555556 85.0 82.0 86.0 84.66666666666667
86.11111111111111 84.9 81.75 85.8 83.66666666666667
87.22222222222223 85.3 81.0 85.0 83.33333333333333
87.22222222222223 85.0 82.625 85.4 84.0
87.11111111111111 85.5 81.5 84.7 83.33333333333333
85.55555555555556 84.8 81.375 85.5 82.77777777777779
86.66666666666667 86.1 82.25 85.5 84.11111111111111
87.44444444444444 86.3 82.125 85.0 83.66666666666667
87.0 86.3 83.25 86.7 85.44444444444444
85.33333333333333 84.1 80.125 84.5 83.11111111111111
86.66666666666667 86.0 80.5 86.1 83.11111111111111
85.33333333333333 85.0 79.75 85.1 83.66666666666667
86.55555555555556 85.7 81.125 86.3 82.66666666666667
86.44444444444444 86.3 81.625 84.6 83.33333333333333
87.0 86.1 85.5 87.0 83.77777777777779
85.55555555555556 85.8 81.875 84.9 83.33333333333333
85.33333333333333 84.7 80.5 84.4 82.22222222222223
85.88888888888889 85.4 82.75 84.6 83.33333333333333
85.55555555555556 85.3 81.125 85.3 83.0
84.77777777777777 84.9 81.5 85.2 81.88888888888889
86.0 84.7 81.125 85.0 83.88888888888889
85.66666666666667 84.2 81.875 84.6 82.77777777777779
86.66666666666667 86.0 82.875 86.1 84.88888888888889
85.77777777777777 84.2 81.5 85.4 84.44444444444444
86.22222222222223 86.0 81.25 84.6 82.55555555555554
87.77777777777777 84.9 80.75 85.2 84.44444444444444
85.33333333333333 85.6 82.25 85.3 82.44444444444444
85.0 85.0 80.75 84.7 83.44444444444444
86.44444444444444 86.5 82.875 85.8 83.22222222222223
86.55555555555556 85.4 82.125 86.7 83.66666666666667
86.0 85.0 81.0 85.4 83.33333333333333
85.77777777777777 84.4 80.5 85.8 82.66666666666667
86.44444444444444 85.2 82.125 85.0 83.0
86.77777777777777 85.3 81.625 85.4 83.33333333333333
86.22222222222223 85.3 82.75 85.6 82.77777777777779
87.33333333333333 86.1 83.25 86.2 83.88888888888889
86.33333333333333 85.6 80.125 84.3 83.66666666666667
87.11111111111111 87.0 82.5 85.7 83.22222222222223
87.77777777777777 86.7 82.0 84.9 84.55555555555556
86.55555555555556 86.4 83.125 86.3 84.0
85.0 85.9 81.5 84.6 83.55555555555554
87.66666666666667 85.7 82.0 85.5 84.66666666666667
86.0 85.1 81.5 85.7 82.66666666666667
86.55555555555556 85.3 82.375 84.7 83.0
85.66666666666667 85.3 83.25 84.9 83.44444444444444
86.44444444444444 84.9 81.625 85.7 83.33333333333333
85.11111111111111 84.0 81.0 85.0 82.44444444444444
86.22222222222223 85.3 80.875 85.6 83.22222222222223
86.66666666666667 85.1 81.875 86.0 83.77777777777779
86.0 85.2 81.5 85.1 83.55555555555554
87.44444444444444 85.9 81.25 85.4 83.55555555555554
85.66666666666667 83.9 80.125 84.9 83.0
86.44444444444444 85.3 81.5 84.1 82.44444444444444
85.44444444444444 86.4 82.0 86.0 84.0
86.88888888888889 85.7 81.875 85.4 84.66666666666667
86.88888888888889 86.3 83.5 86.6 84.22222222222223
86.55555555555556 86.2 82.875 85.8 82.88888888888889
85.77777777777777 85.0 82.25 85.0 82.77777777777779
86.33333333333333 84.6 81.125 84.9 83.22222222222223
86.0 85.1 81.375 85.4 83.77777777777779
86.22222222222223 85.7 82.125 85.1 82.44444444444444
86.77777777777777 85.7 81.25 85.4 83.55555555555554
85.44444444444444 84.3 82.375 84.9 82.88888888888889
86.88888888888889 85.2 81.375 85.8 83.11111111111111
85.77777777777777 84.7 81.625 85.8 83.55555555555554
87.0 85.7 82.5 85.9 83.77777777777779
85.55555555555556 84.6 81.125 83.9 82.77777777777779
86.44444444444444 85.4 81.875 84.4 83.55555555555554
87.88888888888889 85.5 81.125 84.6 82.77777777777779
86.66666666666667 84.9 81.125 85.4 83.55555555555554
87.44444444444444 86.7 82.375 85.4 84.11111111111111
86.77777777777777 85.8 80.75 85.4 83.44444444444444
85.33333333333333 84.6 82.25 84.8 82.66666666666667
86.55555555555556 85.0 80.5 84.8 82.44444444444444
86.11111111111111 84.8 80.5 83.9 82.22222222222223
86.22222222222223 85.8 81.625 84.4 82.33333333333333
86.44444444444444 84.4 82.5 85.4 83.66666666666667
87.33333333333333 85.3 80.875 85.5 84.33333333333333
85.44444444444444 85.3 81.375 85.3 82.33333333333333
86.55555555555556 85.5 81.625 84.7 82.44444444444444
85.55555555555556 84.6 82.125 85.6 83.22222222222223
87.55555555555556 85.8 81.875 85.1 83.11111111111111
86.0 86.3 82.125 85.8 84.44444444444444
86.88888888888889 85.1 81.125 85.9 82.22222222222223
85.66666666666667 85.7 81.0 85.6 84.33333333333333
86.66666666666667 86.3 81.375 84.9 83.0
85.11111111111111 85.0 81.75 84.9 82.66666666666667
85.66666666666667 86.0 82.25 85.2 83.11111111111111
87.33333333333333 85.0 81.75 85.8 84.33333333333333
86.11111111111111 85.7 83.0 85.0 84.22222222222223
86.66666666666667 85.2 82.75 86.2 83.22222222222223
