0.0007163323782234958 0.12663755458515283 0.04376854599406528 0.0 0.0
0.0035816618911174787 0.1331877729257642 0.06676557863501484 0.001282051282051282 0.0007668711656441718
0.0 0.14264919941775836 0.0586053412462908 0.001282051282051282 0.0
0.002148997134670487 0.14410480349344978 0.05712166172106825 0.0 0.0
0.002865329512893983 0.14919941775836973 0.05712166172106825 0.001923076923076923 0.0
0.0035816618911174787 0.17394468704512372 0.06602373887240355 0.0 0.0
0.0014326647564469916 0.14992721979621543 0.06824925816023739 0.000641025641025641 0.0
0.0014326647564469916 0.13027656477438138 0.05934718100890208 0.0 0.0
0.002865329512893983 0.14046579330422124 0.05712166172106825 0.001282051282051282 0.0
0.0014326647564469916 0.14919941775836973 0.05192878338278932 0.001282051282051282 0.0
0.0007163323782234958 0.1572052401746725 0.05712166172106825 0.0 0.0007668711656441718
0.0014326647564469916 0.12663755458515283 0.049703264094955485 0.0 0.0
0.0007163323782234958 0.10407569141193596 0.055637982195845696 0.000641025641025641 0.0
0.0007163323782234958 0.14847161572052403 0.06899109792284866 0.000641025641025641 0.0
0.004297994269340974 0.13828238719068411 0.05934718100890208 0.000641025641025641 0.0
0.0014326647564469916 0.11644832605531295 0.05118694362017804 0.000641025641025641 0.0
0.0 0.1579330422125182 0.05637982195845698 0.000641025641025641 0.0
0.0 0.13245997088791847 0.062314540059347175 0.000641025641025641 0.0
0.0007163323782234958 0.16011644832605532 0.07937685459940653 0.001282051282051282 0.0
0.002865329512893983 0.13027656477438138 0.05118694362017804 0.0 0.0
0.0014326647564469916 0.15211062590975255 0.07418397626112759 0.000641025641025641 0.0
0.0007163323782234958 0.12882096069868995 0.07195845697329377 0.0 0.0
0.0 0.14192139737991266 0.06973293768545993 0.0 0.0
0.002148997134670487 0.12008733624454149 0.06008902077151335 0.001282051282051282 0.0
0.0014326647564469916 0.12663755458515283 0.057863501483679525 0.0 0.0
0.0014326647564469916 0.14264919941775836 0.06157270029673591 0.0 0.0
0.002865329512893983 0.12299854439592431 0.07937685459940653 0.000641025641025641 0.0
0.002148997134670487 0.13027656477438138 0.05489614243323442 0.001282051282051282 0.0
0.0007163323782234958 0.1331877729257642 0.06083086053412463 0.000641025641025641 0.0
0.0035816618911174787 0.1208151382823872 0.04154302670623146 0.000641025641025641 0.0
0.0014326647564469916 0.1615720524017467 0.09643916913946587 0.0 0.0
0.002148997134670487 0.12590975254730713 0.06676557863501484 0.0 0.0
0.002148997134670487 0.15065502183406115 0.06973293768545993 0.0 0.0007668711656441718
0.0 0.14919941775836973 0.08086053412462908 0.0 0.0007668711656441718
0.002148997134670487 0.1462882096069869 0.07344213649851633 0.0 0.0
0.002148997134670487 0.13755458515283842 0.05637982195845698 0.0 0.0
0.0 0.13609898107714702 0.04154302670623146 0.000641025641025641 0.0
0.0007163323782234958 0.11353711790393013 0.053412462908011875 0.0 0.0
0.0 0.1208151382823872 0.04896142433234421 0.001282051282051282 0.0
0.0 0.14410480349344978 0.053412462908011875 0.0 0.0
0.0 0.14847161572052403 0.049703264094955485 0.0 0.0
0.0007163323782234958 0.11935953420669577 0.057863501483679525 0.0 0.0
0.0007163323782234958 0.14046579330422124 0.045252225519287835 0.0 0.0
0.0014326647564469916 0.11935953420669577 0.053412462908011875 0.0 0.0
0.0007163323782234958 0.12882096069868995 0.06157270029673591 0.0 0.0
0.0007163323782234958 0.15938864628820962 0.06973293768545993 0.0 0.0
0.0014326647564469916 0.16084425036390101 0.06750741839762611 0.0 0.0
0.0007163323782234958 0.13609898107714702 0.053412462908011875 0.0 0.0007668711656441718
0.0 0.11499272197962154 0.06157270029673591 0.0 0.0007668711656441718
0.002865329512893983 0.13901018922852984 0.06008902077151335 0.0 0.0
0.0007163323782234958 0.1215429403202329 0.05192878338278932 0.001282051282051282 0.0
0.0007163323782234958 0.14992721979621543 0.06750741839762611 0.001282051282051282 0.0
0.0014326647564469916 0.14264919941775836 0.06528189910979229 0.0 0.0
0.0007163323782234958 0.11790393013100436 0.04451038575667656 0.000641025641025641 0.0
0.0007163323782234958 0.1564774381368268 0.05118694362017804 0.003205128205128205 0.0
0.0007163323782234958 0.15065502183406115 0.06379821958456973 0.0 0.0
0.002865329512893983 0.1346433770014556 0.04747774480712166 0.000641025641025641 0.0
0.0014326647564469916 0.14919941775836973 0.053412462908011875 0.0 0.0
0.002148997134670487 0.1353711790393013 0.055637982195845696 0.0 0.0
0.0007163323782234958 0.15065502183406115 0.07270029673590504 0.0 0.0
0.0 0.1448326055312955 0.062314540059347175 0.001282051282051282 0.0
0.002148997134670487 0.173216885007278 0.06008902077151335 0.000641025641025641 0.0
0.0014326647564469916 0.13973799126637554 0.06008902077151335 0.0 0.0
0.0014326647564469916 0.12954876273653565 0.062314540059347175 0.000641025641025641 0.0
0.0014326647564469916 0.13901018922852984 0.06899109792284866 0.0 0.0
0.0 0.14264919941775836 0.06676557863501484 0.0 0.0
0.0050143266475644694 0.173216885007278 0.064540059347181 0.0 0.0
0.0014326647564469916 0.1462882096069869 0.062314540059347175 0.0 0.0
0.002865329512893983 0.12590975254730713 0.0771513353115727 0.000641025641025641 0.0
0.0014326647564469916 0.13245997088791847 0.052670623145400594 0.0 0.0
0.0 0.13245997088791847 0.05489614243323442 0.000641025641025641 0.0
0.002148997134670487 0.15938864628820962 0.05712166172106825 0.000641025641025641 0.0
0.0014326647564469916 0.1572052401746725 0.07863501483679525 0.0 0.0
0.0007163323782234958 0.11935953420669577 0.0400593471810089 0.001282051282051282 0.0
0.0007163323782234958 0.14774381368267833 0.06750741839762611 0.000641025641025641 0.0
0.0 0.16302765647743814 0.06379821958456973 0.0 0.0
0.0014326647564469916 0.16666666666666666 0.05637982195845698 0.0 0.0
0.002865329512893983 0.14337700145560406 0.07195845697329377 0.0 0.0007668711656441718
0.0 0.14919941775836973 0.06083086053412463 0.0 0.0
0.0007163323782234958 0.16885007278020378 0.052670623145400594 0.000641025641025641 0.0
0.002865329512893983 0.1812227074235808 0.06973293768545993 0.001923076923076923 0.0
0.002148997134670487 0.17467248908296942 0.05934718100890208 0.000641025641025641 0.0
0.0007163323782234958 0.14337700145560406 0.07566765578635014 0.000641025641025641 0.0
0.002148997134670487 0.13100436681222707 0.064540059347181 0.0 0.0
0.0014326647564469916 0.16084425036390101 0.0712166172106825 0.001282051282051282 0.0
0.0007163323782234958 0.18631732168850074 0.06379821958456973 0.001282051282051282 0.0
0.002148997134670487 0.14992721979621543 0.06676557863501484 0.0 0.0
0.002148997134670487 0.1462882096069869 0.052670623145400594 0.0 0.0
0.0007163323782234958 0.14046579330422124 0.06824925816023739 0.0 0.0007668711656441718
0.0014326647564469916 0.15065502183406115 0.06528189910979229 0.0 0.0
0.002865329512893983 0.16521106259097526 0.07789317507418397 0.0 0.0
0.002865329512893983 0.1841339155749636 0.06750741839762611 0.0 0.0
0.0007163323782234958 0.12882096069868995 0.055637982195845696 0.000641025641025641 0.0
0.0014326647564469916 0.15574963609898107 0.07492581602373888 0.000641025641025641 0.0007668711656441718
0.0014326647564469916 0.13100436681222707 0.057863501483679525 0.0 0.0
0.0 0.15356622998544397 0.06305637982195846 0.001282051282051282 0.0
0.0035816618911174787 0.14119359534206694 0.07195845697329377 0.0 0.0
0.0 0.16229985443959244 0.06083086053412463 0.0 0.0
0.0007163323782234958 0.16011644832605532 0.07492581602373888 0.0 0.0
0.0007163323782234958 0.1848617176128093 0.06750741839762611 0.000641025641025641 0.0
0.0007163323782234958 0.16375545851528384 0.05712166172106825 0.0 0.0
0.0 0.000727802037845706 0.000741839762611276 0.0 0.0
0.0 0.0 0.0 0.0 0.0
0.0 0.0 0.0 0.0 0.0
0.0 0.0 0.0 0.0 0.0
0.0014326647564469916 0.1710334788937409 0.06824925816023739 0.0 0.0
0.0 0.000727802037845706 0.0 0.000641025641025641 0.0007668711656441718
0.0 0.0 0.0 0.0 0.0
0.0 0.0 0.0 0.0 0.0
0.0 0.0 0.0 0.0 0.0
0.0014326647564469916 0.05312954876273654 0.15504451038575667 0.000641025641025641 0.0
0.0 0.0 0.0 0.0 0.0
0.0 0.0 0.0 0.0 0.0
0.0 0.0 0.0 0.0 0.0
0.0 0.0 0.0 0.0 0.0
0.002865329512893983 0.16084425036390101 0.06083086053412463 0.001282051282051282 0.0007668711656441718
0.0 0.0 0.000741839762611276 0.0 0.0
0.0 0.0 0.0 0.0 0.0
0.0 0.0 0.0 0.0 0.0
0.0 0.0 0.000741839762611276 0.0 0.0
0.0014326647564469916 0.06259097525473072 0.17062314540059348 0.000641025641025641 0.0
0.0007163323782234958 0.0 0.001483679525222552 0.0 0.0
0.0 0.0 0.0 0.0 0.0
0.0 0.000727802037845706 0.0 0.000641025641025641 0.0
0.0 0.0 0.0 0.0 0.0
0.0 0.0 0.0 0.0 0.0
0.0 0.0 0.0 0.0 0.0
0.0 0.0 0.0 0.0 0.0
0.0007163323782234958 0.0 0.000741839762611276 0.0 0.0007668711656441718
0.0 0.0 0.0 0.000641025641025641 0.0
0.0 0.0 0.0 0.000641025641025641 0.0
0.0 0.05822416302765648 0.17136498516320475 0.001282051282051282 0.0
0.0007163323782234958 0.052401746724890834 0.17804154302670624 0.001282051282051282 0.0
0.0 0.05822416302765648 0.15133531157270028 0.000641025641025641 0.0
0.0007163323782234958 0.06695778748180495 0.15207715133531158 0.000641025641025641 0.0
0.0007163323782234958 0.05895196506550218 0.14614243323442136 0.001282051282051282 0.0
0.0007163323782234958 0.07059679767103347 0.16617210682492584 0.000641025641025641 0.0
0.0007163323782234958 0.05458515283842795 0.1476261127596439 0.001923076923076923 0.0
0.0 0.06622998544395924 0.21513353115727002 0.002564102564102564 0.0
0.0 0.055312954876273655 0.20252225519287834 0.002564102564102564 0.0
0.0007163323782234958 0.08806404657933042 0.18916913946587535 0.0 0.0
0.0014326647564469916 0.05895196506550218 0.19658753709198812 0.0 0.0
0.0007163323782234958 0.061135371179039305 0.1728486646884273 0.0 0.0
0.0007163323782234958 0.06477438136826782 0.1602373887240356 0.002564102564102564 0.0
0.0 0.06477438136826782 0.15133531157270028 0.001923076923076923 0.0
0.0007163323782234958 0.053857350800582245 0.15652818991097925 0.000641025641025641 0.0
0.0 0.048034934497816595 0.1476261127596439 0.002564102564102564 0.0
0.0007163323782234958 0.06259097525473072 0.14910979228486648 0.003205128205128205 0.0
0.0007163323782234958 0.06622998544395924 0.2062314540059347 0.001282051282051282 0.0
0.0007163323782234958 0.0727802037845706 0.19881305637982194 0.002564102564102564 0.0
0.0007163323782234958 0.07059679767103347 0.19287833827893175 0.0 0.0
0.0 0.06914119359534206 0.17581602373887242 0.001282051282051282 0.0
0.0014326647564469916 0.05458515283842795 0.19065281899109793 0.000641025641025641 0.0
0.0007163323782234958 0.06550218340611354 0.14391691394658754 0.0 0.0
0.0 0.06550218340611354 0.14614243323442136 0.000641025641025641 0.0
0.0014326647564469916 0.0604075691411936 0.16617210682492584 0.003205128205128205 0.0
0.0 0.055312954876273655 0.15652818991097925 0.002564102564102564 0.0
0.0 0.06186317321688501 0.16988130563798218 0.002564102564102564 0.0
0.0007163323782234958 0.061135371179039305 0.1320474777448071 0.000641025641025641 0.0
0.002148997134670487 0.08442503639010189 0.16765578635014836 0.001282051282051282 0.0
0.0 0.07714701601164484 0.21587537091988132 0.0 0.0007668711656441718
0.0 0.0735080058224163 0.163946587537092 0.001923076923076923 0.0
0.0 0.06622998544395924 0.17136498516320475 0.001282051282051282 0.0
0.0 0.07205240174672489 0.17062314540059348 0.001923076923076923 0.0
0.0 0.06622998544395924 0.17729970326409494 0.001923076923076923 0.0
0.0014326647564469916 0.05822416302765648 0.17581602373887242 0.001923076923076923 0.0
0.0007163323782234958 0.06186317321688501 0.1884272997032641 0.0 0.0
0.0 0.05822416302765648 0.16691394658753708 0.001923076923076923 0.0
0.0 0.0735080058224163 0.1884272997032641 0.001282051282051282 0.0
0.0007163323782234958 0.052401746724890834 0.1728486646884273 0.003205128205128205 0.0
0.0 0.07787481804949054 0.1980712166172107 0.001282051282051282 0.0
0.0 0.06841339155749636 0.1572700296735905 0.0 0.0007668711656441718
0.0007163323782234958 0.06331877729257641 0.16468842729970326 0.0 0.0
0.0 0.049490538573508006 0.15578635014836795 0.000641025641025641 0.0
0.0007163323782234958 0.06331877729257641 0.14985163204747776 0.001282051282051282 0.0
0.0007163323782234958 0.06622998544395924 0.15801186943620177 0.001923076923076923 0.0
0.0 0.06841339155749636 0.12166172106824925 0.0 0.0
0.0014326647564469916 0.06404657933042213 0.18397626112759644 0.0 0.0
0.0 0.06550218340611354 0.1476261127596439 0.000641025641025641 0.0
0.0 0.06914119359534206 0.12685459940652818 0.001282051282051282 0.0
0.0007163323782234958 0.06550218340611354 0.15652818991097925 0.0 0.0
0.002148997134670487 0.07496360989810771 0.16839762611275966 0.002564102564102564 0.0
0.0 0.06841339155749636 0.14836795252225518 0.0 0.0
0.0007163323782234958 0.06186317321688501 0.1476261127596439 0.001923076923076923 0.0
0.0 0.05604075691411936 0.16839762611275966 0.000641025641025641 0.0
0.0007163323782234958 0.06841339155749636 0.16913946587537093 0.001923076923076923 0.0007668711656441718
0.0007163323782234958 0.05822416302765648 0.17878338278931752 0.001923076923076923 0.0
0.0 0.06331877729257641 0.18397626112759644 0.000641025641025641 0.0
0.0 0.056768558951965066 0.18026706231454007 0.003205128205128205 0.0
0.0007163323782234958 0.0727802037845706 0.15356083086053413 0.001923076923076923 0.0
0.0007163323782234958 0.06695778748180495 0.1632047477744807 0.001923076923076923 0.0
0.0 0.06404657933042213 0.13798219584569732 0.003846153846153846 0.0
0.0 0.061135371179039305 0.16097922848664686 0.000641025641025641 0.0
0.0007163323782234958 0.0727802037845706 0.1847181008902077 0.001923076923076923 0.0
0.0007163323782234958 0.04439592430858807 0.1602373887240356 0.002564102564102564 0.0
0.0007163323782234958 0.07059679767103347 0.17062314540059348 0.001923076923076923 0.0
0.0 0.053857350800582245 0.1543026706231454 0.002564102564102564 0.0
0.0007163323782234958 0.07569141193595343 0.19881305637982194 0.001282051282051282 0.0
0.0 0.06986899563318777 0.17433234421364985 0.001282051282051282 0.0
0.0 0.06186317321688501 0.15133531157270028 0.002564102564102564 0.0
0.0 0.055312954876273655 0.15578635014836795 0.001923076923076923 0.0
0.0007163323782234958 0.05967976710334789 0.15875370919881307 0.000641025641025641 0.0015337423312883436
0.0007163323782234958 0.0604075691411936 0.17581602373887242 0.001282051282051282 0.0
0.0007163323782234958 0.061135371179039305 0.16765578635014836 0.002564102564102564 0.0
0.0 0.06914119359534206 0.1602373887240356 0.002564102564102564 0.0
0.0 0.06622998544395924 0.16246290801186944 0.001923076923076923 0.0007668711656441718
0.0 0.05967976710334789 0.16468842729970326 0.003205128205128205 0.0
0.0007163323782234958 0.049490538573508006 0.14317507418397626 0.001282051282051282 0.0
0.0007163323782234958 0.06550218340611354 0.18100890207715134 0.003205128205128205 0.0
0.0 0.05895196506550218 0.14614243323442136 0.001282051282051282 0.0
0.0 0.06259097525473072 0.1602373887240356 0.000641025641025641 0.0
0.0007163323782234958 0.06186317321688501 0.14836795252225518 0.001282051282051282 0.0
0.0 0.0604075691411936 0.1632047477744807 0.001923076923076923 0.0
0.0007163323782234958 0.05167394468704512 0.14836795252225518 0.002564102564102564 0.0
0.0007163323782234958 0.05312954876273654 0.15133531157270028 0.0 0.0
0.0007163323782234958 0.0735080058224163 0.1476261127596439 0.001282051282051282 0.0
0.0007163323782234958 0.05749636098981077 0.19955489614243324 0.001923076923076923 0.0
0.0 0.056768558951965066 0.15801186943620177 0.0 0.0
0.0 0.06186317321688501 0.14094955489614244 0.001923076923076923 0.0
0.0014326647564469916 0.06331877729257641 0.19510385756676557 0.000641025641025641 0.0
0.0007163323782234958 0.07496360989810771 0.15281899109792285 0.000641025641025641 0.0
0.0 0.056768558951965066 0.15059347181008903 0.003205128205128205 0.0
0.0 0.06259097525473072 0.16765578635014836 0.002564102564102564 0.0
0.0 0.06550218340611354 0.15578635014836795 0.001923076923076923 0.0007668711656441718
0.0014326647564469916 0.07205240174672489 0.16617210682492584 0.001282051282051282 0.0
0.0007163323782234958 0.06986899563318777 0.163946587537092 0.001923076923076923 0.0
0.0 0.05822416302765648 0.14688427299703266 0.001282051282051282 0.0
0.0007163323782234958 0.055312954876273655 0.14540059347181009 0.001923076923076923 0.0
0.0007163323782234958 0.052401746724890834 0.16172106824925817 0.001923076923076923 0.0
0.0007163323782234958 0.049490538573508006 0.16543026706231453 0.0 0.0
