17.666666666666668 34.666666666666664 33.8 15.833333333333334 12.6
19.666666666666664 34.166666666666664 32.2 13.666666666666668 14.200000000000001
18.833333333333332 34.666666666666664 27.799999999999997 16.666666666666668 14.200000000000001
14.0 31.333333333333332 31.0 18.5 14.6
15.666666666666666 32.5 28.8 14.0 15.8
16.333333333333332 37.83333333333333 31.0 11.0 16.0
17.833333333333332 34.666666666666664 31.2 12.5 15.0
13.333333333333334 32.666666666666664 30.200000000000003 13.166666666666666 12.0
14.666666666666666 36.166666666666664 30.8 14.666666666666666 12.6
17.5 33.0 28.400000000000002 13.0 14.6
15.5 36.666666666666664 28.6 13.166666666666666 12.200000000000001
17.5 33.666666666666664 27.2 15.0 11.2
18.166666666666668 33.333333333333336 30.200000000000003 18.833333333333332 11.4
16.833333333333332 32.16666666666667 28.8 15.5 14.4
18.166666666666668 35.666666666666664 31.0 14.0 14.8
18.0 32.666666666666664 28.400000000000002 17.5 12.0
15.166666666666666 35.166666666666664 31.0 12.166666666666666 16.0
16.5 35.0 27.599999999999998 13.833333333333332 12.8
19.333333333333336 33.833333333333336 33.0 16.666666666666668 14.200000000000001
17.0 36.833333333333336 32.4 16.5 13.6
19.0 33.166666666666664 34.8 17.333333333333332 12.0
14.333333333333334 33.5 31.2 14.0 16.2
16.166666666666664 34.833333333333336 29.4 17.333333333333332 13.4
17.0 38.0 29.6 15.333333333333332 14.0
17.166666666666668 31.833333333333332 32.599999999999994 13.0 11.4
18.833333333333332 37.166666666666664 33.2 12.166666666666666 11.799999999999999
18.333333333333332 34.666666666666664 31.2 13.0 13.0
16.5 34.0 32.2 15.166666666666666 12.4
15.166666666666666 37.0 28.2 13.833333333333332 11.4
18.5 33.833333333333336 32.800000000000004 14.166666666666666 13.4
15.666666666666666 35.0 27.799999999999997 14.166666666666666 13.799999999999999
17.0 31.833333333333332 28.6 16.166666666666664 13.6
14.666666666666666 36.0 30.599999999999998 15.833333333333334 11.4
15.833333333333334 33.333333333333336 30.8 13.333333333333334 15.6
15.0 33.166666666666664 29.2 14.5 14.200000000000001
15.166666666666666 33.5 31.0 15.0 14.0
13.166666666666666 33.333333333333336 31.8 13.5 14.200000000000001
16.833333333333332 34.666666666666664 29.2 17.0 12.4
16.0 34.333333333333336 30.599999999999998 17.0 12.0
18.833333333333332 34.0 26.4 15.833333333333334 11.0
18.5 34.5 30.599999999999998 17.666666666666668 13.0
17.166666666666668 33.833333333333336 32.4 14.166666666666666 12.0
16.333333333333332 33.833333333333336 31.6 15.5 12.8
14.833333333333334 36.166666666666664 27.0 15.666666666666666 14.4
16.0 31.833333333333332 33.4 16.166666666666664 13.0
15.5 33.833333333333336 29.8 15.833333333333334 11.799999999999999
17.5 35.5 29.4 17.333333333333332 13.799999999999999
14.166666666666666 34.5 29.8 15.5 11.799999999999999
16.333333333333332 33.833333333333336 34.0 12.5 14.0
14.166666666666666 30.666666666666664 31.2 16.333333333333332 10.200000000000001
15.5 34.333333333333336 28.6 14.5 12.200000000000001
16.833333333333332 31.833333333333332 35.0 14.833333333333334 12.6
16.833333333333332 35.166666666666664 29.6 14.833333333333334 14.6
18.0 35.666666666666664 30.4 16.666666666666668 13.2
13.333333333333334 35.166666666666664 29.2 14.833333333333334 13.4
15.5 34.333333333333336 28.8 16.166666666666664 13.2
16.0 32.833333333333336 27.2 15.333333333333332 16.2
17.333333333333332 36.166666666666664 27.599999999999998 19.333333333333336 11.4
17.833333333333332 36.5 29.4 13.833333333333332 15.6
16.333333333333332 34.5 29.0 10.833333333333334 12.8
17.166666666666668 34.666666666666664 25.2 14.833333333333334 16.6
16.5 32.666666666666664 30.0 14.833333333333334 12.8
14.166666666666666 33.666666666666664 29.4 12.333333333333334 15.2
15.333333333333332 35.166666666666664 31.2 14.5 13.4
14.833333333333334 34.5 30.599999999999998 16.666666666666668 13.799999999999999
15.333333333333332 33.833333333333336 28.8 14.5 13.6
16.666666666666668 35.333333333333336 30.200000000000003 15.5 13.0
16.5 34.5 30.200000000000003 12.833333333333334 15.8
15.166666666666666 34.666666666666664 29.6 17.5 15.4
16.333333333333332 35.5 31.4 14.333333333333334 14.4
17.5 33.833333333333336 31.0 14.5 15.4
18.666666666666668 31.666666666666668 32.800000000000004 17.333333333333332 11.2
16.5 33.5 30.0 12.666666666666666 16.8
16.5 32.666666666666664 27.0 16.5 13.0
16.166666666666664 35.0 32.0 14.833333333333334 16.2
15.833333333333334 35.0 32.0 13.166666666666666 13.2
14.333333333333334 36.833333333333336 29.4 13.333333333333334 11.6
18.0 34.666666666666664 30.4 15.666666666666666 12.4
18.5 33.833333333333336 27.0 14.5 14.6
16.333333333333332 35.833333333333336 26.200000000000003 12.666666666666666 14.4
17.333333333333332 33.333333333333336 29.6 13.166666666666666 14.6
17.5 30.5 30.8 14.833333333333334 15.0
19.5 34.666666666666664 31.0 11.333333333333334 13.0
16.833333333333332 35.166666666666664 29.8 13.0 13.2
18.0 33.166666666666664 27.599999999999998 15.5 15.2
14.5 34.833333333333336 29.8 14.166666666666666 13.4
15.0 35.0 29.2 13.666666666666668 16.400000000000002
16.333333333333332 31.333333333333332 25.6 16.166666666666664 13.2
15.5 34.166666666666664 29.6 14.833333333333334 13.2
17.0 37.333333333333336 30.200000000000003 16.666666666666668 15.6
18.5 31.333333333333332 29.6 14.666666666666666 16.400000000000002
18.833333333333332 35.5 28.0 13.0 12.4
16.0 34.166666666666664 29.6 17.333333333333332 13.0
15.666666666666666 34.833333333333336 31.2 13.333333333333334 11.2
15.666666666666666 36.5 26.599999999999998 15.833333333333334 15.0
17.166666666666668 33.333333333333336 29.6 14.166666666666666 17.0
13.833333333333332 36.0 30.200000000000003 16.333333333333332 13.6
16.5 39.5 31.6 15.333333333333332 14.6
14.5 32.33333333333333 28.400000000000002 11.833333333333332 13.2
17.833333333333332 36.0 30.599999999999998 14.333333333333334 12.0
18.5 34.333333333333336 29.8 14.333333333333334 14.8
12.0 15.833333333333334 16.6 15.166666666666666 17.8
13.5 16.666666666666668 15.6 14.5 15.0
13.333333333333334 14.666666666666666 16.8 18.333333333333332 15.2
14.666666666666666 14.333333333333334 14.6 14.833333333333334 17.6
16.5 32.16666666666667 28.8 16.166666666666664 14.8
17.833333333333332 14.333333333333334 15.2 13.333333333333334 14.6
16.166666666666664 17.166666666666668 18.599999999999998 16.5 14.6
13.5 13.666666666666668 14.200000000000001 17.0 14.0
14.666666666666666 13.166666666666666 13.0 16.166666666666664 14.8
13.0 31.5 31.0 13.333333333333334 13.799999999999999
14.5 14.0 17.4 15.666666666666666 15.8
13.666666666666668 14.833333333333334 16.400000000000002 14.5 13.6
15.666666666666666 15.5 13.799999999999999 15.833333333333334 13.0
16.333333333333332 14.833333333333334 14.6 17.333333333333332 14.8
16.0 37.0 31.6 16.5 12.0
16.166666666666664 12.5 15.8 14.166666666666666 10.8
15.666666666666666 16.166666666666664 16.6 16.666666666666668 16.8
15.833333333333334 17.333333333333332 15.8 15.666666666666666 14.8
15.833333333333334 14.166666666666666 13.799999999999999 12.666666666666666 16.8
15.166666666666666 28.333333333333332 32.4 15.166666666666666 14.4
13.666666666666668 14.5 15.2 17.333333333333332 16.400000000000002
14.333333333333334 16.666666666666668 13.799999999999999 16.833333333333332 16.0
14.166666666666666 16.5 15.6 16.666666666666668 17.8
13.333333333333334 15.5 15.2 17.0 14.6
11.0 14.0 17.8 14.666666666666666 16.400000000000002
17.0 16.166666666666664 15.6 14.5 14.8
14.833333333333334 15.0 16.6 16.833333333333332 15.0
13.833333333333332 18.0 14.8 15.333333333333332 12.6
14.166666666666666 15.666666666666666 16.0 15.333333333333332 14.4
17.5 15.5 15.8 14.333333333333334 16.8
14.166666666666666 34.166666666666664 35.6 15.666666666666666 15.4
13.166666666666666 31.333333333333332 33.2 15.333333333333332 14.200000000000001
15.0 25.833333333333332 34.4 13.166666666666666 16.2
19.333333333333336 30.333333333333332 32.4 17.333333333333332 10.0
13.666666666666668 29.833333333333332 37.0 15.0 14.4
17.833333333333332 31.333333333333332 32.0 12.833333333333334 13.0
11.333333333333334 28.166666666666668 33.4 15.666666666666666 13.6
16.833333333333332 29.166666666666668 33.2 16.666666666666668 13.4
16.0 31.333333333333332 36.4 13.666666666666668 12.0
18.166666666666668 29.0 32.2 12.833333333333334 10.6
15.0 32.16666666666667 32.2 13.833333333333332 16.2
16.0 28.166666666666668 34.2 16.833333333333332 13.799999999999999
14.333333333333334 31.166666666666664 34.8 14.5 11.6
14.333333333333334 31.333333333333332 32.2 13.5 14.8
16.5 29.0 34.2 17.666666666666668 11.4
14.333333333333334 29.166666666666668 36.0 16.166666666666664 12.8
16.666666666666668 27.833333333333336 34.4 17.0 13.799999999999999
17.0 29.166666666666668 31.2 15.166666666666666 12.8
16.0 29.333333333333332 37.199999999999996 16.166666666666664 17.0
15.833333333333334 27.5 34.4 13.333333333333334 11.6
14.666666666666666 27.833333333333336 36.4 14.833333333333334 13.0
14.333333333333334 26.166666666666668 37.199999999999996 14.666666666666666 13.4
17.0 33.0 35.4 13.333333333333334 14.4
15.5 29.0 34.6 16.333333333333332 13.0
16.833333333333332 27.833333333333336 32.0 16.833333333333332 14.6
18.5 31.0 37.8 14.333333333333334 14.0
19.0 28.333333333333332 33.8 13.0 14.0
13.333333333333334 31.833333333333332 31.4 13.166666666666666 13.4
17.666666666666668 33.166666666666664 33.8 14.0 12.4
16.833333333333332 27.833333333333336 32.0 13.0 13.0
15.666666666666666 31.666666666666668 34.0 18.166666666666668 12.0
18.333333333333332 26.166666666666668 30.0 15.333333333333332 16.2
18.0 28.333333333333332 34.4 14.0 13.6
14.0 31.0 33.8 15.666666666666666 11.6
17.166666666666668 28.5 31.4 14.0 14.4
16.166666666666664 28.166666666666668 35.2 15.5 13.4
15.5 30.0 35.4 15.0 12.6
17.166666666666668 29.333333333333332 33.8 17.5 12.8
16.166666666666664 30.5 32.0 15.166666666666666 10.8
15.333333333333332 29.333333333333332 34.8 15.166666666666666 9.0
13.0 29.5 32.2 15.166666666666666 13.2
16.0 31.833333333333332 30.599999999999998 15.666666666666666 13.0
18.666666666666668 33.833333333333336 31.6 15.333333333333332 16.6
13.833333333333332 29.666666666666668 36.2 15.666666666666666 10.6
13.333333333333334 29.833333333333332 34.6 16.833333333333332 13.0
16.333333333333332 31.0 38.6 16.0 13.6
17.666666666666668 31.833333333333332 36.0 14.833333333333334 13.2
14.833333333333334 32.33333333333333 35.2 16.333333333333332 15.0
14.666666666666666 29.0 32.599999999999994 13.333333333333334 15.0
16.0 28.666666666666668 37.400000000000006 14.666666666666666 17.6
16.0 28.666666666666668 32.2 14.333333333333334 14.0
16.333333333333332 27.0 32.0 15.5 13.799999999999999
15.333333333333332 28.5 33.8 13.666666666666668 12.0
14.833333333333334 32.0 32.2 16.333333333333332 13.6
16.166666666666664 28.5 33.4 13.833333333333332 13.6
14.0 30.5 34.6 15.0 12.6
17.0 29.666666666666668 35.0 14.666666666666666 13.799999999999999
17.333333333333332 29.333333333333332 34.0 11.5 15.2
16.0 28.0 32.599999999999994 17.0 12.200000000000001
17.166666666666668 30.0 32.800000000000004 15.833333333333334 14.8
13.0 27.166666666666664 35.8 15.0 15.2
15.166666666666666 28.0 35.0 13.333333333333334 13.2
16.666666666666668 30.166666666666668 34.2 17.166666666666668 13.2
13.833333333333332 27.333333333333336 34.6 15.833333333333334 16.2
18.5 28.5 37.8 13.666666666666668 10.4
16.333333333333332 30.666666666666664 32.599999999999994 14.5 14.200000000000001
14.666666666666666 32.0 31.0 12.0 14.4
14.666666666666666 31.0 30.200000000000003 15.0 12.8
13.666666666666668 30.833333333333336 33.8 15.166666666666666 12.4
16.833333333333332 31.333333333333332 33.6 13.333333333333334 16.8
17.166666666666668 31.5 30.200000000000003 15.0 12.6
16.0 30.166666666666668 30.8 15.333333333333332 12.4
15.5 30.0 34.4 14.666666666666666 15.6
15.666666666666666 29.833333333333332 34.4 15.0 12.8
12.833333333333334 28.166666666666668 35.0 17.166666666666668 14.4
17.166666666666668 30.833333333333336 35.2 15.833333333333334 11.4
17.5 28.166666666666668 34.6 16.333333333333332 14.8
14.666666666666666 29.833333333333332 30.200000000000003 15.5 15.0
17.666666666666668 28.666666666666668 34.8 16.5 12.4
14.0 27.5 34.2 15.666666666666666 18.4
18.166666666666668 27.5 32.2 16.166666666666664 12.6
16.0 29.0 34.6 14.833333333333334 15.4
12.833333333333334 31.166666666666664 33.2 14.333333333333334 13.6
15.166666666666666 27.666666666666664 36.0 11.666666666666668 15.6
15.333333333333332 27.5 32.4 13.5 13.4
17.166666666666668 29.0 32.0 14.666666666666666 14.200000000000001
12.833333333333334 29.666666666666668 35.6 12.833333333333334 14.8
13.666666666666668 30.166666666666668 37.6 13.333333333333334 15.0
14.666666666666666 28.666666666666668 34.8 14.5 11.6
17.5 31.0 33.8 14.5 13.0
13.166666666666666 33.166666666666664 35.0 15.666666666666666 15.6
15.0 29.666666666666668 34.2 14.833333333333334 11.4
15.0 30.0 35.2 15.166666666666666 14.200000000000001
14.666666666666666 30.5 35.4 14.833333333333334 9.799999999999999
17.0 32.33333333333333 32.800000000000004 11.166666666666666 12.0
16.666666666666668 28.333333333333332 33.4 11.333333333333334 16.400000000000002
17.0 30.333333333333332 36.8 13.166666666666666 12.200000000000001
15.333333333333332 29.333333333333332 32.599999999999994 15.833333333333334 12.200000000000001
12.333333333333334 31.5 34.4 12.833333333333334 12.0
