72.57142857142857 68.92857142857142 70.4375 72.35714285714286 72.78571428571429
73.21428571428572 69.35714285714285 71.75 72.57142857142857 73.07142857142857
74.28571428571429 69.92857142857142 72.125 72.57142857142857 73.71428571428572
74.14285714285715 70.14285714285714 71.9375 72.64285714285715 73.42857142857143
74.42857142857143 70.5 72.75 73.35714285714286 74.5
73.5 70.78571428571429 72.3125 74.35714285714286 73.42857142857143
72.78571428571429 69.21428571428571 71.375 72.57142857142857 73.0
74.42857142857143 71.0 72.6875 72.71428571428572 74.07142857142857
73.0 70.78571428571429 72.0 73.21428571428572 73.64285714285715
74.0 72.42857142857143 73.625 72.71428571428572 74.35714285714286
73.57142857142857 69.85714285714285 72.8125 73.07142857142857 74.28571428571429
73.85714285714286 70.28571428571428 72.8125 73.21428571428572 74.14285714285715
73.92857142857143 70.14285714285714 73.0625 73.57142857142857 74.14285714285715
73.57142857142857 70.5 70.8125 72.57142857142857 73.07142857142857
73.85714285714286 69.64285714285714 72.5 74.14285714285715 74.42857142857143
73.64285714285715 70.92857142857143 72.0625 74.85714285714286 74.0
73.71428571428572 68.64285714285714 70.8125 72.64285714285715 73.64285714285715
73.78571428571429 71.28571428571429 71.3125 74.0 74.14285714285715
73.42857142857143 69.35714285714285 71.3125 72.21428571428572 72.85714285714286
73.92857142857143 69.64285714285714 72.875 72.64285714285715 72.71428571428572
74.78571428571429 71.0 73.5625 74.07142857142857 75.14285714285714
74.42857142857143 70.07142857142857 72.125 73.14285714285715 73.71428571428572
73.57142857142857 69.07142857142857 71.0625 71.42857142857143 72.64285714285715
72.5 68.57142857142857 69.5625 71.21428571428572 72.5
74.14285714285715 70.35714285714286 72.375 73.85714285714286 73.28571428571429
72.07142857142858 68.5 71.8125 73.07142857142857 73.78571428571429
73.92857142857143 69.0 71.3125 72.42857142857143 73.71428571428572
73.5 70.42857142857143 71.125 73.35714285714286 74.57142857142857
73.42857142857143 70.42857142857143 71.6875 72.78571428571429 73.21428571428572
74.35714285714286 70.35714285714286 73.25 74.28571428571429 74.78571428571429
73.5 68.57142857142857 72.1875 74.0 73.64285714285715
73.07142857142857 69.5 72.9375 73.85714285714286 74.78571428571429
72.92857142857143 68.07142857142857 71.4375 71.78571428571429 74.07142857142857
73.28571428571429 69.14285714285714 71.8125 73.21428571428572 74.35714285714286
72.14285714285715 69.07142857142857 70.5 72.71428571428572 73.57142857142857
73.57142857142857 68.42857142857142 71.75 72.07142857142858 73.0
73.21428571428572 68.57142857142857 72.375 73.71428571428572 73.57142857142857
72.92857142857143 69.14285714285714 71.375 73.71428571428572 74.07142857142857
74.0 67.0 70.9375 72.42857142857143 74.21428571428572
72.14285714285715 67.92857142857143 70.9375 73.0 73.28571428571429
74.78571428571429 68.64285714285714 70.375 72.35714285714286 74.85714285714286
72.78571428571429 67.78571428571428 71.1875 72.78571428571429 73.71428571428572
73.64285714285715 68.35714285714285 72.5 73.92857142857143 73.78571428571429
73.07142857142857 67.0 70.0625 72.85714285714286 73.85714285714286
74.21428571428572 68.35714285714285 72.125 73.57142857142857 73.57142857142857
72.42857142857143 66.14285714285714 69.0 72.42857142857143 72.92857142857143
72.71428571428572 66.92857142857143 71.5 72.42857142857143 73.92857142857143
73.42857142857143 67.35714285714285 70.0 72.21428571428572 73.0
72.28571428571429 66.85714285714285 71.4375 73.5 74.0
73.14285714285715 66.78571428571428 72.625 72.92857142857143 73.92857142857143
73.64285714285715 68.0 72.25 74.35714285714286 74.35714285714286
73.57142857142857 65.85714285714285 71.5625 73.0 74.0
74.14285714285715 68.21428571428571 72.125 73.78571428571429 75.28571428571429
72.78571428571429 65.57142857142857 71.125 73.71428571428572 74.35714285714286
74.64285714285715 67.21428571428571 71.5 74.5 74.14285714285715
73.42857142857143 65.07142857142857 70.1875 72.85714285714286 72.78571428571429
72.85714285714286 66.0 71.1875 72.78571428571429 74.0
73.71428571428572 64.28571428571428 70.5 72.64285714285715 73.85714285714286
72.14285714285715 64.35714285714286 70.0625 72.28571428571429 73.0
74.21428571428572 64.5 71.4375 73.85714285714286 73.42857142857143
74.57142857142857 66.28571428571428 71.1875 73.35714285714286 74.5
74.0 65.57142857142857 70.0625 74.71428571428572 75.64285714285714
71.5 63.57142857142857 70.0625 72.14285714285715 71.71428571428572
73.21428571428572 64.5 70.3125 73.57142857142857 74.14285714285715
73.57142857142857 63.21428571428571 70.125 71.85714285714286 74.21428571428572
73.64285714285715 63.42857142857143 70.1875 72.64285714285715 74.42857142857143
74.5 62.78571428571429 72.0625 74.28571428571429 76.0
73.78571428571429 62.285714285714285 69.75 72.14285714285715 73.71428571428572
73.64285714285715 61.85714285714286 70.5625 72.5 74.21428571428572
74.21428571428572 61.92857142857143 70.25 73.07142857142857 74.42857142857143
73.14285714285715 62.71428571428571 71.3125 74.14285714285715 74.57142857142857
74.85714285714286 62.78571428571429 70.5 74.21428571428572 74.28571428571429
73.35714285714286 61.0 69.5 73.28571428571429 73.78571428571429
73.92857142857143 60.285714285714285 69.375 74.21428571428572 74.14285714285715
73.42857142857143 60.57142857142858 70.0625 72.42857142857143 73.85714285714286
73.35714285714286 60.0 69.0 72.07142857142858 74.0
74.14285714285715 59.714285714285715 70.0 74.78571428571429 74.5
75.64285714285714 60.785714285714285 70.75 74.85714285714286 75.5
74.42857142857143 59.785714285714285 70.4375 74.57142857142857 74.5
73.85714285714286 60.0 69.75 73.5 74.85714285714286
74.92857142857143 58.642857142857146 70.0 75.57142857142857 75.42857142857143
73.92857142857143 59.142857142857146 70.375 73.5 74.57142857142857
73.85714285714286 56.357142857142854 69.0 72.92857142857143 74.28571428571429
74.5 58.5 70.3125 74.42857142857143 75.07142857142857
74.42857142857143 57.5 69.8125 73.5 74.85714285714286
73.57142857142857 55.0 68.25 73.21428571428572 72.71428571428572
73.85714285714286 55.57142857142857 69.25 73.28571428571429 74.57142857142857
73.78571428571429 56.5 69.6875 74.28571428571429 75.0
73.0 55.142857142857146 68.25 73.5 73.71428571428572
72.64285714285715 51.642857142857146 68.125 73.57142857142857 73.78571428571429
74.5 53.642857142857146 69.125 74.57142857142857 74.57142857142857
73.64285714285715 53.07142857142857 68.0625 74.42857142857143 74.0
75.21428571428572 53.214285714285715 71.1875 74.64285714285715 76.78571428571429
73.78571428571429 51.142857142857146 67.375 73.42857142857143 74.35714285714286
74.57142857142857 50.92857142857143 69.125 75.57142857142857 74.28571428571429
75.64285714285714 50.5 68.25 74.92857142857143 76.28571428571429
75.42857142857143 49.5 67.8125 74.78571428571429 75.5
75.21428571428572 48.785714285714285 69.4375 76.35714285714286 76.92857142857143
75.85714285714286 48.14285714285714 69.375 74.42857142857143 76.21428571428572
74.85714285714286 48.92857142857142 69.4375 75.0 74.85714285714286
74.0 49.357142857142854 68.375 74.5 75.5
66.64285714285714 61.142857142857146 65.8125 68.0 66.5
66.35714285714285 62.357142857142854 65.0625 66.85714285714285 66.14285714285714
65.92857142857143 59.785714285714285 64.5625 65.64285714285714 65.85714285714285
65.35714285714286 61.35714285714286 65.0 66.14285714285714 66.0
75.5 49.07142857142857 68.4375 75.5 76.14285714285714
67.14285714285714 63.5 65.9375 66.57142857142857 66.64285714285714
65.42857142857143 60.785714285714285 63.93749999999999 66.71428571428571 66.5
66.5 63.57142857142857 65.0625 65.92857142857143 66.85714285714285
67.0 61.785714285714285 65.1875 65.92857142857143 67.0
74.57142857142857 52.42857142857143 68.0 74.0 76.5
67.92857142857143 62.92857142857143 65.4375 68.57142857142857 67.71428571428571
67.0 62.78571428571429 66.5 67.42857142857143 66.57142857142857
67.0 62.64285714285714 65.5625 65.21428571428571 67.64285714285714
67.0 62.142857142857146 65.0625 66.57142857142857 66.21428571428571
73.92857142857143 48.214285714285715 68.5625 74.35714285714286 75.92857142857143
67.14285714285714 62.285714285714285 64.625 66.92857142857143 66.78571428571428
67.0 63.28571428571429 67.25 68.21428571428571 68.0
67.28571428571428 63.71428571428571 66.5625 67.21428571428571 67.07142857142857
67.71428571428571 62.142857142857146 65.0625 66.57142857142857 66.71428571428571
74.21428571428572 51.07142857142858 66.8125 73.0 74.85714285714286
65.78571428571428 61.85714285714286 65.375 66.21428571428571 66.42857142857143
65.85714285714285 62.64285714285714 65.625 67.71428571428571 66.64285714285714
66.14285714285714 62.42857142857143 65.75 68.28571428571428 67.28571428571428
68.14285714285714 62.71428571428571 66.0625 67.5 67.71428571428571
66.21428571428571 61.0 65.0 66.5 66.14285714285714
66.78571428571428 62.07142857142857 64.4375 66.07142857142857 66.64285714285714
65.0 60.07142857142858 65.1875 65.78571428571428 66.85714285714285
65.42857142857143 61.0 64.1875 65.42857142857143 64.42857142857143
66.85714285714285 61.85714285714286 65.3125 66.92857142857143 66.85714285714285
67.42857142857143 63.92857142857143 65.9375 66.92857142857143 67.5
74.57142857142857 54.285714285714285 69.0 74.78571428571429 76.0
74.64285714285715 51.07142857142858 67.25 75.28571428571429 75.64285714285714
74.07142857142857 48.0 65.8125 73.0 74.85714285714286
74.28571428571429 46.714285714285715 66.3125 73.85714285714286 76.14285714285714
74.35714285714286 47.07142857142857 66.4375 75.21428571428572 75.78571428571429
74.0 45.07142857142858 65.25 74.71428571428572 76.0
75.57142857142857 46.92857142857143 66.4375 75.64285714285714 77.92857142857143
75.07142857142857 43.214285714285715 64.3125 74.14285714285715 75.64285714285714
73.64285714285715 40.57142857142857 63.68749999999999 74.92857142857143 74.71428571428572
75.71428571428572 39.785714285714285 64.75 75.57142857142857 77.28571428571429
75.07142857142857 39.285714285714285 63.75 75.57142857142857 76.57142857142857
75.07142857142857 37.714285714285715 63.81249999999999 76.5 77.57142857142857
75.35714285714286 33.5 61.8125 75.78571428571429 76.78571428571429
74.07142857142857 31.857142857142854 60.3125 75.57142857142857 77.07142857142857
76.35714285714286 30.142857142857142 61.25 76.85714285714286 77.78571428571429
76.42857142857143 27.785714285714285 60.3125 77.14285714285714 77.64285714285714
75.42857142857143 26.214285714285715 58.4375 76.64285714285714 77.42857142857143
75.92857142857143 24.785714285714285 56.5625 76.14285714285714 77.71428571428571
75.07142857142857 23.642857142857142 57.4375 77.14285714285714 78.21428571428571
75.71428571428572 20.71428571428571 58.0625 77.07142857142857 77.42857142857143
76.28571428571429 17.142857142857142 55.8125 77.78571428571429 78.0
74.78571428571429 16.357142857142858 54.0625 75.78571428571429 78.21428571428571
77.64285714285714 14.571428571428571 52.8125 77.57142857142857 79.28571428571428
77.35714285714286 13.142857142857144 51.25 77.07142857142857 79.35714285714286
77.28571428571429 12.357142857142856 51.875 77.0 79.42857142857143
77.21428571428571 10.714285714285714 52.125 78.57142857142857 80.57142857142857
76.85714285714286 10.142857142857142 49.875 77.35714285714286 79.14285714285714
78.42857142857143 8.071428571428571 48.6875 79.21428571428571 80.57142857142857
78.35714285714286 6.428571428571429 47.5625 78.21428571428571 79.92857142857143
78.07142857142857 5.071428571428571 46.3125 77.57142857142857 80.5
77.85714285714286 5.5 45.3125 78.92857142857143 80.64285714285714
78.0 5.357142857142857 46.375 79.28571428571428 81.42857142857143
77.28571428571429 5.0 43.875 78.21428571428571 80.42857142857143
78.42857142857143 4.142857142857142 41.875 78.57142857142857 80.14285714285714
76.85714285714286 4.428571428571429 41.4375 79.35714285714286 80.78571428571428
78.35714285714286 3.7142857142857144 40.375 78.71428571428571 80.64285714285714
77.78571428571429 3.071428571428571 39.4375 78.14285714285714 80.85714285714286
78.0 3.071428571428571 37.875 79.57142857142857 83.07142857142857
76.57142857142857 2.642857142857143 36.75 77.78571428571429 80.28571428571428
79.14285714285714 2.857142857142857 37.75 79.42857142857143 82.14285714285714
79.42857142857143 2.785714285714286 36.9375 78.07142857142857 82.07142857142857
78.71428571428571 2.142857142857143 35.125 79.42857142857143 82.14285714285714
77.71428571428571 1.3571428571428572 34.3125 77.78571428571429 81.42857142857143
79.28571428571428 1.5714285714285714 35.25 80.14285714285714 82.78571428571428
78.07142857142857 1.4285714285714286 32.375 80.57142857142857 81.28571428571428
79.21428571428571 1.2142857142857142 32.5625 79.64285714285714 82.5
77.71428571428571 1.142857142857143 28.625 79.42857142857143 82.07142857142857
77.71428571428571 0.7857142857142857 29.25 79.28571428571428 82.28571428571428
79.35714285714286 0.7857142857142857 28.5625 80.57142857142857 83.21428571428571
79.0 0.9285714285714286 26.25 79.92857142857143 83.57142857142857
79.21428571428571 0.8571428571428571 27.6875 79.57142857142857 82.92857142857143
79.28571428571428 0.28571428571428575 25.5 79.85714285714286 83.57142857142857
78.64285714285714 0.28571428571428575 24.25 80.14285714285714 83.78571428571428
78.71428571428571 0.35714285714285715 24.375 80.57142857142857 84.0
78.42857142857143 0.5 21.8125 78.85714285714286 81.92857142857143
78.21428571428571 0.5 22.0 78.5 82.57142857142857
80.92857142857143 0.42857142857142855 21.1875 81.35714285714286 85.21428571428571
79.57142857142857 0.28571428571428575 20.0625 78.85714285714286 84.21428571428571
79.92857142857143 0.21428571428571427 21.125 79.92857142857143 84.71428571428571
80.21428571428571 0.28571428571428575 18.625 80.07142857142857 84.57142857142857
79.42857142857143 0.14285714285714288 19.25 80.5 86.0
80.21428571428571 0.14285714285714288 17.3125 79.92857142857143 85.21428571428571
79.21428571428571 0.28571428571428575 15.25 79.78571428571428 85.21428571428571
79.78571428571428 0.14285714285714288 15.5 79.57142857142857 85.42857142857142
80.28571428571428 0.21428571428571427 15.0625 80.5 85.0
80.85714285714286 0.07142857142857144 15.0 80.92857142857143 85.35714285714285
80.07142857142857 0.07142857142857144 13.4375 79.57142857142857 85.42857142857142
79.0 0.14285714285714288 12.3125 77.28571428571429 83.57142857142857
80.85714285714286 0.14285714285714288 12.6875 80.0 85.64285714285714
81.35714285714286 0.21428571428571427 11.8125 79.42857142857143 86.14285714285715
80.64285714285714 0.07142857142857144 11.375 79.78571428571428 86.42857142857143
81.28571428571428 0.0 10.375 80.14285714285714 86.07142857142858
78.71428571428571 0.07142857142857144 9.1875 77.14285714285714 85.28571428571428
78.85714285714286 0.14285714285714288 8.5625 77.28571428571429 85.57142857142857
79.78571428571428 0.0 8.875 78.07142857142857 85.42857142857142
80.57142857142857 0.0 9.1875 78.42857142857143 86.07142857142858
80.5 0.07142857142857144 8.125 78.85714285714286 85.14285714285714
80.85714285714286 0.07142857142857144 7.125 78.78571428571429 85.21428571428571
81.28571428571428 0.0 7.875 79.21428571428571 87.28571428571429
79.78571428571428 0.0 7.4375 78.78571428571429 86.5
