85.66666666666667 81.9 82.0 83.8 86.33333333333333
86.22222222222223 82.19999999999999 83.375 85.1 86.22222222222223
85.33333333333333 81.60000000000001 82.75 85.3 86.0
84.55555555555556 81.8 81.875 85.0 86.33333333333333
85.55555555555556 82.19999999999999 83.5 84.2 86.77777777777777
85.44444444444444 82.10000000000001 83.125 83.3 85.77777777777777
85.33333333333333 81.3 83.0 83.8 85.66666666666667
85.88888888888889 82.3 82.875 85.4 86.88888888888889
86.11111111111111 82.10000000000001 84.375 84.7 87.0
85.11111111111111 81.3 83.625 84.2 86.55555555555556
84.88888888888889 82.8 84.25 84.5 87.0
85.66666666666667 82.19999999999999 83.375 84.1 86.66666666666667
85.66666666666667 82.60000000000001 84.75 84.3 86.22222222222223
85.55555555555556 82.69999999999999 83.0 84.3 87.11111111111111
86.22222222222223 82.60000000000001 83.75 85.0 86.11111111111111
85.88888888888889 83.6 83.75 84.4 86.66666666666667
85.66666666666667 82.4 82.25 83.5 86.11111111111111
85.44444444444444 84.0 83.5 84.5 87.11111111111111
84.77777777777777 83.2 83.75 83.4 85.88888888888889
85.66666666666667 82.10000000000001 82.5 84.1 86.11111111111111
86.11111111111111 82.8 83.5 84.8 87.11111111111111
86.22222222222223 81.8 82.625 85.2 86.22222222222223
85.88888888888889 82.60000000000001 82.375 84.4 85.11111111111111
83.55555555555554 81.4 81.875 83.2 84.22222222222223
86.44444444444444 83.4 83.5 84.3 86.0
85.55555555555556 81.9 83.5 84.4 86.44444444444444
84.88888888888889 82.3 83.75 83.9 86.55555555555556
85.33333333333333 82.69999999999999 83.625 84.6 86.55555555555556
85.55555555555556 82.5 82.75 83.8 86.55555555555556
87.33333333333333 83.2 84.0 85.0 88.0
85.33333333333333 82.19999999999999 84.875 84.1 86.66666666666667
86.33333333333333 83.2 83.875 85.1 86.77777777777777
84.88888888888889 81.10000000000001 82.625 83.5 85.44444444444444
85.77777777777777 82.5 84.125 84.6 86.66666666666667
85.55555555555556 81.8 82.625 84.1 86.0
84.77777777777777 82.4 81.625 84.0 86.22222222222223
86.44444444444444 82.69999999999999 82.375 84.0 86.11111111111111
84.33333333333333 82.19999999999999 82.75 83.9 86.22222222222223
86.0 81.69999999999999 82.5 84.9 86.44444444444444
85.22222222222223 81.4 83.0 83.4 86.66666666666667
85.88888888888889 82.3 83.625 85.0 86.0
84.88888888888889 81.19999999999999 82.25 85.2 86.22222222222223
86.11111111111111 82.10000000000001 84.0 84.5 86.11111111111111
85.0 81.69999999999999 82.0 84.3 86.55555555555556
86.55555555555556 82.8 82.75 84.9 86.88888888888889
85.66666666666667 81.10000000000001 81.875 83.8 86.22222222222223
84.88888888888889 81.3 83.375 83.9 86.22222222222223
85.77777777777777 82.0 81.75 84.2 86.0
85.88888888888889 81.0 82.375 84.9 86.88888888888889
86.77777777777777 81.60000000000001 83.5 85.6 86.33333333333333
86.55555555555556 81.9 85.25 84.0 86.44444444444444
85.88888888888889 81.60000000000001 83.125 84.5 86.88888888888889
86.22222222222223 81.69999999999999 84.75 85.0 86.33333333333333
85.11111111111111 82.4 83.0 84.1 87.44444444444444
86.22222222222223 82.3 83.375 84.3 86.22222222222223
85.44444444444444 82.69999999999999 82.625 84.0 86.55555555555556
85.44444444444444 82.0 83.0 85.3 86.44444444444444
86.0 80.9 82.25 85.0 85.55555555555556
84.33333333333333 81.3 83.0 83.2 85.88888888888889
84.88888888888889 81.19999999999999 83.25 84.8 86.11111111111111
86.33333333333333 81.60000000000001 82.625 84.3 86.11111111111111
86.33333333333333 82.5 83.75 85.2 86.44444444444444
84.44444444444444 80.60000000000001 83.375 82.60000000000001 85.88888888888889
86.11111111111111 80.4 83.125 84.8 86.33333333333333
84.44444444444444 80.10000000000001 83.5 84.4 85.22222222222223
85.77777777777777 81.10000000000001 82.75 84.6 87.11111111111111
86.77777777777777 80.3 83.25 85.5 86.88888888888889
86.66666666666667 81.19999999999999 84.0 84.5 86.44444444444444
84.55555555555556 79.8 83.25 83.1 85.77777777777777
85.44444444444444 80.4 81.75 83.7 86.22222222222223
86.0 80.9 83.125 85.1 87.77777777777777
87.11111111111111 82.0 83.125 85.1 86.88888888888889
86.11111111111111 80.9 83.0 84.7 86.77777777777777
86.44444444444444 81.10000000000001 83.0 83.9 86.33333333333333
85.55555555555556 79.39999999999999 82.625 84.5 87.44444444444444
86.0 79.5 82.0 84.4 86.0
86.77777777777777 81.19999999999999 83.125 85.2 86.33333333333333
85.88888888888889 81.10000000000001 84.375 85.4 86.0
85.88888888888889 81.3 83.875 84.3 86.33333333333333
85.0 80.4 83.25 83.6 86.88888888888889
86.11111111111111 79.9 83.625 84.5 86.66666666666667
85.66666666666667 79.9 82.625 84.6 87.11111111111111
85.77777777777777 79.5 82.75 83.8 86.44444444444444
87.44444444444444 80.0 83.125 85.4 87.22222222222223
85.66666666666667 80.4 83.375 84.7 86.55555555555556
85.44444444444444 78.2 82.75 83.4 86.44444444444444
86.44444444444444 79.3 82.75 83.2 86.11111111111111
86.11111111111111 79.5 83.875 84.8 86.22222222222223
85.77777777777777 79.3 82.375 83.0 86.33333333333333
86.22222222222223 78.89999999999999 81.625 84.7 85.33333333333333
85.55555555555556 79.10000000000001 83.125 84.3 86.11111111111111
84.88888888888889 79.39999999999999 82.625 83.2 86.55555555555556
86.44444444444444 78.5 83.375 84.8 88.88888888888889
86.0 77.5 82.5 84.6 85.22222222222223
85.66666666666667 78.89999999999999 82.25 84.6 86.44444444444444
87.44444444444444 78.0 83.125 85.3 88.11111111111111
87.22222222222223 78.5 82.75 84.8 87.88888888888889
86.77777777777777 78.7 83.5 84.3 87.88888888888889
87.22222222222223 77.60000000000001 84.5 85.0 87.77777777777777
86.66666666666667 77.89999999999999 82.75 84.6 86.33333333333333
86.66666666666667 78.0 82.625 84.8 86.22222222222223
82.1111111111111 80.3 82.5 81.69999999999999 81.55555555555556
81.44444444444444 81.0 82.0 80.69999999999999 81.55555555555556
81.33333333333333 80.19999999999999 81.75 81.10000000000001 80.55555555555556
80.77777777777779 80.8 81.25 80.60000000000001 81.66666666666667
86.77777777777777 77.5 83.125 84.9 87.11111111111111
81.0 80.60000000000001 82.125 82.10000000000001 82.66666666666667
82.33333333333333 78.89999999999999 80.75 80.0 81.1111111111111
82.0 80.19999999999999 81.5 81.69999999999999 79.88888888888889
80.88888888888889 81.10000000000001 80.625 81.10000000000001 81.44444444444444
86.88888888888889 79.2 81.25 85.5 86.66666666666667
83.11111111111111 81.3 82.0 81.60000000000001 82.1111111111111
81.44444444444444 81.19999999999999 81.5 81.69999999999999 81.44444444444444
80.66666666666666 80.3 80.625 81.3 81.33333333333333
81.33333333333333 79.69999999999999 82.0 81.60000000000001 82.33333333333333
87.33333333333333 77.39999999999999 83.5 85.0 87.66666666666667
81.1111111111111 81.3 81.875 82.0 81.22222222222223
82.0 80.9 82.125 82.5 83.0
81.66666666666667 81.19999999999999 82.25 81.0 82.44444444444444
81.66666666666667 81.5 82.375 81.60000000000001 81.44444444444444
86.11111111111111 78.5 81.75 84.0 86.66666666666667
81.77777777777779 80.19999999999999 81.875 81.5 80.55555555555556
81.88888888888889 80.9 81.5 82.10000000000001 82.1111111111111
82.44444444444444 81.0 82.0 81.60000000000001 81.33333333333333
81.66666666666667 80.9 81.875 82.4 82.22222222222223
81.88888888888889 79.8 81.375 81.5 81.0
81.44444444444444 79.69999999999999 81.25 81.8 81.33333333333333
81.88888888888889 79.39999999999999 80.375 81.10000000000001 82.1111111111111
82.22222222222223 79.39999999999999 80.75 80.9 81.55555555555556
80.88888888888889 80.69999999999999 81.75 81.19999999999999 81.22222222222223
82.33333333333333 81.8 82.125 81.9 82.88888888888889
86.55555555555556 80.10000000000001 82.0 85.4 87.88888888888889
87.33333333333333 78.7 81.875 85.9 86.88888888888889
86.44444444444444 78.10000000000001 81.125 83.1 86.66666666666667
85.33333333333333 78.60000000000001 82.625 84.8 87.77777777777777
85.77777777777777 78.39999999999999 81.0 85.3 87.22222222222223
86.33333333333333 77.7 82.5 85.1 87.66666666666667
86.66666666666667 77.7 82.625 85.0 88.0
86.55555555555556 76.1 80.875 84.4 86.88888888888889
85.77777777777777 76.7 80.125 83.9 87.44444444444444
87.55555555555556 76.8 81.625 85.1 88.66666666666667
87.77777777777777 76.7 81.375 85.7 87.22222222222223
87.33333333333333 75.80000000000001 82.25 86.0 87.44444444444444
87.66666666666667 75.39999999999999 80.5 85.7 87.66666666666667
87.0 74.6 80.875 84.1 87.55555555555556
87.22222222222223 74.89999999999999 81.5 85.5 88.88888888888889
88.66666666666667 74.89999999999999 80.375 84.9 88.11111111111111
86.88888888888889 72.9 79.5 86.2 88.88888888888889
87.77777777777777 73.1 78.5 84.9 88.77777777777777
87.33333333333333 72.8 80.25 86.1 88.55555555555556
87.11111111111111 71.4 80.125 84.6 89.22222222222221
88.0 71.1 78.0 85.9 88.11111111111111
87.11111111111111 70.1 79.375 84.7 87.88888888888889
88.88888888888889 69.5 79.25 86.1 88.11111111111111
88.33333333333333 68.6 79.125 84.7 88.33333333333333
87.66666666666667 68.5 78.5 85.5 88.66666666666667
88.88888888888889 68.8 79.5 85.7 90.33333333333333
86.55555555555556 67.7 78.0 85.7 89.33333333333333
90.11111111111111 66.60000000000001 78.625 86.8 88.77777777777777
89.11111111111111 65.10000000000001 77.0 87.0 89.66666666666667
87.77777777777777 64.60000000000001 76.375 86.0 89.33333333333333
88.11111111111111 63.9 77.625 86.2 90.66666666666667
89.0 65.19999999999999 77.625 85.8 91.0
89.33333333333333 63.1 76.125 87.1 89.66666666666667
89.11111111111111 62.199999999999996 74.75 86.0 90.22222222222221
89.55555555555556 60.900000000000006 75.0 87.3 89.77777777777777
88.77777777777777 61.199999999999996 75.375 86.4 90.33333333333333
89.44444444444444 60.199999999999996 74.875 86.5 89.44444444444444
89.0 58.8 74.125 86.8 90.44444444444444
89.0 58.0 73.25 85.0 89.55555555555556
89.66666666666667 57.5 74.75 86.5 90.0
89.44444444444444 56.7 73.625 86.5 90.22222222222221
89.44444444444444 56.9 73.625 86.4 89.44444444444444
89.22222222222221 56.4 72.75 87.2 90.33333333333333
89.77777777777777 56.0 73.875 87.0 90.8888888888889
90.33333333333333 56.800000000000004 72.0 87.0 90.22222222222221
89.77777777777777 53.6 70.625 86.9 91.33333333333334
89.33333333333333 52.400000000000006 70.875 87.2 91.77777777777777
89.55555555555556 51.1 69.625 86.8 90.11111111111111
89.66666666666667 51.2 70.625 86.5 90.8888888888889
89.8888888888889 50.3 69.375 88.5 91.77777777777777
89.11111111111111 49.7 70.0 86.9 91.55555555555556
90.11111111111111 49.2 67.75 87.5 90.66666666666667
89.66666666666667 48.599999999999994 67.25 87.8 91.55555555555556
91.0 47.199999999999996 67.875 87.7 90.44444444444444
90.33333333333333 45.400000000000006 63.75 87.2 90.0
89.66666666666667 42.0 65.125 87.2 91.55555555555556
90.8888888888889 46.0 67.125 87.2 91.33333333333334
90.0 43.0 63.875 87.6 90.8888888888889
91.22222222222221 42.3 64.25 87.9 92.22222222222221
91.11111111111111 43.1 63.75 87.5 92.0
90.8888888888889 41.099999999999994 62.875 88.5 92.44444444444444
90.8888888888889 37.400000000000006 61.125 88.3 92.11111111111111
90.8888888888889 36.900000000000006 59.875 88.5 92.33333333333334
90.22222222222221 37.8 61.0 88.5 91.55555555555556
91.22222222222221 38.3 59.5 89.1 92.0
91.11111111111111 37.6 58.75 89.0 92.66666666666666
90.55555555555556 36.1 59.5 88.1 92.66666666666666
90.22222222222221 34.5 56.375 88.0 92.33333333333334
91.66666666666666 35.9 58.25 89.5 93.0
91.11111111111111 33.099999999999994 56.5 88.1 92.33333333333334
90.77777777777777 30.900000000000002 54.875 89.30000000000001 93.55555555555556
91.44444444444444 34.0 56.125 87.7 92.66666666666666
91.0 28.7 53.375 88.1 92.22222222222221
91.0 29.1 50.375 88.1 92.0
91.33333333333334 30.900000000000002 49.875 87.9 93.11111111111111
91.44444444444444 30.599999999999998 51.75 88.9 93.22222222222221
90.55555555555556 29.2 50.5 88.9 91.55555555555556
91.66666666666666 27.7 50.0 88.7 92.33333333333334
92.11111111111111 29.0 51.75 89.2 93.0
90.22222222222221 28.400000000000002 49.75 89.0 93.88888888888889
