32935.000 -0.400 -0.400 0.352
32936.000 -0.400 -0.331 0.098
32937.000 -0.400 -0.262 0.187
32938.000 -0.400 -0.192 0.330
32939.000 -0.400 -0.123 0.241
32940.000 -0.400 -0.054 0.438
32941.000 -0.400 0.015 0.427
32942.000 -0.400 0.085 0.289
32943.000 -0.400 0.154 0.256
32944.000 -0.400 0.223 0.201
32945.000 -0.400 0.292 0.089
32946.000 -0.400 0.362 0.174
32947.000 -0.400 0.431 0.323
32948.000 -0.331 -0.400 0.333
32949.000 -0.331 -0.331 0.250
32950.000 -0.331 -0.262 0.295
32951.000 -0.331 -0.192 0.084
32952.000 -0.331 -0.123 0.092
32953.000 -0.331 -0.054 0.230
32954.000 -0.331 0.015 0.130
32955.000 -0.331 0.085 0.458
32956.000 -0.331 0.154 0.359
32957.000 -0.331 0.223 0.437
32958.000 -0.331 0.292 0.409
32959.000 -0.331 0.362 0.134
32960.000 -0.331 0.431 0.223
32961.000 -0.262 -0.400 0.426
32962.000 -0.262 -0.331 0.356
32963.000 -0.262 -0.262 0.279
32964.000 -0.262 -0.192 0.209
32965.000 -0.262 -0.123 0.113
32966.000 -0.262 -0.054 0.145
32967.000 -0.262 0.015 0.188
32968.000 -0.262 0.085 0.496
32969.000 -0.262 0.154 0.036
32970.000 -0.262 0.223 0.283
32971.000 -0.262 0.292 0.347
32972.000 -0.262 0.362 0.068
32973.000 -0.262 0.431 0.292
32974.000 -0.192 -0.400 0.050
32975.000 -0.192 -0.331 0.218
32976.000 -0.192 -0.262 0.027
32977.000 -0.192 -0.192 0.367
32978.000 -0.192 -0.123 0.223
32979.000 -0.192 -0.054 0.496
32980.000 -0.192 0.015 0.162
32981.000 -0.192 0.085 0.224
32982.000 -0.192 0.154 0.396
32983.000 -0.192 0.223 0.231
32984.000 -0.192 0.292 0.342
32985.000 -0.192 0.362 0.037
32986.000 -0.192 0.431 0.233
32987.000 -0.123 -0.400 0.255
32988.000 -0.123 -0.331 0.161
32989.000 -0.123 -0.262 0.032
32990.000 -0.123 -0.192 0.444
32991.000 -0.123 -0.123 0.380
32992.000 -0.123 -0.054 0.117
32993.000 -0.123 0.015 0.271
32994.000 -0.123 0.085 0.096
32995.000 -0.123 0.154 0.404
32996.000 -0.123 0.223 0.444
32997.000 -0.123 0.292 0.403
32998.000 -0.123 0.362 0.207
32999.000 -0.123 0.431 0.110
33000.000 -0.054 -0.400 0.462
33001.000 -0.054 -0.331 0.496
33002.000 -0.054 -0.262 0.454
33003.000 -0.054 -0.192 0.111
33004.000 -0.054 -0.123 0.188
33005.000 -0.054 -0.054 0.376
33006.000 -0.054 0.015 0.158
33007.000 -0.054 0.085 0.355
33008.000 -0.054 0.154 0.372
33009.000 -0.054 0.223 0.199
33010.000 -0.054 0.292 0.375
33011.000 -0.054 0.362 0.486
33012.000 -0.054 0.431 0.459
33013.000 0.015 -0.400 0.074
33014.000 0.015 -0.331 0.489
33015.000 0.015 -0.262 0.179
33016.000 0.015 -0.192 0.329
33017.000 0.015 -0.123 0.080
33018.000 0.015 -0.054 0.453
33019.000 0.015 0.015 0.381
33020.000 0.015 0.085 0.133
33021.000 0.015 0.154 0.478
33022.000 0.015 0.223 0.367
33023.000 0.015 0.292 0.269
33024.000 0.015 0.362 0.477
33025.000 0.015 0.431 0.076
33026.000 0.085 -0.400 0.048
33027.000 0.085 -0.331 0.129
33028.000 0.085 -0.262 0.022
33029.000 0.085 -0.192 0.336
33030.000 0.085 -0.123 0.467
33031.000 0.085 -0.054 0.186
33032.000 0.085 0.015 0.188
33033.000 0.085 0.085 0.065
33034.000 0.085 0.154 0.240
33035.000 0.085 0.223 0.241
33036.000 0.085 0.292 0.450
33037.000 0.085 0.362 0.213
33038.000 0.085 0.431 0.252
33039.000 0.154 -0.400 0.137
33040.000 0.154 -0.331 0.181
33041.000 0.154 -0.262 0.013
33042.000 0.154 -0.192 0.384
33043.000 0.154 -0.123 0.252
33044.000 0.154 -0.054 0.423
33045.000 0.154 0.015 0.219
33046.000 0.154 0.085 0.414
33047.000 0.154 0.154 0.463
33048.000 0.154 0.223 0.449
33049.000 0.154 0.292 0.060
33050.000 0.154 0.362 0.448
33051.000 0.154 0.431 0.151
33052.000 0.223 -0.400 0.115
33053.000 0.223 -0.331 0.373
33054.000 0.223 -0.262 0.399
33055.000 0.223 -0.192 0.488
33056.000 0.223 -0.123 0.178
33057.000 0.223 -0.054 0.407
33058.000 0.223 0.015 0.169
33059.000 0.223 0.085 0.273
33060.000 0.223 0.154 0.338
33061.000 0.223 0.223 0.284
33062.000 0.223 0.292 0.345
33063.000 0.223 0.362 0.180
33064.000 0.223 0.431 0.078
33065.000 0.292 -0.400 0.480
33066.000 0.292 -0.331 0.252
33067.000 0.292 -0.262 0.181
33068.000 0.292 -0.192 0.259
33069.000 0.292 -0.123 0.150
33070.000 0.292 -0.054 0.064
33071.000 0.292 0.015 0.145
33072.000 0.292 0.085 0.286
33073.000 0.292 0.154 0.209
33074.000 0.292 0.223 0.338
33075.000 0.292 0.292 0.069
33076.000 0.292 0.362 0.325
33077.000 0.292 0.431 0.378
33078.000 0.362 -0.400 0.379
33079.000 0.362 -0.331 0.183
33080.000 0.362 -0.262 0.325
33081.000 0.362 -0.192 0.174
33082.000 0.362 -0.123 0.471
33083.000 0.362 -0.054 0.460
33084.000 0.362 0.085 0.377
33085.000 0.362 0.154 0.216
33086.000 0.362 0.223 0.097
33087.000 0.362 0.292 0.351
33088.000 0.362 0.362 0.074
33089.000 0.362 0.431 0.061
33090.000 0.431 -0.400 0.394
33091.000 0.431 -0.331 0.492
33092.000 0.431 -0.262 0.375
33093.000 0.431 -0.192 0.013
33094.000 0.431 -0.123 0.322
33095.000 0.431 -0.054 0.110
33096.000 0.431 0.015 0.319
33097.000 0.431 0.085 0.074
33098.000 0.431 0.154 0.438
33099.000 0.431 0.223 0.089
33100.000 0.431 0.292 0.225
33101.000 0.431 0.362 0.069
33102.000 0.431 0.431 0.227
