0.0 0.15020297699594048 0.05394190871369295 0.0014749262536873156 0.0
0.0014084507042253522 0.16982408660351828 0.05601659751037344 0.0007374631268436578 0.0
0.0014084507042253522 0.15087956698240867 0.05532503457814661 0.0 0.0
0.0007042253521126761 0.16170500676589988 0.05601659751037344 0.0 0.0
0.0014084507042253522 0.12855209742895807 0.05601659751037344 0.0007374631268436578 0.0
0.0014084507042253522 0.15629228687415428 0.05394190871369295 0.0 0.0
0.0 0.16373477672530448 0.057399723374827114 0.0007374631268436578 0.0006793478260869566
0.0014084507042253522 0.13937753721244928 0.059474412171507604 0.0 0.0
0.0 0.14276048714479025 0.056708160442600276 0.0 0.0
0.0007042253521126761 0.14005412719891747 0.051175656984785614 0.0007374631268436578 0.0
0.0 0.14208389715832206 0.058782849239280774 0.0 0.0
0.002112676056338028 0.15155615696887687 0.06431535269709543 0.0 0.0
0.0007042253521126761 0.15020297699594048 0.05463347164591978 0.0007374631268436578 0.0
0.002112676056338028 0.1576454668470907 0.058091286307053944 0.0 0.0
0.002112676056338028 0.17523680649526388 0.06915629322268327 0.0 0.0
0.0007042253521126761 0.16238159675236807 0.06431535269709543 0.0007374631268436578 0.0
0.0014084507042253522 0.16373477672530448 0.06016597510373444 0.0007374631268436578 0.0
0.0014084507042253522 0.15087956698240867 0.07607192254495158 0.0 0.0006793478260869566
0.0 0.12990527740189445 0.058782849239280774 0.0022123893805309734 0.0
0.0 0.15087956698240867 0.06639004149377593 0.0007374631268436578 0.0
0.0028169014084507044 0.15561569688768606 0.04910096818810512 0.0 0.0
0.0014084507042253522 0.16238159675236807 0.07883817427385893 0.0 0.0
0.002112676056338028 0.14276048714479025 0.059474412171507604 0.0014749262536873156 0.0
0.0007042253521126761 0.15358592692828146 0.058782849239280774 0.0007374631268436578 0.0
0.0007042253521126761 0.1671177266576455 0.05532503457814661 0.0 0.0
0.0028169014084507044 0.19282814614343707 0.056708160442600276 0.0 0.0
0.002112676056338028 0.18064952638700946 0.04633471645919779 0.0 0.0
0.0014084507042253522 0.19012178619756426 0.05532503457814661 0.0 0.0
0.0028169014084507044 0.17591339648173207 0.05255878284923928 0.0 0.0
0.0035211267605633804 0.16170500676589988 0.058091286307053944 0.0007374631268436578 0.0
0.0007042253521126761 0.22327469553450607 0.06431535269709543 0.0 0.0
0.0014084507042253522 0.18132611637347765 0.06224066390041494 0.0 0.0
0.0028169014084507044 0.19553450608930986 0.07261410788381743 0.0 0.0
0.0007042253521126761 0.19485791610284167 0.0656984785615491 0.0007374631268436578 0.0
0.004225352112676056 0.21515561569688768 0.07538035961272475 0.0 0.0
0.0007042253521126761 0.19959404600811906 0.06016597510373444 0.0 0.0
0.0007042253521126761 0.2442489851150203 0.057399723374827114 0.0 0.0
0.0 0.18403247631935046 0.07814661134163209 0.0 0.0
0.0014084507042253522 0.21989174560216507 0.06708160442600276 0.0007374631268436578 0.0
0.0007042253521126761 0.2374830852503383 0.0656984785615491 0.0014749262536873156 0.0
0.0014084507042253522 0.2428958051420839 0.07883817427385893 0.0007374631268436578 0.0
0.0014084507042253522 0.23071718538565628 0.06915629322268327 0.0007374631268436578 0.0
0.0007042253521126761 0.2442489851150203 0.06224066390041494 0.0007374631268436578 0.0
0.0014084507042253522 0.2652232746955345 0.0739972337482711 0.0007374631268436578 0.0
0.0007042253521126761 0.2767253044654939 0.06915629322268327 0.0007374631268436578 0.0
0.0035211267605633804 0.2807848443843031 0.0719225449515906 0.0 0.0
0.0007042253521126761 0.2645466847090663 0.06915629322268327 0.0007374631268436578 0.0
0.0 0.2706359945872801 0.10096818810511757 0.0 0.0
0.0007042253521126761 0.2442489851150203 0.06915629322268327 0.0 0.0006793478260869566
0.0014084507042253522 0.2834912043301759 0.0719225449515906 0.0007374631268436578 0.0
0.0007042253521126761 0.30446549391069017 0.07676348547717841 0.0 0.0
0.0 0.2814614343707713 0.06500691562932227 0.0 0.0
0.0014084507042253522 0.31326116373477675 0.0850622406639004 0.0014749262536873156 0.0
0.0014084507042253522 0.31461434370771313 0.07607192254495158 0.0014749262536873156 0.0
0.002112676056338028 0.34303112313937756 0.08022130013831259 0.0 0.0
0.0007042253521126761 0.33829499323410017 0.09266943291839558 0.0 0.0
0.0014084507042253522 0.32205683355886333 0.07607192254495158 0.0 0.0
0.002112676056338028 0.38497970230040596 0.09681881051175657 0.0 0.0
0.002112676056338028 0.33694181326116374 0.0719225449515906 0.0022123893805309734 0.0
0.0028169014084507044 0.3572395128552098 0.1078838174273859 0.0014749262536873156 0.0
0.002112676056338028 0.34235453315290937 0.09266943291839558 0.0 0.0
0.0007042253521126761 0.4066305818673884 0.0954356846473029 0.0 0.0
0.0007042253521126761 0.38971583220568334 0.09059474412171507 0.0007374631268436578 0.0
0.0014084507042253522 0.4485791610284168 0.09059474412171507 0.0 0.0
0.0007042253521126761 0.42625169147496617 0.12240663900414937 0.0 0.0
0.0014084507042253522 0.4512855209742896 0.0954356846473029 0.0 0.0
0.002112676056338028 0.4851150202976996 0.09681881051175657 0.0 0.0
0.0007042253521126761 0.48308525033829497 0.08852005532503458 0.0007374631268436578 0.0
0.0014084507042253522 0.49797023004059543 0.11065006915629322 0.0 0.0
0.0007042253521126761 0.5006765899864682 0.10373443983402489 0.0022123893805309734 0.0
0.0014084507042253522 0.527063599458728 0.09681881051175657 0.0 0.0
0.0007042253521126761 0.516914749661705 0.11065006915629322 0.0007374631268436578 0.0
0.0007042253521126761 0.5277401894451963 0.11134163208852005 0.0007374631268436578 0.0
0.0028169014084507044 0.571041948579161 0.10373443983402489 0.0 0.0
0.0014084507042253522 0.581190798376184 0.11825726141078838 0.0 0.0
0.002112676056338028 0.5602165087956699 0.11687413554633472 0.0 0.0
0.0 0.5933694181326116 0.11756569847856155 0.0 0.0
0.002112676056338028 0.5960757780784844 0.10857538035961273 0.0007374631268436578 0.0
0.0007042253521126761 0.6211096075778079 0.11618257261410789 0.0 0.0
0.0007042253521126761 0.6373477672530447 0.10650069156293224 0.0 0.0
0.0007042253521126761 0.6935047361299053 0.1396957123098202 0.0 0.0006793478260869566
0.002112676056338028 0.6772665764546685 0.1396957123098202 0.0 0.0
0.0 0.6860622462787551 0.1334716459197787 0.0 0.0
0.0 0.7029769959404601 0.1376210235131397 0.0007374631268436578 0.0
0.0014084507042253522 0.7151556156968877 0.14661134163208853 0.0007374631268436578 0.0
0.0014084507042253522 0.7834912043301759 0.14315352697095435 0.0007374631268436578 0.0
0.0 0.7746955345060893 0.15767634854771787 0.0022123893805309734 0.0
0.0 0.7543978349120434 0.13001383125864455 0.0 0.0
0.0007042253521126761 0.7963464140730717 0.1334716459197787 0.0 0.0
0.0014084507042253522 0.8619756427604871 0.16044260027662519 0.0 0.0006793478260869566
0.0007042253521126761 0.8829499323410014 0.15145228215767634 0.0007374631268436578 0.0
0.0 0.8552097428958051 0.15767634854771787 0.0 0.0
0.0007042253521126761 0.9269282814614344 0.16666666666666666 0.0 0.0
0.0 0.949255751014885 0.16666666666666666 0.0007374631268436578 0.0
0.0 1.0142083897158323 0.1825726141078838 0.0 0.0
0.0007042253521126761 1.024357239512855 0.1825726141078838 0.0007374631268436578 0.0
0.0014084507042253522 1.0500676589986468 0.18741355463347165 0.0 0.0
0.0 1.0751014884979704 0.17704011065006917 0.0 0.0
0.0 1.1123139377537212 0.18188105117565698 0.0 0.0
0.0007042253521126761 1.1062246278755075 0.18810511756569848 0.0 0.0
0.002112676056338028 1.0852503382949932 0.20677731673582295 0.0 0.0
0.0 0.19553450608930986 0.024204702627939143 0.0 0.0
0.0007042253521126761 0.18876860622462785 0.022130013831258646 0.0007374631268436578 0.0
0.0 0.19215155615696886 0.021438450899031812 0.0 0.0006793478260869566
0.0 0.19756427604871446 0.022821576763485476 0.0 0.0
0.0007042253521126761 1.1447902571041948 0.21715076071922546 0.0 0.0
0.0 0.1786197564276049 0.02351313969571231 0.0 0.0
0.0 0.19147496617050067 0.020055325034578148 0.0 0.0
0.0 0.16305818673883626 0.025587828492392807 0.0 0.0
0.0 0.19012178619756426 0.026970954356846474 0.0 0.0
0.0007042253521126761 0.9228687415426251 0.2869986168741355 0.0007374631268436578 0.0
0.0 0.19079837618403248 0.01798063623789765 0.0 0.0
0.0 0.19485791610284167 0.022821576763485476 0.0 0.0
0.0 0.18267929634641406 0.02627939142461964 0.0 0.0
0.0 0.1786197564276049 0.020055325034578148 0.0 0.0
0.0014084507042253522 1.1129905277401893 0.19294605809128632 0.0014749262536873156 0.0
0.0 0.19147496617050067 0.02351313969571231 0.0 0.0
0.0 0.20838971583220567 0.01936376210235131 0.0 0.0
0.0 0.18944519621109607 0.024896265560165977 0.0 0.0
0.0 0.19959404600811906 0.025587828492392807 0.0 0.0
0.0 0.9201623815967523 0.2876901798063624 0.0007374631268436578 0.0006793478260869566
0.0 0.19350473612990526 0.022821576763485476 0.0 0.0
0.0 0.18606224627875506 0.022821576763485476 0.0 0.0
0.0 0.18876860622462785 0.02627939142461964 0.0 0.0
0.0 0.18673883626522325 0.024896265560165977 0.0 0.0
0.0 0.19959404600811906 0.022130013831258646 0.0 0.0
0.0 0.19012178619756426 0.02627939142461964 0.0 0.0
0.0 0.19282814614343707 0.022130013831258646 0.0 0.0
0.0 0.20162381596752366 0.025587828492392807 0.0 0.0
0.0 0.19147496617050067 0.022130013831258646 0.0 0.0
0.0 0.19079837618403248 0.01936376210235131 0.0 0.0
0.0 0.8998646820027064 0.2496542185338866 0.0 0.0
0.0007042253521126761 0.959404600811908 0.2883817427385892 0.0007374631268436578 0.0
0.0 1.0115020297699593 0.30428769017980634 0.0 0.0006793478260869566
0.0007042253521126761 1.030446549391069 0.3132780082987552 0.0014749262536873156 0.0
0.0007042253521126761 1.0960757780784844 0.3257261410788381 0.0007374631268436578 0.0
0.0007042253521126761 1.1109607577807847 0.33540802213001386 0.0014749262536873156 0.0006793478260869566
0.0 1.1847090663058186 0.3789764868603043 0.0 0.0
0.0007042253521126761 1.2618403247631935 0.3852005532503458 0.0 0.0
0.0 1.3200270635994586 0.42531120331950206 0.0014749262536873156 0.0
0.0007042253521126761 1.3971583220568335 0.4308437067773167 0.0007374631268436578 0.0
0.0 1.4242219215155616 0.47994467496542187 0.0007374631268436578 0.0
0.0 1.4797023004059542 0.4806362378976487 0.0007374631268436578 0.0
0.0 1.5832205683355887 0.5601659751037344 0.0007374631268436578 0.0
0.0007042253521126761 1.5987821380243574 0.5242047026279392 0.0007374631268436578 0.0
0.0 1.7658998646820028 0.5982019363762102 0.0 0.0
0.0 1.8159675236806496 0.6230982019363762 0.0 0.0
0.0 1.9418132611637349 0.6673582295988935 0.0007374631268436578 0.0
0.0014084507042253522 1.9519621109607577 0.69432918395574 0.0014749262536873156 0.0
0.0 2.0216508795669825 0.7330567081604425 0.0007374631268436578 0.0
0.0007042253521126761 2.1265223274695533 0.7773167358229599 0.0 0.0
0.0 2.250338294993234 0.8360995850622407 0.0 0.0006793478260869566
0.0007042253521126761 2.2990527740189446 0.8554633471645919 0.0 0.0
0.0014084507042253522 2.3897158322056833 0.9294605809128631 0.0007374631268436578 0.0
0.0007042253521126761 2.512855209742896 0.9688796680497925 0.0007374631268436578 0.0
0.0014084507042253522 2.5392422192151556 0.995850622406639 0.0007374631268436578 0.0
0.0 2.63531799729364 1.0608575380359613 0.0 0.0
0.0 2.672530446549391 1.0629322268326418 0.0014749262536873156 0.0
0.0 2.8667117726657643 1.1251728907330567 0.0 0.0
0.0 2.972936400541272 1.2095435684647304 0.0 0.0
0.0014084507042253522 3.0480378890392426 1.2738589211618256 0.0007374631268436578 0.0
0.0 3.1251691474966172 1.3250345781466115 0.0 0.0
0.0 3.184709066305819 1.3464730290456433 0.0007374631268436578 0.0
0.0 3.247631935047361 1.4474412171507607 0.0 0.0
0.0007042253521126761 3.344384303112314 1.4861687413554634 0.0 0.0
0.0 3.438430311231394 1.4951590594744122 0.0007374631268436578 0.0
0.0007042253521126761 3.4871447902571044 1.5006915629322268 0.0 0.0
0.0 3.5696887686062246 1.5899031811894884 0.0022123893805309734 0.0
0.0 3.682002706359946 1.6846473029045643 0.0 0.0
0.0007042253521126761 3.726657645466847 1.7005532503457814 0.0 0.0006793478260869566
0.0 3.790933694181326 1.7544951590594744 0.0 0.0
0.0 3.841677943166441 1.802213001383126 0.0 0.0
0.0007042253521126761 3.935047361299053 1.8457814661134164 0.0 0.0
0.0007042253521126761 3.9702300405953994 1.8526970954356847 0.0 0.0
0.0007042253521126761 4.048037889039242 1.9135546334716458 0.0014749262536873156 0.0
0.0 4.117050067658999 1.9536652835408022 0.0 0.0006793478260869566
0.0 4.297699594046008 2.1051175656984786 0.0014749262536873156 0.0
0.0007042253521126761 4.395805142083897 2.1618257261410787 0.0014749262536873156 0.0
0.0 4.489851150202977 2.224066390041494 0.0 0.0
0.0 4.496617050067659 2.2621023513139695 0.0007374631268436578 0.0
0.0 4.629905277401894 2.3872752420470262 0.0 0.0
0.0 4.664411366711772 2.4073305670816043 0.0007374631268436578 0.0
0.0 4.7476319350473615 2.5020746887966805 0.0007374631268436578 0.0006793478260869566
0.0 4.82746955345061 2.548409405255878 0.0007374631268436578 0.0
0.0007042253521126761 4.918132611637348 2.615491009681881 0.0 0.0
0.0 5.049391069012178 2.7385892116182573 0.0007374631268436578 0.0
0.0 5.154262516914749 2.795988934993084 0.0014749262536873156 0.0
0.0 5.119756427604871 2.838865836791148 0.0007374631268436578 0.0
0.0 5.238836265223275 2.972337482710927 0.0007374631268436578 0.0
0.0007042253521126761 5.318673883626522 2.947441217150761 0.0 0.0
0.0 5.371447902571042 3.0975103734439835 0.0007374631268436578 0.0
0.0 5.502706359945873 3.150069156293223 0.0007374631268436578 0.0
0.0 5.594722598105547 3.256569847856155 0.0007374631268436578 0.0013586956521739132
0.0 5.674560216508795 3.322959889349931 0.0007374631268436578 0.0
0.0007042253521126761 5.727334235453315 3.40387275242047 0.0007374631268436578 0.0
0.0007042253521126761 5.777401894451962 3.437067773167358 0.0 0.0
0.0 5.852503382949933 3.5055325034578146 0.0 0.0
0.0007042253521126761 5.869418132611638 3.5933609958506225 0.0007374631268436578 0.0
0.0 5.975642760487144 3.6701244813278007 0.0007374631268436578 0.0
0.0 6.043978349120433 3.740663900414938 0.0 0.0
0.0 6.169824086603518 3.8305670816044257 0.0 0.0
0.0007042253521126761 6.369418132611638 3.9543568464730288 0.0 0.0
0.0 6.2347767253044655 3.981327800829875 0.0 0.0
0.0 6.458051420838972 4.115491009681881 0.0007374631268436578 0.0
0.0007042253521126761 6.446549391069013 4.139695712309821 0.0 0.0
0.0 6.470906630581867 4.293914246196404 0.0007374631268436578 0.0
0.0007042253521126761 6.456021650879568 4.162517289073305 0.0 0.0
0.0007042253521126761 6.606901217861976 4.378284923928078 0.0 0.0
0.0 6.7029769959404595 4.374135546334717 0.0 0.0006793478260869566
0.0007042253521126761 6.701623815967524 4.463347164591977 0.0 0.0
0.0 6.6995940460081185 4.59612724757953 0.0 0.0
