9.407407407407408 17.52 17.32258064516129 9.26923076923077 9.482758620689655
10.88888888888889 18.32 17.06451612903226 10.076923076923077 10.172413793103447
10.962962962962962 17.76 17.258064516129032 9.73076923076923 9.0
9.592592592592592 16.240000000000002 16.870967741935484 10.23076923076923 8.655172413793103
10.0 16.92 17.06451612903226 9.807692307692307 9.241379310344827
9.074074074074074 18.12 16.29032258064516 10.576923076923077 7.827586206896552
8.962962962962962 17.36 16.451612903225808 11.692307692307693 9.172413793103448
9.296296296296296 15.8 16.64516129032258 11.115384615384615 10.310344827586206
9.962962962962964 16.88 15.774193548387098 9.692307692307693 10.03448275862069
9.222222222222221 17.840000000000003 17.29032258064516 11.538461538461538 10.206896551724139
9.74074074074074 17.44 17.580645161290324 9.115384615384615 10.172413793103447
10.37037037037037 17.68 16.806451612903224 8.923076923076923 8.206896551724139
9.925925925925927 18.599999999999998 15.258064516129032 9.76923076923077 9.448275862068966
9.888888888888888 17.44 16.677419354838708 9.153846153846153 9.689655172413794
9.925925925925927 18.48 17.451612903225804 10.23076923076923 8.655172413793103
10.333333333333334 17.52 16.870967741935484 10.923076923076923 9.482758620689655
10.777777777777779 18.2 17.35483870967742 11.23076923076923 9.586206896551724
10.962962962962962 18.24 16.935483870967744 10.807692307692308 9.655172413793103
10.37037037037037 17.24 16.225806451612904 10.730769230769232 9.206896551724137
10.962962962962962 16.400000000000002 17.93548387096774 8.807692307692308 9.758620689655173
10.962962962962962 15.520000000000001 16.806451612903224 9.076923076923077 9.206896551724137
9.703703703703704 16.6 17.0 10.846153846153845 8.862068965517242
10.0 19.84 15.64516129032258 9.961538461538462 10.068965517241379
9.62962962962963 17.840000000000003 16.838709677419352 9.230769230769232 9.482758620689655
8.777777777777779 17.04 17.06451612903226 9.923076923076923 9.137931034482758
9.62962962962963 16.88 16.64516129032258 10.653846153846155 9.931034482758621
9.62962962962963 16.36 17.419354838709676 11.5 8.758620689655173
9.814814814814815 17.6 17.258064516129032 9.576923076923077 9.517241379310345
9.555555555555555 16.52 17.06451612903226 11.115384615384615 8.724137931034482
10.37037037037037 16.92 16.677419354838708 9.384615384615385 10.482758620689657
9.555555555555555 18.8 16.35483870967742 11.423076923076923 9.551724137931034
10.74074074074074 19.24 16.741935483870968 10.23076923076923 9.655172413793103
10.962962962962962 17.36 16.64516129032258 9.76923076923077 9.0
10.222222222222223 18.08 16.193548387096772 10.5 8.89655172413793
10.62962962962963 18.360000000000003 17.903225806451612 10.461538461538462 9.137931034482758
9.37037037037037 16.88 16.903225806451612 9.923076923076923 7.517241379310344
10.555555555555555 17.080000000000002 17.32258064516129 10.423076923076923 10.0
9.592592592592592 17.16 17.741935483870968 9.846153846153847 9.03448275862069
8.666666666666666 17.6 17.225806451612904 9.307692307692308 9.620689655172415
10.37037037037037 18.4 16.548387096774196 9.73076923076923 8.241379310344827
10.11111111111111 18.32 17.06451612903226 9.846153846153847 9.310344827586206
11.37037037037037 16.16 16.38709677419355 11.23076923076923 10.241379310344827
10.62962962962963 16.88 16.0 10.692307692307692 9.344827586206897
9.407407407407408 17.76 15.483870967741936 10.115384615384615 9.137931034482758
9.962962962962964 16.04 17.903225806451612 9.73076923076923 9.344827586206897
10.25925925925926 17.6 16.258064516129032 9.807692307692307 9.344827586206897
10.444444444444443 17.36 15.870967741935486 9.615384615384617 10.10344827586207
10.11111111111111 17.36 16.516129032258064 10.0 8.482758620689657
10.185185185185187 18.28 17.548387096774196 11.923076923076923 9.06896551724138
10.333333333333334 17.840000000000003 18.35483870967742 9.5 9.448275862068966
10.296296296296296 18.0 17.29032258064516 9.76923076923077 9.413793103448276
10.074074074074074 17.8 17.225806451612904 10.423076923076923 10.068965517241379
10.518518518518519 16.96 18.161290322580648 11.192307692307692 9.379310344827587
9.444444444444445 16.92 18.419354838709676 11.76923076923077 8.724137931034482
11.074074074074074 17.52 16.516129032258064 10.461538461538462 10.0
9.11111111111111 17.36 16.967741935483872 9.692307692307693 9.137931034482758
9.666666666666668 18.919999999999998 18.516129032258064 9.384615384615385 9.482758620689655
11.592592592592592 18.759999999999998 17.774193548387096 9.461538461538462 8.103448275862068
10.74074074074074 17.68 17.387096774193548 11.0 9.241379310344827
10.925925925925926 17.8 15.741935483870966 9.26923076923077 9.724137931034482
10.481481481481483 16.76 17.387096774193548 9.538461538461538 9.724137931034482
10.518518518518519 17.76 16.903225806451612 10.115384615384615 9.655172413793103
10.703703703703702 18.0 18.225806451612904 9.884615384615383 9.10344827586207
9.851851851851851 18.12 17.419354838709676 8.884615384615385 9.241379310344827
10.333333333333334 17.16 15.64516129032258 10.153846153846153 8.620689655172413
10.925925925925926 17.080000000000002 16.548387096774196 11.076923076923077 10.275862068965518
10.518518518518519 19.36 16.64516129032258 9.307692307692308 9.655172413793103
9.666666666666668 15.84 16.548387096774196 11.5 10.413793103448276
11.11111111111111 17.32 17.64516129032258 11.615384615384617 9.413793103448276
10.851851851851853 17.32 15.903225806451614 10.115384615384615 10.206896551724139
10.518518518518519 17.88 18.129032258064516 9.26923076923077 9.689655172413794
10.074074074074074 18.96 18.06451612903226 10.153846153846153 9.931034482758621
10.555555555555555 17.12 18.70967741935484 10.576923076923077 8.551724137931036
10.407407407407407 18.12 15.967741935483872 9.76923076923077 9.965517241379311
10.037037037037036 17.840000000000003 17.161290322580644 11.23076923076923 9.06896551724138
10.148148148148147 17.72 17.03225806451613 10.5 9.689655172413794
10.962962962962962 18.64 17.06451612903226 9.846153846153847 8.793103448275863
10.925925925925926 16.240000000000002 17.516129032258068 10.307692307692308 9.241379310344827
9.62962962962963 17.12 17.516129032258068 10.461538461538462 10.0
10.481481481481483 17.12 17.35483870967742 11.153846153846153 8.96551724137931
12.074074074074074 20.36 16.612903225806452 9.76923076923077 9.0
9.37037037037037 17.52 16.70967741935484 10.26923076923077 8.724137931034482
10.37037037037037 17.56 17.516129032258068 11.423076923076923 9.724137931034482
10.555555555555555 16.96 16.806451612903224 9.307692307692308 9.827586206896552
9.518518518518519 16.88 15.838709677419356 9.73076923076923 9.0
9.62962962962963 17.76 16.32258064516129 9.461538461538462 10.206896551724139
9.814814814814815 18.84 17.161290322580644 9.346153846153847 9.931034482758621
9.851851851851851 18.360000000000003 17.741935483870968 9.961538461538462 9.0
9.666666666666668 17.919999999999998 16.096774193548388 11.423076923076923 8.689655172413792
10.333333333333334 17.44 17.419354838709676 9.423076923076923 9.275862068965516
10.074074074074074 16.8 15.967741935483872 9.846153846153847 10.068965517241379
8.962962962962962 15.08 17.67741935483871 10.769230769230768 9.344827586206897
10.62962962962963 18.12 14.096774193548386 9.923076923076923 10.517241379310345
10.333333333333334 17.24 16.516129032258064 10.5 9.86206896551724
9.777777777777777 19.16 15.903225806451614 10.346153846153847 8.689655172413792
9.518518518518519 15.360000000000001 15.64516129032258 9.76923076923077 10.241379310344827
9.888888888888888 17.36 16.41935483870968 10.5 9.206896551724137
9.481481481481481 18.16 18.548387096774192 8.5 8.89655172413793
10.0 17.36 18.258064516129032 11.0 9.448275862068966
9.555555555555555 18.64 17.129032258064516 10.423076923076923 9.206896551724137
9.407407407407408 18.8 16.967741935483872 10.0 8.551724137931036
9.888888888888888 9.719999999999999 11.612903225806452 9.961538461538462 9.06896551724138
11.185185185185185 10.959999999999999 10.03225806451613 10.153846153846153 11.10344827586207
10.592592592592593 9.16 10.225806451612904 11.192307692307692 10.724137931034482
9.148148148148149 11.04 9.483870967741936 10.730769230769232 10.689655172413792
11.037037037037036 17.36 16.38709677419355 9.76923076923077 8.689655172413792
10.074074074074074 9.68 10.35483870967742 10.576923076923077 12.241379310344827
10.074074074074074 10.959999999999999 10.387096774193548 9.384615384615385 11.275862068965516
9.222222222222221 10.6 10.096774193548386 9.884615384615383 12.068965517241379
10.481481481481483 10.56 10.258064516129032 11.346153846153847 9.413793103448276
10.333333333333334 15.92 19.129032258064516 10.846153846153845 8.96551724137931
10.481481481481483 11.16 9.709677419354838 11.26923076923077 9.517241379310345
11.925925925925927 10.84 10.35483870967742 8.846153846153845 9.793103448275861
11.296296296296296 11.4 9.225806451612902 9.653846153846153 10.586206896551724
11.0 12.28 10.935483870967742 10.730769230769232 11.10344827586207
11.296296296296296 15.879999999999999 16.774193548387096 10.730769230769232 9.413793103448276
11.592592592592592 10.64 10.935483870967742 10.23076923076923 10.448275862068964
10.592592592592593 10.040000000000001 10.290322580645162 9.73076923076923 10.689655172413792
9.777777777777777 11.0 10.67741935483871 11.0 10.379310344827585
10.37037037037037 10.200000000000001 11.0 9.884615384615383 10.10344827586207
10.481481481481483 14.08 17.96774193548387 10.653846153846155 9.310344827586206
10.037037037037036 8.920000000000002 10.870967741935484 10.26923076923077 10.620689655172415
11.481481481481481 9.92 9.903225806451614 10.846153846153845 10.758620689655173
9.851851851851851 10.28 9.161290322580646 10.115384615384615 9.689655172413794
11.11111111111111 9.96 9.516129032258064 9.0 10.137931034482758
9.62962962962963 11.0 9.451612903225806 10.346153846153847 10.862068965517242
9.74074074074074 8.76 10.096774193548386 10.23076923076923 10.586206896551724
10.185185185185187 11.24 10.612903225806452 10.769230769230768 10.206896551724139
11.037037037037036 10.44 10.516129032258066 9.538461538461538 10.931034482758621
10.777777777777779 10.52 10.838709677419356 11.423076923076923 9.413793103448276
9.555555555555555 11.04 9.838709677419354 10.615384615384615 11.413793103448276
9.518518518518519 15.559999999999999 19.58064516129032 12.461538461538462 9.758620689655173
10.25925925925926 16.76 19.161290322580644 8.538461538461538 8.758620689655173
10.185185185185187 15.72 18.645161290322584 11.038461538461538 9.827586206896552
10.11111111111111 14.040000000000001 17.612903225806452 10.576923076923077 8.482758620689657
9.185185185185185 15.360000000000001 17.612903225806452 10.692307692307692 9.206896551724137
10.518518518518519 14.28 19.064516129032256 9.192307692307692 9.206896551724137
9.962962962962964 16.48 18.387096774193548 10.307692307692308 9.620689655172415
10.962962962962962 15.440000000000001 18.35483870967742 9.692307692307693 10.310344827586206
10.777777777777779 16.44 19.0 10.884615384615385 8.862068965517242
9.074074074074074 16.0 18.903225806451612 9.846153846153847 9.344827586206897
9.592592592592592 15.440000000000001 20.870967741935484 9.961538461538462 9.379310344827587
9.74074074074074 14.840000000000002 18.93548387096774 10.115384615384615 10.03448275862069
10.851851851851853 16.48 20.741935483870968 9.76923076923077 8.793103448275863
8.666666666666666 15.4 19.129032258064516 10.153846153846153 9.0
9.925925925925927 15.879999999999999 20.0 10.769230769230768 9.10344827586207
9.148148148148149 14.52 17.741935483870968 10.192307692307692 9.517241379310345
9.851851851851851 16.32 19.58064516129032 10.692307692307692 9.724137931034482
9.592592592592592 14.6 19.548387096774192 9.73076923076923 10.03448275862069
9.185185185185185 13.719999999999999 17.93548387096774 9.846153846153847 9.379310344827587
10.703703703703702 16.88 17.903225806451612 10.769230769230768 9.448275862068966
10.148148148148147 16.96 20.354838709677416 9.73076923076923 9.10344827586207
10.444444444444443 16.76 18.870967741935484 10.115384615384615 8.482758620689657
9.74074074074074 15.04 19.225806451612904 9.692307692307693 9.03448275862069
10.518518518518519 14.68 19.096774193548384 10.0 10.10344827586207
11.074074074074074 15.48 18.161290322580648 9.192307692307692 10.10344827586207
9.925925925925927 15.4 17.903225806451612 11.961538461538462 8.517241379310345
10.333333333333334 15.12 18.838709677419356 11.576923076923077 9.344827586206897
9.592592592592592 15.72 18.225806451612904 10.538461538461538 8.172413793103448
10.555555555555555 15.84 18.93548387096774 9.153846153846153 8.827586206896552
10.703703703703702 15.6 19.806451612903228 10.153846153846153 8.275862068965518
10.777777777777779 15.4 20.967741935483872 9.615384615384617 9.137931034482758
9.814814814814815 13.76 18.774193548387096 9.923076923076923 10.448275862068964
8.925925925925926 16.080000000000002 19.677419354838708 10.26923076923077 9.827586206896552
10.851851851851853 15.64 18.838709677419356 10.076923076923077 9.896551724137932
9.962962962962964 13.68 19.258064516129032 10.461538461538462 10.03448275862069
10.444444444444443 15.6 17.903225806451612 9.923076923076923 9.310344827586206
9.74074074074074 15.959999999999999 18.35483870967742 10.153846153846153 10.137931034482758
9.518518518518519 16.92 18.258064516129032 10.076923076923077 9.379310344827587
9.0 14.76 18.67741935483871 9.192307692307692 9.551724137931034
10.296296296296296 15.959999999999999 18.096774193548388 10.884615384615385 9.965517241379311
10.814814814814815 14.959999999999999 19.838709677419356 9.5 9.275862068965516
9.555555555555555 14.200000000000001 18.967741935483872 9.576923076923077 9.965517241379311
8.814814814814815 15.360000000000001 16.806451612903224 10.26923076923077 8.620689655172413
9.703703703703704 14.840000000000002 18.451612903225804 11.461538461538462 10.724137931034482
9.74074074074074 15.559999999999999 19.096774193548384 11.884615384615383 8.344827586206897
10.88888888888889 15.360000000000001 19.096774193548384 10.923076923076923 8.068965517241379
9.666666666666668 15.12 17.32258064516129 11.115384615384615 10.068965517241379
10.11111111111111 14.200000000000001 18.70967741935484 10.884615384615385 10.241379310344827
10.592592592592593 15.4 18.29032258064516 9.961538461538462 9.03448275862069
9.962962962962964 16.04 20.096774193548388 11.692307692307693 9.413793103448276
9.777777777777777 15.48 18.806451612903228 10.038461538461538 9.310344827586206
9.962962962962964 15.440000000000001 18.838709677419356 10.192307692307692 9.344827586206897
9.481481481481481 15.8 20.677419354838708 9.961538461538462 8.03448275862069
9.11111111111111 15.64 18.516129032258064 10.384615384615385 8.96551724137931
9.37037037037037 14.88 20.0 10.692307692307692 10.344827586206897
10.444444444444443 15.48 19.0 10.615384615384615 9.344827586206897
9.407407407407408 15.440000000000001 20.354838709677416 11.076923076923077 8.655172413793103
10.222222222222223 15.48 18.419354838709676 10.076923076923077 8.89655172413793
10.0 14.92 19.774193548387096 10.461538461538462 9.241379310344827
10.074074074074074 16.68 18.806451612903228 10.115384615384615 8.586206896551724
9.814814814814815 15.28 18.741935483870968 10.076923076923077 9.896551724137932
10.962962962962962 15.4 17.774193548387096 10.153846153846153 9.896551724137932
9.62962962962963 15.84 20.70967741935484 10.807692307692308 10.10344827586207
10.25925925925926 15.24 18.225806451612904 11.807692307692307 10.068965517241379
10.333333333333334 15.24 19.774193548387096 10.038461538461538 10.448275862068964
8.88888888888889 15.24 18.58064516129032 8.846153846153845 10.89655172413793
10.185185185185187 15.520000000000001 18.870967741935484 9.5 10.137931034482758
9.851851851851851 15.68 18.548387096774192 10.192307692307692 9.379310344827587
9.703703703703704 16.6 18.322580645161292 10.538461538461538 8.931034482758621
8.333333333333334 15.559999999999999 19.032258064516128 10.038461538461538 8.862068965517242
10.222222222222223 16.16 18.0 10.423076923076923 9.827586206896552
9.703703703703704 15.4 19.0 10.576923076923077 9.379310344827587
9.555555555555555 15.4 21.32258064516129 10.346153846153847 9.517241379310345
9.407407407407408 14.88 18.387096774193548 11.576923076923077 9.482758620689655
9.814814814814815 14.64 18.61290322580645 11.961538461538462 9.86206896551724
9.74074074074074 16.2 17.29032258064516 10.692307692307692 9.482758620689655
10.222222222222223 16.119999999999997 18.903225806451612 10.192307692307692 8.931034482758621
10.148148148148147 15.32 18.387096774193548 10.038461538461538 9.482758620689655
10.25925925925926 13.719999999999999 18.096774193548388 9.961538461538462 9.241379310344827
9.11111111111111 15.12 19.161290322580644 10.153846153846153 9.344827586206897
9.333333333333334 15.68 18.129032258064516 10.153846153846153 9.448275862068966
10.592592592592593 14.08 18.161290322580648 10.0 10.310344827586206
10.407407407407407 15.64 18.70967741935484 10.153846153846153 9.275862068965516
9.555555555555555 14.72 18.774193548387096 9.576923076923077 9.758620689655173
11.037037037037036 14.88 17.806451612903224 10.576923076923077 9.10344827586207
8.88888888888889 15.12 19.774193548387096 10.615384615384615 9.689655172413794
9.333333333333334 13.96 20.677419354838708 10.423076923076923 9.689655172413794
11.037037037037036 14.6 18.483870967741936 10.26923076923077 9.137931034482758
9.851851851851851 14.28 18.096774193548388 10.153846153846153 10.172413793103447
10.222222222222223 15.12 18.35483870967742 11.5 9.10344827586207
11.0 15.440000000000001 19.096774193548384 9.692307692307693 9.655172413793103
9.74074074074074 14.76 19.483870967741936 9.76923076923077 11.137931034482758
11.148148148148149 14.239999999999998 19.483870967741936 9.423076923076923 9.10344827586207
10.851851851851853 15.04 19.612903225806452 10.038461538461538 9.86206896551724
9.296296296296296 16.88 19.419354838709676 10.653846153846155 9.241379310344827
10.148148148148147 14.64 18.870967741935484 10.192307692307692 9.86206896551724
9.74074074074074 16.400000000000002 18.032258064516128 9.5 10.137931034482758
10.592592592592593 16.72 18.258064516129032 11.0 9.827586206896552
10.185185185185187 13.96 17.870967741935484 9.384615384615385 9.344827586206897
