84.22222222222223 81.4 81.875 87.0 85.11111111111111
84.22222222222223 82.5 83.0 87.4 85.33333333333333
85.33333333333333 82.4 81.875 88.2 86.44444444444444
84.22222222222223 82.5 82.375 87.8 85.22222222222223
84.77777777777777 82.8 82.75 86.2 86.55555555555556
84.0 82.19999999999999 83.125 87.9 86.33333333333333
84.11111111111111 81.5 82.875 86.6 85.0
85.44444444444444 82.8 82.875 87.5 85.77777777777777
84.0 81.8 81.625 86.0 86.11111111111111
84.33333333333333 83.0 83.0 88.3 85.11111111111111
84.77777777777777 82.10000000000001 83.125 86.6 85.11111111111111
84.22222222222223 82.0 82.875 87.4 85.55555555555556
84.66666666666667 82.4 84.375 87.2 85.22222222222223
84.33333333333333 83.2 83.25 88.7 86.66666666666667
84.44444444444444 81.60000000000001 82.5 88.2 86.33333333333333
85.0 81.5 82.375 87.8 86.0
84.22222222222223 82.69999999999999 83.0 87.4 85.88888888888889
85.88888888888889 83.0 82.875 88.3 86.44444444444444
85.0 83.4 83.625 86.5 85.33333333333333
84.55555555555556 81.9 82.0 87.3 85.22222222222223
84.44444444444444 82.8 83.5 87.2 85.22222222222223
84.11111111111111 83.5 83.625 88.1 86.44444444444444
83.88888888888889 81.0 83.125 87.1 84.88888888888889
84.0 82.10000000000001 82.875 88.0 85.88888888888889
85.0 82.60000000000001 83.625 87.2 85.88888888888889
85.55555555555556 82.0 83.375 87.4 85.22222222222223
83.55555555555554 81.10000000000001 82.625 86.1 85.55555555555556
83.55555555555554 81.5 82.0 87.2 85.66666666666667
84.55555555555556 82.4 82.25 87.4 85.88888888888889
85.88888888888889 83.2 82.375 87.6 85.77777777777777
85.11111111111111 81.10000000000001 83.625 87.9 85.77777777777777
84.22222222222223 80.69999999999999 82.625 85.6 85.11111111111111
85.33333333333333 81.4 82.5 87.7 85.0
85.22222222222223 81.3 82.875 87.3 86.66666666666667
86.0 81.4 83.625 88.5 86.66666666666667
85.22222222222223 81.69999999999999 81.75 87.6 86.55555555555556
84.55555555555556 81.69999999999999 82.375 86.9 85.66666666666667
85.0 80.10000000000001 82.25 88.0 86.33333333333333
85.0 81.10000000000001 82.375 88.0 86.22222222222223
84.66666666666667 80.5 81.75 87.8 85.33333333333333
84.77777777777777 80.10000000000001 82.75 87.6 86.66666666666667
84.44444444444444 80.69999999999999 81.625 88.0 86.0
85.11111111111111 81.4 83.625 88.7 86.55555555555556
84.55555555555556 79.0 81.625 86.8 85.11111111111111
85.11111111111111 79.3 82.75 86.9 85.77777777777777
84.33333333333333 79.8 82.125 87.1 85.88888888888889
85.22222222222223 80.19999999999999 83.0 89.0 86.11111111111111
83.77777777777779 79.10000000000001 82.375 87.6 85.88888888888889
85.66666666666667 79.0 82.125 88.2 85.66666666666667
83.77777777777779 79.10000000000001 81.875 87.6 85.44444444444444
85.77777777777777 78.10000000000001 81.75 87.9 85.88888888888889
85.44444444444444 79.2 81.875 88.0 86.11111111111111
85.88888888888889 78.7 82.25 88.2 87.0
84.22222222222223 77.5 81.875 86.2 84.66666666666667
84.66666666666667 79.39999999999999 82.125 88.7 86.0
84.77777777777777 79.0 81.625 87.2 85.88888888888889
84.55555555555556 78.39999999999999 81.75 87.2 86.11111111111111
83.88888888888889 78.2 82.0 88.4 85.33333333333333
84.66666666666667 79.10000000000001 82.625 88.0 85.66666666666667
84.33333333333333 76.8 81.375 86.9 86.55555555555556
84.77777777777777 77.3 82.25 88.8 86.33333333333333
85.88888888888889 77.7 82.0 89.0 86.88888888888889
84.88888888888889 77.0 81.125 86.5 85.44444444444444
84.11111111111111 77.0 81.625 86.3 84.66666666666667
85.55555555555556 77.0 81.125 87.9 86.33333333333333
84.0 75.5 81.5 88.1 85.11111111111111
85.33333333333333 73.80000000000001 81.75 88.3 85.44444444444444
84.11111111111111 74.2 80.625 86.7 85.11111111111111
84.77777777777777 75.39999999999999 81.0 87.8 85.55555555555556
85.66666666666667 75.39999999999999 81.25 88.6 86.77777777777777
85.66666666666667 75.7 80.875 87.4 85.88888888888889
84.44444444444444 71.6 79.875 88.2 85.0
85.0 75.30000000000001 81.375 87.0 85.77777777777777
84.55555555555556 71.6 79.875 87.8 85.55555555555556
84.88888888888889 72.3 79.5 88.9 86.11111111111111
84.88888888888889 74.5 81.125 87.9 87.11111111111111
84.66666666666667 71.8 80.375 87.5 86.77777777777777
85.0 70.6 79.875 87.6 85.0
85.55555555555556 70.0 79.75 87.0 86.33333333333333
84.44444444444444 70.8 80.125 87.3 86.77777777777777
84.66666666666667 70.7 79.75 87.7 86.0
84.11111111111111 70.2 80.5 88.2 86.88888888888889
84.0 70.7 79.75 86.9 85.88888888888889
85.11111111111111 68.5 79.5 87.5 86.0
85.44444444444444 69.3 80.125 87.8 86.66666666666667
85.44444444444444 69.3 79.0 86.6 85.88888888888889
84.55555555555556 67.5 79.375 86.8 86.11111111111111
84.88888888888889 67.2 79.625 87.6 85.88888888888889
83.77777777777779 65.5 78.125 86.8 85.11111111111111
85.33333333333333 66.3 79.625 87.2 85.44444444444444
84.88888888888889 66.9 78.25 87.3 85.22222222222223
83.88888888888889 65.8 78.625 88.3 86.22222222222223
84.44444444444444 65.5 77.75 87.0 86.0
83.77777777777779 64.8 77.625 88.3 85.77777777777777
84.33333333333333 64.5 77.875 86.7 85.33333333333333
83.77777777777779 65.10000000000001 79.0 87.5 87.55555555555556
83.55555555555554 63.3 78.375 87.8 86.22222222222223
84.22222222222223 62.4 78.25 88.0 85.22222222222223
84.77777777777777 61.5 77.25 89.0 85.33333333333333
83.88888888888889 61.699999999999996 77.5 85.9 85.33333333333333
83.66666666666667 59.6 77.375 86.6 85.11111111111111
83.0 80.60000000000001 82.25 82.4 82.77777777777779
81.55555555555556 80.60000000000001 81.25 81.19999999999999 81.55555555555556
81.66666666666667 81.0 82.125 82.4 81.88888888888889
81.88888888888889 80.9 80.375 82.0 82.1111111111111
83.77777777777779 59.1 76.375 86.3 86.33333333333333
81.22222222222223 79.39999999999999 80.25 80.60000000000001 81.0
81.77777777777779 80.5 82.25 82.8 81.1111111111111
81.33333333333333 79.39999999999999 80.5 81.19999999999999 80.33333333333334
81.88888888888889 80.10000000000001 82.125 83.0 81.88888888888889
84.55555555555556 67.3 75.625 87.7 86.22222222222223
82.0 80.9 82.125 82.0 82.0
81.1111111111111 78.7 81.0 80.8 80.77777777777779
81.1111111111111 80.0 80.625 81.0 81.44444444444444
81.66666666666667 79.9 81.75 82.8 81.0
85.22222222222223 61.199999999999996 78.5 87.6 86.77777777777777
81.88888888888889 80.60000000000001 81.375 81.0 81.55555555555556
83.33333333333333 80.3 81.125 82.69999999999999 82.0
81.55555555555556 79.60000000000001 80.25 81.8 81.33333333333333
82.66666666666667 80.8 82.375 82.9 82.33333333333333
84.88888888888889 67.9 76.625 87.0 86.88888888888889
81.77777777777779 80.60000000000001 80.625 80.8 81.66666666666667
82.77777777777779 80.19999999999999 82.5 82.19999999999999 81.77777777777779
83.33333333333333 80.10000000000001 80.625 81.60000000000001 82.1111111111111
81.88888888888889 79.60000000000001 80.875 81.3 80.88888888888889
82.44444444444444 80.3 81.625 82.19999999999999 82.22222222222223
81.33333333333333 79.9 81.75 80.8 81.55555555555556
80.66666666666666 79.69999999999999 80.625 79.3 80.88888888888889
82.0 80.10000000000001 81.125 81.3 81.55555555555556
81.77777777777779 79.3 80.0 82.69999999999999 81.55555555555556
81.33333333333333 81.0 81.5 81.19999999999999 81.55555555555556
85.22222222222223 67.2 78.0 87.6 87.55555555555556
86.11111111111111 69.2 76.75 87.8 86.33333333333333
84.11111111111111 67.0 76.125 87.3 86.66666666666667
85.33333333333333 68.4 75.375 87.1 87.11111111111111
83.44444444444444 66.69999999999999 75.0 86.9 85.66666666666667
83.11111111111111 68.0 76.75 87.2 86.77777777777777
84.77777777777777 66.8 76.5 87.6 87.0
84.33333333333333 68.2 76.875 87.8 87.33333333333333
83.66666666666667 67.0 75.375 85.9 85.88888888888889
84.77777777777777 67.7 76.25 87.7 86.55555555555556
85.44444444444444 68.8 75.625 87.2 86.0
83.44444444444444 67.4 74.625 86.0 86.44444444444444
85.44444444444444 67.9 76.0 88.1 87.22222222222223
84.44444444444444 68.4 75.625 86.9 86.66666666666667
85.11111111111111 68.8 77.5 86.8 87.66666666666667
84.88888888888889 69.4 77.0 88.2 86.11111111111111
84.44444444444444 68.6 75.875 86.8 87.0
84.33333333333333 69.9 75.875 87.4 85.33333333333333
83.66666666666667 68.6 76.25 87.3 85.77777777777777
85.33333333333333 68.1 78.25 87.5 86.55555555555556
83.66666666666667 68.0 76.5 87.8 87.33333333333333
83.77777777777779 67.6 74.875 86.0 86.33333333333333
85.0 69.3 75.5 87.8 87.66666666666667
83.55555555555554 68.7 75.25 85.5 86.44444444444444
85.0 67.4 76.75 88.7 86.66666666666667
84.33333333333333 69.7 74.125 87.9 86.77777777777777
85.33333333333333 68.3 76.125 87.1 87.22222222222223
84.11111111111111 67.5 74.375 88.2 85.77777777777777
84.22222222222223 68.9 75.875 87.4 87.55555555555556
85.0 68.8 74.25 88.0 86.66666666666667
84.44444444444444 68.1 74.75 87.5 86.44444444444444
84.33333333333333 68.2 73.625 88.4 87.22222222222223
85.11111111111111 69.9 73.75 87.4 86.11111111111111
84.44444444444444 68.7 74.5 88.2 86.66666666666667
84.77777777777777 70.7 75.625 88.9 88.55555555555556
83.66666666666667 69.4 73.75 87.4 86.88888888888889
84.0 68.0 74.125 88.5 87.0
84.33333333333333 69.1 74.375 88.5 87.33333333333333
84.11111111111111 67.6 72.625 87.7 87.44444444444444
84.66666666666667 69.2 73.5 88.0 86.66666666666667
85.22222222222223 70.7 74.375 88.1 86.11111111111111
85.33333333333333 68.3 72.5 87.9 87.11111111111111
85.11111111111111 70.1 73.0 89.1 87.88888888888889
84.55555555555556 70.1 73.0 89.1 86.66666666666667
86.0 67.3 70.875 89.0 87.33333333333333
85.66666666666667 69.2 72.375 87.3 87.33333333333333
84.33333333333333 69.5 72.125 89.39999999999999 87.0
85.88888888888889 70.7 71.75 88.8 87.44444444444444
84.77777777777777 68.5 71.5 89.7 87.0
84.88888888888889 70.4 70.875 88.4 87.44444444444444
85.55555555555556 69.9 70.375 88.2 87.11111111111111
85.77777777777777 71.0 71.125 90.0 88.88888888888889
86.44444444444444 70.4 70.75 88.8 87.0
85.66666666666667 69.7 70.625 89.30000000000001 88.33333333333333
83.44444444444444 70.0 68.875 88.0 86.88888888888889
86.55555555555556 70.9 71.125 90.0 87.77777777777777
85.44444444444444 70.7 70.625 88.7 88.0
86.44444444444444 70.8 68.0 89.6 87.44444444444444
85.22222222222223 70.2 70.0 89.89999999999999 89.11111111111111
84.88888888888889 70.9 69.5 88.3 88.22222222222221
84.66666666666667 69.3 68.375 89.1 87.33333333333333
84.33333333333333 69.9 69.375 88.0 87.44444444444444
84.22222222222223 68.7 69.0 88.0 87.66666666666667
86.22222222222223 70.8 67.875 89.0 88.22222222222221
86.22222222222223 71.3 67.625 88.5 87.66666666666667
84.66666666666667 70.2 67.875 89.1 86.44444444444444
85.77777777777777 70.8 68.125 89.2 88.55555555555556
83.77777777777779 70.8 70.0 89.30000000000001 86.88888888888889
85.11111111111111 70.1 68.0 89.7 88.66666666666667
86.88888888888889 72.2 68.75 91.0 88.11111111111111
85.22222222222223 70.5 68.625 89.39999999999999 87.22222222222223
85.22222222222223 70.3 69.0 89.2 88.33333333333333
83.66666666666667 68.6 67.25 89.39999999999999 87.55555555555556
84.44444444444444 70.3 69.0 88.7 86.44444444444444
85.44444444444444 70.2 68.25 90.0 88.44444444444446
86.11111111111111 69.5 68.0 89.89999999999999 87.77777777777777
84.55555555555556 68.9 68.125 88.8 87.11111111111111
86.22222222222223 70.0 68.5 89.0 87.22222222222223
85.77777777777777 71.3 69.25 90.39999999999999 89.0
84.44444444444444 67.8 67.625 88.6 87.0
86.11111111111111 69.7 66.625 88.7 88.22222222222221
85.22222222222223 70.8 67.125 89.39999999999999 87.33333333333333
83.55555555555554 70.6 69.0 89.39999999999999 87.77777777777777
86.0 70.2 67.25 90.2 87.77777777777777
85.22222222222223 70.1 68.625 89.6 87.77777777777777
84.88888888888889 69.3 67.25 88.9 87.44444444444444
85.22222222222223 70.2 69.0 90.5 88.88888888888889
87.22222222222223 70.0 69.5 89.1 88.77777777777777
85.55555555555556 71.1 68.25 89.7 88.22222222222221
84.44444444444444 70.3 68.375 89.30000000000001 87.77777777777777
85.44444444444444 69.9 68.625 89.2 87.55555555555556
85.0 69.6 67.625 89.1 87.88888888888889
84.88888888888889 70.9 67.625 88.9 86.44444444444444
85.0 68.5 66.75 87.5 87.11111111111111
86.11111111111111 70.3 66.25 89.39999999999999 89.0
85.33333333333333 69.9 68.5 88.9 87.55555555555556
84.66666666666667 70.1 68.25 90.1 87.55555555555556
85.22222222222223 71.2 67.375 89.30000000000001 88.0
86.33333333333333 69.4 67.875 89.7 88.77777777777777
