0.0027063599458728013 0.10906515580736544 0.05726256983240224 0.0 0.0
0.0013531799729364006 0.11898016997167138 0.05027932960893855 0.004545454545454545 0.0
0.0013531799729364006 0.11756373937677055 0.06145251396648045 0.0 0.0
0.0013531799729364006 0.10623229461756374 0.04748603351955307 0.0015151515151515152 0.0
0.0013531799729364006 0.15014164305949007 0.05307262569832402 0.0015151515151515152 0.0
0.0 0.1331444759206799 0.05027932960893855 0.0 0.0
0.0 0.10339943342776205 0.043296089385474856 0.0 0.0
0.0040595399188092015 0.10764872521246459 0.054469273743016765 0.0 0.0
0.0027063599458728013 0.1246458923512748 0.03212290502793296 0.0 0.0
0.0013531799729364006 0.1388101983002833 0.08379888268156424 0.0 0.0
0.0040595399188092015 0.15439093484419264 0.030726256983240226 0.0 0.0
0.0013531799729364006 0.13031161473087818 0.0446927374301676 0.0015151515151515152 0.0
0.0040595399188092015 0.1104815864022663 0.05307262569832402 0.0 0.0
0.0013531799729364006 0.16005665722379603 0.04748603351955307 0.0 0.0
0.0 0.14589235127478753 0.05307262569832402 0.0 0.001440922190201729
0.0 0.15864022662889518 0.058659217877094966 0.0 0.0
0.0 0.10906515580736544 0.04888268156424581 0.0 0.0
0.0013531799729364006 0.10198300283286119 0.07122905027932962 0.0 0.0
0.0 0.08923512747875355 0.054469273743016765 0.0 0.0
0.0027063599458728013 0.0736543909348442 0.0446927374301676 0.0 0.0
0.0040595399188092015 0.0906515580736544 0.06005586592178771 0.0 0.0
0.0013531799729364006 0.13172804532577903 0.04748603351955307 0.0 0.0
0.0 0.10339943342776205 0.04189944134078212 0.0015151515151515152 0.0
0.0013531799729364006 0.10198300283286119 0.06145251396648045 0.0015151515151515152 0.0
0.0027063599458728013 0.14447592067988668 0.05027932960893855 0.0015151515151515152 0.0
0.0 0.09915014164305949 0.06005586592178771 0.0015151515151515152 0.0
0.0027063599458728013 0.12039660056657224 0.046089385474860335 0.0030303030303030303 0.0
0.0040595399188092015 0.10906515580736544 0.04189944134078212 0.0 0.0
0.0027063599458728013 0.09348441926345609 0.054469273743016765 0.0015151515151515152 0.0
0.0 0.09348441926345609 0.04748603351955307 0.0 0.0
0.0013531799729364006 0.1473087818696884 0.03910614525139665 0.0015151515151515152 0.0
0.006765899864682003 0.09915014164305949 0.04748603351955307 0.0 0.0
0.0027063599458728013 0.10906515580736544 0.036312849162011177 0.0015151515151515152 0.0
0.0013531799729364006 0.0906515580736544 0.07541899441340782 0.0 0.0
0.0013531799729364006 0.08781869688385269 0.043296089385474856 0.0015151515151515152 0.0
0.0027063599458728013 0.11189801699716713 0.05726256983240224 0.0015151515151515152 0.0
0.0 0.09348441926345609 0.05027932960893855 0.0 0.0
0.0013531799729364006 0.10906515580736544 0.043296089385474856 0.0 0.0
0.0027063599458728013 0.10198300283286119 0.0558659217877095 0.0 0.0
0.0 0.13456090651558075 0.04050279329608939 0.0 0.0
0.0013531799729364006 0.1246458923512748 0.03910614525139665 0.0 0.0
0.0013531799729364006 0.10623229461756374 0.03770949720670391 0.0015151515151515152 0.0
0.0 0.0963172804532578 0.0446927374301676 0.0 0.0
0.0 0.08640226628895184 0.04189944134078212 0.0 0.0
0.0027063599458728013 0.1388101983002833 0.0446927374301676 0.0 0.0
0.0027063599458728013 0.09915014164305949 0.05027932960893855 0.0030303030303030303 0.0
0.0013531799729364006 0.12606232294617564 0.043296089385474856 0.0015151515151515152 0.0
0.0 0.11898016997167138 0.04748603351955307 0.0 0.0
0.0027063599458728013 0.14305949008498584 0.04189944134078212 0.0015151515151515152 0.0
0.0 0.11898016997167138 0.08100558659217878 0.0 0.0
0.0013531799729364006 0.10198300283286119 0.0558659217877095 0.0 0.0
0.0013531799729364006 0.11189801699716713 0.04050279329608939 0.0030303030303030303 0.0
0.0027063599458728013 0.13172804532577903 0.05307262569832402 0.0015151515151515152 0.0
0.0013531799729364006 0.10623229461756374 0.03910614525139665 0.0 0.0
0.0 0.1274787535410765 0.0446927374301676 0.0 0.0
0.0013531799729364006 0.09206798866855524 0.046089385474860335 0.0015151515151515152 0.0
0.0 0.11189801699716713 0.06005586592178771 0.0 0.0
0.0040595399188092015 0.10198300283286119 0.046089385474860335 0.0 0.0
0.0 0.11331444759206799 0.0446927374301676 0.0 0.0
0.0 0.10056657223796034 0.054469273743016765 0.0 0.001440922190201729
0.0013531799729364006 0.10339943342776205 0.043296089385474856 0.0015151515151515152 0.0
0.0 0.10623229461756374 0.03770949720670391 0.0 0.0
0.0040595399188092015 0.12181303116147309 0.07122905027932962 0.0 0.0
0.0013531799729364006 0.0906515580736544 0.046089385474860335 0.0 0.0
0.0013531799729364006 0.08356940509915015 0.04888268156424581 0.0 0.0
0.0013531799729364006 0.08640226628895184 0.036312849162011177 0.0015151515151515152 0.0
0.0040595399188092015 0.12606232294617564 0.0446927374301676 0.0 0.0
0.0013531799729364006 0.10198300283286119 0.03212290502793296 0.0 0.0
0.0040595399188092015 0.11756373937677055 0.05726256983240224 0.0 0.0
0.0013531799729364006 0.0906515580736544 0.04189944134078212 0.0 0.0
0.0 0.06515580736543909 0.04748603351955307 0.0 0.0
0.0013531799729364006 0.09206798866855524 0.04888268156424581 0.0 0.001440922190201729
0.0 0.0764872521246459 0.036312849162011177 0.0 0.0
0.0013531799729364006 0.13456090651558075 0.03910614525139665 0.0 0.0
0.0013531799729364006 0.11189801699716713 0.08100558659217878 0.0 0.0
0.0013531799729364006 0.09773371104815864 0.043296089385474856 0.0 0.0
0.0 0.11756373937677055 0.043296089385474856 0.0 0.0
0.0013531799729364006 0.08215297450424928 0.054469273743016765 0.0015151515151515152 0.0
0.0 0.10339943342776205 0.04748603351955307 0.0 0.0
0.0013531799729364006 0.08498583569405099 0.03770949720670391 0.0 0.0
0.0013531799729364006 0.10481586402266288 0.03770949720670391 0.0 0.0
0.0 0.10764872521246459 0.0446927374301676 0.0 0.0
0.0013531799729364006 0.07223796033994334 0.046089385474860335 0.0030303030303030303 0.0
0.0027063599458728013 0.12181303116147309 0.046089385474860335 0.0 0.0
0.0 0.08640226628895184 0.05027932960893855 0.0 0.0
0.0027063599458728013 0.10764872521246459 0.054469273743016765 0.0 0.0
0.0013531799729364006 0.12322946175637395 0.04189944134078212 0.0 0.0
0.0 0.1331444759206799 0.04748603351955307 0.0 0.0
0.0040595399188092015 0.10623229461756374 0.03770949720670391 0.0030303030303030303 0.0
0.0 0.12181303116147309 0.06005586592178771 0.0 0.0
0.0013531799729364006 0.0906515580736544 0.034916201117318434 0.0 0.001440922190201729
0.0013531799729364006 0.11898016997167138 0.03212290502793296 0.0030303030303030303 0.0
0.0 0.08781869688385269 0.04748603351955307 0.0015151515151515152 0.0
0.0 0.0906515580736544 0.036312849162011177 0.0 0.0
0.0 0.08923512747875355 0.029329608938547483 0.0 0.0
0.0 0.10056657223796034 0.043296089385474856 0.0015151515151515152 0.0
0.0 0.08215297450424928 0.0335195530726257 0.0 0.0
0.0 0.09206798866855524 0.046089385474860335 0.0 0.0
0.0 0.11898016997167138 0.06983240223463687 0.0 0.0
0.0013531799729364006 0.09348441926345609 0.04888268156424581 0.0 0.0
0.0 0.11331444759206799 0.051675977653631286 0.0015151515151515152 0.0
0.0 0.0 0.0 0.0 0.0
0.0013531799729364006 0.0 0.0 0.0 0.0
0.0 0.0 0.0 0.0 0.0
0.0 0.0 0.0 0.0 0.001440922190201729
0.0 0.10481586402266288 0.058659217877094966 0.0 0.0
0.0 0.0 0.0 0.0 0.0
0.0 0.0 0.0 0.0 0.0
0.0 0.0 0.0013966480446927375 0.0 0.001440922190201729
0.0 0.0 0.0 0.0 0.0
0.0 0.049575070821529746 0.12150837988826815 0.0030303030303030303 0.0
0.0 0.0 0.0 0.0 0.0
0.0 0.0 0.0 0.0 0.0
0.0013531799729364006 0.0 0.0 0.0 0.001440922190201729
0.0 0.0 0.0 0.0 0.0
0.0 0.10481586402266288 0.03910614525139665 0.0 0.0
0.0 0.0 0.0 0.0 0.0
0.0 0.0 0.0 0.0 0.0
0.0 0.0 0.0 0.0 0.0
0.0 0.0 0.0 0.0 0.0
0.0013531799729364006 0.03824362606232295 0.12430167597765363 0.0 0.0
0.0 0.0 0.0 0.0 0.0
0.0 0.0 0.0 0.0 0.0
0.0 0.0 0.0 0.0 0.0
0.0 0.0 0.0 0.0 0.0
0.0 0.0 0.0 0.0 0.0
0.0013531799729364006 0.0 0.0 0.0 0.0
0.0 0.0 0.0 0.0 0.0
0.0 0.0 0.0 0.0 0.0
0.0 0.0 0.0 0.0 0.0
0.0 0.0 0.0 0.0015151515151515152 0.0
0.0 0.049575070821529746 0.1159217877094972 0.0015151515151515152 0.0
0.0 0.03399433427762039 0.13687150837988826 0.0030303030303030303 0.0
0.0 0.03824362606232295 0.1229050279329609 0.0030303030303030303 0.0
0.0 0.032577903682719546 0.18156424581005587 0.0 0.0
0.0 0.049575070821529746 0.15921787709497207 0.0015151515151515152 0.0
0.0 0.016997167138810197 0.1689944134078212 0.004545454545454545 0.0
0.0 0.04107648725212464 0.1159217877094972 0.0015151515151515152 0.0
0.0013531799729364006 0.049575070821529746 0.2081005586592179 0.0015151515151515152 0.0
0.0013531799729364006 0.0453257790368272 0.15921787709497207 0.0015151515151515152 0.0
0.0 0.0481586402266289 0.20251396648044692 0.0 0.0
0.0013531799729364006 0.032577903682719546 0.23463687150837986 0.0 0.0
0.0 0.04107648725212464 0.23882681564245808 0.0015151515151515152 0.0
0.0 0.05240793201133144 0.25977653631284914 0.0015151515151515152 0.0
0.0 0.043909348441926344 0.2639664804469274 0.004545454545454545 0.0
0.0 0.0311614730878187 0.29608938547486036 0.0030303030303030303 0.0
0.0013531799729364006 0.0226628895184136 0.276536312849162 0.0015151515151515152 0.0
0.0 0.043909348441926344 0.3044692737430168 0.0015151515151515152 0.0
0.0 0.04107648725212464 0.3994413407821229 0.0 0.0
0.0 0.0481586402266289 0.4231843575418995 0.0 0.0
0.0013531799729364006 0.049575070821529746 0.40502793296089384 0.0015151515151515152 0.0
0.0013531799729364006 0.04107648725212464 0.4636871508379888 0.0015151515151515152 0.0
0.0 0.042492917847025496 0.4888268156424581 0.0 0.0
0.0013531799729364006 0.042492917847025496 0.5153631284916201 0.0030303030303030303 0.0
0.0013531799729364006 0.04107648725212464 0.5865921787709497 0.0 0.0
0.0027063599458728013 0.060906515580736544 0.622905027932961 0.0030303030303030303 0.0
0.0 0.05240793201133144 0.75 0.0030303030303030303 0.0
0.0013531799729364006 0.05240793201133144 0.7513966480446927 0.0 0.0
0.0 0.03824362606232295 0.8589385474860336 0.0 0.0
0.0 0.03824362606232295 0.9748603351955307 0.0030303030303030303 0.0
0.0 0.05949008498583569 0.9972067039106145 0.0 0.0
0.0 0.046742209631728045 1.1019553072625698 0.0015151515151515152 0.0
0.0 0.05807365439093484 1.1983240223463687 0.0030303030303030303 0.0
0.0 0.06515580736543909 1.2960893854748605 0.0015151515151515152 0.0
0.0013531799729364006 0.049575070821529746 1.291899441340782 0.0 0.0
0.0 0.049575070821529746 1.3952513966480447 0.0030303030303030303 0.0
0.0 0.0368271954674221 1.4636871508379887 0.0030303030303030303 0.0
0.0 0.053824362606232294 1.5181564245810057 0.0 0.0
0.0013531799729364006 0.0736543909348442 1.5558659217877095 0.0015151515151515152 0.0
0.0013531799729364006 0.06515580736543909 1.6410614525139664 0.0015151515151515152 0.0
0.0 0.05524079320113315 1.7430167597765365 0.0015151515151515152 0.0
0.0 0.05099150141643059 1.8379888268156424 0.0 0.0
0.0 0.0708215297450425 1.9581005586592177 0.0 0.0
0.0 0.0764872521246459 1.983240223463687 0.0030303030303030303 0.0
0.0 0.06373937677053824 2.177374301675978 0.0 0.0
0.0013531799729364006 0.06657223796033995 2.3603351955307263 0.007575757575757576 0.0
0.0 0.05524079320113315 2.2583798882681565 0.004545454545454545 0.0
0.0027063599458728013 0.049575070821529746 2.425977653631285 0.0 0.0
0.0013531799729364006 0.053824362606232294 2.655027932960894 0.0 0.0
0.0 0.0764872521246459 2.7388268156424584 0.0015151515151515152 0.0
0.0 0.0708215297450425 2.994413407821229 0.0 0.0
0.0013531799729364006 0.09348441926345609 3.0097765363128492 0.0030303030303030303 0.0
0.0013531799729364006 0.07790368271954674 3.068435754189944 0.0015151515151515152 0.0
0.0 0.07932011331444759 3.360335195530726 0.0015151515151515152 0.0
0.0 0.08498583569405099 3.4120111731843576 0.0030303030303030303 0.0
0.0 0.0736543909348442 3.5293296089385473 0.0 0.001440922190201729
0.0013531799729364006 0.08640226628895184 3.488826815642458 0.0015151515151515152 0.0
0.0 0.0623229461756374 3.674581005586592 0.0030303030303030303 0.0
0.0013531799729364006 0.06798866855524079 3.6410614525139664 0.0015151515151515152 0.0
0.0013531799729364006 0.10623229461756374 3.674581005586592 0.0015151515151515152 0.0
0.0 0.08781869688385269 3.6410614525139664 0.0015151515151515152 0.0
0.0 0.10198300283286119 3.7248603351955305 0.0 0.0
0.0 0.08640226628895184 3.600558659217877 0.0030303030303030303 0.0
0.0 0.08215297450424928 3.674581005586592 0.0015151515151515152 0.0
0.0 0.08073654390934844 3.884078212290503 0.0 0.0
0.0 0.08923512747875355 3.893854748603352 0.0 0.0
0.0 0.0906515580736544 3.8310055865921786 0.0 0.0
0.0 0.08356940509915015 3.905027932960894 0.006060606060606061 0.0
0.0 0.10481586402266288 3.75 0.0 0.0
0.0 0.09915014164305949 3.9427374301675977 0.0015151515151515152 0.0
0.0 0.12039660056657224 3.884078212290503 0.0 0.0
0.0 0.09490084985835694 3.783519553072626 0.0015151515151515152 0.0
0.0 0.09773371104815864 3.879888268156425 0.0 0.0
0.0 0.08781869688385269 3.932960893854749 0.004545454545454545 0.0
0.0 0.0963172804532578 3.754189944134078 0.0 0.0
0.0 0.08640226628895184 3.850558659217877 0.0 0.0
0.0013531799729364006 0.10339943342776205 3.8170391061452515 0.0 0.0
0.0 0.10623229461756374 3.8701117318435756 0.0030303030303030303 0.0
0.0013531799729364006 0.08923512747875355 3.8393854748603355 0.004545454545454545 0.0
0.0 0.08356940509915015 3.886871508379888 0.0015151515151515152 0.0
0.0 0.10481586402266288 3.86731843575419 0.006060606060606061 0.001440922190201729
0.0 0.0963172804532578 3.9958100558659218 0.0 0.0
0.0013531799729364006 0.09206798866855524 3.939944134078212 0.0015151515151515152 0.0
0.0013531799729364006 0.0764872521246459 3.9650837988826817 0.0030303030303030303 0.0
0.0 0.09915014164305949 3.9022346368715084 0.006060606060606061 0.0
0.0 0.09348441926345609 3.835195530726257 0.004545454545454545 0.0
0.0 0.08498583569405099 3.8449720670391065 0.0 0.0
0.0 0.10198300283286119 3.9231843575418996 0.0030303030303030303 0.0
0.0 0.09206798866855524 3.865921787709497 0.0 0.0
0.0013531799729364006 0.08781869688385269 3.9008379888268156 0.0 0.0
0.0 0.0963172804532578 3.9092178770949717 0.0015151515151515152 0.0
0.0013531799729364006 0.09348441926345609 3.8310055865921786 0.0 0.0
0.0 0.0764872521246459 3.865921787709497 0.0 0.0
0.0 0.10481586402266288 3.863128491620112 0.0015151515151515152 0.0
0.0 0.09915014164305949 3.9162011173184355 0.0 0.0
0.0 0.09490084985835694 3.888268156424581 0.0015151515151515152 0.0
0.0013531799729364006 0.08923512747875355 3.914804469273743 0.0030303030303030303 0.0
0.0 0.11331444759206799 3.871508379888268 0.0030303030303030303 0.0
0.0 0.09490084985835694 3.935754189944134 0.0030303030303030303 0.0
0.0013531799729364006 0.13172804532577903 3.9301675977653634 0.0 0.0
