0.0013531799729364006 0.1388101983002833 0.06634078212290503 0.0 0.0
0.0006765899864682003 0.136685552407932 0.051675977653631286 0.0030303030303030303 0.0
0.0006765899864682003 0.1388101983002833 0.058659217877094966 0.0 0.0
0.0020297699594046007 0.13243626062322944 0.05307262569832402 0.0015151515151515152 0.0
0.0013531799729364006 0.1565155807365439 0.06564245810055866 0.0007575757575757576 0.0
0.0 0.16076487252124644 0.0467877094972067 0.0007575757575757576 0.0
0.0 0.13526912181303116 0.04888268156424581 0.0007575757575757576 0.0
0.0020297699594046007 0.13385269121813032 0.05656424581005587 0.0 0.0
0.0020297699594046007 0.14943342776203966 0.04958100558659218 0.0007575757575757576 0.0
0.0013531799729364006 0.14518413597733712 0.07192737430167598 0.0 0.0
0.0027063599458728013 0.1621813031161473 0.03840782122905028 0.0 0.0
0.0006765899864682003 0.16005665722379603 0.04958100558659218 0.0007575757575757576 0.0
0.0020297699594046007 0.12818696883852693 0.04818435754189944 0.0 0.0
0.0013531799729364006 0.15226628895184138 0.051675977653631286 0.0007575757575757576 0.0
0.0020297699594046007 0.1763456090651558 0.0579608938547486 0.0 0.0007204610951008645
0.0 0.1848441926345609 0.06075418994413408 0.0 0.0
0.0006765899864682003 0.13243626062322944 0.043994413407821224 0.0022727272727272726 0.0007204610951008645
0.0020297699594046007 0.13739376770538242 0.07402234636871509 0.0 0.0
0.0006765899864682003 0.10623229461756374 0.05656424581005587 0.0007575757575757576 0.0
0.0013531799729364006 0.10410764872521246 0.04748603351955307 0.0 0.0
0.0020297699594046007 0.12322946175637395 0.052374301675977654 0.0015151515151515152 0.0
0.0013531799729364006 0.15155807365439092 0.05377094972067039 0.0 0.0
0.0020297699594046007 0.1473087818696884 0.04539106145251397 0.0015151515151515152 0.0
0.0006765899864682003 0.14872521246458925 0.05377094972067039 0.0007575757575757576 0.0
0.0013531799729364006 0.16359773371104816 0.05377094972067039 0.0015151515151515152 0.0
0.0 0.14376770538243627 0.05656424581005587 0.0015151515151515152 0.0
0.0020297699594046007 0.1671388101983003 0.05027932960893855 0.0015151515151515152 0.0
0.0020297699594046007 0.16288951841359775 0.04958100558659218 0.0 0.0
0.0013531799729364006 0.14376770538243627 0.05656424581005587 0.0007575757575757576 0.0
0.0006765899864682003 0.16430594900849857 0.05656424581005587 0.0 0.0
0.0006765899864682003 0.17209631728045327 0.04120111731843575 0.0015151515151515152 0.0
0.0033829499323410014 0.15439093484419264 0.04888268156424581 0.0007575757575757576 0.0
0.0013531799729364006 0.15155807365439092 0.04958100558659218 0.0015151515151515152 0.0
0.0027063599458728013 0.17563739376770537 0.06634078212290503 0.0 0.0
0.0006765899864682003 0.1671388101983003 0.04958100558659218 0.0007575757575757576 0.0
0.0013531799729364006 0.17422096317280453 0.06075418994413408 0.0007575757575757576 0.0
0.0006765899864682003 0.16572237960339942 0.0558659217877095 0.0 0.0
0.0013531799729364006 0.18696883852691218 0.06145251396648045 0.0 0.0
0.0020297699594046007 0.18271954674220964 0.0691340782122905 0.0 0.0
0.0013531799729364006 0.20538243626062325 0.05097765363128492 0.0007575757575757576 0.0
0.0006765899864682003 0.2082152974504249 0.04888268156424581 0.0007575757575757576 0.0
0.0006765899864682003 0.21175637393767704 0.06215083798882681 0.0007575757575757576 0.0
0.0 0.20467422096317278 0.046089385474860335 0.0015151515151515152 0.0
0.0 0.19617563739376773 0.05027932960893855 0.0015151515151515152 0.0
0.0013531799729364006 0.2528328611898017 0.05726256983240224 0.0007575757575757576 0.0
0.0020297699594046007 0.19617563739376773 0.06424581005586592 0.0015151515151515152 0.0
0.0020297699594046007 0.24787535410764874 0.07053072625698324 0.0007575757575757576 0.0
0.0013531799729364006 0.24787535410764874 0.05726256983240224 0.0 0.0
0.0027063599458728013 0.2754957507082153 0.06284916201117319 0.0007575757575757576 0.0007204610951008645
0.0 0.2464589235127479 0.09078212290502793 0.0007575757575757576 0.0
0.0006765899864682003 0.24008498583569407 0.06424581005586592 0.0 0.0
0.0006765899864682003 0.2464589235127479 0.06773743016759777 0.0022727272727272726 0.0
0.0020297699594046007 0.28824362606232296 0.06494413407821228 0.0015151515151515152 0.0
0.0020297699594046007 0.25991501416430596 0.06145251396648045 0.0 0.0
0.0 0.273371104815864 0.06773743016759777 0.0 0.0
0.0013531799729364006 0.254957507082153 0.05935754189944134 0.0007575757575757576 0.0
0.0006765899864682003 0.27407932011331443 0.07541899441340782 0.0015151515151515152 0.0
0.0027063599458728013 0.27195467422096314 0.058659217877094966 0.0007575757575757576 0.0
0.0 0.2754957507082153 0.06284916201117319 0.0 0.0
0.0013531799729364006 0.29674220963172804 0.0691340782122905 0.0007575757575757576 0.0007204610951008645
0.0006765899864682003 0.3024079320113314 0.06773743016759777 0.0007575757575757576 0.0
0.0 0.29957507082152973 0.0446927374301676 0.0 0.0
0.0027063599458728013 0.3378186968838527 0.0914804469273743 0.0 0.0
0.0006765899864682003 0.31657223796033995 0.0782122905027933 0.0007575757575757576 0.0
0.0033829499323410014 0.32507082152974504 0.07402234636871509 0.0007575757575757576 0.0
0.0033829499323410014 0.3385269121813031 0.05656424581005587 0.0007575757575757576 0.0007204610951008645
0.0027063599458728013 0.39589235127478756 0.07681564245810056 0.0 0.0
0.0013531799729364006 0.363314447592068 0.06354748603351955 0.0007575757575757576 0.0
0.0027063599458728013 0.3781869688385269 0.09427374301675978 0.0 0.0
0.0006765899864682003 0.37747875354107646 0.08100558659217878 0.0007575757575757576 0.0
0.0 0.35056657223796034 0.08379888268156424 0.0 0.0
0.0006765899864682003 0.4164305949008498 0.0824022346368715 0.0 0.0007204610951008645
0.0 0.3824362606232295 0.07681564245810056 0.0 0.0
0.0006765899864682003 0.4709631728045326 0.09287709497206703 0.0 0.0
0.0006765899864682003 0.4695467422096318 0.12360335195530725 0.0 0.0
0.0006765899864682003 0.43626062322946174 0.0824022346368715 0.0 0.0
0.0013531799729364006 0.48087818696883855 0.09078212290502793 0.0 0.0
0.0020297699594046007 0.45679886685552407 0.09986033519553073 0.0007575757575757576 0.0
0.0 0.48866855524079317 0.09636871508379888 0.0007575757575757576 0.0
0.0020297699594046007 0.45325779036827196 0.10335195530726257 0.0 0.0
0.0033829499323410014 0.5184135977337111 0.09706703910614525 0.0 0.0
0.0 0.5077903682719547 0.10125698324022346 0.0007575757575757576 0.0
0.0013531799729364006 0.4865439093484419 0.10824022346368715 0.0015151515151515152 0.0
0.0020297699594046007 0.5630311614730878 0.1159217877094972 0.0 0.0
0.0006765899864682003 0.5488668555240793 0.11103351955307263 0.0 0.0
0.0027063599458728013 0.5545325779036827 0.12150837988826815 0.0007575757575757576 0.0
0.0013531799729364006 0.6175637393767706 0.11033519553072627 0.0 0.0
0.0 0.6260623229461756 0.11871508379888268 0.0 0.0
0.0020297699594046007 0.5956090651558074 0.11033519553072627 0.0022727272727272726 0.0
0.0006765899864682003 0.6111898016997167 0.12639664804469272 0.0 0.0
0.0013531799729364006 0.5842776203966006 0.11103351955307263 0.0 0.0007204610951008645
0.0020297699594046007 0.6239376770538243 0.11871508379888268 0.0022727272727272726 0.0
0.0006765899864682003 0.6253541076487251 0.13477653631284917 0.0015151515151515152 0.0007204610951008645
0.0013531799729364006 0.6487252124645893 0.11731843575418993 0.0 0.0
0.0013531799729364006 0.6756373937677054 0.12360335195530725 0.0007575757575757576 0.0
0.0006765899864682003 0.6593484419263456 0.13268156424581007 0.0007575757575757576 0.0
0.0006765899864682003 0.6983002832861189 0.12569832402234637 0.0 0.0
0.0006765899864682003 0.7230878186968838 0.13687150837988826 0.0007575757575757576 0.0
0.0006765899864682003 0.7237960339943342 0.164804469273743 0.0 0.0
0.0020297699594046007 0.726628895184136 0.14315642458100558 0.0 0.0
0.0013531799729364006 0.7825779036827196 0.1613128491620112 0.0007575757575757576 0.0
0.0 0.04603399433427762 0.0006983240223463687 0.0 0.0
0.0006765899864682003 0.046742209631728045 0.002793296089385475 0.0 0.0
0.0 0.04178470254957507 0.0013966480446927375 0.0 0.0
0.0 0.04745042492917847 0.0006983240223463687 0.0 0.0007204610951008645
0.0013531799729364006 0.7719546742209632 0.16759776536312848 0.0022727272727272726 0.001440922190201729
0.0 0.049575070821529746 0.0013966480446927375 0.0 0.0007204610951008645
0.0 0.042492917847025496 0.002793296089385475 0.0 0.0
0.0 0.04178470254957507 0.0006983240223463687 0.0 0.0007204610951008645
0.0 0.05453257790368272 0.0013966480446927375 0.0 0.0
0.0 0.5509915014164306 0.22905027932960895 0.0015151515151515152 0.0
0.0 0.04107648725212464 0.0006983240223463687 0.0 0.0
0.0 0.05169971671388102 0.003491620111731844 0.0 0.0
0.0006765899864682003 0.0481586402266289 0.0006983240223463687 0.0 0.001440922190201729
0.0 0.04320113314447592 0.0006983240223463687 0.0 0.0
0.0 0.7386685552407932 0.13547486033519554 0.0 0.0
0.0 0.04745042492917847 0.0006983240223463687 0.0 0.0
0.0 0.053824362606232294 0.003491620111731844 0.0 0.0
0.0 0.03753541076487252 0.0006983240223463687 0.0 0.0
0.0 0.056657223796033995 0.0006983240223463687 0.0 0.0
0.0006765899864682003 0.5092067988668555 0.2360335195530726 0.0007575757575757576 0.0
0.0 0.039660056657223795 0.0 0.0 0.0
0.0 0.044617563739376774 0.0006983240223463687 0.0 0.0
0.0 0.049575070821529746 0.0013966480446927375 0.0 0.0
0.0 0.04320113314447592 0.002094972067039106 0.0 0.0
0.0 0.0481586402266289 0.0 0.0 0.0
0.0013531799729364006 0.04320113314447592 0.0006983240223463687 0.0 0.0
0.0 0.05099150141643059 0.0 0.0 0.0
0.0 0.046742209631728045 0.0006983240223463687 0.0 0.0007204610951008645
0.0 0.046742209631728045 0.0 0.0 0.0
0.0 0.0481586402266289 0.002793296089385475 0.0007575757575757576 0.0
0.0 0.5509915014164306 0.22905027932960895 0.0022727272727272726 0.0
0.0 0.5269121813031161 0.22695530726256985 0.0030303030303030303 0.0
0.0 0.5361189801699717 0.223463687150838 0.0030303030303030303 0.0
0.0 0.546742209631728 0.27863128491620115 0.0015151515151515152 0.0
0.0 0.5601983002832861 0.27863128491620115 0.0015151515151515152 0.0
0.0 0.5177053824362606 0.27304469273743015 0.0022727272727272726 0.0
0.0 0.571529745042493 0.22067039106145253 0.0015151515151515152 0.0
0.0006765899864682003 0.5580736543909348 0.2981843575418995 0.0007575757575757576 0.0
0.0006765899864682003 0.53328611898017 0.24371508379888268 0.0022727272727272726 0.0
0.0 0.5679886685552408 0.26885474860335196 0.0 0.0
0.0006765899864682003 0.5198300283286119 0.30935754189944137 0.0007575757575757576 0.0
0.0006765899864682003 0.5396600566572238 0.3079608938547486 0.0022727272727272726 0.0
0.0 0.5502832861189803 0.3282122905027933 0.0030303030303030303 0.0
0.0 0.5240793201133145 0.3149441340782123 0.004545454545454545 0.0
0.0 0.5177053824362606 0.32402234636871513 0.0015151515151515152 0.0
0.0013531799729364006 0.5077903682719547 0.2974860335195531 0.0030303030303030303 0.0
0.0006765899864682003 0.5439093484419263 0.31424581005586594 0.006060606060606061 0.0
0.0 0.5021246458923513 0.37779329608938544 0.0007575757575757576 0.0
0.0006765899864682003 0.5460339943342776 0.3791899441340782 0.0007575757575757576 0.0
0.0006765899864682003 0.5538243626062324 0.3519553072625698 0.0015151515151515152 0.0
0.0006765899864682003 0.5502832861189803 0.401536312849162 0.0022727272727272726 0.0
0.0 0.5283286118980169 0.41201117318435754 0.0007575757575757576 0.0
0.0006765899864682003 0.5276203966005666 0.4162011173184358 0.0030303030303030303 0.0
0.0006765899864682003 0.4858356940509915 0.4748603351955307 0.0015151515151515152 0.0
0.0020297699594046007 0.5389518413597734 0.47835195530726254 0.004545454545454545 0.0
0.0006765899864682003 0.5042492917847026 0.5467877094972067 0.0022727272727272726 0.0
0.0006765899864682003 0.5460339943342776 0.5432960893854749 0.0007575757575757576 0.0
0.0 0.5354107648725213 0.585195530726257 0.0007575757575757576 0.0
0.0 0.4936260623229462 0.6480446927374303 0.003787878787878788 0.0
0.0 0.5347025495750709 0.6662011173184357 0.0 0.0
0.0 0.5 0.7262569832402235 0.0015151515151515152 0.0
0.0 0.5509915014164306 0.7569832402234636 0.004545454545454545 0.0
0.0006765899864682003 0.5014164305949008 0.8072625698324022 0.003787878787878788 0.0
0.0006765899864682003 0.5219546742209632 0.8044692737430168 0.0015151515151515152 0.0
0.0 0.5077903682719547 0.8414804469273742 0.0022727272727272726 0.0
0.0006765899864682003 0.5028328611898016 0.8805865921787709 0.0022727272727272726 0.0
0.0 0.5219546742209632 0.8994413407821229 0.0015151515151515152 0.0
0.0013531799729364006 0.5269121813031161 0.9113128491620112 0.0022727272727272726 0.0
0.0013531799729364006 0.546742209631728 0.9692737430167597 0.0007575757575757576 0.0
0.0 0.4879603399433428 1.0216480446927374 0.0015151515151515152 0.0
0.0006765899864682003 0.5042492917847026 1.0537709497206704 0.0015151515151515152 0.0
0.0 0.5297450424929178 1.1222067039106145 0.0007575757575757576 0.0
0.0 0.5297450424929178 1.1284916201117319 0.0030303030303030303 0.0
0.0006765899864682003 0.4922096317280454 1.2178770949720672 0.0 0.0
0.0006765899864682003 0.5297450424929178 1.3365921787709498 0.0053030303030303025 0.0
0.0 0.5318696883852692 1.2576815642458101 0.0022727272727272726 0.0
0.0013531799729364006 0.4950424929178471 1.3519553072625696 0.0007575757575757576 0.0
0.0006765899864682003 0.5 1.469972067039106 0.0015151515151515152 0.0
0.0 0.5254957507082153 1.4951117318435754 0.0007575757575757576 0.0
0.0 0.5113314447592068 1.6431564245810055 0.0007575757575757576 0.0
0.0006765899864682003 0.5162889518413598 1.6312849162011174 0.003787878787878788 0.0
0.0020297699594046007 0.5014164305949008 1.6529329608938548 0.0015151515151515152 0.0
0.0006765899864682003 0.4858356940509915 1.808659217877095 0.0007575757575757576 0.0
0.0 0.5212464589235127 1.8365921787709498 0.0030303030303030303 0.0
0.0 0.4830028328611898 1.8931564245810055 0.0022727272727272726 0.0007204610951008645
0.0006765899864682003 0.5127478753541077 1.8645251396648044 0.0007575757575757576 0.0
0.0 0.4794617563739377 1.9587988826815645 0.0030303030303030303 0.0
0.0006765899864682003 0.4681303116147309 1.9462290502793296 0.0007575757575757576 0.0
0.0006765899864682003 0.5354107648725213 1.9650837988826817 0.0015151515151515152 0.0
0.0 0.5184135977337111 1.9399441340782124 0.0007575757575757576 0.0
0.0 0.5205382436260624 1.9965083798882681 0.0015151515151515152 0.0
0.0 0.508498583569405 1.9155027932960893 0.0022727272727272726 0.0
0.0006765899864682003 0.5035410764872521 1.964385474860335 0.0007575757575757576 0.0
0.0 0.4922096317280454 2.065642458100559 0.0007575757575757576 0.0
0.0 0.49150141643059486 2.083100558659218 0.0 0.0
0.0 0.514872521246459 2.0321229050279332 0.0 0.0
0.0 0.5049575070821529 2.085195530726257 0.004545454545454545 0.0
0.0 0.5028328611898016 1.9811452513966479 0.0 0.0
0.0 0.5162889518413598 2.1089385474860336 0.0022727272727272726 0.0
0.0 0.5162889518413598 2.0691340782122905 0.0022727272727272726 0.0
0.0 0.4936260623229462 2.0069832402234637 0.0007575757575757576 0.0
0.0 0.5063739376770539 2.055167597765363 0.0007575757575757576 0.0
0.0 0.5361189801699717 2.0879888268156424 0.0022727272727272726 0.0
0.0 0.5077903682719547 1.9867318435754189 0.0007575757575757576 0.0
0.0 0.509915014164306 2.0516759776536313 0.0007575757575757576 0.0
0.0013531799729364006 0.5432011331444759 2.0405027932960893 0.0015151515151515152 0.0
0.0 0.5254957507082153 2.0649441340782126 0.0030303030303030303 0.0007204610951008645
0.0006765899864682003 0.5113314447592068 2.0467877094972065 0.0022727272727272726 0.0
0.0 0.471671388101983 2.0691340782122905 0.0022727272727272726 0.0
0.0 0.5446175637393768 2.0572625698324023 0.0030303030303030303 0.0007204610951008645
0.0 0.5141643059490085 2.1243016759776534 0.0015151515151515152 0.0
0.0006765899864682003 0.48087818696883855 2.098463687150838 0.0022727272727272726 0.0
0.0006765899864682003 0.4936260623229462 2.106145251396648 0.0015151515151515152 0.0
0.0 0.5134560906515582 2.07122905027933 0.0053030303030303025 0.0
0.0 0.5134560906515582 2.048882681564246 0.0022727272727272726 0.0
0.0 0.5049575070821529 2.0509776536312847 0.0 0.0
0.0006765899864682003 0.5035410764872521 2.0879888268156424 0.0015151515151515152 0.0
0.0006765899864682003 0.5240793201133145 2.0523743016759775 0.0 0.0
0.0006765899864682003 0.48229461756373937 2.0733240223463687 0.0007575757575757576 0.0
0.0006765899864682003 0.508498583569405 2.085893854748603 0.0022727272727272726 0.0
0.0006765899864682003 0.5318696883852692 2.0439944134078214 0.0 0.0
0.0 0.5049575070821529 2.048882681564246 0.0015151515151515152 0.0
0.0 0.5063739376770539 2.0460893854748603 0.0007575757575757576 0.0
0.0 0.5198300283286119 2.096368715083799 0.0007575757575757576 0.0
0.0 0.5290368271954674 2.0677374301675977 0.0022727272727272726 0.0
0.0013531799729364006 0.5198300283286119 2.076815642458101 0.0022727272727272726 0.0
0.0 0.5177053824362606 2.065642458100559 0.0015151515151515152 0.0
0.0006765899864682003 0.5021246458923513 2.105446927374302 0.003787878787878788 0.0
0.0006765899864682003 0.5601983002832861 2.098463687150838 0.0 0.0
