13.833333333333332 35.666666666666664 29.666666666666668 14.833333333333334 14.0
16.0 34.0 28.833333333333332 14.333333333333334 10.8
17.166666666666668 31.666666666666668 32.666666666666664 13.0 13.6
15.666666666666666 36.333333333333336 32.33333333333333 15.5 13.6
17.333333333333332 36.666666666666664 30.666666666666664 13.166666666666666 14.200000000000001
12.666666666666666 36.166666666666664 31.333333333333332 13.833333333333332 12.6
17.0 33.0 27.666666666666664 15.833333333333334 15.2
16.833333333333332 34.333333333333336 30.833333333333336 15.5 13.2
16.0 34.833333333333336 29.666666666666668 15.0 14.6
15.166666666666666 34.833333333333336 29.5 13.666666666666668 12.8
15.833333333333334 31.833333333333332 31.166666666666664 14.333333333333334 14.4
15.166666666666666 34.333333333333336 33.333333333333336 15.833333333333334 13.799999999999999
15.833333333333334 34.666666666666664 30.166666666666668 14.333333333333334 12.8
15.833333333333334 35.833333333333336 28.5 11.5 13.0
13.666666666666668 35.333333333333336 31.5 15.5 12.0
15.166666666666666 34.333333333333336 29.666666666666668 15.166666666666666 15.2
14.833333333333334 29.833333333333332 33.0 14.5 15.2
17.5 37.5 27.166666666666664 14.5 13.2
16.833333333333332 35.5 28.5 16.0 13.6
15.0 34.833333333333336 28.0 13.333333333333334 15.0
17.166666666666668 37.0 27.333333333333336 15.833333333333334 15.4
17.0 34.5 31.0 13.5 12.6
13.833333333333332 30.0 29.0 17.833333333333332 12.0
14.166666666666666 38.5 32.16666666666667 14.333333333333334 14.6
16.5 29.333333333333332 31.833333333333332 16.166666666666664 13.4
16.666666666666668 32.33333333333333 26.833333333333336 14.5 15.4
13.5 35.666666666666664 28.833333333333332 17.333333333333332 14.0
18.166666666666668 34.666666666666664 32.0 16.0 12.0
17.333333333333332 35.666666666666664 27.666666666666664 14.5 14.4
14.333333333333334 36.0 31.5 11.166666666666666 13.4
17.333333333333332 33.333333333333336 28.166666666666668 17.166666666666668 11.2
14.5 30.666666666666664 28.833333333333332 15.666666666666666 13.4
16.5 34.666666666666664 26.0 15.333333333333332 16.8
16.666666666666668 35.0 29.666666666666668 14.666666666666666 14.8
14.5 37.83333333333333 30.833333333333336 14.0 18.599999999999998
14.666666666666666 35.0 31.833333333333332 15.166666666666666 12.4
14.5 33.5 31.5 14.833333333333334 15.0
14.0 36.5 32.833333333333336 14.333333333333334 15.4
18.5 34.5 26.833333333333336 13.5 13.2
13.166666666666666 36.5 31.0 14.166666666666666 13.4
17.666666666666668 34.5 29.333333333333332 14.5 14.4
15.333333333333332 32.33333333333333 32.33333333333333 13.5 13.0
14.166666666666666 37.5 31.833333333333332 15.0 13.799999999999999
15.166666666666666 33.5 28.833333333333332 15.666666666666666 14.8
14.666666666666666 35.333333333333336 28.333333333333332 16.833333333333332 11.799999999999999
14.666666666666666 34.833333333333336 31.0 12.833333333333334 14.8
15.0 37.666666666666664 30.5 16.833333333333332 9.6
17.5 31.333333333333332 29.5 14.333333333333334 12.8
16.0 37.0 31.333333333333332 14.0 13.0
15.833333333333334 34.333333333333336 30.5 13.5 14.6
15.333333333333332 32.16666666666667 31.0 15.333333333333332 17.0
15.666666666666666 35.833333333333336 27.166666666666664 17.833333333333332 13.799999999999999
15.333333333333332 33.0 34.833333333333336 16.666666666666668 13.6
14.333333333333334 35.5 24.5 12.833333333333334 15.4
16.833333333333332 37.333333333333336 28.0 13.333333333333334 13.6
16.0 37.666666666666664 29.5 14.333333333333334 14.200000000000001
14.833333333333334 32.5 31.166666666666664 15.0 10.0
15.833333333333334 35.666666666666664 28.5 14.166666666666666 11.2
14.5 36.666666666666664 30.166666666666668 14.333333333333334 13.2
14.5 32.833333333333336 30.166666666666668 11.666666666666668 14.0
14.0 33.0 31.833333333333332 18.0 14.8
15.333333333333332 31.666666666666668 31.166666666666664 14.0 14.8
13.166666666666666 35.833333333333336 29.166666666666668 14.166666666666666 12.0
16.666666666666668 35.333333333333336 28.333333333333332 16.5 14.200000000000001
15.166666666666666 38.5 29.833333333333332 14.5 13.6
15.333333333333332 35.166666666666664 28.0 14.333333333333334 16.6
15.0 36.666666666666664 29.666666666666668 13.5 15.8
12.666666666666666 32.5 32.666666666666664 15.5 13.6
17.333333333333332 35.833333333333336 29.333333333333332 14.166666666666666 12.8
17.666666666666668 34.833333333333336 29.333333333333332 13.333333333333334 15.8
12.333333333333334 35.833333333333336 30.166666666666668 12.166666666666666 14.8
16.0 37.5 30.833333333333336 14.666666666666666 15.4
16.0 33.833333333333336 29.166666666666668 16.0 15.8
14.166666666666666 37.0 29.833333333333332 13.0 12.6
13.5 35.166666666666664 32.5 14.333333333333334 13.0
17.666666666666668 33.833333333333336 32.833333333333336 12.666666666666666 11.2
17.333333333333332 35.166666666666664 29.166666666666668 13.666666666666668 12.4
15.666666666666666 36.5 29.5 17.0 12.8
17.0 36.166666666666664 31.166666666666664 16.333333333333332 12.200000000000001
17.666666666666668 34.333333333333336 30.166666666666668 14.0 13.2
13.833333333333332 32.666666666666664 32.5 15.666666666666666 13.4
15.833333333333334 35.0 34.166666666666664 14.5 11.6
17.666666666666668 36.333333333333336 28.333333333333332 15.666666666666666 14.4
15.666666666666666 38.83333333333333 26.833333333333336 12.166666666666666 13.6
15.333333333333332 37.333333333333336 30.5 15.5 13.4
16.333333333333332 34.833333333333336 31.833333333333332 14.0 13.0
17.833333333333332 35.333333333333336 28.333333333333332 15.166666666666666 13.4
15.333333333333332 36.333333333333336 27.166666666666664 13.666666666666668 16.400000000000002
11.833333333333332 35.0 31.5 13.833333333333332 12.4
14.833333333333334 35.166666666666664 28.666666666666668 15.333333333333332 11.0
14.166666666666666 33.833333333333336 29.166666666666668 14.833333333333334 16.400000000000002
16.833333333333332 34.166666666666664 29.166666666666668 15.166666666666666 15.4
15.0 34.833333333333336 30.5 16.333333333333332 11.6
16.0 34.333333333333336 28.5 12.333333333333334 12.0
13.333333333333334 36.0 31.833333333333332 16.333333333333332 16.2
14.5 33.666666666666664 32.0 15.0 9.799999999999999
14.5 34.666666666666664 30.166666666666668 13.166666666666666 14.0
15.166666666666666 36.666666666666664 26.833333333333336 14.833333333333334 14.8
18.666666666666668 34.0 31.0 14.166666666666666 11.2
16.5 34.0 30.5 14.666666666666666 10.4
14.666666666666666 36.0 30.833333333333336 13.5 14.6
17.333333333333332 16.333333333333332 16.666666666666668 16.333333333333332 14.200000000000001
16.5 12.5 12.666666666666666 14.166666666666666 16.400000000000002
12.833333333333334 17.833333333333332 17.333333333333332 14.666666666666666 17.4
14.666666666666666 14.833333333333334 16.5 12.5 16.0
17.666666666666668 35.166666666666664 27.833333333333336 14.833333333333334 12.0
15.0 16.5 16.833333333333332 15.666666666666666 13.6
12.666666666666666 14.833333333333334 16.833333333333332 13.666666666666668 15.4
15.5 14.833333333333334 15.333333333333332 17.166666666666668 13.2
15.5 14.833333333333334 15.833333333333334 15.5 15.4
14.5 29.5 35.166666666666664 15.5 14.0
15.166666666666666 15.166666666666666 17.333333333333332 15.5 15.8
13.666666666666668 12.5 15.166666666666666 16.166666666666664 15.0
17.166666666666668 15.166666666666666 15.666666666666666 16.0 16.8
15.5 13.0 16.666666666666668 16.0 13.4
15.166666666666666 38.16666666666667 30.833333333333336 13.5 13.6
13.333333333333334 17.0 14.5 16.5 14.6
17.5 17.666666666666668 13.5 16.666666666666668 14.6
14.166666666666666 15.0 16.333333333333332 13.666666666666668 15.6
15.666666666666666 16.5 16.666666666666668 14.333333333333334 16.6
14.666666666666666 29.833333333333332 36.5 14.0 14.4
14.666666666666666 13.0 15.5 14.0 17.4
16.666666666666668 14.833333333333334 16.0 17.0 13.2
16.333333333333332 15.666666666666666 13.833333333333332 15.166666666666666 17.4
16.166666666666664 14.5 13.666666666666668 12.5 14.200000000000001
13.166666666666666 12.333333333333334 16.166666666666664 16.666666666666668 15.4
13.0 17.0 13.833333333333332 16.166666666666664 11.2
15.666666666666666 12.5 15.0 15.833333333333334 15.4
15.666666666666666 13.5 14.0 13.5 12.200000000000001
13.5 15.5 17.0 14.833333333333334 13.6
15.166666666666666 14.333333333333334 16.0 12.833333333333334 16.8
17.0 30.666666666666664 35.333333333333336 14.666666666666666 9.799999999999999
14.833333333333334 34.0 34.666666666666664 12.166666666666666 16.6
15.666666666666666 29.666666666666668 35.0 15.833333333333334 17.2
16.666666666666668 34.5 32.666666666666664 13.333333333333334 16.6
12.166666666666666 29.166666666666668 33.166666666666664 15.833333333333334 15.0
14.166666666666666 27.333333333333336 36.5 17.0 14.6
16.166666666666664 33.666666666666664 36.333333333333336 13.833333333333332 13.0
16.666666666666668 32.5 37.166666666666664 15.166666666666666 12.4
15.0 31.666666666666668 35.5 12.666666666666666 14.4
13.833333333333332 30.0 34.833333333333336 15.666666666666666 14.200000000000001
15.5 31.166666666666664 31.833333333333332 13.0 12.6
16.333333333333332 28.333333333333332 35.666666666666664 12.666666666666666 13.4
17.0 31.666666666666668 37.83333333333333 14.333333333333334 13.4
14.5 31.0 34.833333333333336 15.0 16.0
15.666666666666666 28.333333333333332 36.166666666666664 12.0 15.8
15.166666666666666 34.0 34.166666666666664 17.166666666666668 12.200000000000001
16.333333333333332 33.333333333333336 37.5 14.166666666666666 13.6
15.166666666666666 31.5 33.0 16.333333333333332 11.6
14.5 29.833333333333332 34.666666666666664 15.166666666666666 15.4
13.0 32.16666666666667 37.166666666666664 16.333333333333332 12.200000000000001
14.833333333333334 30.333333333333332 34.333333333333336 13.5 15.2
15.166666666666666 29.833333333333332 38.66666666666667 14.5 14.6
18.0 28.666666666666668 37.5 13.833333333333332 10.8
14.333333333333334 30.833333333333336 37.0 15.5 14.6
14.0 32.833333333333336 37.83333333333333 15.166666666666666 16.0
17.166666666666668 32.16666666666667 37.166666666666664 17.333333333333332 11.6
17.0 27.0 36.166666666666664 17.5 10.6
15.0 31.166666666666664 35.166666666666664 12.833333333333334 16.0
18.166666666666668 28.5 35.666666666666664 16.0 12.6
14.833333333333334 31.166666666666664 36.166666666666664 16.166666666666664 13.799999999999999
13.166666666666666 31.666666666666668 32.0 16.0 11.4
16.666666666666668 32.666666666666664 40.0 15.166666666666666 11.799999999999999
14.833333333333334 30.0 39.83333333333333 17.5 14.4
14.0 31.5 37.0 18.5 11.2
16.0 33.833333333333336 40.16666666666667 14.166666666666666 12.4
14.833333333333334 28.833333333333332 35.5 14.5 15.8
13.666666666666668 33.666666666666664 39.66666666666667 13.833333333333332 11.799999999999999
15.833333333333334 29.666666666666668 36.666666666666664 14.333333333333334 11.6
15.5 32.5 38.16666666666667 18.5 13.6
15.833333333333334 31.166666666666664 38.5 15.666666666666666 13.799999999999999
16.166666666666664 30.166666666666668 37.333333333333336 16.833333333333332 14.8
12.5 30.5 39.16666666666667 15.833333333333334 12.4
16.166666666666664 31.0 41.333333333333336 16.0 12.8
15.666666666666666 31.166666666666664 37.666666666666664 15.833333333333334 10.6
17.833333333333332 33.166666666666664 38.16666666666667 15.666666666666666 13.0
13.833333333333332 32.5 36.166666666666664 13.833333333333332 12.6
14.5 33.833333333333336 40.5 16.166666666666664 14.4
12.666666666666666 32.666666666666664 42.333333333333336 17.0 13.4
15.166666666666666 31.166666666666664 40.16666666666667 13.666666666666668 11.6
12.5 33.166666666666664 43.0 15.166666666666666 11.799999999999999
16.333333333333332 28.0 39.66666666666667 15.833333333333334 14.0
13.833333333333332 35.333333333333336 44.166666666666664 16.166666666666664 12.8
11.333333333333334 30.0 40.0 17.0 11.6
16.5 33.0 43.166666666666664 15.166666666666666 13.2
10.333333333333334 31.5 42.0 14.166666666666666 12.6
16.833333333333332 36.5 42.0 17.833333333333332 13.2
17.0 31.166666666666664 39.66666666666667 13.833333333333332 14.4
14.333333333333334 30.0 40.833333333333336 12.666666666666666 13.0
14.166666666666666 32.16666666666667 44.666666666666664 16.5 13.2
14.0 30.333333333333332 42.166666666666664 13.0 14.200000000000001
13.833333333333332 33.5 40.16666666666667 16.166666666666664 10.4
14.833333333333334 29.0 38.5 17.833333333333332 10.6
12.0 30.0 44.5 15.666666666666666 12.0
13.833333333333332 33.5 44.0 16.166666666666664 15.6
15.666666666666666 34.0 39.66666666666667 15.666666666666666 13.6
14.333333333333334 31.166666666666664 43.333333333333336 19.666666666666664 14.6
12.0 35.333333333333336 42.0 16.333333333333332 13.6
12.333333333333334 28.833333333333332 40.833333333333336 15.666666666666666 10.200000000000001
13.0 31.333333333333332 39.5 15.5 12.0
15.833333333333334 35.166666666666664 41.833333333333336 16.0 12.6
13.333333333333334 34.166666666666664 42.166666666666664 15.0 10.4
13.166666666666666 33.333333333333336 45.83333333333333 14.333333333333334 13.4
12.166666666666666 32.833333333333336 41.666666666666664 13.166666666666666 14.4
14.666666666666666 34.5 41.5 15.833333333333334 10.4
14.0 33.166666666666664 43.833333333333336 14.833333333333334 9.6
15.166666666666666 34.833333333333336 43.333333333333336 15.333333333333332 11.6
15.0 33.166666666666664 44.5 15.5 12.200000000000001
16.5 32.5 40.666666666666664 16.166666666666664 11.0
16.5 30.833333333333336 45.0 15.0 15.0
14.833333333333334 30.333333333333332 41.833333333333336 15.5 11.6
14.833333333333334 28.333333333333332 41.333333333333336 13.333333333333334 13.4
13.666666666666668 33.833333333333336 41.833333333333336 17.166666666666668 12.8
13.0 31.833333333333332 44.5 14.666666666666666 12.8
14.166666666666666 34.166666666666664 43.833333333333336 14.833333333333334 12.4
14.833333333333334 30.666666666666664 44.166666666666664 15.666666666666666 13.799999999999999
11.5 31.333333333333332 37.666666666666664 16.333333333333332 12.200000000000001
14.166666666666666 31.333333333333332 45.0 17.0 12.200000000000001
13.0 31.666666666666668 42.0 16.666666666666668 11.799999999999999
16.0 31.166666666666664 43.333333333333336 15.5 13.4
15.833333333333334 30.666666666666664 44.333333333333336 15.5 12.200000000000001
12.166666666666666 33.5 40.666666666666664 16.5 12.8
14.333333333333334 32.666666666666664 41.833333333333336 14.0 12.6
10.5 30.833333333333336 42.166666666666664 13.166666666666666 15.8
14.0 27.333333333333336 40.16666666666667 15.0 15.2
14.0 31.666666666666668 43.5 14.333333333333334 14.0
13.333333333333334 32.833333333333336 42.166666666666664 15.0 14.6
14.833333333333334 33.666666666666664 44.333333333333336 16.833333333333332 13.0
13.666666666666668 31.0 45.166666666666664 14.166666666666666 11.0
15.0 33.5 44.0 17.166666666666668 13.799999999999999
