73.84615384615385 71.53846153846153 70.625 72.15384615384615 71.72727272727272
73.07692307692308 70.84615384615385 71.5625 71.38461538461539 73.0909090909091
73.61538461538461 71.61538461538461 71.125 71.53846153846153 73.54545454545453
74.46153846153847 71.38461538461539 72.9375 73.84615384615385 74.72727272727272
73.53846153846153 71.23076923076924 71.0 72.23076923076924 73.9090909090909
72.61538461538461 72.53846153846153 72.3125 73.3076923076923 73.18181818181819
72.84615384615385 72.23076923076924 71.1875 72.3076923076923 74.45454545454545
72.15384615384615 69.6923076923077 71.25 72.76923076923077 72.9090909090909
74.3076923076923 71.84615384615385 70.75 71.46153846153847 72.18181818181819
74.76923076923077 72.07692307692308 71.875 72.92307692307692 74.0
73.61538461538461 72.92307692307692 72.75 72.46153846153847 73.54545454545453
74.53846153846153 73.0 73.375 72.38461538461539 75.18181818181819
73.76923076923077 70.76923076923076 72.1875 72.92307692307692 73.18181818181819
72.84615384615385 70.3076923076923 70.75 73.15384615384615 72.63636363636364
73.07692307692308 71.0 71.0625 71.46153846153847 71.27272727272728
73.07692307692308 71.46153846153847 70.5625 72.07692307692308 73.9090909090909
73.23076923076923 72.15384615384615 72.5625 72.84615384615385 74.0909090909091
72.84615384615385 71.92307692307692 71.8125 73.53846153846153 74.36363636363637
73.92307692307692 72.3076923076923 71.5 72.53846153846153 73.72727272727272
72.61538461538461 71.6923076923077 71.4375 71.61538461538461 72.81818181818183
73.23076923076923 70.84615384615385 70.3125 73.0 74.0
74.07692307692308 72.15384615384615 72.0625 73.38461538461539 73.9090909090909
72.23076923076924 71.53846153846153 70.6875 71.61538461538461 72.18181818181819
71.92307692307692 71.0 70.4375 72.07692307692308 73.36363636363637
74.46153846153847 72.61538461538461 72.125 73.76923076923077 73.36363636363637
73.61538461538461 71.07692307692308 72.3125 73.53846153846153 72.72727272727272
74.61538461538461 72.23076923076924 72.25 72.84615384615385 74.45454545454545
73.61538461538461 72.23076923076924 71.3125 72.6923076923077 73.18181818181819
73.07692307692308 70.53846153846153 71.1875 73.46153846153847 73.27272727272727
73.61538461538461 70.6923076923077 71.0625 73.07692307692308 73.54545454545453
74.38461538461539 73.0 71.375 71.92307692307692 73.36363636363637
74.23076923076923 71.07692307692308 72.5625 74.0 72.36363636363636
74.3076923076923 73.92307692307692 72.375 73.53846153846153 74.0
73.92307692307692 72.0 72.0 72.3076923076923 73.54545454545453
74.3076923076923 73.46153846153847 73.375 73.61538461538461 74.81818181818181
73.07692307692308 71.07692307692308 70.6875 71.84615384615385 73.0909090909091
72.23076923076924 71.07692307692308 70.625 72.3076923076923 72.45454545454545
74.46153846153847 72.76923076923077 72.0625 73.84615384615385 74.18181818181819
73.07692307692308 72.46153846153847 69.9375 72.38461538461539 71.81818181818183
72.3076923076923 71.0 70.25 73.23076923076923 72.54545454545455
74.38461538461539 72.92307692307692 72.3125 73.15384615384615 73.36363636363637
73.84615384615385 72.92307692307692 73.625 74.07692307692308 74.0
74.0 72.61538461538461 72.25 73.6923076923077 74.63636363636364
72.76923076923077 69.92307692307692 70.5 71.07692307692308 71.9090909090909
72.46153846153847 71.61538461538461 71.3125 72.0 74.0909090909091
72.15384615384615 70.61538461538463 71.1875 72.15384615384615 72.9090909090909
73.38461538461539 71.38461538461539 71.8125 72.38461538461539 72.72727272727272
73.76923076923077 72.61538461538461 71.3125 72.3076923076923 74.0
73.92307692307692 71.61538461538461 71.4375 72.76923076923077 72.54545454545455
73.07692307692308 70.38461538461537 71.6875 72.0 72.81818181818183
73.15384615384615 72.07692307692308 71.5 72.92307692307692 73.45454545454545
74.23076923076923 70.61538461538463 71.9375 71.15384615384615 73.0909090909091
72.92307692307692 70.0 71.4375 71.53846153846153 72.0
73.3076923076923 71.6923076923077 71.4375 72.23076923076924 74.0909090909091
72.92307692307692 71.38461538461539 71.25 73.53846153846153 74.0909090909091
73.07692307692308 71.3076923076923 70.25 72.15384615384615 72.81818181818183
74.38461538461539 72.0 71.625 73.53846153846153 74.63636363636364
72.3076923076923 70.92307692307692 69.75 71.76923076923076 72.9090909090909
73.0 71.6923076923077 71.25 72.15384615384615 73.36363636363637
72.84615384615385 70.38461538461537 70.8125 71.92307692307692 73.0
72.92307692307692 71.76923076923076 72.125 72.61538461538461 73.36363636363637
73.46153846153847 70.61538461538463 71.0625 72.53846153846153 72.63636363636364
73.07692307692308 71.53846153846153 70.4375 72.0 72.81818181818183
73.23076923076923 70.53846153846153 70.625 72.46153846153847 72.72727272727272
72.46153846153847 71.46153846153847 70.8125 72.61538461538461 73.27272727272727
73.92307692307692 71.23076923076924 71.75 72.07692307692308 72.63636363636364
74.23076923076923 71.61538461538461 72.5625 72.61538461538461 74.27272727272727
73.23076923076923 72.3076923076923 71.3125 72.07692307692308 73.63636363636364
72.92307692307692 71.92307692307692 71.75 74.07692307692308 72.81818181818183
74.0 71.84615384615385 71.875 73.76923076923077 74.0
72.15384615384615 70.53846153846153 71.3125 72.61538461538461 73.45454545454545
73.07692307692308 71.61538461538461 72.0 72.84615384615385 73.0909090909091
72.23076923076924 72.07692307692308 71.9375 72.46153846153847 73.0
72.61538461538461 70.92307692307692 71.8125 71.6923076923077 73.45454545454545
72.92307692307692 69.6923076923077 70.8125 72.76923076923077 72.0909090909091
73.53846153846153 72.76923076923077 72.625 73.3076923076923 74.0909090909091
73.76923076923077 71.0 70.6875 72.61538461538461 71.81818181818183
73.23076923076923 71.38461538461539 72.3125 72.76923076923077 73.54545454545453
73.6923076923077 72.23076923076924 71.3125 72.53846153846153 74.36363636363637
72.61538461538461 71.61538461538461 70.3125 72.53846153846153 73.36363636363637
72.76923076923077 71.15384615384615 71.5625 72.38461538461539 74.0909090909091
72.84615384615385 71.38461538461539 70.75 71.76923076923076 72.54545454545455
73.53846153846153 71.6923076923077 71.4375 72.38461538461539 73.81818181818183
73.0 71.84615384615385 70.75 72.92307692307692 73.72727272727272
72.07692307692308 71.07692307692308 69.875 71.53846153846153 71.18181818181817
73.6923076923077 72.0 71.125 73.38461538461539 74.0909090909091
72.3076923076923 70.84615384615385 71.125 72.15384615384615 72.36363636363636
72.92307692307692 71.6923076923077 71.0 72.84615384615385 74.0
74.15384615384616 72.38461538461539 71.6875 72.92307692307692 73.45454545454545
73.6923076923077 72.0 72.0625 73.0 73.36363636363637
74.46153846153847 70.92307692307692 71.375 72.6923076923077 74.18181818181819
72.38461538461539 71.07692307692308 70.5625 71.84615384615385 73.18181818181819
73.23076923076923 71.92307692307692 71.4375 72.15384615384615 72.9090909090909
73.07692307692308 72.0 71.3125 72.76923076923077 72.9090909090909
73.3076923076923 72.53846153846153 71.0625 72.6923076923077 72.81818181818183
73.38461538461539 72.07692307692308 71.4375 71.84615384615385 73.63636363636364
73.84615384615385 71.46153846153847 70.75 72.07692307692308 73.27272727272727
73.46153846153847 71.23076923076924 72.25 73.76923076923077 73.54545454545453
72.46153846153847 70.46153846153847 71.125 71.61538461538461 72.0909090909091
74.76923076923077 72.61538461538461 73.6875 74.38461538461539 74.36363636363637
73.6923076923077 71.53846153846153 72.4375 73.53846153846153 73.54545454545453
66.38461538461539 66.23076923076923 66.1875 66.92307692307692 66.0
67.84615384615385 66.76923076923077 67.3125 67.23076923076923 67.45454545454547
66.6923076923077 66.53846153846153 66.375 66.38461538461539 66.27272727272728
67.53846153846153 66.92307692307692 67.375 66.3076923076923 67.27272727272728
72.15384615384615 70.38461538461537 71.0625 73.61538461538461 74.0909090909091
66.53846153846153 66.0 66.4375 66.76923076923077 66.27272727272728
65.15384615384616 64.76923076923077 66.0625 66.0 64.72727272727273
66.6923076923077 66.07692307692308 65.5625 66.15384615384616 65.72727272727273
67.23076923076923 66.07692307692308 67.875 66.6923076923077 68.27272727272728
72.15384615384615 73.61538461538461 70.625 73.84615384615385 74.63636363636364
65.46153846153845 65.23076923076923 64.9375 65.61538461538461 65.81818181818181
66.3076923076923 66.23076923076923 67.4375 66.76923076923077 67.54545454545455
66.23076923076923 65.46153846153845 66.4375 66.15384615384616 67.45454545454547
66.76923076923077 66.84615384615385 66.3125 67.53846153846153 66.54545454545455
73.3076923076923 70.76923076923076 71.875 72.3076923076923 74.18181818181819
66.53846153846153 67.92307692307692 67.25 65.76923076923077 67.45454545454547
66.3076923076923 66.07692307692308 65.875 66.61538461538461 67.45454545454547
65.84615384615384 65.92307692307692 65.1875 64.61538461538461 65.9090909090909
66.46153846153847 66.23076923076923 66.3125 65.3076923076923 64.9090909090909
72.76923076923077 72.84615384615385 69.6875 72.61538461538461 74.18181818181819
67.84615384615385 67.84615384615385 66.875 66.84615384615385 67.45454545454547
66.38461538461539 65.53846153846153 66.25 66.53846153846153 66.27272727272728
67.3076923076923 66.46153846153847 65.9375 65.76923076923077 66.72727272727273
66.15384615384616 66.92307692307692 67.25 66.46153846153847 67.63636363636364
65.0 65.53846153846153 65.6875 64.92307692307692 65.45454545454545
65.6923076923077 65.53846153846153 66.8125 65.53846153846153 65.27272727272728
66.07692307692308 66.15384615384616 66.5625 66.07692307692308 65.9090909090909
68.0 67.38461538461539 67.25 67.07692307692308 67.18181818181817
67.6923076923077 67.0 67.5 67.38461538461539 67.27272727272728
66.53846153846153 66.0 67.375 66.6923076923077 66.54545454545455
73.38461538461539 71.15384615384615 69.875 71.92307692307692 72.54545454545455
73.3076923076923 71.6923076923077 70.0625 72.38461538461539 73.0909090909091
73.92307692307692 73.53846153846153 71.6875 73.6923076923077 74.0
74.53846153846153 73.15384615384615 71.5 73.84615384615385 74.27272727272727
73.76923076923077 73.46153846153847 72.75 73.92307692307692 74.18181818181819
73.3076923076923 72.15384615384615 70.4375 72.6923076923077 72.72727272727272
73.0 71.61538461538461 70.0 73.84615384615385 72.72727272727272
73.15384615384615 72.84615384615385 70.875 73.15384615384615 74.9090909090909
73.6923076923077 71.84615384615385 68.5 73.23076923076923 73.63636363636364
73.0 71.15384615384615 70.6875 72.76923076923077 73.63636363636364
74.53846153846153 73.07692307692308 72.0625 73.92307692307692 74.72727272727272
72.23076923076924 69.92307692307692 69.5 73.46153846153847 71.72727272727272
73.92307692307692 71.38461538461539 69.875 73.15384615384615 73.9090909090909
71.76923076923076 71.15384615384615 69.1875 73.15384615384615 73.36363636363637
72.6923076923077 71.92307692307692 70.5625 72.84615384615385 72.36363636363636
71.46153846153847 71.07692307692308 68.375 72.38461538461539 73.0909090909091
73.23076923076923 71.53846153846153 67.6875 72.76923076923077 73.0909090909091
72.3076923076923 71.0 67.4375 72.6923076923077 73.18181818181819
74.46153846153847 73.84615384615385 69.5625 73.92307692307692 75.27272727272727
74.15384615384616 73.3076923076923 70.5 75.07692307692308 74.45454545454545
71.61538461538461 70.61538461538463 68.5 72.38461538461539 73.45454545454545
72.3076923076923 71.07692307692308 67.1875 72.38461538461539 72.81818181818183
73.0 72.23076923076924 68.875 73.38461538461539 75.0909090909091
72.84615384615385 71.07692307692308 67.0 72.76923076923077 72.63636363636364
73.61538461538461 71.76923076923076 68.25 74.0 74.0
72.61538461538461 71.76923076923076 67.3125 72.38461538461539 74.45454545454545
73.15384615384615 71.23076923076924 66.375 72.46153846153847 73.72727272727272
73.15384615384615 70.3076923076923 65.8125 72.3076923076923 74.0909090909091
74.3076923076923 72.76923076923077 67.4375 74.6923076923077 75.18181818181819
74.61538461538461 73.92307692307692 67.6875 74.53846153846153 74.81818181818181
72.6923076923077 70.6923076923077 63.68749999999999 73.07692307692308 74.0909090909091
73.6923076923077 70.61538461538463 63.18749999999999 72.23076923076924 74.54545454545455
74.61538461538461 71.6923076923077 64.0625 74.07692307692308 74.72727272727272
73.92307692307692 70.3076923076923 62.875 74.15384615384616 75.0909090909091
73.84615384615385 71.46153846153847 63.125 74.07692307692308 75.45454545454545
74.61538461538461 71.38461538461539 60.75 75.0 75.54545454545455
74.6923076923077 70.84615384615385 61.0 74.3076923076923 76.9090909090909
73.46153846153847 70.15384615384615 60.25 74.61538461538461 74.54545454545455
73.0 69.38461538461537 56.625 72.07692307692308 73.54545454545453
73.0 69.53846153846153 56.6875 73.38461538461539 76.0
74.23076923076923 69.61538461538463 55.5 74.6923076923077 75.18181818181819
73.15384615384615 69.3076923076923 54.5625 73.23076923076923 73.54545454545453
73.84615384615385 67.61538461538461 52.4375 74.07692307692308 75.18181818181819
75.84615384615384 70.15384615384615 53.8125 75.07692307692308 76.72727272727273
74.61538461538461 69.3076923076923 50.25 73.84615384615385 74.81818181818181
74.3076923076923 68.6923076923077 50.1875 73.23076923076923 74.72727272727272
73.46153846153847 69.23076923076924 47.5625 75.23076923076923 75.63636363636364
73.76923076923077 68.23076923076924 47.125 73.84615384615385 75.72727272727272
74.92307692307692 67.46153846153847 45.6875 73.15384615384615 76.09090909090908
74.23076923076923 67.15384615384615 44.5 74.61538461538461 76.0
74.46153846153847 67.07692307692308 40.4375 75.07692307692308 76.63636363636364
75.07692307692308 65.76923076923077 37.4375 75.15384615384616 77.54545454545455
74.76923076923077 66.23076923076923 35.75 74.92307692307692 77.90909090909092
75.84615384615384 66.23076923076923 35.625 75.92307692307692 78.36363636363636
75.53846153846155 65.61538461538461 30.4375 75.53846153846155 77.18181818181819
76.92307692307693 66.61538461538461 31.8125 75.76923076923077 77.81818181818181
76.3076923076923 64.6923076923077 27.4375 75.46153846153845 77.90909090909092
75.53846153846155 63.46153846153846 26.875 75.07692307692308 77.63636363636364
75.15384615384616 62.15384615384615 24.8125 74.53846153846153 77.90909090909092
77.07692307692307 65.3076923076923 25.625 76.38461538461539 78.54545454545455
76.84615384615384 63.769230769230774 22.375 76.61538461538461 79.0
76.46153846153845 63.0 20.875 76.61538461538461 78.36363636363636
77.3076923076923 62.0 17.875 75.15384615384616 79.45454545454545
76.3076923076923 61.92307692307692 17.375 75.84615384615384 79.63636363636363
77.3076923076923 60.23076923076923 15.75 77.61538461538461 80.0909090909091
78.84615384615384 61.92307692307692 13.875 77.69230769230768 79.90909090909092
76.76923076923077 59.61538461538462 12.25 76.07692307692308 80.27272727272728
79.23076923076923 60.53846153846154 12.375 77.15384615384616 81.27272727272728
78.07692307692307 56.69230769230769 10.0625 75.84615384615384 79.45454545454545
78.46153846153845 57.61538461538462 9.8125 76.38461538461539 80.27272727272728
77.69230769230768 56.53846153846154 9.8125 76.0 80.0
78.84615384615384 55.69230769230769 8.375 75.92307692307692 80.54545454545455
78.53846153846155 55.0 8.6875 75.6923076923077 82.0
79.15384615384616 55.15384615384615 8.5625 76.84615384615384 81.27272727272728
78.15384615384616 53.69230769230769 7.0 74.92307692307692 80.9090909090909
79.46153846153845 53.53846153846154 7.375 76.38461538461539 81.45454545454545
79.6923076923077 52.38461538461539 7.125 76.76923076923077 82.0909090909091
79.53846153846155 52.0 6.8125 76.3076923076923 80.63636363636363
77.61538461538461 50.46153846153846 6.5 76.46153846153845 80.36363636363636
79.07692307692307 51.307692307692314 5.625 77.3076923076923 81.63636363636363
78.6923076923077 51.23076923076923 5.5 76.15384615384616 81.81818181818181
78.46153846153845 49.61538461538461 5.1875 75.53846153846155 80.9090909090909
79.23076923076923 48.69230769230769 4.5625 75.07692307692308 80.81818181818181
79.46153846153845 48.38461538461539 4.625 77.38461538461539 81.54545454545455
78.92307692307693 47.84615384615385 4.5625 76.23076923076923 81.0
79.07692307692307 47.30769230769231 4.3125 75.46153846153845 80.72727272727273
79.07692307692307 45.769230769230774 3.6875 74.61538461538461 80.54545454545455
78.92307692307693 45.61538461538461 4.0 74.6923076923077 81.27272727272728
79.07692307692307 44.53846153846154 3.5625 75.15384615384616 82.0
79.3076923076923 44.46153846153846 2.75 73.92307692307692 80.0909090909091
79.53846153846155 44.53846153846154 3.3125 73.76923076923077 81.63636363636363
80.46153846153845 44.61538461538461 2.875 75.23076923076923 83.0909090909091
78.92307692307693 43.84615384615385 2.6875 74.3076923076923 80.9090909090909
78.76923076923077 42.30769230769231 2.375 73.76923076923077 81.0909090909091
80.0 43.0 2.5625 74.46153846153847 81.45454545454545
80.61538461538461 42.84615384615385 2.625 75.61538461538461 81.9090909090909
79.84615384615384 44.15384615384615 3.4375 75.76923076923077 82.27272727272728
81.61538461538461 42.61538461538462 1.875 75.3076923076923 84.63636363636364
80.0 40.46153846153846 1.75 73.61538461538461 81.63636363636363
