0.0007299270072992701 0.15077138849929875 0.07394366197183098 0.00141643059490085 0.0
0.0051094890510948905 0.16900420757363255 0.06126760563380281 0.000708215297450425 0.0
0.0021897810218978104 0.13394109396914444 0.05281690140845071 0.000708215297450425 0.0
0.0007299270072992701 0.12131837307152875 0.05492957746478873 0.00141643059490085 0.0
0.0014598540145985403 0.1584852734922861 0.07464788732394366 0.0 0.0
0.0029197080291970805 0.138148667601683 0.06126760563380281 0.0 0.0
0.0007299270072992701 0.14375876577840113 0.06549295774647887 0.0028328611898017 0.0
0.0029197080291970805 0.1563814866760168 0.060563380281690136 0.0 0.0
0.0007299270072992701 0.13394109396914444 0.056338028169014086 0.000708215297450425 0.0
0.0036496350364963507 0.14235624123422158 0.05845070422535211 0.0 0.0
0.0021897810218978104 0.14305750350631136 0.03802816901408451 0.00141643059490085 0.0
0.0007299270072992701 0.14656381486676018 0.057746478873239436 0.000708215297450425 0.0
0.0014598540145985403 0.14656381486676018 0.05492957746478873 0.0 0.0
0.0014598540145985403 0.1563814866760168 0.05281690140845071 0.000708215297450425 0.0
0.0014598540145985403 0.135343618513324 0.054225352112676053 0.000708215297450425 0.0
0.0007299270072992701 0.1584852734922861 0.07394366197183098 0.0 0.0006613756613756613
0.0036496350364963507 0.15217391304347824 0.05915492957746479 0.000708215297450425 0.0
0.0021897810218978104 0.17952314165497896 0.0676056338028169 0.0021246458923512746 0.0
0.0 0.14866760168302945 0.05563380281690141 0.0 0.0
0.0007299270072992701 0.17110799438990182 0.06197183098591549 0.000708215297450425 0.0
0.0021897810218978104 0.135343618513324 0.06830985915492957 0.00141643059490085 0.0
0.0036496350364963507 0.2208976157082749 0.07535211267605635 0.0 0.0
0.0029197080291970805 0.14165497896213183 0.048591549295774646 0.0 0.0
0.0021897810218978104 0.15918653576437589 0.05 0.0 0.0
0.0007299270072992701 0.1374474053295933 0.06338028169014086 0.0 0.0006613756613756613
0.0007299270072992701 0.14866760168302945 0.06619718309859154 0.000708215297450425 0.0
0.0007299270072992701 0.20687237026647967 0.06549295774647887 0.000708215297450425 0.0
0.0014598540145985403 0.1956521739130435 0.06830985915492957 0.000708215297450425 0.0
0.0014598540145985403 0.17882187938288918 0.06971830985915493 0.000708215297450425 0.0
0.0007299270072992701 0.1718092566619916 0.06338028169014086 0.000708215297450425 0.0
0.0007299270072992701 0.1458625525946704 0.0647887323943662 0.0 0.0
0.0029197080291970805 0.1928471248246844 0.05563380281690141 0.000708215297450425 0.0
0.0014598540145985403 0.17040673211781207 0.06267605633802817 0.000708215297450425 0.0
0.0007299270072992701 0.19775596072931276 0.06690140845070422 0.004249291784702549 0.0
0.0021897810218978104 0.1949509116409537 0.0676056338028169 0.000708215297450425 0.0
0.0007299270072992701 0.17601683029453016 0.08098591549295774 0.00141643059490085 0.0
0.0 0.18302945301542778 0.08732394366197184 0.00141643059490085 0.0
0.0014598540145985403 0.20126227208976158 0.07394366197183098 0.000708215297450425 0.0
0.0021897810218978104 0.20546984572230015 0.08028169014084506 0.000708215297450425 0.0
0.0029197080291970805 0.2608695652173913 0.09084507042253522 0.0 0.0
0.0021897810218978104 0.20336605890603088 0.07042253521126761 0.00141643059490085 0.0
0.0007299270072992701 0.20687237026647967 0.07112676056338028 0.000708215297450425 0.0006613756613756613
0.0014598540145985403 0.2110799438990182 0.06408450704225352 0.0 0.0
0.0029197080291970805 0.2447405329593268 0.08380281690140845 0.0 0.0
0.0021897810218978104 0.2314165497896213 0.07253521126760563 0.0 0.0
0.0 0.2601683029453016 0.07605633802816902 0.000708215297450425 0.0
0.0007299270072992701 0.25105189340813466 0.06549295774647887 0.000708215297450425 0.0
0.0014598540145985403 0.24544179523141657 0.08169014084507042 0.0028328611898017 0.0
0.0007299270072992701 0.2503506311360449 0.07887323943661971 0.0 0.0
0.0014598540145985403 0.28751753155680226 0.0767605633802817 0.0 0.0
0.0029197080291970805 0.2475455820476858 0.09577464788732394 0.000708215297450425 0.0
0.0 0.28471248246844316 0.09084507042253522 0.000708215297450425 0.0
0.0036496350364963507 0.27279102384291726 0.09788732394366197 0.000708215297450425 0.0
0.0014598540145985403 0.2748948106591866 0.09718309859154929 0.00141643059490085 0.0
0.0029197080291970805 0.2861150070126227 0.07323943661971831 0.0 0.0
0.0007299270072992701 0.2980364656381487 0.06690140845070422 0.000708215297450425 0.0
0.0014598540145985403 0.2980364656381487 0.08309859154929577 0.0 0.0
0.0007299270072992701 0.31837307152875177 0.10704225352112676 0.0 0.0
0.0021897810218978104 0.3380084151472651 0.08943661971830986 0.000708215297450425 0.0
0.0029197080291970805 0.34151472650771386 0.10352112676056338 0.000708215297450425 0.0
0.0007299270072992701 0.3064516129032258 0.09225352112676057 0.0 0.0
0.0007299270072992701 0.34642356241234223 0.08661971830985915 0.0 0.0
0.0029197080291970805 0.3443197755960729 0.10140845070422536 0.0 0.0
0.0014598540145985403 0.3800841514726508 0.10140845070422536 0.000708215297450425 0.0
0.0036496350364963507 0.38218793828892006 0.09929577464788733 0.00141643059490085 0.0
0.0021897810218978104 0.39971949509116406 0.10211267605633803 0.00141643059490085 0.0
0.0029197080291970805 0.38218793828892006 0.10985915492957746 0.000708215297450425 0.0
0.0 0.37657784011220197 0.10563380281690142 0.0 0.0
0.0029197080291970805 0.3884992987377279 0.09366197183098592 0.000708215297450425 0.0
0.0007299270072992701 0.42426367461430575 0.10845070422535211 0.0 0.0
0.0014598540145985403 0.4446002805049088 0.10985915492957746 0.0 0.0
0.0036496350364963507 0.3983169705469846 0.1028169014084507 0.000708215297450425 0.0
0.0029197080291970805 0.4256661991584853 0.10070422535211268 0.0 0.0
0.0007299270072992701 0.4467040673211781 0.11056338028169013 0.000708215297450425 0.0
0.0014598540145985403 0.423562412342216 0.09647887323943662 0.000708215297450425 0.0
0.0007299270072992701 0.4375876577840112 0.1147887323943662 0.0 0.0006613756613756613
0.0014598540145985403 0.46633941093969145 0.1288732394366197 0.000708215297450425 0.0
0.0014598540145985403 0.48667601683029454 0.12112676056338027 0.0 0.0
0.0007299270072992701 0.4845722300140253 0.14788732394366197 0.0 0.0
0.0021897810218978104 0.4950911640953716 0.13591549295774646 0.0 0.0006613756613756613
0.0014598540145985403 0.5462833099579243 0.13028169014084506 0.0 0.0006613756613756613
0.0021897810218978104 0.5266479663394109 0.14577464788732394 0.000708215297450425 0.0
0.0 0.5757363253856943 0.13380281690140844 0.0021246458923512746 0.0
0.0036496350364963507 0.5988779803646563 0.16267605633802817 0.000708215297450425 0.0006613756613756613
0.0014598540145985403 0.5890603085553997 0.15281690140845072 0.0 0.0
0.0014598540145985403 0.5764375876577841 0.15563380281690142 0.000708215297450425 0.0
0.0014598540145985403 0.5694249649368863 0.16619718309859155 0.0 0.0
0.0 0.6619915848527349 0.1584507042253521 0.000708215297450425 0.0
0.0 0.6563814866760168 0.15633802816901407 0.0 0.0
0.0029197080291970805 0.6367461430575035 0.16267605633802817 0.0 0.0006613756613756613
0.0021897810218978104 0.7040673211781207 0.15492957746478875 0.000708215297450425 0.0
0.0007299270072992701 0.6739130434782609 0.1612676056338028 0.0 0.0
0.0021897810218978104 0.6921458625525947 0.17183098591549295 0.0 0.0
0.0014598540145985403 0.6577840112201964 0.17464788732394368 0.0 0.0
0.0029197080291970805 0.7047685834502104 0.16056338028169012 0.0 0.0
0.0014598540145985403 0.7166900420757363 0.17464788732394368 0.0 0.0
0.0021897810218978104 0.7945301542776999 0.19788732394366196 0.000708215297450425 0.0
0.0021897810218978104 0.8302945301542777 0.18661971830985916 0.0 0.0
0.0 0.8225806451612904 0.18521126760563378 0.0 0.0
0.0014598540145985403 0.8457223001402524 0.18309859154929578 0.0 0.0
0.0014598540145985403 0.820476858345021 0.20140845070422536 0.000708215297450425 0.0
0.0 0.0820476858345021 0.007042253521126761 0.0 0.0
0.0 0.09256661991584854 0.005633802816901409 0.0 0.0
0.0 0.07994389901823282 0.007042253521126761 0.0 0.0006613756613756613
0.0 0.08415147265077139 0.0007042253521126761 0.0 0.0
0.0021897810218978104 0.9424964936886395 0.21056338028169017 0.00141643059490085 0.0
0.0 0.08485273492286115 0.006338028169014085 0.0 0.0
0.0 0.0785413744740533 0.004929577464788732 0.0 0.0
0.0 0.07924263674614306 0.004929577464788732 0.0 0.0
0.0 0.08555399719495091 0.005633802816901409 0.0 0.0
0.0007299270072992701 0.6311360448807855 0.31267605633802814 0.000708215297450425 0.0
0.0007299270072992701 0.07573632538569425 0.005633802816901409 0.0 0.0
0.0 0.0785413744740533 0.013380281690140845 0.0 0.0006613756613756613
0.0 0.09186535764375876 0.009859154929577464 0.0 0.0
0.0 0.08274894810659186 0.007042253521126761 0.0 0.0
0.0007299270072992701 0.8955119214586256 0.2 0.000708215297450425 0.0
0.0 0.08625525946704067 0.006338028169014085 0.0 0.0006613756613756613
0.0 0.08555399719495091 0.004225352112676056 0.0 0.0
0.0007299270072992701 0.09046283309957925 0.007746478873239436 0.0 0.0
0.0 0.08695652173913045 0.006338028169014085 0.0 0.0
0.0007299270072992701 0.650070126227209 0.3204225352112676 0.0035410764872521247 0.0
0.0 0.08906030855539972 0.007042253521126761 0.000708215297450425 0.0006613756613756613
0.0 0.0967741935483871 0.007042253521126761 0.0 0.0
0.0 0.08555399719495091 0.0035211267605633804 0.0 0.0
0.0 0.08274894810659186 0.0035211267605633804 0.0 0.0
0.0 0.08345021037868162 0.004929577464788732 0.0 0.0006613756613756613
0.0 0.08555399719495091 0.007042253521126761 0.0 0.0
0.0 0.0785413744740533 0.009859154929577464 0.0 0.0
0.0 0.0876577840112202 0.005633802816901409 0.0 0.0
0.0 0.08835904628330996 0.005633802816901409 0.0 0.0
0.0 0.07573632538569425 0.005633802816901409 0.0 0.0
0.0007299270072992701 0.655680224403927 0.302112676056338 0.00141643059490085 0.0
0.0007299270072992701 0.638148667601683 0.3169014084507042 0.0028328611898017 0.0
0.0007299270072992701 0.6339410939691444 0.28169014084507044 0.00141643059490085 0.0
0.0 0.6458625525946704 0.2992957746478873 0.0 0.0
0.0 0.6605890603085554 0.31619718309859157 0.0 0.0
0.0 0.6220196353436186 0.29507042253521126 0.0 0.0
0.0007299270072992701 0.6269284712482468 0.302112676056338 0.0021246458923512746 0.0
0.0 0.6178120617110799 0.31267605633802814 0.0 0.0
0.0 0.6514726507713885 0.30281690140845074 0.0021246458923512746 0.0
0.0007299270072992701 0.6311360448807855 0.32816901408450705 0.0021246458923512746 0.0
0.0 0.6388499298737728 0.3169014084507042 0.0 0.0
0.0007299270072992701 0.6269284712482468 0.31126760563380285 0.000708215297450425 0.0006613756613756613
0.0 0.638148667601683 0.3359154929577465 0.000708215297450425 0.0
0.0007299270072992701 0.638148667601683 0.3401408450704225 0.0021246458923512746 0.0
0.0 0.620617110799439 0.3295774647887324 0.0021246458923512746 0.0
0.0007299270072992701 0.6535764375876577 0.3429577464788732 0.000708215297450425 0.0
0.0 0.6143057503506312 0.35774647887323946 0.0028328611898017 0.0
0.0 0.6367461430575035 0.36056338028169016 0.000708215297450425 0.0
0.0007299270072992701 0.6584852734922861 0.3901408450704225 0.00141643059490085 0.0
0.0007299270072992701 0.6122019635343618 0.36126760563380284 0.000708215297450425 0.0006613756613756613
0.0007299270072992701 0.6360448807854138 0.376056338028169 0.0 0.0
0.0 0.6346423562412342 0.37464788732394366 0.000708215297450425 0.0
0.0 0.608695652173913 0.39859154929577467 0.0021246458923512746 0.0
0.0 0.6423562412342215 0.4471830985915493 0.00141643059490085 0.0006613756613756613
0.0007299270072992701 0.632538569424965 0.4288732394366197 0.000708215297450425 0.0
0.0 0.5806451612903225 0.41901408450704225 0.0 0.0
0.0 0.6269284712482468 0.44295774647887326 0.000708215297450425 0.0006613756613756613
0.0007299270072992701 0.6290322580645161 0.4823943661971831 0.0035410764872521247 0.0
0.0 0.6423562412342215 0.5105633802816901 0.0 0.0
0.0 0.5904628330995793 0.5056338028169014 0.0 0.0
0.0 0.6241234221598877 0.5774647887323944 0.00141643059490085 0.0
0.0 0.6535764375876577 0.5950704225352113 0.000708215297450425 0.0
0.0 0.6430575035063113 0.6161971830985916 0.00141643059490085 0.0
0.0014598540145985403 0.650070126227209 0.6450704225352112 0.00141643059490085 0.0006613756613756613
0.0 0.6332398316970547 0.6647887323943662 0.000708215297450425 0.0
0.0 0.6311360448807855 0.7112676056338028 0.0021246458923512746 0.0
0.0007299270072992701 0.6339410939691444 0.7492957746478873 0.000708215297450425 0.0
0.0 0.6107994389901823 0.7338028169014085 0.0021246458923512746 0.0
0.0007299270072992701 0.6248246844319775 0.8161971830985916 0.0 0.0
0.0021897810218978104 0.6486676016830295 0.856338028169014 0.00141643059490085 0.0
0.0007299270072992701 0.6283309957924264 0.895774647887324 0.0 0.0
0.0 0.596774193548387 0.9316901408450704 0.0 0.0
0.0007299270072992701 0.5974754558204768 1.0119718309859154 0.000708215297450425 0.0
0.0007299270072992701 0.6065918653576438 1.054225352112676 0.0 0.0
0.0 0.6093969144460027 1.082394366197183 0.0021246458923512746 0.0006613756613756613
0.0 0.6178120617110799 1.140845070422535 0.0021246458923512746 0.0
0.0014598540145985403 0.6164095371669004 1.173943661971831 0.000708215297450425 0.0
0.0007299270072992701 0.6178120617110799 1.2169014084507044 0.0028328611898017 0.0
0.0 0.5848527349228612 1.2795774647887324 0.0 0.0
0.0014598540145985403 0.5981767180925666 1.3 0.00141643059490085 0.0
0.0007299270072992701 0.6318373071528752 1.4661971830985916 0.000708215297450425 0.0
0.0014598540145985403 0.6430575035063113 1.5288732394366196 0.0 0.0
0.0007299270072992701 0.632538569424965 1.6190140845070422 0.000708215297450425 0.0
0.0 0.605890603085554 1.6669014084507041 0.0 0.0
0.0007299270072992701 0.6360448807854138 1.8253521126760563 0.0028328611898017 0.0
0.0014598540145985403 0.6416549789621319 1.8380281690140845 0.0 0.0
0.0 0.6893408134642356 1.9535211267605637 0.0021246458923512746 0.0
0.0007299270072992701 0.6584852734922861 2.0267605633802814 0.0035410764872521247 0.0
0.0014598540145985403 0.6914446002805049 2.0387323943661975 0.00141643059490085 0.0
0.0007299270072992701 0.6584852734922861 2.027464788732394 0.000708215297450425 0.0
0.0 0.6886395511921458 2.2401408450704223 0.00141643059490085 0.0
0.0014598540145985403 0.664796633941094 2.3042253521126757 0.0 0.0
0.0 0.6802244039270687 2.4056338028169013 0.000708215297450425 0.0
0.0 0.6753155680224404 2.4556338028169016 0.0021246458923512746 0.0
0.0 0.6935483870967742 2.5943661971830987 0.000708215297450425 0.0
0.0 0.7145862552594671 2.6816901408450704 0.0 0.0
0.0 0.7040673211781207 2.7725352112676056 0.0 0.0
0.0 0.7215988779803647 2.917605633802817 0.00141643059490085 0.0006613756613756613
0.0007299270072992701 0.7019635343618513 3.0873239436619717 0.00141643059490085 0.0
0.0007299270072992701 0.7047685834502104 3.15 0.0 0.0
0.0 0.7187938288920056 3.240845070422535 0.0 0.0
0.0007299270072992701 0.7433380084151472 3.4309859154929576 0.0021246458923512746 0.0
0.0014598540145985403 0.7580645161290323 3.5035211267605635 0.0021246458923512746 0.0
0.0 0.7622720897615708 3.5225352112676056 0.0021246458923512746 0.0
0.0 0.7819074333800842 3.6612676056338027 0.00141643059490085 0.0
0.0014598540145985403 0.7917251051893408 3.8190140845070424 0.000708215297450425 0.0
0.0 0.7924263674614306 3.9359154929577467 0.0 0.0
0.0 0.8345021037868162 3.9718309859154934 0.000708215297450425 0.0
0.0 0.820476858345021 4.06830985915493 0.00141643059490085 0.0
0.0 0.864656381486676 4.155633802816901 0.0021246458923512746 0.0
0.0007299270072992701 0.8218793828892006 4.206338028169014 0.000708215297450425 0.0
0.0 0.8295932678821879 4.302112676056338 0.000708215297450425 0.0
0.0 0.8828892005610098 4.453521126760563 0.0021246458923512746 0.0
0.0007299270072992701 0.879382889200561 4.564084507042253 0.00141643059490085 0.0
0.0 0.8709677419354839 4.611267605633803 0.000708215297450425 0.0
0.0007299270072992701 0.9067321178120616 4.694366197183099 0.0 0.0
0.0021897810218978104 0.8576437587657785 4.919718309859155 0.000708215297450425 0.0006613756613756613
0.0014598540145985403 0.9081346423562412 4.834507042253521 0.0 0.0
0.0 0.9011220196353437 4.9802816901408455 0.00141643059490085 0.0
0.0 0.9032258064516129 5.092957746478873 0.00141643059490085 0.0
0.0014598540145985403 0.9922861150070126 5.2478873239436625 0.000708215297450425 0.0
0.0007299270072992701 0.9621318373071528 5.220422535211267 0.000708215297450425 0.0
0.0 0.9474053295932678 5.338028169014085 0.00141643059490085 0.0
0.0 1.014025245441795 5.458450704225352 0.00141643059490085 0.0
0.0014598540145985403 0.9698457223001402 5.476056338028169 0.000708215297450425 0.0
0.0014598540145985403 1.0007012622720899 5.538732394366197 0.00141643059490085 0.0
0.0 1.0189340813464236 5.585211267605634 0.0 0.0
0.0 1.014726507713885 5.7697183098591545 0.0 0.0
0.0 1.1009817671809257 5.720422535211267 0.0 0.0
