0.0 0.17110799438990182 0.08169014084507042 0.0028328611898017 0.0
0.005839416058394161 0.1626928471248247 0.06619718309859154 0.0 0.0
0.0 0.13183730715287517 0.056338028169014086 0.00141643059490085 0.0
0.0 0.11360448807854137 0.0647887323943662 0.0028328611898017 0.0
0.0029197080291970805 0.17110799438990182 0.08169014084507042 0.0 0.0
0.0029197080291970805 0.1570827489481066 0.07042253521126761 0.0 0.0
0.0014598540145985403 0.1458625525946704 0.06619718309859154 0.0028328611898017 0.0
0.0029197080291970805 0.1402524544179523 0.06619718309859154 0.0 0.0
0.0014598540145985403 0.1444600280504909 0.0647887323943662 0.00141643059490085 0.0
0.004379562043795621 0.17251051893408134 0.08028169014084506 0.0 0.0
0.0014598540145985403 0.1626928471248247 0.04225352112676056 0.0 0.0
0.0 0.16129032258064516 0.04929577464788732 0.00141643059490085 0.0
0.0029197080291970805 0.16690042075736325 0.07042253521126761 0.0 0.0
0.0014598540145985403 0.15427769985974754 0.0647887323943662 0.0 0.0
0.0029197080291970805 0.15287517531556802 0.0647887323943662 0.00141643059490085 0.0
0.0014598540145985403 0.18653576437587657 0.09154929577464789 0.0 0.0013227513227513227
0.0029197080291970805 0.15427769985974754 0.06619718309859154 0.0 0.0
0.0014598540145985403 0.22019635343618513 0.07746478873239437 0.0028328611898017 0.0
0.0 0.17110799438990182 0.06197183098591549 0.0 0.0
0.0 0.2061711079943899 0.06901408450704224 0.00141643059490085 0.0
0.0014598540145985403 0.1640953716690042 0.07746478873239437 0.00141643059490085 0.0
0.0029197080291970805 0.2664796633941094 0.09014084507042254 0.0 0.0
0.0014598540145985403 0.17952314165497896 0.057746478873239436 0.0 0.0
0.004379562043795621 0.1921458625525947 0.057746478873239436 0.0 0.0
0.0 0.14726507713884993 0.07183098591549296 0.0 0.0
0.0014598540145985403 0.1753155680224404 0.08309859154929577 0.0 0.0
0.0 0.2426367461430575 0.09154929577464789 0.0 0.0
0.0014598540145985403 0.24403927068723702 0.06901408450704224 0.00141643059490085 0.0
0.0 0.21458625525946703 0.07887323943661971 0.00141643059490085 0.0
0.0 0.2300140252454418 0.06338028169014086 0.00141643059490085 0.0
0.0 0.19775596072931276 0.07605633802816902 0.0 0.0
0.0029197080291970805 0.24403927068723702 0.0676056338028169 0.00141643059490085 0.0
0.0014598540145985403 0.22300140252454417 0.07183098591549296 0.00141643059490085 0.0
0.0 0.28751753155680226 0.08309859154929577 0.007082152974504249 0.0
0.0014598540145985403 0.2720897615708275 0.08873239436619719 0.00141643059490085 0.0
0.0014598540145985403 0.23562412342215988 0.09718309859154929 0.00141643059490085 0.0
0.0 0.25666199158485276 0.10563380281690142 0.00141643059490085 0.0
0.0 0.28190743338008417 0.08873239436619719 0.00141643059490085 0.0
0.0014598540145985403 0.3071528751753156 0.09859154929577464 0.00141643059490085 0.0
0.0 0.3492286115007012 0.11690140845070422 0.0 0.0
0.0 0.2987377279102384 0.09436619718309859 0.0028328611898017 0.0
0.0 0.2973352033660589 0.08732394366197184 0.00141643059490085 0.0013227513227513227
0.0014598540145985403 0.3141654978962132 0.09295774647887323 0.0 0.0
0.0029197080291970805 0.3590462833099579 0.1028169014084507 0.0 0.0
0.0014598540145985403 0.34221598877980364 0.09859154929577464 0.0 0.0
0.0 0.39691444600280507 0.10140845070422536 0.00141643059490085 0.0
0.0 0.3800841514726508 0.10563380281690142 0.00141643059490085 0.0
0.0014598540145985403 0.36325385694249646 0.1 0.0028328611898017 0.0
0.0 0.3744740532959327 0.11126760563380282 0.0 0.0
0.0014598540145985403 0.4277699859747546 0.10845070422535211 0.0 0.0
0.0029197080291970805 0.40953716690042075 0.12676056338028172 0.0 0.0
0.0 0.43899018232819076 0.12816901408450704 0.0 0.0
0.0029197080291970805 0.44039270687237025 0.13661971830985914 0.00141643059490085 0.0
0.0 0.4446002805049088 0.13380281690140844 0.0028328611898017 0.0
0.0029197080291970805 0.458625525946704 0.10422535211267606 0.0 0.0
0.0014598540145985403 0.49088359046283314 0.1028169014084507 0.0 0.0
0.0 0.4782608695652174 0.11971830985915494 0.0 0.0
0.0 0.5217391304347826 0.1535211267605634 0.0 0.0
0.0029197080291970805 0.5385694249649369 0.12112676056338027 0.00141643059490085 0.0
0.0029197080291970805 0.541374474053296 0.15633802816901407 0.0 0.0
0.0 0.5203366058906032 0.1323943661971831 0.0 0.0
0.0014598540145985403 0.5652173913043478 0.13943661971830987 0.0 0.0
0.0 0.5918653576437588 0.14225352112676057 0.0 0.0
0.0014598540145985403 0.6283309957924264 0.14507042253521127 0.0 0.0
0.0029197080291970805 0.6241234221598877 0.1507042253521127 0.0 0.0
0.0 0.6549789621318373 0.16056338028169012 0.00141643059490085 0.0
0.0029197080291970805 0.6521739130434783 0.17464788732394368 0.00141643059490085 0.0
0.0 0.6465638148667602 0.16338028169014085 0.0 0.0
0.0029197080291970805 0.6633941093969145 0.1507042253521127 0.0 0.0
0.0 0.7279102384291725 0.17183098591549295 0.0 0.0
0.0029197080291970805 0.7447405329593267 0.16619718309859155 0.0 0.0
0.0029197080291970805 0.699859747545582 0.15915492957746477 0.00141643059490085 0.0
0.0 0.7489481065918654 0.17183098591549295 0.0 0.0
0.0 0.7798036465638148 0.17183098591549295 0.00141643059490085 0.0
0.0014598540145985403 0.7573632538569425 0.15774647887323942 0.0 0.0
0.0014598540145985403 0.7671809256661992 0.18028169014084508 0.0 0.0013227513227513227
0.0 0.820476858345021 0.21267605633802816 0.00141643059490085 0.0
0.0014598540145985403 0.8555399719495091 0.18309859154929578 0.0 0.0
0.0 0.8555399719495091 0.24084507042253522 0.0 0.0
0.004379562043795621 0.9046283309957924 0.20985915492957746 0.0 0.0013227513227513227
0.0014598540145985403 0.9691444600280505 0.21690140845070421 0.0 0.0
0.0029197080291970805 0.9354838709677419 0.23521126760563382 0.0 0.0
0.0 1.0546984572230014 0.21549295774647886 0.0028328611898017 0.0
0.0029197080291970805 1.0743338008415146 0.24788732394366195 0.00141643059490085 0.0013227513227513227
0.0 1.0771388499298737 0.24788732394366195 0.0 0.0
0.0014598540145985403 1.0659186535764376 0.2577464788732394 0.0 0.0
0.0029197080291970805 1.0420757363253856 0.276056338028169 0.0 0.0
0.0 1.2075736325385695 0.27183098591549293 0.00141643059490085 0.0
0.0 1.2033660589060309 0.2647887323943662 0.0 0.0
0.0014598540145985403 1.1725105189340814 0.29014084507042254 0.0 0.0013227513227513227
0.0014598540145985403 1.2692847124824684 0.2676056338028169 0.00141643059490085 0.0
0.0 1.2482468443197754 0.28169014084507044 0.0 0.0
0.0014598540145985403 1.2903225806451613 0.3098591549295775 0.0 0.0
0.0 1.2342215988779803 0.3 0.0 0.0
0.0029197080291970805 1.338008415147265 0.29295774647887324 0.0 0.0
0.0 1.3239831697054698 0.3070422535211268 0.0 0.0
0.0029197080291970805 1.4684431977559607 0.3352112676056338 0.00141643059490085 0.0
0.0014598540145985403 1.5189340813464236 0.3323943661971831 0.0 0.0
0.0 1.5427769985974753 0.33661971830985915 0.0 0.0
0.0014598540145985403 1.5610098176718092 0.32394366197183094 0.0 0.0
0.0014598540145985403 1.5301542776998598 0.3535211267605634 0.00141643059490085 0.0
0.0 0.1640953716690042 0.01267605633802817 0.0 0.0
0.0 0.18513323983169708 0.011267605633802818 0.0 0.0
0.0 0.15988779803646563 0.014084507042253521 0.0 0.0
0.0 0.16830294530154277 0.0014084507042253522 0.0 0.0
0.0029197080291970805 1.7251051893408134 0.36901408450704226 0.0028328611898017 0.0
0.0 0.1697054698457223 0.01267605633802817 0.0 0.0
0.0 0.1570827489481066 0.009859154929577464 0.0 0.0
0.0 0.1584852734922861 0.009859154929577464 0.0 0.0
0.0 0.17110799438990182 0.011267605633802818 0.0 0.0
0.0014598540145985403 1.2244039270687237 0.4957746478873239 0.0 0.0
0.0014598540145985403 0.1514726507713885 0.011267605633802818 0.0 0.0
0.0 0.1570827489481066 0.02535211267605634 0.0 0.0
0.0 0.18373071528751753 0.019718309859154928 0.0 0.0
0.0 0.16549789621318373 0.014084507042253521 0.0 0.0
0.0014598540145985403 1.673211781206171 0.36056338028169016 0.0 0.0
0.0 0.17251051893408134 0.01267605633802817 0.0 0.0
0.0 0.17110799438990182 0.008450704225352112 0.0 0.0
0.0 0.1809256661991585 0.014084507042253521 0.0 0.0
0.0 0.1739130434782609 0.01267605633802817 0.0 0.0
0.0 1.2538569424964936 0.5098591549295775 0.004249291784702549 0.0
0.0 0.17812061711079943 0.014084507042253521 0.0 0.0
0.0 0.1935483870967742 0.014084507042253521 0.0 0.0
0.0 0.17110799438990182 0.007042253521126761 0.0 0.0
0.0 0.16549789621318373 0.007042253521126761 0.0 0.0
0.0 0.16690042075736325 0.008450704225352112 0.0 0.0
0.0 0.17110799438990182 0.014084507042253521 0.0 0.0
0.0 0.1570827489481066 0.019718309859154928 0.0 0.0
0.0 0.1753155680224404 0.011267605633802818 0.0 0.0
0.0 0.1767180925666199 0.011267605633802818 0.0 0.0
0.0 0.1514726507713885 0.011267605633802818 0.0 0.0
0.0014598540145985403 1.2720897615708275 0.4915492957746479 0.00141643059490085 0.0
0.0 1.2314165497896212 0.5140845070422535 0.00141643059490085 0.0
0.0 1.2272089761570828 0.47323943661971835 0.00141643059490085 0.0
0.0 1.249649368863955 0.48591549295774644 0.0 0.0
0.0 1.2819074333800842 0.4929577464788732 0.0 0.0
0.0 1.214586255259467 0.4676056338028169 0.0 0.0
0.0014598540145985403 1.2159887798036466 0.47323943661971835 0.0028328611898017 0.0
0.0 1.2075736325385695 0.48169014084507045 0.0 0.0
0.0 1.26507713884993 0.44929577464788734 0.00141643059490085 0.0
0.0 1.2230014025245441 0.4887323943661972 0.00141643059490085 0.0
0.0 1.238429172510519 0.471830985915493 0.0 0.0
0.0014598540145985403 1.2131837307152875 0.46338028169014084 0.0 0.0013227513227513227
0.0 1.2356241234221599 0.46619718309859154 0.00141643059490085 0.0
0.0 1.2258064516129032 0.47605633802816905 0.0028328611898017 0.0
0.0 1.187938288920056 0.46619718309859154 0.0028328611898017 0.0
0.0 1.2454417952314167 0.4647887323943662 0.00141643059490085 0.0
0.0 1.1963534361851331 0.471830985915493 0.004249291784702549 0.0
0.0 1.2244039270687237 0.47042253521126765 0.0 0.0
0.0014598540145985403 1.2678821879382889 0.46619718309859154 0.00141643059490085 0.0
0.0014598540145985403 1.1781206171107994 0.4676056338028169 0.00141643059490085 0.0
0.0 1.2272089761570828 0.4647887323943662 0.0 0.0
0.0 1.2272089761570828 0.4154929577464789 0.00141643059490085 0.0
0.0 1.179523141654979 0.45492957746478874 0.0028328611898017 0.0
0.0 1.2370266479663394 0.47323943661971835 0.00141643059490085 0.0
0.0014598540145985403 1.2187938288920055 0.4436619718309859 0.00141643059490085 0.0
0.0 1.1164095371669005 0.4295774647887324 0.0 0.0
0.0 1.2103786816269286 0.4323943661971831 0.00141643059490085 0.0
0.0 1.2215988779803646 0.44647887323943664 0.0028328611898017 0.0
0.0 1.2398316970546985 0.47605633802816905 0.0 0.0
0.0 1.1220196353436185 0.4380281690140845 0.0 0.0
0.0 1.1907433380084151 0.4563380281690141 0.0 0.0
0.0 1.2356241234221599 0.43380281690140843 0.00141643059490085 0.0
0.0 1.2187938288920055 0.4126760563380282 0.00141643059490085 0.0
0.0029197080291970805 1.2314165497896212 0.4225352112676057 0.0028328611898017 0.0013227513227513227
0.0 1.193548387096774 0.4098591549295775 0.00141643059490085 0.0
0.0 1.20617110799439 0.4183098591549296 0.00141643059490085 0.0
0.0014598540145985403 1.1893408134642356 0.42394366197183103 0.00141643059490085 0.0
0.0 1.1640953716690041 0.3901408450704225 0.0028328611898017 0.0
0.0014598540145985403 1.1767180925666199 0.4042253521126761 0.0 0.0
0.0014598540145985403 1.1907433380084151 0.3563380281690141 0.0 0.0
0.0014598540145985403 1.1669004207573632 0.4028169014084507 0.0 0.0
0.0 1.1192145862552596 0.3619718309859155 0.0 0.0
0.0014598540145985403 1.1136044880785414 0.39436619718309857 0.00141643059490085 0.0
0.0 1.1220196353436185 0.3732394366197183 0.0 0.0
0.0 1.1528751753155682 0.3647887323943662 0.0028328611898017 0.0
0.0 1.1248246844319776 0.36619718309859156 0.0028328611898017 0.0
0.0014598540145985403 1.1360448807854138 0.3380281690140845 0.0 0.0
0.0 1.1332398316970547 0.3535211267605634 0.00141643059490085 0.0
0.0 1.05890603085554 0.3535211267605634 0.0 0.0
0.0014598540145985403 1.0799438990182328 0.2971830985915493 0.00141643059490085 0.0
0.0014598540145985403 1.1346423562412342 0.34225352112676055 0.00141643059490085 0.0
0.0 1.1220196353436185 0.30845070422535215 0.0 0.0
0.0 1.1107994389901823 0.31830985915492954 0.0 0.0
0.0 1.0518934081346423 0.31267605633802814 0.0 0.0
0.0 1.0953716690042077 0.3098591549295775 0.00141643059490085 0.0
0.0014598540145985403 1.0953716690042077 0.31830985915492954 0.0 0.0
0.0 1.1753155680224403 0.2887323943661972 0.00141643059490085 0.0
0.0 1.0967741935483872 0.3225352112676056 0.0028328611898017 0.0
0.0014598540145985403 1.1332398316970547 0.3140845070422535 0.00141643059490085 0.0
0.0 1.0925666199158486 0.27887323943661974 0.0 0.0
0.0 1.1107994389901823 0.31267605633802814 0.00141643059490085 0.0
0.0029197080291970805 1.0575035063113605 0.27183098591549293 0.0 0.0
0.0 1.0715287517531555 0.2915492957746479 0.00141643059490085 0.0
0.0 1.056100981767181 0.3 0.0028328611898017 0.0
0.0 1.0575035063113605 0.2619718309859155 0.00141643059490085 0.0
0.0 1.0687237026647967 0.24225352112676055 0.0 0.0
0.0 1.0617110799438991 0.2577464788732394 0.0 0.0
0.0 1.0701262272089762 0.2633802816901408 0.0028328611898017 0.0013227513227513227
0.0 1.0070126227208978 0.2647887323943662 0.0 0.0
0.0014598540145985403 0.9985974754558204 0.24507042253521125 0.0 0.0
0.0 1.0070126227208978 0.2436619718309859 0.0 0.0
0.0 1.0392706872370268 0.2633802816901408 0.0028328611898017 0.0
0.0014598540145985403 1.0420757363253856 0.2661971830985915 0.0028328611898017 0.0
0.0 1.0126227208976155 0.21126760563380284 0.004249291784702549 0.0
0.0 1.002805049088359 0.2323943661971831 0.00141643059490085 0.0
0.0014598540145985403 1.0084151472650773 0.2436619718309859 0.0 0.0
0.0 0.9831697054698456 0.2507042253521127 0.0 0.0
0.0 1.0448807854137447 0.23521126760563382 0.00141643059490085 0.0
0.0 1.0308555399719495 0.252112676056338 0.00141643059490085 0.0
0.0 1.0546984572230014 0.2140845070422535 0.0 0.0
0.0 0.9621318373071528 0.22535211267605634 0.00141643059490085 0.0
0.0 0.9719495091164095 0.21126760563380284 0.00141643059490085 0.0
0.0 1.014025245441795 0.22112676056338026 0.00141643059490085 0.0
0.0 0.9663394109396914 0.21690140845070421 0.00141643059490085 0.0
0.0 0.9410939691444601 0.22112676056338026 0.0 0.0
0.0014598540145985403 0.9957924263674615 0.21690140845070421 0.0 0.0
0.0014598540145985403 0.8737727910238429 0.22112676056338026 0.00141643059490085 0.0013227513227513227
0.0 0.9410939691444601 0.21549295774647886 0.0 0.0
0.0 0.8948106591865358 0.2140845070422535 0.00141643059490085 0.0
0.0 0.8821879382889201 0.18873239436619718 0.00141643059490085 0.0
0.0014598540145985403 0.9845722300140252 0.22535211267605634 0.0 0.0
0.0 0.9200561009817672 0.21971830985915491 0.0 0.0
0.0 0.8569424964936887 0.20704225352112676 0.00141643059490085 0.0
0.0 0.9438990182328191 0.19577464788732393 0.00141643059490085 0.0
0.0014598540145985403 0.8948106591865358 0.2140845070422535 0.00141643059490085 0.0
0.0014598540145985403 0.8681626928471249 0.2056338028169014 0.00141643059490085 0.0
0.0 0.9032258064516129 0.2 0.0 0.0
0.0 0.8667601683029453 0.2028169014084507 0.0 0.0
0.0 0.9551192145862553 0.2028169014084507 0.0 0.0
