16.333333333333332 37.0 25.833333333333332 12.8 15.166666666666666
16.666666666666668 33.0 28.166666666666668 18.2 17.0
14.0 31.8 30.666666666666664 15.8 15.833333333333334
14.833333333333334 33.8 29.0 14.4 13.833333333333332
18.166666666666668 33.6 26.833333333333336 19.2 14.0
17.666666666666668 34.8 28.833333333333332 11.4 14.166666666666666
14.5 35.6 26.333333333333332 13.6 16.0
14.5 29.6 27.833333333333336 15.6 13.833333333333332
17.666666666666668 32.800000000000004 30.166666666666668 17.2 12.5
13.166666666666666 34.4 29.833333333333332 20.400000000000002 14.833333333333334
17.666666666666668 33.6 28.666666666666668 16.2 14.333333333333334
14.5 32.0 31.833333333333332 12.6 12.666666666666666
15.333333333333332 36.2 31.0 16.6 13.5
16.166666666666664 33.4 29.0 15.8 14.833333333333334
14.333333333333334 32.800000000000004 28.5 12.8 14.833333333333334
14.5 35.0 32.16666666666667 14.200000000000001 15.166666666666666
17.5 31.8 30.666666666666664 15.8 15.333333333333332
16.5 33.4 27.0 14.0 14.333333333333334
17.166666666666668 34.2 27.666666666666664 16.400000000000002 10.333333333333334
15.833333333333334 36.0 25.5 15.0 14.0
17.666666666666668 34.0 30.666666666666664 15.8 13.333333333333334
16.166666666666664 37.199999999999996 29.666666666666668 17.6 14.833333333333334
16.166666666666664 32.599999999999994 28.166666666666668 17.6 14.0
14.666666666666666 34.2 30.0 15.0 10.166666666666666
16.0 34.2 27.833333333333336 18.4 16.333333333333332
14.5 34.6 28.0 19.599999999999998 12.666666666666666
16.666666666666668 34.8 31.0 16.6 14.0
18.166666666666668 39.800000000000004 29.833333333333332 12.4 15.333333333333332
15.5 33.0 29.666666666666668 14.6 13.666666666666668
14.833333333333334 38.800000000000004 28.5 13.799999999999999 12.5
16.166666666666664 35.6 26.5 14.200000000000001 14.5
16.166666666666664 33.6 31.0 13.4 11.666666666666668
17.0 35.8 29.5 16.400000000000002 14.333333333333334
13.333333333333334 35.8 27.0 17.8 13.0
17.833333333333332 35.4 27.166666666666664 17.0 12.833333333333334
12.5 32.599999999999994 32.0 15.4 14.0
18.166666666666668 31.0 28.833333333333332 15.8 11.333333333333334
14.5 35.4 31.0 17.4 16.166666666666664
15.0 34.2 30.333333333333332 13.2 10.666666666666666
14.166666666666666 32.800000000000004 29.833333333333332 14.6 14.5
16.166666666666664 33.4 27.5 17.2 15.0
15.5 34.0 28.833333333333332 13.6 14.5
16.5 33.4 28.0 17.8 15.333333333333332
17.166666666666668 34.8 26.166666666666668 15.4 12.0
15.833333333333334 33.8 24.666666666666668 14.200000000000001 15.333333333333332
17.5 33.2 28.666666666666668 15.6 13.666666666666668
17.0 36.4 30.666666666666664 14.8 11.666666666666668
15.666666666666666 36.2 29.333333333333332 17.6 15.166666666666666
15.5 37.8 28.0 15.4 16.666666666666668
17.5 36.0 29.5 16.2 14.333333333333334
15.833333333333334 32.4 28.666666666666668 14.200000000000001 14.333333333333334
15.0 35.0 30.666666666666664 15.6 11.166666666666666
18.333333333333332 34.8 26.0 14.200000000000001 14.166666666666666
16.0 35.6 24.333333333333332 17.4 16.166666666666664
18.666666666666668 34.8 29.833333333333332 14.0 13.666666666666668
13.5 34.8 26.833333333333336 13.4 12.5
14.666666666666666 34.0 29.666666666666668 18.0 14.666666666666666
17.0 35.8 27.666666666666664 15.8 15.0
15.166666666666666 31.4 28.5 15.2 13.666666666666668
16.5 34.4 27.833333333333336 20.6 11.833333333333332
16.166666666666664 32.4 26.666666666666668 16.0 15.5
13.333333333333334 33.6 30.166666666666668 16.0 13.333333333333334
16.333333333333332 35.2 26.833333333333336 14.0 16.833333333333332
16.333333333333332 35.0 28.666666666666668 13.6 14.5
17.0 32.800000000000004 28.0 14.6 14.833333333333334
15.333333333333332 35.6 22.666666666666668 16.2 12.833333333333334
17.5 33.4 25.5 17.6 13.833333333333332
13.5 36.4 27.666666666666664 16.0 14.5
17.0 31.8 28.166666666666668 14.0 14.333333333333334
16.5 34.6 28.333333333333332 14.8 14.333333333333334
15.833333333333334 37.6 27.166666666666664 13.799999999999999 13.333333333333334
16.5 32.2 27.666666666666664 15.0 15.333333333333332
16.5 36.8 24.333333333333332 11.0 12.666666666666666
15.833333333333334 33.2 26.666666666666668 14.6 12.666666666666666
17.666666666666668 34.2 27.333333333333336 13.0 9.333333333333334
18.833333333333332 35.0 30.0 16.400000000000002 13.833333333333332
17.166666666666668 40.2 26.666666666666668 16.6 13.666666666666668
19.333333333333336 34.6 27.333333333333336 14.8 12.833333333333334
14.166666666666666 34.8 28.166666666666668 17.4 15.166666666666666
15.666666666666666 33.8 27.666666666666664 13.4 13.166666666666666
17.833333333333332 32.0 28.0 15.4 12.0
19.0 33.0 30.333333333333332 13.799999999999999 15.5
13.166666666666666 36.2 30.5 15.4 13.666666666666668
14.333333333333334 34.8 31.333333333333332 11.4 17.166666666666668
13.333333333333334 35.4 28.0 16.8 12.833333333333334
16.5 36.4 27.666666666666664 13.2 13.166666666666666
16.0 34.6 27.833333333333336 13.799999999999999 13.0
15.333333333333332 33.8 27.166666666666664 16.2 16.0
15.166666666666666 36.4 26.666666666666668 16.6 12.333333333333334
15.666666666666666 35.6 26.0 16.400000000000002 15.333333333333332
14.333333333333334 35.4 25.666666666666668 16.400000000000002 14.833333333333334
17.0 37.199999999999996 27.666666666666664 16.2 14.166666666666666
15.166666666666666 34.2 28.0 15.2 15.166666666666666
16.666666666666668 33.8 26.833333333333336 15.2 19.333333333333336
14.666666666666666 36.0 29.166666666666668 15.0 13.333333333333334
13.5 33.6 29.166666666666668 15.2 13.0
16.833333333333332 35.2 28.666666666666668 16.6 15.333333333333332
16.166666666666664 35.6 28.0 16.0 12.0
16.666666666666668 36.8 26.666666666666668 15.0 14.333333333333334
16.166666666666664 34.6 30.333333333333332 16.6 11.5
15.166666666666666 36.4 28.166666666666668 15.8 14.5
13.666666666666668 16.6 17.166666666666668 16.400000000000002 15.833333333333334
19.0 13.6 16.166666666666664 18.0 15.5
15.5 13.6 14.333333333333334 15.0 14.333333333333334
14.0 14.8 15.166666666666666 16.8 15.0
17.666666666666668 32.4 25.666666666666668 13.6 14.666666666666666
14.666666666666666 13.0 12.5 16.6 17.333333333333332
15.666666666666666 15.8 14.833333333333334 13.0 17.166666666666668
13.666666666666668 15.8 15.833333333333334 17.4 14.833333333333334
17.0 16.0 17.666666666666668 14.200000000000001 15.0
13.5 28.400000000000002 34.833333333333336 15.0 15.666666666666666
14.333333333333334 17.4 14.5 15.8 15.333333333333332
17.666666666666668 15.0 17.166666666666668 12.200000000000001 15.666666666666666
15.833333333333334 15.2 14.666666666666666 18.2 15.833333333333334
13.833333333333332 16.0 14.833333333333334 15.0 13.833333333333332
17.333333333333332 36.0 26.166666666666668 12.200000000000001 13.666666666666668
13.666666666666668 19.2 14.833333333333334 16.6 16.166666666666664
15.666666666666666 14.8 15.666666666666666 13.2 14.5
13.833333333333332 13.799999999999999 17.0 13.0 16.5
16.666666666666668 13.799999999999999 12.5 17.0 14.333333333333334
16.333333333333332 29.4 34.833333333333336 16.2 14.166666666666666
13.0 17.6 17.0 17.8 16.5
14.833333333333334 14.8 14.166666666666666 14.4 16.5
13.833333333333332 18.0 14.166666666666666 17.8 15.0
16.166666666666664 16.0 14.333333333333334 14.200000000000001 15.666666666666666
13.166666666666666 13.0 14.5 11.6 14.166666666666666
14.0 14.4 16.0 14.6 16.166666666666664
17.666666666666668 12.8 14.5 15.0 15.5
14.333333333333334 15.0 16.0 12.200000000000001 15.833333333333334
18.0 15.4 13.0 17.0 17.0
14.5 15.4 14.5 17.4 15.0
13.166666666666666 29.6 30.5 17.0 12.5
15.666666666666666 33.8 33.5 17.4 15.166666666666666
16.0 31.2 35.5 13.4 13.5
15.166666666666666 33.2 32.0 18.4 13.333333333333334
17.166666666666668 31.0 34.166666666666664 13.6 13.166666666666666
14.166666666666666 28.400000000000002 30.666666666666664 16.0 13.5
18.0 31.0 33.666666666666664 16.400000000000002 14.0
17.666666666666668 32.800000000000004 30.166666666666668 14.4 13.333333333333334
13.666666666666668 31.8 30.333333333333332 18.0 13.666666666666668
16.666666666666668 29.6 31.166666666666664 16.0 12.666666666666666
16.333333333333332 32.800000000000004 34.333333333333336 16.2 15.333333333333332
14.666666666666666 28.400000000000002 32.0 15.8 11.333333333333334
16.5 29.8 33.5 15.6 15.5
17.666666666666668 30.0 30.666666666666664 16.0 14.0
13.666666666666668 29.0 32.16666666666667 15.0 14.833333333333334
14.5 28.8 34.666666666666664 15.8 13.833333333333332
15.833333333333334 32.800000000000004 34.333333333333336 16.400000000000002 15.0
16.333333333333332 30.200000000000003 34.666666666666664 15.0 12.5
12.833333333333334 32.0 34.0 18.8 15.333333333333332
13.833333333333332 32.800000000000004 37.333333333333336 16.0 15.0
12.5 29.2 34.666666666666664 16.0 13.0
14.666666666666666 29.4 30.5 18.2 15.166666666666666
17.5 28.400000000000002 33.0 13.799999999999999 16.5
13.333333333333334 30.8 31.833333333333332 18.2 14.166666666666666
16.333333333333332 30.8 33.5 14.8 16.0
14.666666666666666 30.599999999999998 33.333333333333336 13.799999999999999 15.0
14.833333333333334 29.8 33.333333333333336 16.6 11.333333333333334
17.666666666666668 30.4 35.666666666666664 16.400000000000002 13.333333333333334
17.166666666666668 31.0 35.833333333333336 16.8 12.333333333333334
16.833333333333332 32.0 34.333333333333336 17.2 15.0
15.5 33.0 33.166666666666664 16.400000000000002 14.666666666666666
19.166666666666664 33.6 31.666666666666668 14.200000000000001 13.5
15.0 31.8 32.833333333333336 13.4 15.166666666666666
16.333333333333332 30.8 34.333333333333336 14.4 11.833333333333332
17.666666666666668 29.2 38.0 15.4 13.166666666666666
14.666666666666666 30.599999999999998 37.333333333333336 16.6 13.333333333333334
15.166666666666666 31.4 35.166666666666664 16.400000000000002 12.0
13.333333333333334 32.0 35.5 17.0 13.833333333333332
15.0 30.8 34.166666666666664 15.4 15.333333333333332
16.5 30.200000000000003 39.66666666666667 16.2 15.0
18.0 30.0 36.666666666666664 18.4 13.166666666666666
13.5 31.8 37.333333333333336 15.6 11.0
14.5 29.4 37.166666666666664 15.6 12.666666666666666
15.666666666666666 31.4 37.333333333333336 16.400000000000002 13.166666666666666
16.166666666666664 34.4 36.666666666666664 17.8 14.833333333333334
15.333333333333332 31.2 36.833333333333336 13.6 12.333333333333334
17.833333333333332 32.0 37.666666666666664 13.0 14.833333333333334
16.833333333333332 30.200000000000003 38.5 13.4 14.5
15.833333333333334 33.2 35.166666666666664 16.6 14.666666666666666
14.833333333333334 31.6 38.83333333333333 16.400000000000002 13.0
12.0 32.2 41.666666666666664 12.200000000000001 15.333333333333332
16.5 35.2 41.166666666666664 16.2 11.833333333333332
17.0 29.6 38.5 14.8 14.166666666666666
14.166666666666666 32.599999999999994 41.833333333333336 15.2 12.5
14.0 32.800000000000004 45.166666666666664 15.0 15.0
15.666666666666666 36.6 42.166666666666664 16.6 11.166666666666666
10.333333333333334 34.4 41.666666666666664 16.400000000000002 14.666666666666666
14.5 32.0 41.5 15.8 11.333333333333334
16.333333333333332 30.4 41.166666666666664 16.6 11.666666666666668
13.333333333333334 34.4 43.666666666666664 15.8 15.5
12.666666666666666 33.0 44.666666666666664 12.4 14.0
14.333333333333334 32.0 45.166666666666664 16.2 12.833333333333334
14.0 32.0 44.0 17.2 11.5
15.333333333333332 36.0 47.33333333333333 17.6 10.333333333333334
16.5 34.6 48.666666666666664 16.6 9.833333333333332
14.666666666666666 38.0 47.16666666666667 15.6 13.666666666666668
13.666666666666668 35.0 47.16666666666667 16.0 12.666666666666666
14.666666666666666 36.6 50.333333333333336 15.8 11.166666666666666
13.166666666666666 33.6 47.5 18.4 14.833333333333334
13.333333333333334 39.6 48.833333333333336 16.6 11.666666666666668
15.0 37.8 47.5 16.0 13.333333333333334
13.5 37.400000000000006 49.166666666666664 15.6 11.833333333333332
12.333333333333334 36.8 48.333333333333336 17.0 15.333333333333332
12.5 35.2 49.5 17.6 12.666666666666666
14.166666666666666 40.599999999999994 46.83333333333333 18.599999999999998 12.666666666666666
15.166666666666666 36.6 50.0 16.6 12.166666666666666
15.666666666666666 38.6 49.333333333333336 15.6 12.166666666666666
12.833333333333334 37.8 50.833333333333336 18.0 14.166666666666666
13.5 35.0 52.666666666666664 15.6 10.166666666666666
16.166666666666664 35.2 46.83333333333333 15.6 10.666666666666666
13.5 39.0 49.333333333333336 16.400000000000002 16.166666666666664
15.166666666666666 37.0 50.166666666666664 16.2 13.166666666666666
14.0 38.0 51.0 16.0 11.0
15.0 41.4 47.5 17.6 11.333333333333334
12.0 40.800000000000004 47.16666666666667 16.400000000000002 10.166666666666666
12.666666666666666 39.4 48.16666666666667 14.0 11.833333333333332
14.833333333333334 36.4 50.0 15.8 12.833333333333334
13.666666666666668 36.6 49.333333333333336 16.0 16.0
13.833333333333332 38.4 49.166666666666664 17.0 11.5
12.666666666666666 38.0 50.333333333333336 16.8 12.333333333333334
12.5 41.2 50.666666666666664 16.6 12.333333333333334
13.333333333333334 42.4 49.5 14.8 16.333333333333332
14.166666666666666 34.6 47.33333333333333 17.4 12.666666666666666
14.166666666666666 40.4 49.333333333333336 18.599999999999998 12.166666666666666
14.0 40.599999999999994 48.833333333333336 17.2 11.0
15.0 40.4 51.0 20.6 12.0
12.5 39.800000000000004 52.0 14.4 12.5
13.0 40.0 51.0 21.0 14.0
12.833333333333334 38.0 51.333333333333336 19.0 11.0
