32935.000 -0.400 -0.400 0.438
32936.000 -0.400 -0.331 0.272
32937.000 -0.400 -0.192 0.223
32938.000 -0.400 -0.123 0.383
32939.000 -0.400 -0.054 0.370
32940.000 -0.400 0.015 0.480
32941.000 -0.400 0.085 0.103
32942.000 -0.400 0.154 0.162
32943.000 -0.400 0.223 0.043
32944.000 -0.400 0.292 0.422
32945.000 -0.400 0.362 0.433
32946.000 -0.400 0.431 0.215
32947.000 -0.331 -0.400 0.156
32948.000 -0.331 -0.331 0.082
32949.000 -0.331 -0.262 0.210
32950.000 -0.331 -0.192 0.213
32951.000 -0.331 -0.123 0.024
32952.000 -0.331 -0.054 0.377
32953.000 -0.331 0.015 0.324
32954.000 -0.331 0.085 0.086
32955.000 -0.331 0.154 0.257
32956.000 -0.331 0.223 0.168
32957.000 -0.331 0.292 0.276
32958.000 -0.331 0.362 0.359
32959.000 -0.331 0.431 0.244
32960.000 -0.262 -0.400 0.288
32961.000 -0.262 -0.331 0.110
32962.000 -0.262 -0.262 0.076
32963.000 -0.262 -0.192 0.217
32964.000 -0.262 -0.123 0.089
32965.000 -0.262 -0.054 0.202
32966.000 -0.262 0.015 0.440
32967.000 -0.262 0.085 0.450
32968.000 -0.262 0.154 0.379
32969.000 -0.262 0.223 0.398
32970.000 -0.262 0.292 0.362
32971.000 -0.262 0.362 0.121
32972.000 -0.262 0.431 0.136
32973.000 -0.192 -0.400 0.182
32974.000 -0.192 -0.331 0.024
32975.000 -0.192 -0.262 0.123
32976.000 -0.192 -0.192 0.206
32977.000 -0.192 -0.123 0.145
32978.000 -0.192 -0.054 0.275
32979.000 -0.192 0.015 0.311
32980.000 -0.192 0.085 0.178
32981.000 -0.192 0.154 0.223
32982.000 -0.192 0.223 0.122
32983.000 -0.192 0.292 0.139
32984.000 -0.192 0.362 0.094
32985.000 -0.192 0.431 0.103
32986.000 -0.123 -0.400 0.163
32987.000 -0.123 -0.331 0.049
32988.000 -0.123 -0.262 0.002
32989.000 -0.123 -0.192 0.008
32990.000 -0.123 -0.123 0.027
32991.000 -0.123 -0.054 0.053
32992.000 -0.123 0.015 0.439
32993.000 -0.123 0.085 0.302
32994.000 -0.123 0.154 0.350
32995.000 -0.123 0.223 0.363
32996.000 -0.123 0.292 0.069
32997.000 -0.123 0.362 0.357
32998.000 -0.123 0.431 0.176
32999.000 -0.054 -0.400 0.328
33000.000 -0.054 -0.331 0.449
33001.000 -0.054 -0.262 0.485
33002.000 -0.054 -0.192 0.377
33003.000 -0.054 -0.123 0.099
33004.000 -0.054 -0.054 0.489
33005.000 -0.054 0.015 0.025
33006.000 -0.054 0.085 0.205
33007.000 -0.054 0.154 0.041
33008.000 -0.054 0.223 0.030
33009.000 -0.054 0.292 0.382
33010.000 -0.054 0.362 0.395
33011.000 -0.054 0.431 0.114
33012.000 0.015 -0.400 0.324
33013.000 0.015 -0.331 0.471
33014.000 0.015 -0.262 0.486
33015.000 0.015 -0.192 0.127
33016.000 0.015 -0.123 0.298
33017.000 0.015 -0.054 0.464
33018.000 0.015 0.015 0.369
33019.000 0.015 0.085 0.040
33020.000 0.015 0.154 0.484
33021.000 0.015 0.223 0.002
33022.000 0.015 0.292 0.281
33023.000 0.015 0.362 0.186
33024.000 0.015 0.431 0.356
33025.000 0.085 -0.400 0.116
33026.000 0.085 -0.331 0.263
33027.000 0.085 -0.262 0.299
33028.000 0.085 -0.192 0.349
33029.000 0.085 -0.123 0.290
33030.000 0.085 -0.054 0.364
33031.000 0.085 0.015 0.293
33032.000 0.085 0.085 0.295
33033.000 0.085 0.154 0.491
33034.000 0.085 0.223 0.314
33035.000 0.085 0.292 0.235
33036.000 0.085 0.362 0.156
33037.000 0.085 0.431 0.069
33038.000 0.154 -0.400 0.127
33039.000 0.154 -0.331 0.231
33040.000 0.154 -0.262 0.447
33041.000 0.154 -0.192 0.188
33042.000 0.154 -0.123 0.074
33043.000 0.154 -0.054 0.286
33044.000 0.154 0.015 0.478
33045.000 0.154 0.085 0.323
33046.000 0.154 0.154 0.168
33047.000 0.154 0.223 0.467
33048.000 0.154 0.292 0.251
33049.000 0.154 0.362 0.163
33050.000 0.154 0.431 0.487
33051.000 0.223 -0.400 0.114
33052.000 0.223 -0.331 0.102
33053.000 0.223 -0.262 0.281
33054.000 0.223 -0.192 0.019
33055.000 0.223 -0.123 0.085
33056.000 0.223 -0.054 0.428
33057.000 0.223 0.015 0.185
33058.000 0.223 0.085 0.055
33059.000 0.223 0.154 0.273
33060.000 0.223 0.223 0.314
33061.000 0.223 0.292 0.306
33062.000 0.223 0.362 0.405
33063.000 0.223 0.431 0.032
33064.000 0.292 -0.400 0.270
33065.000 0.292 -0.331 0.020
33066.000 0.292 -0.262 0.110
33067.000 0.292 -0.192 0.191
33068.000 0.292 -0.123 0.487
33069.000 0.292 -0.054 0.046
33070.000 0.292 0.015 0.374
33071.000 0.292 0.085 0.303
33072.000 0.292 0.154 0.496
33073.000 0.292 0.223 0.073
33074.000 0.292 0.292 0.457
33075.000 0.292 0.362 0.278
33076.000 0.292 0.431 0.192
33077.000 0.362 -0.400 0.226
33078.000 0.362 -0.331 0.371
33079.000 0.362 -0.262 0.294
33080.000 0.362 -0.192 0.456
33081.000 0.362 -0.123 0.224
33082.000 0.362 -0.054 0.178
33083.000 0.362 0.015 0.330
33084.000 0.362 0.085 0.119
33085.000 0.362 0.154 0.396
33086.000 0.362 0.223 0.433
33087.000 0.362 0.292 0.021
33088.000 0.362 0.362 0.344
33089.000 0.362 0.431 0.022
33090.000 0.431 -0.400 0.473
33091.000 0.431 -0.331 0.374
33092.000 0.431 -0.262 0.356
33093.000 0.431 -0.192 0.200
33094.000 0.431 -0.123 0.493
33095.000 0.431 -0.054 0.327
33096.000 0.431 0.015 0.245
33097.000 0.431 0.085 0.164
33098.000 0.431 0.154 0.423
33099.000 0.431 0.223 0.218
33100.000 0.431 0.292 0.426
33101.000 0.431 0.362 0.215
33102.000 0.431 0.431 0.019
