0.0007267441860465116 0.15502793296089387 0.05151098901098901 0.0 0.0
0.0014534883720930232 0.11103351955307263 0.03914835164835165 0.0 0.0
0.002180232558139535 0.1361731843575419 0.046703296703296704 0.0021216407355021216 0.0
0.0014534883720930232 0.125 0.044642857142857144 0.0 0.0
0.0029069767441860465 0.1668994413407821 0.07074175824175824 0.0 0.0
0.0014534883720930232 0.1229050279329609 0.055631868131868135 0.0007072135785007072 0.0
0.002180232558139535 0.14664804469273743 0.05357142857142857 0.0007072135785007072 0.0
0.0007267441860465116 0.13268156424581007 0.06593406593406592 0.0007072135785007072 0.0
0.0007267441860465116 0.15851955307262572 0.04120879120879121 0.0 0.0
0.0014534883720930232 0.164804469273743 0.055631868131868135 0.0 0.0
0.002180232558139535 0.1494413407821229 0.052884615384615384 0.0007072135785007072 0.0
0.0 0.12779329608938547 0.05151098901098901 0.0 0.0
0.0007267441860465116 0.11452513966480447 0.057005494505494504 0.0007072135785007072 0.0
0.0 0.15782122905027934 0.04395604395604395 0.0 0.0
0.0007267441860465116 0.1668994413407821 0.04601648351648352 0.0007072135785007072 0.0
0.0029069767441860465 0.17458100558659218 0.050824175824175824 0.0 0.0
0.0014534883720930232 0.13058659217877094 0.05631868131868132 0.0 0.0
0.002180232558139535 0.14175977653631286 0.059065934065934064 0.0007072135785007072 0.0
0.0014534883720930232 0.18016759776536312 0.042582417582417584 0.0 0.0
0.0 0.12430167597765363 0.04739010989010989 0.0007072135785007072 0.0
0.002180232558139535 0.17946927374301674 0.06043956043956044 0.0007072135785007072 0.0
0.002180232558139535 0.16759776536312848 0.059752747252747256 0.0007072135785007072 0.0
0.0014534883720930232 0.17737430167597765 0.05425824175824176 0.0014144271570014145 0.0
0.0007267441860465116 0.17807262569832402 0.03914835164835165 0.0 0.0
0.0 0.1494413407821229 0.057005494505494504 0.0 0.0
0.002180232558139535 0.15921787709497207 0.048763736263736264 0.0007072135785007072 0.0
0.0007267441860465116 0.17667597765363127 0.04739010989010989 0.0 0.0
0.0007267441860465116 0.17458100558659218 0.049450549450549455 0.0014144271570014145 0.0
0.002180232558139535 0.1473463687150838 0.052884615384615384 0.0 0.0
0.002180232558139535 0.1871508379888268 0.06318681318681318 0.0 0.0
0.002180232558139535 0.15921787709497207 0.06387362637362638 0.0 0.0
0.002180232558139535 0.17458100558659218 0.054945054945054944 0.0007072135785007072 0.0
0.0014534883720930232 0.18365921787709497 0.0521978021978022 0.0007072135785007072 0.0
0.0 0.1878491620111732 0.059065934065934064 0.0007072135785007072 0.0
0.0036337209302325585 0.21298882681564246 0.0728021978021978 0.0 0.0007267441860465116
0.0036337209302325585 0.19064245810055866 0.05151098901098901 0.0 0.0
0.002180232558139535 0.18156424581005587 0.06593406593406592 0.0 0.0
0.0007267441860465116 0.20251396648044692 0.07692307692307693 0.0007072135785007072 0.0
0.0029069767441860465 0.19064245810055866 0.05425824175824176 0.0007072135785007072 0.0
0.0 0.18435754189944134 0.048763736263736264 0.0007072135785007072 0.0
0.002180232558139535 0.18854748603351956 0.07417582417582418 0.0007072135785007072 0.0
0.0007267441860465116 0.21089385474860337 0.07554945054945054 0.0 0.0
0.002180232558139535 0.2185754189944134 0.07005494505494506 0.0 0.0
0.002180232558139535 0.2674581005586592 0.061126373626373624 0.0 0.0
0.0014534883720930232 0.23324022346368714 0.06593406593406592 0.0007072135785007072 0.0
0.0007267441860465116 0.19273743016759776 0.05357142857142857 0.0 0.0
0.0029069767441860465 0.2534916201117318 0.07760989010989011 0.0 0.0
0.0014534883720930232 0.21508379888268156 0.050824175824175824 0.0014144271570014145 0.0
0.0007267441860465116 0.23952513966480446 0.07211538461538462 0.0 0.0
0.0 0.2185754189944134 0.05631868131868132 0.0014144271570014145 0.0
0.0014534883720930232 0.2409217877094972 0.07554945054945054 0.0014144271570014145 0.0007267441860465116
0.0007267441860465116 0.2737430167597765 0.07211538461538462 0.0 0.0007267441860465116
0.002180232558139535 0.2835195530726257 0.07417582417582418 0.0007072135785007072 0.0
0.002180232558139535 0.26187150837988826 0.08585164835164835 0.0 0.0
0.0014534883720930232 0.25558659217877094 0.06936813186813187 0.0007072135785007072 0.0007267441860465116
0.0007267441860465116 0.2807262569832402 0.0789835164835165 0.0014144271570014145 0.0
0.0007267441860465116 0.2611731843575419 0.08653846153846154 0.0014144271570014145 0.0
0.0007267441860465116 0.26187150837988826 0.0831043956043956 0.0 0.0
0.0029069767441860465 0.29608938547486036 0.09271978021978022 0.0007072135785007072 0.0
0.0007267441860465116 0.2946927374301676 0.07348901098901099 0.0 0.0
0.0029069767441860465 0.32332402234636876 0.07692307692307693 0.0 0.0007267441860465116
0.0007267441860465116 0.3226256983240224 0.07005494505494506 0.0 0.0
0.002180232558139535 0.3379888268156424 0.07760989010989011 0.0 0.0
0.0014534883720930232 0.37639664804469275 0.0879120879120879 0.0021216407355021216 0.0
0.0 0.3791899441340782 0.08447802197802198 0.0 0.0
0.0014534883720930232 0.3540502793296089 0.0885989010989011 0.0 0.0
0.0014534883720930232 0.36033519553072624 0.09134615384615385 0.0 0.0
0.0007267441860465116 0.4022346368715084 0.11401098901098901 0.0 0.0
0.002180232558139535 0.38477653631284914 0.08585164835164835 0.0014144271570014145 0.0
0.0014534883720930232 0.40991620111731847 0.08928571428571429 0.0014144271570014145 0.0
0.0014534883720930232 0.42178770949720673 0.08447802197802198 0.0007072135785007072 0.0
0.002180232558139535 0.42108938547486036 0.11538461538461538 0.0 0.0007267441860465116
0.0014534883720930232 0.4238826815642458 0.1043956043956044 0.0007072135785007072 0.0007267441860465116
0.0029069767441860465 0.43505586592178774 0.10233516483516483 0.0 0.0
0.0007267441860465116 0.46508379888268153 0.12362637362637363 0.0007072135785007072 0.0
0.0036337209302325585 0.446927374301676 0.11469780219780219 0.0014144271570014145 0.0
0.0 0.45879888268156427 0.09821428571428571 0.0007072135785007072 0.0
0.0014534883720930232 0.4909217877094972 0.10508241758241758 0.0007072135785007072 0.0
0.0007267441860465116 0.48743016759776536 0.09890109890109891 0.0 0.0
0.0029069767441860465 0.528631284916201 0.12980769230769232 0.0007072135785007072 0.0
0.0007267441860465116 0.520949720670391 0.09134615384615385 0.0 0.0
0.0 0.4916201117318436 0.11538461538461538 0.0 0.0
0.0007267441860465116 0.5104748603351956 0.10302197802197802 0.0007072135785007072 0.0
0.0014534883720930232 0.5363128491620112 0.10302197802197802 0.0 0.0
0.0014534883720930232 0.5425977653631284 0.11263736263736264 0.0 0.0
0.0014534883720930232 0.547486033519553 0.12637362637362637 0.0007072135785007072 0.0
0.0014534883720930232 0.5879888268156425 0.11332417582417582 0.0 0.0
0.0007267441860465116 0.5837988826815643 0.15178571428571427 0.0 0.0
0.0 0.5998603351955307 0.13255494505494506 0.0 0.0
0.0007267441860465116 0.6277932960893855 0.125 0.0 0.0
0.0029069767441860465 0.6941340782122905 0.14423076923076925 0.0 0.0
0.0 0.5921787709497207 0.1311813186813187 0.0007072135785007072 0.0
0.0036337209302325585 0.645949720670391 0.12980769230769232 0.0007072135785007072 0.0
0.0029069767441860465 0.7164804469273742 0.157967032967033 0.0007072135785007072 0.0
0.0 0.678072625698324 0.1510989010989011 0.0 0.0
0.0007267441860465116 0.7527932960893855 0.1565934065934066 0.0007072135785007072 0.0007267441860465116
0.0007267441860465116 0.7548882681564246 0.16277472527472528 0.0014144271570014145 0.0
0.002180232558139535 0.736731843575419 0.16346153846153846 0.0007072135785007072 0.0
0.002180232558139535 0.7395251396648045 0.16826923076923075 0.0 0.0
0.002180232558139535 0.7758379888268156 0.17032967032967034 0.0007072135785007072 0.0
0.0 0.7786312849162011 0.15178571428571427 0.0 0.0
0.0007267441860465116 0.0467877094972067 0.0 0.0007072135785007072 0.0007267441860465116
0.0 0.05516759776536313 0.0013736263736263735 0.0 0.0
0.0 0.051675977653631286 0.0006868131868131868 0.0 0.0
0.0 0.05656424581005587 0.0006868131868131868 0.0007072135785007072 0.0
0.0007267441860465116 0.8247206703910615 0.18337912087912087 0.0 0.0007267441860465116
0.0 0.05726256983240224 0.0006868131868131868 0.0 0.0
0.0 0.0467877094972067 0.0 0.0 0.0
0.0007267441860465116 0.054469273743016765 0.0006868131868131868 0.0 0.0
0.0 0.04259776536312849 0.00206043956043956 0.0 0.0007267441860465116
0.0 0.5628491620111732 0.2967032967032967 0.0007072135785007072 0.0
0.0 0.06075418994413408 0.0006868131868131868 0.0007072135785007072 0.0
0.0 0.06215083798882681 0.0 0.0 0.0
0.0 0.0467877094972067 0.0 0.0 0.0007267441860465116
0.0 0.06634078212290503 0.002747252747252747 0.0 0.0
0.0007267441860465116 0.7960893854748603 0.1875 0.0 0.0
0.0 0.05027932960893855 0.0006868131868131868 0.0 0.0
0.0 0.054469273743016765 0.00206043956043956 0.0 0.0
0.0 0.06005586592178771 0.00206043956043956 0.0 0.0
0.0 0.04958100558659218 0.0 0.0 0.0
0.0007267441860465116 0.5782122905027933 0.2973901098901099 0.0007072135785007072 0.0
0.0 0.05516759776536313 0.0006868131868131868 0.0 0.0
0.0 0.04958100558659218 0.0006868131868131868 0.0 0.0
0.0 0.04050279329608939 0.0006868131868131868 0.0 0.0
0.0 0.054469273743016765 0.0006868131868131868 0.0 0.0
0.0 0.04958100558659218 0.00206043956043956 0.0007072135785007072 0.0
0.0 0.058659217877094966 0.00206043956043956 0.0 0.0
0.0 0.04748603351955307 0.0006868131868131868 0.0007072135785007072 0.0
0.0 0.05377094972067039 0.002747252747252747 0.0 0.0
0.0 0.05097765363128492 0.0 0.0 0.0
0.0 0.051675977653631286 0.0013736263736263735 0.0 0.0
0.0 0.6089385474860336 0.2822802197802198 0.0021216407355021216 0.0
0.0007267441860465116 0.5991620111731844 0.2740384615384615 0.0007072135785007072 0.0007267441860465116
0.0 0.5824022346368716 0.27541208791208793 0.0021216407355021216 0.0
0.0 0.5956703910614525 0.26854395604395603 0.0 0.0
0.0 0.5935754189944135 0.27953296703296704 0.0014144271570014145 0.0
0.0 0.5844972067039106 0.25961538461538464 0.0014144271570014145 0.0
0.0014534883720930232 0.5789106145251396 0.27609890109890106 0.0014144271570014145 0.0
0.0014534883720930232 0.5824022346368716 0.2973901098901099 0.0014144271570014145 0.0
0.0 0.5796089385474861 0.2802197802197802 0.0007072135785007072 0.0
0.0 0.5635474860335196 0.2932692307692308 0.0007072135785007072 0.0007267441860465116
0.0007267441860465116 0.5761173184357542 0.29532967032967034 0.0 0.0
0.0007267441860465116 0.5761173184357542 0.29052197802197804 0.0014144271570014145 0.0
0.002180232558139535 0.5649441340782122 0.28983516483516486 0.0014144271570014145 0.0
0.0014534883720930232 0.5844972067039106 0.2726648351648352 0.0 0.0
0.0007267441860465116 0.5949720670391062 0.33035714285714285 0.0007072135785007072 0.0007267441860465116
0.0 0.5900837988826816 0.33310439560439564 0.0007072135785007072 0.0
0.0 0.598463687150838 0.27197802197802196 0.0021216407355021216 0.0
0.0007267441860465116 0.5998603351955307 0.2864010989010989 0.0014144271570014145 0.0
0.0 0.5921787709497207 0.32967032967032966 0.0007072135785007072 0.0
0.0007267441860465116 0.5684357541899442 0.315934065934066 0.0021216407355021216 0.0
0.0 0.5935754189944135 0.32554945054945056 0.0007072135785007072 0.0
0.0014534883720930232 0.5872905027932961 0.3427197802197802 0.0007072135785007072 0.0
0.0007267441860465116 0.5607541899441341 0.3550824175824176 0.0 0.0
0.0 0.5698324022346369 0.38598901098901095 0.003536067892503536 0.0
0.0007267441860465116 0.5384078212290502 0.35851648351648346 0.002828854314002829 0.0
0.0 0.5502793296089385 0.3626373626373626 0.002828854314002829 0.0
0.0 0.5600558659217877 0.38873626373626374 0.0007072135785007072 0.0
0.0007267441860465116 0.5726256983240223 0.4141483516483516 0.0014144271570014145 0.0
0.0 0.553072625698324 0.3942307692307692 0.0007072135785007072 0.0014534883720930232
0.0014534883720930232 0.5516759776536313 0.39629120879120877 0.0007072135785007072 0.0
0.0007267441860465116 0.5914804469273742 0.4326923076923077 0.0021216407355021216 0.0
0.0 0.5600558659217877 0.45947802197802196 0.0007072135785007072 0.0
0.002180232558139535 0.5824022346368716 0.45467032967032966 0.0014144271570014145 0.0
0.0 0.5600558659217877 0.4951923076923077 0.0021216407355021216 0.0
0.0007267441860465116 0.5670391061452514 0.5 0.0007072135785007072 0.0
0.0 0.5789106145251396 0.5473901098901098 0.0021216407355021216 0.0
0.0 0.5356145251396648 0.5728021978021978 0.0014144271570014145 0.0007267441860465116
0.0 0.5467877094972067 0.5913461538461539 0.0007072135785007072 0.0
0.0 0.5488826815642458 0.5892857142857143 0.0014144271570014145 0.0
0.0 0.528631284916201 0.6826923076923077 0.0 0.0
0.0 0.5370111731843575 0.6593406593406593 0.0007072135785007072 0.0007267441860465116
0.0 0.5509776536312849 0.6153846153846154 0.0014144271570014145 0.0
0.0007267441860465116 0.5572625698324023 0.6744505494505495 0.0021216407355021216 0.0
0.0014534883720930232 0.5481843575418994 0.6648351648351648 0.0021216407355021216 0.0
0.0 0.5467877094972067 0.6840659340659341 0.0014144271570014145 0.0
0.0014534883720930232 0.5328212290502793 0.673076923076923 0.002828854314002829 0.0
0.0 0.5705307262569832 0.7115384615384616 0.0021216407355021216 0.0
0.0007267441860465116 0.5656424581005587 0.695054945054945 0.0007072135785007072 0.0
0.0007267441860465116 0.5817039106145251 0.7046703296703297 0.0007072135785007072 0.0
0.0007267441860465116 0.5607541899441341 0.6854395604395604 0.0021216407355021216 0.0
0.0007267441860465116 0.5649441340782122 0.6771978021978021 0.0 0.0
0.0 0.5377094972067039 0.7190934065934066 0.0 0.0
0.0007267441860465116 0.5502793296089385 0.6689560439560439 0.0007072135785007072 0.0007267441860465116
0.0 0.528631284916201 0.6710164835164836 0.0 0.0
0.0 0.566340782122905 0.7273351648351648 0.0 0.0007267441860465116
0.0 0.5384078212290502 0.698489010989011 0.0007072135785007072 0.0
0.0007267441860465116 0.5258379888268156 0.7184065934065934 0.0 0.0
0.0 0.5090782122905029 0.7129120879120879 0.0014144271570014145 0.0
0.0014534883720930232 0.5516759776536313 0.6881868131868132 0.0021216407355021216 0.0
0.0 0.5684357541899442 0.7300824175824177 0.0 0.0
0.0 0.5174581005586593 0.7074175824175823 0.0 0.0
0.0014534883720930232 0.5495810055865922 0.7129120879120879 0.0007072135785007072 0.0
0.0 0.5537709497206703 0.7053571428571429 0.0014144271570014145 0.0
0.0 0.5572625698324023 0.7115384615384616 0.002828854314002829 0.0
0.0007267441860465116 0.5502793296089385 0.6916208791208792 0.0 0.0
0.0 0.5558659217877095 0.7149725274725275 0.0014144271570014145 0.0007267441860465116
0.0007267441860465116 0.5363128491620112 0.6923076923076923 0.0014144271570014145 0.0
0.0007267441860465116 0.553072625698324 0.6813186813186813 0.003536067892503536 0.0
0.0 0.5321229050279329 0.7170329670329669 0.0021216407355021216 0.0
0.0 0.5481843575418994 0.6710164835164836 0.0 0.0
0.0 0.5502793296089385 0.7046703296703297 0.0014144271570014145 0.0
0.0007267441860465116 0.5754189944134078 0.7087912087912088 0.0014144271570014145 0.0
0.0007267441860465116 0.5356145251396648 0.7039835164835164 0.0 0.0
0.0 0.5509776536312849 0.7438186813186813 0.0021216407355021216 0.0
0.0 0.5579608938547486 0.7149725274725275 0.0014144271570014145 0.0
0.0 0.5551675977653631 0.7149725274725275 0.0014144271570014145 0.0
0.0007267441860465116 0.5272346368715084 0.695054945054945 0.0014144271570014145 0.0
0.0007267441860465116 0.5670391061452514 0.7122252747252746 0.0 0.0
0.0007267441860465116 0.5565642458100558 0.6806318681318682 0.0007072135785007072 0.0
0.0 0.5537709497206703 0.7067307692307693 0.002828854314002829 0.0
0.0 0.592877094972067 0.6978021978021978 0.0021216407355021216 0.0
0.0014534883720930232 0.5460893854748603 0.7335164835164835 0.0021216407355021216 0.0
0.0007267441860465116 0.5586592178770949 0.7664835164835165 0.0 0.0
0.0 0.5775139664804468 0.7445054945054945 0.0007072135785007072 0.0007267441860465116
0.0014534883720930232 0.5810055865921788 0.7431318681318682 0.0014144271570014145 0.0
0.0007267441860465116 0.5418994413407822 0.7396978021978022 0.0007072135785007072 0.0
0.0014534883720930232 0.5677374301675977 0.7506868131868132 0.0007072135785007072 0.0
0.0 0.5356145251396648 0.7300824175824177 0.0007072135785007072 0.0
0.0 0.5391061452513967 0.7589285714285714 0.0007072135785007072 0.0
0.0007267441860465116 0.5900837988826816 0.7362637362637363 0.0007072135785007072 0.0014534883720930232
0.0 0.5544692737430168 0.7527472527472527 0.0007072135785007072 0.0007267441860465116
0.0 0.5439944134078212 0.7108516483516484 0.0021216407355021216 0.0
0.0007267441860465116 0.5831005586592178 0.7534340659340659 0.0007072135785007072 0.0
0.0 0.5279329608938548 0.7396978021978022 0.0007072135785007072 0.0
0.0 0.5740223463687151 0.7266483516483517 0.0007072135785007072 0.0
0.0007267441860465116 0.5425977653631284 0.7960164835164836 0.0007072135785007072 0.0
0.0 0.5516759776536313 0.8193681318681318 0.0007072135785007072 0.0
0.0 0.5349162011173184 0.8083791208791209 0.0007072135785007072 0.0
0.002180232558139535 0.5314245810055865 0.7451923076923077 0.0 0.0
