10.200000000000001 19.862068965517242 15.633333333333333 9.814814814814815 9.5
9.719999999999999 19.068965517241377 14.5 10.555555555555555 9.076923076923077
11.0 18.655172413793107 16.866666666666664 10.148148148148147 9.884615384615383
11.2 19.689655172413794 16.833333333333332 9.407407407407408 8.423076923076923
10.92 19.620689655172413 16.400000000000002 8.703703703703702 9.192307692307692
9.36 19.103448275862068 16.46666666666667 9.888888888888888 10.076923076923077
10.76 19.82758620689655 17.0 9.925925925925927 9.923076923076923
10.08 18.275862068965516 15.7 10.296296296296296 9.423076923076923
11.24 20.17241379310345 16.7 8.88888888888889 8.846153846153845
9.48 19.413793103448278 15.966666666666667 9.74074074074074 8.692307692307692
10.44 20.275862068965516 16.133333333333333 8.851851851851851 10.384615384615385
10.4 18.96551724137931 17.5 11.074074074074074 10.961538461538462
10.72 20.655172413793103 15.366666666666667 8.814814814814815 7.923076923076923
10.52 18.10344827586207 16.433333333333334 10.333333333333334 10.192307692307692
9.6 19.103448275862068 16.666666666666668 8.925925925925926 8.961538461538462
10.36 20.482758620689655 16.333333333333332 10.407407407407407 9.307692307692308
11.32 19.482758620689655 15.8 10.37037037037037 8.346153846153847
10.200000000000001 18.275862068965516 15.5 9.11111111111111 8.307692307692308
11.88 19.862068965517242 16.433333333333334 9.296296296296296 8.692307692307692
8.959999999999999 19.482758620689655 14.866666666666667 8.962962962962962 9.692307692307693
9.48 20.620689655172413 16.666666666666668 9.888888888888888 10.153846153846153
9.84 19.75862068965517 17.166666666666668 8.37037037037037 10.307692307692308
10.24 19.482758620689655 16.333333333333332 10.11111111111111 9.961538461538462
10.52 18.758620689655174 15.166666666666666 9.444444444444445 9.923076923076923
11.04 19.689655172413794 15.466666666666667 10.074074074074074 10.23076923076923
9.799999999999999 19.27586206896552 14.8 10.25925925925926 10.115384615384615
11.08 21.275862068965516 15.733333333333333 11.925925925925927 8.576923076923077
10.92 19.586206896551722 15.533333333333333 9.925925925925927 9.538461538461538
10.84 18.93103448275862 17.033333333333335 9.703703703703704 8.769230769230768
9.6 19.137931034482758 16.46666666666667 10.444444444444443 9.961538461538462
10.88 18.93103448275862 15.9 9.703703703703704 8.5
11.04 19.75862068965517 15.266666666666666 10.037037037037036 8.346153846153847
10.959999999999999 19.206896551724135 15.933333333333334 10.62962962962963 9.346153846153847
9.92 19.72413793103448 15.933333333333334 9.962962962962964 10.115384615384615
10.319999999999999 18.862068965517242 16.266666666666666 9.037037037037038 10.538461538461538
10.4 19.448275862068964 14.266666666666667 9.296296296296296 8.884615384615385
9.28 19.448275862068964 16.566666666666666 9.888888888888888 9.692307692307693
10.6 19.96551724137931 14.166666666666666 8.925925925925926 8.576923076923077
9.719999999999999 19.586206896551722 15.766666666666666 9.851851851851851 9.0
9.28 20.06896551724138 16.933333333333334 9.333333333333334 9.5
10.4 18.724137931034484 15.066666666666668 9.37037037037037 9.423076923076923
9.639999999999999 19.379310344827587 14.333333333333334 10.62962962962963 9.384615384615385
10.76 19.655172413793103 16.7 10.037037037037036 9.230769230769232
9.440000000000001 19.482758620689655 16.7 9.962962962962964 8.346153846153847
9.639999999999999 20.689655172413794 16.5 10.11111111111111 9.192307692307692
11.32 18.06896551724138 16.833333333333332 10.0 8.846153846153845
10.88 18.93103448275862 15.733333333333333 10.962962962962962 7.961538461538461
13.04 21.10344827586207 14.533333333333333 10.851851851851853 8.192307692307692
9.76 20.241379310344826 15.766666666666666 10.555555555555555 9.615384615384617
9.639999999999999 19.03448275862069 15.4 10.185185185185187 8.846153846153845
10.76 19.413793103448278 14.6 9.666666666666668 9.653846153846153
11.84 18.758620689655174 16.5 9.481481481481481 9.346153846153847
9.32 19.96551724137931 15.6 9.555555555555555 8.346153846153847
10.200000000000001 19.793103448275865 15.233333333333333 10.592592592592593 8.576923076923077
9.28 19.03448275862069 16.133333333333333 10.481481481481483 8.23076923076923
9.719999999999999 20.379310344827587 16.400000000000002 10.11111111111111 10.115384615384615
10.4 18.758620689655174 15.966666666666667 10.25925925925926 9.692307692307693
10.319999999999999 19.206896551724135 16.46666666666667 8.814814814814815 10.115384615384615
10.08 18.586206896551722 15.4 10.11111111111111 9.076923076923077
9.76 19.96551724137931 15.0 9.666666666666668 11.23076923076923
9.36 19.793103448275865 15.100000000000001 9.555555555555555 9.615384615384617
11.84 19.72413793103448 15.7 9.185185185185185 7.3076923076923075
12.68 18.620689655172413 16.333333333333332 9.962962962962964 10.461538461538462
9.96 20.75862068965517 14.7 9.0 9.76923076923077
11.76 18.310344827586206 17.666666666666668 9.333333333333334 9.461538461538462
10.28 20.275862068965516 15.2 10.185185185185187 9.115384615384615
11.24 17.482758620689655 15.6 10.703703703703702 8.692307692307692
9.76 20.275862068965516 15.733333333333333 9.222222222222221 9.846153846153847
10.44 19.17241379310345 15.633333333333333 8.74074074074074 8.730769230769232
10.56 20.379310344827587 17.166666666666668 10.444444444444443 8.769230769230768
9.92 19.517241379310345 16.46666666666667 10.703703703703702 8.26923076923077
10.84 20.310344827586206 15.766666666666666 10.481481481481483 9.230769230769232
9.879999999999999 19.068965517241377 16.033333333333335 9.592592592592592 9.653846153846153
10.200000000000001 18.551724137931032 16.23333333333333 10.37037037037037 9.076923076923077
10.120000000000001 20.241379310344826 15.433333333333334 10.703703703703702 9.538461538461538
10.8 18.82758620689655 15.9 9.592592592592592 9.76923076923077
9.879999999999999 19.413793103448278 16.1 9.888888888888888 9.230769230769232
9.639999999999999 21.10344827586207 16.9 10.851851851851853 8.807692307692308
10.6 20.448275862068968 14.466666666666665 9.814814814814815 8.923076923076923
11.12 17.93103448275862 17.366666666666667 8.962962962962962 9.615384615384617
11.28 19.103448275862068 15.2 10.11111111111111 8.846153846153845
10.8 20.0 16.266666666666666 9.518518518518519 9.576923076923077
10.84 22.275862068965516 14.6 9.25925925925926 8.307692307692308
10.48 19.03448275862069 15.5 10.185185185185187 8.26923076923077
9.520000000000001 19.103448275862068 15.933333333333334 8.333333333333334 8.730769230769232
9.96 19.103448275862068 15.7 8.703703703703702 9.76923076923077
9.36 19.344827586206897 17.366666666666667 10.962962962962962 8.769230769230768
10.319999999999999 18.344827586206897 16.333333333333332 10.25925925925926 10.192307692307692
10.8 20.03448275862069 14.233333333333334 9.962962962962964 9.230769230769232
10.48 18.689655172413794 15.833333333333334 10.555555555555555 9.538461538461538
10.44 19.0 15.2 10.444444444444443 9.807692307692307
11.84 20.413793103448278 15.566666666666666 9.444444444444445 10.0
10.48 20.379310344827587 14.8 8.592592592592593 9.115384615384615
11.0 21.413793103448274 16.400000000000002 11.333333333333334 7.576923076923077
10.28 19.896551724137932 16.733333333333334 9.703703703703704 9.038461538461538
11.16 19.24137931034483 15.933333333333334 9.296296296296296 9.73076923076923
10.24 19.27586206896552 15.9 11.074074074074074 9.307692307692308
11.0 18.344827586206897 16.400000000000002 10.25925925925926 8.730769230769232
10.6 19.482758620689655 16.9 10.592592592592593 8.576923076923077
9.96 20.275862068965516 15.333333333333332 10.851851851851853 9.346153846153847
10.120000000000001 19.551724137931036 16.566666666666666 9.185185185185185 9.692307692307693
11.16 9.551724137931034 10.9 10.296296296296296 10.846153846153845
10.36 10.310344827586206 9.799999999999999 10.222222222222223 10.384615384615385
9.92 10.793103448275863 10.4 9.481481481481481 9.230769230769232
10.0 10.862068965517242 10.466666666666667 10.74074074074074 10.0
10.44 19.27586206896552 15.8 10.185185185185187 10.769230769230768
10.44 11.344827586206897 10.366666666666667 10.333333333333334 9.615384615384617
11.24 10.482758620689657 11.700000000000001 9.703703703703704 8.769230769230768
10.56 10.310344827586206 9.866666666666665 10.814814814814815 9.923076923076923
9.4 9.482758620689655 9.366666666666667 10.62962962962963 10.538461538461538
8.8 17.89655172413793 17.5 9.777777777777777 9.230769230769232
11.719999999999999 10.413793103448276 10.0 10.666666666666666 9.423076923076923
11.520000000000001 9.793103448275861 10.3 11.25925925925926 10.346153846153847
11.520000000000001 10.689655172413792 11.133333333333333 10.074074074074074 9.538461538461538
9.56 9.482758620689655 11.433333333333334 9.851851851851851 11.346153846153847
11.4 20.275862068965516 16.666666666666668 8.333333333333334 9.846153846153847
9.68 10.620689655172415 10.833333333333334 10.962962962962962 10.153846153846153
10.200000000000001 9.724137931034482 10.233333333333334 10.407407407407407 8.653846153846155
9.6 10.310344827586206 9.366666666666667 9.25925925925926 10.538461538461538
10.319999999999999 11.0 9.233333333333333 10.592592592592593 12.076923076923077
9.96 17.655172413793103 18.1 10.444444444444443 9.615384615384617
10.8 9.379310344827587 10.233333333333334 10.222222222222223 10.5
9.799999999999999 10.655172413793103 10.833333333333334 10.518518518518519 9.846153846153847
9.0 9.724137931034482 10.4 9.925925925925927 10.923076923076923
8.920000000000002 10.379310344827585 10.5 9.814814814814815 10.615384615384615
9.48 10.827586206896552 9.766666666666666 10.481481481481483 11.23076923076923
10.56 9.344827586206897 10.5 10.407407407407407 11.192307692307692
11.6 9.275862068965516 9.766666666666666 11.592592592592592 10.807692307692308
11.04 9.620689655172415 10.4 10.592592592592593 10.346153846153847
9.24 11.06896551724138 9.633333333333335 9.518518518518519 9.807692307692307
9.32 10.310344827586206 11.0 10.592592592592593 10.692307692307692
10.040000000000001 17.379310344827584 19.46666666666667 10.555555555555555 8.923076923076923
9.799999999999999 18.17241379310345 14.333333333333334 10.74074074074074 9.461538461538462
9.84 18.20689655172414 17.866666666666667 10.407407407407407 9.307692307692308
10.200000000000001 17.03448275862069 17.566666666666666 10.74074074074074 9.076923076923077
9.799999999999999 16.310344827586206 16.566666666666666 9.703703703703704 9.807692307692307
9.799999999999999 16.06896551724138 18.966666666666665 10.148148148148147 8.615384615384615
10.16 17.655172413793103 18.566666666666666 9.11111111111111 9.73076923076923
9.36 15.0 17.833333333333332 10.851851851851853 10.192307692307692
9.92 16.82758620689655 18.433333333333334 10.407407407407407 9.423076923076923
10.319999999999999 16.72413793103448 16.566666666666666 10.814814814814815 9.538461538461538
11.16 17.89655172413793 18.53333333333333 9.814814814814815 8.692307692307692
10.84 17.0 18.2 11.074074074074074 9.653846153846153
10.28 17.89655172413793 16.566666666666666 11.333333333333334 10.538461538461538
9.48 17.03448275862069 16.833333333333332 11.11111111111111 9.538461538461538
11.32 17.20689655172414 17.933333333333334 8.703703703703702 9.5
9.36 16.344827586206897 18.133333333333333 9.777777777777777 9.26923076923077
11.36 15.72413793103448 18.666666666666668 9.25925925925926 9.076923076923077
9.96 17.724137931034484 18.1 9.592592592592592 10.23076923076923
9.84 17.551724137931036 18.833333333333332 9.185185185185185 9.576923076923077
11.48 16.689655172413794 18.433333333333334 11.185185185185185 10.307692307692308
9.92 17.448275862068964 18.1 9.925925925925927 9.307692307692308
10.88 19.103448275862068 19.26666666666667 10.074074074074074 9.538461538461538
10.68 15.413793103448276 17.7 10.185185185185187 8.923076923076923
9.879999999999999 18.13793103448276 17.633333333333333 11.11111111111111 8.769230769230768
8.84 16.551724137931036 18.666666666666668 10.481481481481483 9.5
10.4 18.034482758620687 18.633333333333333 10.222222222222223 9.884615384615383
11.0 16.689655172413794 18.233333333333334 9.888888888888888 9.538461538461538
10.52 16.0 17.4 9.37037037037037 9.153846153846153
10.0 17.379310344827584 18.03333333333333 10.074074074074074 10.384615384615385
11.639999999999999 18.413793103448274 17.433333333333334 11.407407407407408 10.23076923076923
10.16 16.689655172413794 16.566666666666666 10.62962962962963 8.423076923076923
10.24 15.620689655172413 17.733333333333334 10.592592592592593 9.192307692307692
10.319999999999999 18.034482758620687 18.53333333333333 10.592592592592593 9.923076923076923
10.36 17.517241379310345 19.333333333333336 8.851851851851851 9.153846153846153
10.92 17.620689655172416 16.866666666666664 9.555555555555555 10.807692307692308
9.92 17.586206896551726 17.833333333333332 9.925925925925927 9.076923076923077
10.040000000000001 16.241379310344826 18.566666666666666 9.962962962962964 10.153846153846153
9.96 17.482758620689655 17.066666666666666 9.11111111111111 10.846153846153845
10.92 18.310344827586206 18.133333333333333 10.851851851851853 9.5
11.719999999999999 15.965517241379311 19.166666666666664 11.333333333333334 8.923076923076923
10.72 16.965517241379313 17.733333333333334 8.62962962962963 9.384615384615385
10.08 16.448275862068968 17.566666666666666 9.888888888888888 9.153846153846153
9.4 18.862068965517242 18.03333333333333 9.666666666666668 9.884615384615383
11.04 16.89655172413793 18.599999999999998 10.0 9.192307692307692
10.84 17.413793103448274 18.933333333333334 9.037037037037038 8.769230769230768
10.200000000000001 18.379310344827587 19.233333333333334 10.777777777777779 8.884615384615385
10.16 18.20689655172414 19.73333333333333 9.814814814814815 10.653846153846155
12.48 17.79310344827586 17.933333333333334 10.62962962962963 9.73076923076923
9.879999999999999 18.586206896551722 18.03333333333333 9.481481481481481 9.615384615384617
10.56 17.551724137931036 17.4 10.481481481481483 9.038461538461538
10.44 17.862068965517242 17.4 11.25925925925926 8.769230769230768
9.879999999999999 17.17241379310345 18.2 11.407407407407408 9.115384615384615
10.16 17.137931034482758 17.5 10.333333333333334 9.0
10.200000000000001 17.310344827586206 18.166666666666668 10.481481481481483 10.038461538461538
10.28 18.17241379310345 17.366666666666667 10.481481481481483 10.076923076923077
10.959999999999999 17.586206896551726 17.666666666666668 9.481481481481481 8.653846153846155
11.88 16.17241379310345 19.3 10.148148148148147 9.653846153846153
10.6 17.137931034482758 18.03333333333333 10.74074074074074 9.692307692307693
10.959999999999999 16.17241379310345 17.766666666666666 10.481481481481483 9.461538461538462
10.0 15.827586206896553 18.433333333333334 10.666666666666666 9.807692307692307
11.520000000000001 17.20689655172414 17.866666666666667 10.037037037037036 10.384615384615385
10.319999999999999 16.241379310344826 18.700000000000003 10.666666666666666 8.5
9.68 16.03448275862069 18.666666666666668 10.62962962962963 8.923076923076923
9.440000000000001 17.689655172413794 17.766666666666666 9.962962962962964 10.23076923076923
11.56 18.034482758620687 18.76666666666667 10.148148148148147 9.346153846153847
10.200000000000001 17.517241379310345 19.066666666666666 9.962962962962964 10.461538461538462
11.88 16.931034482758623 16.766666666666666 10.444444444444443 8.884615384615385
10.64 17.96551724137931 17.4 11.074074074074074 10.5
11.08 17.75862068965517 18.966666666666665 9.814814814814815 10.730769230769232
9.6 17.551724137931036 17.966666666666665 10.148148148148147 9.961538461538462
10.68 17.93103448275862 18.5 10.11111111111111 9.807692307692307
9.92 15.10344827586207 19.166666666666664 11.555555555555555 8.807692307692308
10.84 15.13793103448276 17.866666666666667 9.518518518518519 11.576923076923077
9.28 16.482758620689655 18.166666666666668 9.555555555555555 8.730769230769232
10.4 18.10344827586207 18.06666666666667 9.555555555555555 9.346153846153847
10.959999999999999 16.413793103448278 19.3 9.925925925925927 10.0
10.72 16.75862068965517 17.4 11.555555555555555 9.115384615384615
10.8 17.79310344827586 18.0 10.185185185185187 9.423076923076923
9.84 16.448275862068968 17.833333333333332 10.592592592592593 9.538461538461538
11.56 14.793103448275863 17.633333333333333 10.851851851851853 8.192307692307692
9.76 16.75862068965517 17.333333333333332 10.444444444444443 10.115384615384615
10.28 16.379310344827587 17.0 10.74074074074074 10.23076923076923
11.16 17.482758620689655 18.76666666666667 9.62962962962963 10.192307692307692
10.56 18.551724137931032 18.3 10.851851851851853 9.961538461538462
9.68 17.75862068965517 18.466666666666665 10.851851851851853 9.73076923076923
10.16 17.137931034482758 19.53333333333333 10.296296296296296 9.807692307692307
10.08 18.20689655172414 17.1 10.296296296296296 8.923076923076923
9.56 17.79310344827586 18.700000000000003 10.185185185185187 9.961538461538462
11.28 17.413793103448274 19.96666666666667 9.148148148148149 9.615384615384617
9.48 16.89655172413793 19.46666666666667 10.62962962962963 10.807692307692308
10.88 18.344827586206897 19.333333333333336 9.74074074074074 9.923076923076923
11.6 19.068965517241377 16.866666666666664 9.481481481481481 9.73076923076923
10.16 17.275862068965516 19.166666666666664 10.666666666666666 9.576923076923077
10.16 16.17241379310345 17.466666666666665 10.333333333333334 10.576923076923077
10.92 17.06896551724138 20.633333333333333 9.592592592592592 10.26923076923077
11.36 17.724137931034484 18.53333333333333 11.11111111111111 8.807692307692308
11.2 17.586206896551726 17.6 10.407407407407407 10.884615384615385
8.84 18.586206896551722 18.53333333333333 10.296296296296296 10.423076923076923
9.96 17.448275862068964 18.266666666666666 9.666666666666668 10.846153846153845
