72.57142857142857 72.42857142857143 71.0 72.07692307692308 74.0
73.42857142857143 73.5 71.93333333333334 72.76923076923077 74.23076923076923
72.42857142857143 71.42857142857143 71.26666666666667 71.84615384615385 72.84615384615385
73.71428571428572 74.14285714285715 72.66666666666667 72.76923076923077 75.61538461538461
70.21428571428571 72.14285714285715 70.6 69.92307692307692 73.15384615384615
72.35714285714286 71.14285714285715 71.13333333333334 71.92307692307692 73.53846153846153
72.28571428571429 72.5 72.26666666666668 72.15384615384615 74.46153846153847
72.5 73.64285714285715 72.0 72.84615384615385 74.76923076923077
74.64285714285715 73.78571428571429 71.86666666666666 72.92307692307692 74.46153846153847
72.21428571428572 72.14285714285715 71.8 71.84615384615385 73.61538461538461
72.07142857142858 72.14285714285715 70.93333333333334 71.15384615384615 73.6923076923077
72.0 71.92857142857143 71.2 70.76923076923076 73.07692307692308
70.64285714285715 71.42857142857143 71.53333333333333 71.61538461538461 74.15384615384616
72.28571428571429 70.42857142857143 71.4 71.07692307692308 73.61538461538461
73.07142857142857 72.78571428571429 70.93333333333334 71.46153846153847 73.3076923076923
70.85714285714286 70.21428571428571 70.4 70.38461538461537 72.6923076923077
72.85714285714286 73.28571428571429 71.8 71.92307692307692 74.15384615384616
71.42857142857143 71.35714285714286 71.6 71.46153846153847 73.6923076923077
72.35714285714286 71.64285714285715 72.66666666666667 72.07692307692308 74.07692307692308
73.0 72.28571428571429 72.2 73.3076923076923 73.53846153846153
71.85714285714286 70.85714285714286 71.2 71.23076923076924 73.23076923076923
71.85714285714286 70.57142857142858 70.73333333333333 70.46153846153847 73.3076923076923
72.0 71.42857142857143 71.86666666666666 71.38461538461539 73.6923076923077
72.21428571428572 72.28571428571429 72.4 73.07692307692308 74.15384615384616
72.71428571428572 71.64285714285715 71.06666666666666 72.53846153846153 73.15384615384615
73.71428571428572 73.14285714285715 73.4 73.3076923076923 75.15384615384616
71.28571428571429 70.5 70.86666666666666 71.0 72.46153846153847
72.78571428571429 70.57142857142858 72.46666666666667 72.6923076923077 74.76923076923077
74.07142857142857 71.71428571428572 70.53333333333333 72.07692307692308 73.15384615384615
71.85714285714286 71.85714285714286 71.26666666666667 71.46153846153847 73.84615384615385
72.07142857142858 70.92857142857143 69.4 69.92307692307692 73.46153846153847
71.85714285714286 71.07142857142858 70.46666666666667 72.76923076923077 73.53846153846153
73.0 71.78571428571429 72.8 72.07692307692308 74.3076923076923
72.21428571428572 70.85714285714286 71.53333333333333 71.6923076923077 72.84615384615385
72.5 70.57142857142858 71.0 71.46153846153847 73.23076923076923
71.5 69.64285714285714 71.53333333333333 71.53846153846153 73.92307692307692
71.57142857142858 69.64285714285714 70.2 71.3076923076923 73.0
72.28571428571429 71.5 72.2 72.6923076923077 75.0
72.42857142857143 69.07142857142857 71.66666666666667 71.6923076923077 74.61538461538461
72.14285714285715 69.42857142857142 71.73333333333333 72.92307692307692 74.0
73.57142857142857 70.57142857142858 72.2 72.53846153846153 74.92307692307692
73.57142857142857 71.21428571428572 73.33333333333333 73.23076923076923 76.23076923076923
72.0 68.85714285714285 70.6 72.07692307692308 73.61538461538461
71.21428571428572 69.07142857142857 71.0 70.38461538461537 72.84615384615385
71.64285714285715 67.85714285714285 70.2 72.0 73.3076923076923
73.28571428571429 69.42857142857142 71.86666666666666 73.38461538461539 73.92307692307692
73.21428571428572 69.5 71.0 72.07692307692308 73.76923076923077
72.71428571428572 67.85714285714285 70.13333333333334 70.84615384615385 73.15384615384615
72.07142857142858 67.42857142857143 70.86666666666666 72.46153846153847 73.84615384615385
70.57142857142858 67.5 69.53333333333333 71.15384615384615 73.15384615384615
72.92857142857143 68.07142857142857 71.6 73.07692307692308 74.61538461538461
73.35714285714286 67.64285714285714 71.46666666666667 73.6923076923077 73.84615384615385
73.42857142857143 69.64285714285714 72.06666666666666 73.76923076923077 75.0
71.14285714285715 68.14285714285714 70.8 71.46153846153847 73.23076923076923
73.0 69.0 72.4 72.76923076923077 75.15384615384616
72.35714285714286 67.71428571428571 69.6 71.61538461538461 73.53846153846153
73.0 66.64285714285714 70.2 71.61538461538461 73.76923076923077
72.21428571428572 66.42857142857143 70.46666666666667 71.84615384615385 74.23076923076923
73.57142857142857 68.5 71.53333333333333 71.84615384615385 74.38461538461539
72.64285714285715 67.21428571428571 71.0 71.92307692307692 73.61538461538461
71.71428571428572 65.64285714285714 69.53333333333333 71.07692307692308 72.61538461538461
72.71428571428572 66.64285714285714 70.66666666666667 73.15384615384615 74.76923076923077
71.71428571428572 66.35714285714285 68.93333333333334 69.76923076923076 73.53846153846153
71.07142857142858 65.78571428571428 70.06666666666666 71.76923076923076 73.38461538461539
71.64285714285715 64.5 68.2 69.61538461538463 73.15384615384615
72.21428571428572 65.78571428571428 70.86666666666666 72.15384615384615 73.46153846153847
72.42857142857143 65.21428571428571 70.53333333333333 72.53846153846153 74.0
74.14285714285715 63.21428571428571 69.86666666666666 72.61538461538461 74.07692307692308
72.92857142857143 65.85714285714285 71.46666666666667 73.46153846153847 74.53846153846153
72.42857142857143 64.35714285714286 68.66666666666667 71.0 73.6923076923077
73.21428571428572 65.92857142857143 71.13333333333334 72.38461538461539 74.61538461538461
72.64285714285715 63.21428571428571 69.66666666666667 71.15384615384615 73.84615384615385
71.78571428571429 61.85714285714286 69.8 73.15384615384615 74.76923076923077
72.0 62.07142857142857 70.26666666666667 70.76923076923076 72.07692307692308
73.07142857142857 63.42857142857143 70.06666666666666 72.46153846153847 74.15384615384616
72.28571428571429 61.57142857142857 69.6 72.0 73.92307692307692
71.85714285714286 60.42857142857143 69.86666666666666 72.38461538461539 74.15384615384616
72.28571428571429 61.642857142857146 68.4 72.23076923076924 74.15384615384616
73.57142857142857 61.07142857142857 69.0 71.76923076923076 74.53846153846153
73.5 62.5 70.66666666666667 72.38461538461539 74.84615384615384
70.78571428571429 59.0 67.53333333333333 70.76923076923076 74.15384615384616
72.85714285714286 60.142857142857146 68.93333333333334 72.76923076923077 74.6923076923077
72.21428571428572 59.35714285714286 69.53333333333333 72.0 74.61538461538461
74.0 60.642857142857146 70.06666666666666 72.53846153846153 74.46153846153847
73.78571428571429 59.85714285714286 69.73333333333333 73.23076923076923 76.23076923076923
73.5 60.785714285714285 71.13333333333334 73.92307692307692 75.07692307692308
73.78571428571429 61.285714285714285 70.6 73.92307692307692 75.38461538461539
74.0 58.0 69.33333333333333 73.53846153846153 75.3076923076923
73.42857142857143 58.92857142857143 70.53333333333333 73.23076923076923 76.15384615384616
73.14285714285715 58.357142857142854 68.53333333333333 73.92307692307692 74.61538461538461
74.0 58.5 70.2 73.15384615384615 74.46153846153847
72.5 57.42857142857142 70.26666666666667 72.53846153846153 74.76923076923077
71.92857142857143 53.214285714285715 67.46666666666665 70.92307692307692 74.15384615384616
72.57142857142857 55.357142857142854 67.2 71.84615384615385 74.6923076923077
74.28571428571429 55.857142857142854 68.86666666666667 72.6923076923077 75.15384615384616
72.5 53.785714285714285 66.53333333333333 72.15384615384615 74.53846153846153
73.14285714285715 54.142857142857146 66.93333333333334 71.92307692307692 74.0
73.71428571428572 53.42857142857143 68.46666666666667 72.46153846153847 74.53846153846153
73.0 55.357142857142854 69.33333333333333 72.84615384615385 75.6923076923077
72.64285714285715 52.142857142857146 66.4 72.15384615384615 74.84615384615384
74.0 53.35714285714286 67.93333333333334 73.15384615384615 75.0
65.5 59.714285714285715 65.86666666666667 66.46153846153847 66.76923076923077
66.92857142857143 61.142857142857146 65.53333333333333 68.15384615384615 68.6923076923077
67.0 62.285714285714285 66.06666666666666 68.46153846153847 68.15384615384615
66.78571428571428 61.142857142857146 65.8 66.53846153846153 67.3076923076923
74.5 52.285714285714285 68.06666666666666 73.53846153846153 77.07692307692307
65.92857142857143 60.5 65.33333333333333 67.0 65.38461538461539
66.28571428571428 60.57142857142858 65.13333333333334 66.92307692307692 66.61538461538461
65.21428571428571 61.214285714285715 65.0 67.92307692307692 66.23076923076923
65.78571428571428 61.285714285714285 65.93333333333332 67.15384615384615 66.84615384615385
73.14285714285715 56.14285714285714 66.46666666666665 73.46153846153847 75.76923076923077
67.71428571428571 61.142857142857146 65.53333333333333 67.46153846153847 67.84615384615385
67.35714285714285 62.78571428571429 66.06666666666666 66.92307692307692 67.76923076923077
66.21428571428571 61.142857142857146 65.13333333333334 67.38461538461539 66.15384615384616
65.35714285714286 60.285714285714285 65.26666666666667 66.46153846153847 66.38461538461539
72.71428571428572 51.85714285714286 67.06666666666666 72.07692307692308 74.76923076923077
65.57142857142857 60.285714285714285 64.8 66.61538461538461 66.46153846153847
65.71428571428571 59.92857142857143 64.0 65.0 65.76923076923077
65.71428571428571 61.0 64.66666666666666 66.0 66.15384615384616
66.07142857142857 60.92857142857143 67.13333333333334 67.07692307692308 68.0
73.5 56.857142857142854 67.13333333333334 74.07692307692308 76.53846153846155
65.71428571428571 60.714285714285715 65.86666666666667 65.84615384615384 66.0
66.21428571428571 59.85714285714286 66.13333333333334 66.92307692307692 66.76923076923077
67.0 62.0 66.33333333333333 66.92307692307692 67.76923076923077
66.35714285714285 59.642857142857146 65.19999999999999 65.53846153846153 65.53846153846153
65.5 62.357142857142854 65.4 65.23076923076923 66.3076923076923
66.21428571428571 62.42857142857143 66.0 67.07692307692308 67.3076923076923
65.64285714285714 61.92857142857143 65.33333333333333 66.3076923076923 66.38461538461539
66.0 59.57142857142858 65.33333333333333 66.61538461538461 66.38461538461539
67.64285714285714 61.642857142857146 65.73333333333333 67.3076923076923 68.23076923076924
67.07142857142857 60.57142857142858 65.53333333333333 67.07692307692308 65.84615384615384
74.07142857142857 56.0 65.8 74.3076923076923 75.6923076923077
73.64285714285715 58.14285714285714 65.73333333333333 73.92307692307692 76.3076923076923
72.5 54.357142857142854 66.66666666666667 73.46153846153847 75.3076923076923
72.42857142857143 54.92857142857143 66.06666666666666 72.15384615384615 74.38461538461539
74.07142857142857 55.357142857142854 66.13333333333334 74.6923076923077 76.53846153846155
72.71428571428572 54.5 64.73333333333333 73.38461538461539 76.15384615384616
73.0 53.0 65.06666666666666 74.6923076923077 77.07692307692307
75.5 53.57142857142857 64.46666666666667 73.46153846153847 75.76923076923077
72.07142857142858 52.85714285714286 64.60000000000001 73.0 75.0
71.57142857142858 52.07142857142858 61.06666666666666 72.38461538461539 74.3076923076923
75.0 50.785714285714285 63.6 74.38461538461539 77.0
72.42857142857143 46.285714285714285 61.93333333333333 73.92307692307692 74.76923076923077
73.57142857142857 49.64285714285714 62.666666666666664 73.92307692307692 76.76923076923077
73.92857142857143 49.07142857142857 62.266666666666666 74.0 78.30769230769232
73.85714285714286 46.357142857142854 60.666666666666664 74.23076923076923 76.23076923076923
75.14285714285714 46.285714285714285 61.46666666666667 74.15384615384616 76.6923076923077
73.14285714285715 44.642857142857146 61.66666666666667 73.6923076923077 77.46153846153845
73.35714285714286 43.07142857142858 60.8 72.92307692307692 75.46153846153845
75.42857142857143 43.78571428571429 59.733333333333334 74.6923076923077 77.69230769230768
73.92857142857143 40.285714285714285 56.599999999999994 73.23076923076923 76.61538461538461
73.71428571428572 40.42857142857143 56.73333333333333 73.92307692307692 77.3076923076923
73.57142857142857 40.07142857142857 57.266666666666666 74.61538461538461 77.46153846153845
73.92857142857143 38.5 56.13333333333333 73.53846153846153 76.23076923076923
75.0 38.285714285714285 56.666666666666664 75.23076923076923 78.0
74.14285714285715 35.28571428571429 53.8 74.23076923076923 78.07692307692307
74.14285714285715 33.14285714285714 52.666666666666664 73.6923076923077 77.53846153846155
74.42857142857143 32.714285714285715 51.6 72.92307692307692 77.23076923076923
74.57142857142857 32.357142857142854 51.2 73.53846153846153 78.0
74.92857142857143 30.28571428571429 50.13333333333333 74.07692307692308 78.38461538461539
75.14285714285714 27.857142857142858 48.86666666666667 74.76923076923077 78.30769230769232
75.21428571428572 26.714285714285715 47.800000000000004 74.53846153846153 78.53846153846155
77.07142857142857 26.92857142857143 45.06666666666666 74.84615384615384 78.76923076923077
74.35714285714286 23.285714285714285 44.6 74.76923076923077 79.46153846153845
77.35714285714286 23.142857142857142 44.733333333333334 75.15384615384616 79.61538461538461
75.07142857142857 21.857142857142858 42.86666666666667 73.92307692307692 78.76923076923077
76.64285714285714 21.0 43.733333333333334 75.38461538461539 80.15384615384616
76.71428571428572 19.0 39.800000000000004 75.3076923076923 79.84615384615384
76.42857142857143 18.5 40.0 76.3076923076923 80.61538461538461
77.35714285714286 16.357142857142858 39.46666666666666 75.92307692307692 80.92307692307692
75.28571428571429 14.071428571428571 36.86666666666667 75.46153846153845 79.92307692307693
77.21428571428571 13.857142857142858 33.86666666666667 75.0 81.53846153846153
76.64285714285714 13.714285714285714 34.666666666666664 74.6923076923077 81.0
78.21428571428571 14.285714285714285 34.86666666666667 77.23076923076923 82.23076923076923
76.92857142857143 11.428571428571429 31.733333333333334 76.3076923076923 81.23076923076923
75.71428571428572 10.642857142857142 30.200000000000003 74.61538461538461 79.76923076923077
77.21428571428571 10.642857142857142 30.866666666666667 76.23076923076923 80.92307692307692
77.78571428571429 11.571428571428571 30.4 77.0 82.76923076923077
77.92857142857143 8.714285714285714 28.0 76.3076923076923 81.23076923076923
78.0 10.5 26.466666666666665 76.0 81.15384615384616
76.92857142857143 6.714285714285714 24.533333333333335 75.6923076923077 80.84615384615384
77.92857142857143 8.357142857142856 24.2 76.76923076923077 83.07692307692308
77.57142857142857 7.285714285714286 22.266666666666666 75.6923076923077 82.07692307692308
78.57142857142857 6.0 22.066666666666666 76.6923076923077 83.38461538461539
78.71428571428571 5.857142857142857 19.666666666666664 76.46153846153845 83.07692307692308
78.21428571428571 6.0 19.599999999999998 76.6923076923077 84.3076923076923
77.78571428571429 5.214285714285714 16.866666666666664 75.61538461538461 83.0
79.07142857142857 5.142857142857142 14.8 77.0 83.61538461538461
77.64285714285714 4.642857142857143 13.0 74.46153846153847 81.61538461538461
79.71428571428571 5.214285714285714 14.066666666666666 77.53846153846155 84.38461538461539
78.64285714285714 5.285714285714286 11.133333333333333 76.84615384615384 82.61538461538461
78.35714285714286 4.714285714285714 11.066666666666668 77.38461538461539 84.07692307692308
79.07142857142857 5.214285714285714 12.066666666666666 76.53846153846155 83.6923076923077
79.42857142857143 3.5 9.333333333333334 77.0 84.15384615384615
80.92857142857143 3.785714285714286 8.066666666666666 78.07692307692307 85.23076923076924
78.5 3.571428571428571 6.533333333333334 75.23076923076923 83.53846153846153
78.28571428571429 2.285714285714286 5.533333333333334 76.07692307692308 84.15384615384615
79.78571428571428 3.357142857142857 6.4 77.61538461538461 85.23076923076924
78.35714285714286 2.571428571428571 5.0 76.15384615384616 83.92307692307692
80.64285714285714 3.285714285714286 5.133333333333334 77.38461538461539 84.53846153846153
78.5 2.4285714285714284 3.933333333333333 75.46153846153845 83.6923076923077
79.42857142857143 1.9285714285714286 3.7333333333333334 76.61538461538461 83.61538461538461
79.28571428571428 2.785714285714286 3.8 75.6923076923077 84.3076923076923
78.71428571428571 1.7857142857142856 2.7333333333333334 75.15384615384616 84.38461538461539
79.28571428571428 1.5 2.4666666666666663 75.3076923076923 85.23076923076924
82.5 2.5 2.8666666666666667 77.38461538461539 86.07692307692308
79.78571428571428 2.071428571428571 2.066666666666667 75.07692307692308 85.0
77.78571428571429 1.0714285714285714 1.7333333333333332 74.92307692307692 84.84615384615385
79.85714285714286 1.5 1.6 74.6923076923077 84.6923076923077
78.5 1.2857142857142856 2.2 74.84615384615384 84.15384615384615
79.78571428571428 1.4285714285714286 1.7333333333333332 74.38461538461539 84.84615384615385
79.78571428571428 1.2142857142857142 1.6 75.53846153846155 85.6923076923077
80.64285714285714 1.7857142857142856 1.2 74.38461538461539 86.07692307692308
79.57142857142857 1.2142857142857142 1.2 75.76923076923077 85.92307692307692
80.57142857142857 0.8571428571428571 0.8666666666666666 73.6923076923077 84.38461538461539
81.28571428571428 0.8571428571428571 0.8666666666666666 74.3076923076923 86.53846153846153
81.85714285714285 1.5 0.9333333333333333 74.92307692307692 85.92307692307692
80.71428571428571 0.9285714285714286 0.7333333333333334 74.46153846153847 86.53846153846153
79.42857142857143 1.142857142857143 0.7333333333333334 74.38461538461539 85.15384615384615
79.0 0.8571428571428571 0.7333333333333334 72.76923076923077 85.3076923076923
80.42857142857143 0.7857142857142857 0.5333333333333333 74.76923076923077 86.61538461538463
82.0 1.0714285714285714 1.3333333333333333 75.07692307692308 86.53846153846153
79.85714285714286 1.0 0.8 72.76923076923077 85.15384615384615
82.28571428571428 1.0 0.5333333333333333 74.76923076923077 87.46153846153847
80.21428571428571 1.142857142857143 0.4 75.61538461538461 86.84615384615385
80.71428571428571 0.8571428571428571 0.9333333333333333 73.46153846153847 86.76923076923076
80.5 1.0714285714285714 0.8 74.84615384615384 87.0
80.35714285714286 0.9285714285714286 0.4666666666666667 74.38461538461539 85.23076923076924
78.92857142857143 0.7142857142857143 0.3333333333333333 73.46153846153847 86.0
79.28571428571428 0.7142857142857143 0.5333333333333333 72.6923076923077 86.3076923076923
