16.166666666666664 36.333333333333336 30.833333333333336 17.666666666666668 15.0
13.833333333333332 37.83333333333333 29.5 17.666666666666668 13.2
15.0 37.5 25.5 16.5 14.6
15.166666666666666 31.666666666666668 31.833333333333332 18.5 13.6
14.5 36.666666666666664 30.333333333333332 13.0 15.0
14.166666666666666 35.166666666666664 31.333333333333332 17.5 13.0
16.666666666666668 32.16666666666667 29.0 17.166666666666668 16.8
16.833333333333332 35.166666666666664 33.166666666666664 14.833333333333334 10.8
17.0 34.666666666666664 31.0 17.666666666666668 13.6
14.333333333333334 34.0 28.666666666666668 16.666666666666668 14.6
13.333333333333334 32.833333333333336 29.666666666666668 16.833333333333332 14.200000000000001
15.166666666666666 37.83333333333333 28.666666666666668 16.0 14.200000000000001
16.5 36.333333333333336 31.333333333333332 16.666666666666668 16.2
16.333333333333332 35.0 29.666666666666668 13.0 14.8
14.0 37.166666666666664 27.666666666666664 16.333333333333332 14.0
15.833333333333334 32.833333333333336 29.333333333333332 14.166666666666666 12.8
10.833333333333334 39.33333333333333 32.33333333333333 14.333333333333334 14.0
14.5 35.166666666666664 31.5 15.833333333333334 11.2
15.666666666666666 36.0 27.5 15.833333333333334 16.400000000000002
16.5 35.5 28.5 13.166666666666666 12.8
16.666666666666668 35.833333333333336 29.833333333333332 18.666666666666668 13.4
16.0 36.833333333333336 29.666666666666668 15.333333333333332 13.6
14.166666666666666 35.833333333333336 29.5 13.0 13.2
14.5 33.833333333333336 28.666666666666668 15.166666666666666 12.200000000000001
19.0 35.833333333333336 26.5 16.833333333333332 14.4
16.666666666666668 37.166666666666664 28.833333333333332 17.166666666666668 11.0
14.833333333333334 37.5 30.333333333333332 14.666666666666666 9.4
17.0 35.333333333333336 28.0 16.333333333333332 12.4
14.833333333333334 37.0 27.333333333333336 18.666666666666668 14.8
16.833333333333332 32.666666666666664 29.333333333333332 16.333333333333332 12.200000000000001
15.0 36.666666666666664 28.5 14.833333333333334 12.8
14.833333333333334 34.666666666666664 28.0 16.166666666666664 14.8
16.833333333333332 36.166666666666664 29.0 17.0 10.200000000000001
17.0 33.833333333333336 30.333333333333332 14.5 14.200000000000001
19.0 34.5 29.0 17.0 12.0
17.5 35.833333333333336 30.333333333333332 15.5 10.6
13.833333333333332 36.333333333333336 28.833333333333332 13.833333333333332 12.6
14.666666666666666 33.333333333333336 30.166666666666668 16.0 15.4
15.0 39.5 27.333333333333336 15.666666666666666 15.2
15.0 36.833333333333336 31.5 14.0 15.8
17.0 42.0 29.5 15.0 13.0
16.166666666666664 39.83333333333333 28.0 15.833333333333334 15.2
19.333333333333336 35.666666666666664 30.666666666666664 14.833333333333334 10.6
15.0 35.333333333333336 30.333333333333332 15.666666666666666 14.200000000000001
17.333333333333332 35.166666666666664 27.166666666666664 14.833333333333334 10.6
16.333333333333332 39.66666666666667 28.166666666666668 17.166666666666668 13.2
12.0 37.166666666666664 24.166666666666668 16.666666666666668 15.4
13.333333333333334 37.333333333333336 28.166666666666668 16.0 15.2
16.333333333333332 32.5 29.833333333333332 17.166666666666668 14.8
16.833333333333332 37.166666666666664 28.833333333333332 15.833333333333334 12.8
16.5 35.0 28.333333333333332 16.5 11.0
15.166666666666666 37.166666666666664 28.5 15.333333333333332 14.6
13.333333333333334 32.833333333333336 33.833333333333336 14.666666666666666 12.8
14.833333333333334 35.833333333333336 30.333333333333332 13.5 13.6
18.166666666666668 34.833333333333336 30.0 12.5 15.6
16.333333333333332 33.166666666666664 28.333333333333332 17.333333333333332 12.6
14.333333333333334 36.333333333333336 29.333333333333332 17.0 15.4
15.5 39.66666666666667 29.833333333333332 14.666666666666666 11.4
17.833333333333332 38.5 28.833333333333332 17.0 10.200000000000001
12.833333333333334 38.0 28.166666666666668 17.833333333333332 13.799999999999999
12.666666666666666 34.833333333333336 27.833333333333336 13.166666666666666 16.2
16.333333333333332 38.0 31.166666666666664 17.666666666666668 14.0
13.833333333333332 36.833333333333336 29.833333333333332 15.833333333333334 11.6
17.0 34.833333333333336 29.833333333333332 15.5 14.6
13.0 36.833333333333336 28.0 16.5 12.4
15.5 36.666666666666664 27.0 14.333333333333334 15.4
19.166666666666664 37.5 30.833333333333336 15.333333333333332 11.6
18.166666666666668 42.0 28.0 19.333333333333336 13.0
15.5 36.666666666666664 31.833333333333332 12.666666666666666 14.6
15.666666666666666 38.83333333333333 29.0 14.666666666666666 14.8
13.833333333333332 37.333333333333336 29.333333333333332 14.666666666666666 14.4
14.666666666666666 37.0 29.5 14.833333333333334 13.2
15.5 37.333333333333336 32.5 16.833333333333332 14.0
16.333333333333332 38.16666666666667 29.166666666666668 13.833333333333332 11.0
16.0 38.33333333333333 28.0 12.833333333333334 11.6
14.5 37.5 30.166666666666668 16.333333333333332 13.0
18.5 39.33333333333333 29.333333333333332 14.0 16.400000000000002
14.5 38.5 31.833333333333332 14.166666666666666 13.799999999999999
17.0 37.0 30.0 18.833333333333332 12.0
16.5 38.66666666666667 30.833333333333336 15.833333333333334 11.2
15.833333333333334 37.333333333333336 29.666666666666668 15.166666666666666 12.0
13.333333333333334 35.5 30.833333333333336 13.833333333333332 14.4
16.666666666666668 37.5 28.666666666666668 15.333333333333332 13.2
17.666666666666668 38.5 30.0 17.333333333333332 13.799999999999999
16.166666666666664 41.0 32.833333333333336 16.0 14.6
15.5 37.83333333333333 29.666666666666668 15.166666666666666 12.4
15.5 39.16666666666667 30.0 13.833333333333332 12.6
16.0 40.5 29.166666666666668 15.5 13.2
14.666666666666666 40.0 32.16666666666667 15.5 12.6
15.333333333333332 39.66666666666667 30.833333333333336 15.666666666666666 11.0
16.666666666666668 38.0 28.5 14.833333333333334 13.0
13.666666666666668 42.166666666666664 30.833333333333336 12.833333333333334 15.8
16.333333333333332 38.5 29.833333333333332 14.0 11.799999999999999
14.0 40.666666666666664 27.666666666666664 18.666666666666668 11.2
16.166666666666664 43.833333333333336 30.833333333333336 17.833333333333332 12.200000000000001
18.0 36.666666666666664 30.833333333333336 17.666666666666668 13.2
15.666666666666666 43.0 31.333333333333332 13.833333333333332 10.200000000000001
17.666666666666668 42.333333333333336 30.0 16.0 13.6
17.0 37.0 31.666666666666668 17.833333333333332 13.2
15.333333333333332 38.0 31.666666666666668 16.333333333333332 13.2
16.333333333333332 40.833333333333336 30.333333333333332 14.5 13.2
18.0 17.5 13.0 14.333333333333334 18.0
14.5 14.166666666666666 18.833333333333332 15.833333333333334 14.200000000000001
16.166666666666664 14.833333333333334 16.333333333333332 13.333333333333334 15.8
16.166666666666664 15.666666666666666 13.833333333333332 16.166666666666664 13.799999999999999
14.833333333333334 40.833333333333336 34.5 19.666666666666664 8.6
16.333333333333332 19.166666666666664 16.666666666666668 13.833333333333332 13.4
17.5 17.0 17.166666666666668 12.666666666666666 13.6
14.166666666666666 16.0 16.166666666666664 16.333333333333332 16.400000000000002
14.5 18.666666666666668 13.666666666666668 14.666666666666666 16.6
16.0 34.666666666666664 33.833333333333336 17.166666666666668 14.6
15.333333333333332 18.5 13.0 17.333333333333332 18.2
18.0 15.5 15.666666666666666 13.5 16.0
15.833333333333334 15.666666666666666 14.166666666666666 16.666666666666668 14.4
16.333333333333332 16.833333333333332 15.0 15.0 13.6
14.666666666666666 40.833333333333336 29.333333333333332 17.666666666666668 11.6
15.0 16.666666666666668 13.5 13.5 15.2
16.0 15.333333333333332 16.0 16.833333333333332 15.6
17.166666666666668 15.333333333333332 16.5 13.333333333333334 13.799999999999999
13.833333333333332 17.833333333333332 14.333333333333334 14.666666666666666 17.8
15.0 31.0 37.333333333333336 19.666666666666664 14.200000000000001
15.333333333333332 14.5 12.666666666666666 15.666666666666666 15.2
16.0 16.666666666666668 13.5 14.666666666666666 14.8
16.166666666666664 15.833333333333334 15.5 11.5 13.2
13.5 17.333333333333332 12.333333333333334 14.166666666666666 15.6
16.666666666666668 15.833333333333334 15.833333333333334 17.0 11.799999999999999
16.5 17.666666666666668 16.666666666666668 15.5 15.4
13.833333333333332 16.166666666666664 16.5 14.0 15.8
16.166666666666664 13.833333333333332 14.0 17.833333333333332 15.4
12.333333333333334 17.166666666666668 17.666666666666668 16.833333333333332 13.4
16.166666666666664 11.166666666666666 14.833333333333334 14.0 13.799999999999999
16.5 32.833333333333336 36.5 15.833333333333334 11.799999999999999
14.5 34.166666666666664 38.66666666666667 15.833333333333334 14.8
17.666666666666668 32.833333333333336 32.33333333333333 17.666666666666668 10.200000000000001
14.166666666666666 37.5 33.0 12.5 13.6
13.5 33.166666666666664 36.166666666666664 14.833333333333334 10.8
15.833333333333334 35.666666666666664 35.333333333333336 16.833333333333332 13.4
16.333333333333332 33.833333333333336 35.666666666666664 20.0 12.200000000000001
15.333333333333332 37.0 33.0 18.0 10.4
15.833333333333334 33.833333333333336 36.666666666666664 13.5 11.2
12.0 31.5 34.333333333333336 16.833333333333332 12.0
13.833333333333332 36.666666666666664 37.166666666666664 18.333333333333332 13.799999999999999
14.166666666666666 33.166666666666664 38.16666666666667 17.0 11.0
14.166666666666666 35.166666666666664 34.833333333333336 16.0 11.6
15.5 35.333333333333336 36.833333333333336 19.833333333333336 13.4
16.5 34.5 37.0 18.0 12.200000000000001
16.166666666666664 37.83333333333333 34.333333333333336 16.333333333333332 10.200000000000001
14.0 35.666666666666664 37.666666666666664 14.333333333333334 16.8
11.833333333333332 39.16666666666667 32.833333333333336 13.333333333333334 13.4
15.333333333333332 39.16666666666667 36.0 17.0 12.200000000000001
16.666666666666668 37.0 36.833333333333336 14.666666666666666 12.4
14.333333333333334 33.166666666666664 36.833333333333336 14.0 14.0
14.833333333333334 39.0 37.83333333333333 15.5 14.0
15.0 40.33333333333333 35.333333333333336 15.833333333333334 14.200000000000001
16.666666666666668 39.83333333333333 36.166666666666664 16.166666666666664 13.6
16.166666666666664 37.83333333333333 38.83333333333333 17.0 14.6
13.666666666666668 40.16666666666667 38.33333333333333 15.5 15.0
14.333333333333334 40.0 38.33333333333333 13.166666666666666 14.6
13.333333333333334 39.83333333333333 39.16666666666667 14.666666666666666 11.799999999999999
14.0 37.5 40.33333333333333 15.333333333333332 12.8
10.333333333333334 40.5 42.166666666666664 15.333333333333332 11.799999999999999
14.333333333333334 38.33333333333333 43.5 14.5 12.200000000000001
15.5 42.166666666666664 40.666666666666664 15.0 10.0
15.833333333333334 39.66666666666667 40.666666666666664 14.166666666666666 11.6
15.0 39.66666666666667 41.166666666666664 16.333333333333332 10.6
15.0 40.33333333333333 40.666666666666664 13.833333333333332 8.8
16.166666666666664 40.0 42.666666666666664 19.166666666666664 11.0
13.0 40.33333333333333 41.666666666666664 16.333333333333332 11.6
13.666666666666668 41.5 43.166666666666664 17.166666666666668 11.799999999999999
14.333333333333334 44.5 42.0 16.0 10.6
14.833333333333334 44.333333333333336 42.333333333333336 15.0 12.200000000000001
15.166666666666666 43.833333333333336 45.66666666666667 16.5 10.8
13.166666666666666 46.33333333333333 41.0 15.166666666666666 12.0
15.0 44.833333333333336 44.166666666666664 16.666666666666668 9.4
18.5 44.666666666666664 43.5 14.666666666666666 11.0
15.166666666666666 46.5 42.5 16.0 14.6
17.166666666666668 47.16666666666667 44.5 16.666666666666668 11.6
16.333333333333332 45.0 45.5 16.333333333333332 14.8
14.5 48.333333333333336 47.0 16.5 10.200000000000001
12.666666666666666 45.333333333333336 44.166666666666664 14.666666666666666 10.6
18.0 42.5 43.0 14.166666666666666 14.6
16.833333333333332 42.666666666666664 45.66666666666667 16.833333333333332 12.200000000000001
14.166666666666666 44.5 46.83333333333333 14.5 11.6
14.666666666666666 44.833333333333336 44.666666666666664 17.5 11.2
11.166666666666666 47.0 47.16666666666667 18.166666666666668 12.0
13.333333333333334 47.33333333333333 49.666666666666664 16.833333333333332 14.6
17.5 46.16666666666667 45.5 16.666666666666668 11.4
14.5 45.166666666666664 52.0 15.0 9.4
14.5 45.333333333333336 47.5 17.0 11.799999999999999
15.666666666666666 50.666666666666664 46.5 17.666666666666668 12.6
17.833333333333332 46.83333333333333 51.166666666666664 13.833333333333332 10.4
14.0 43.166666666666664 50.333333333333336 16.333333333333332 11.2
14.666666666666666 43.5 49.0 15.333333333333332 10.6
17.166666666666668 46.66666666666667 49.666666666666664 14.666666666666666 9.4
15.333333333333332 44.833333333333336 51.166666666666664 19.666666666666664 11.799999999999999
15.833333333333334 41.833333333333336 47.0 16.0 9.799999999999999
14.0 44.833333333333336 48.333333333333336 17.833333333333332 12.6
14.166666666666666 47.0 51.333333333333336 15.166666666666666 9.4
13.0 46.66666666666667 48.16666666666667 16.333333333333332 10.8
15.333333333333332 50.333333333333336 49.666666666666664 18.666666666666668 11.0
13.833333333333332 46.83333333333333 49.666666666666664 18.666666666666668 12.0
15.833333333333334 46.0 51.0 16.5 10.8
11.666666666666668 46.16666666666667 51.166666666666664 17.166666666666668 9.6
16.5 46.16666666666667 49.666666666666664 16.166666666666664 14.4
14.833333333333334 46.66666666666667 51.166666666666664 17.666666666666668 12.4
14.166666666666666 48.5 48.666666666666664 19.0 9.799999999999999
15.0 45.66666666666667 50.166666666666664 15.333333333333332 9.0
14.0 46.0 53.66666666666667 16.833333333333332 11.799999999999999
13.0 47.16666666666667 52.333333333333336 18.5 11.2
15.0 45.0 50.833333333333336 18.666666666666668 9.799999999999999
14.833333333333334 50.666666666666664 49.833333333333336 19.166666666666664 11.799999999999999
18.0 47.33333333333333 52.5 16.666666666666668 8.0
15.0 47.16666666666667 50.333333333333336 15.666666666666666 11.0
12.5 48.5 52.833333333333336 15.0 10.0
13.333333333333334 47.0 49.833333333333336 15.166666666666666 12.6
13.166666666666666 46.16666666666667 55.33333333333333 17.833333333333332 9.799999999999999
12.833333333333334 51.666666666666664 51.333333333333336 15.166666666666666 8.6
13.333333333333334 46.33333333333333 52.166666666666664 18.166666666666668 11.0
13.5 48.333333333333336 51.833333333333336 16.833333333333332 10.4
15.333333333333332 46.66666666666667 49.833333333333336 15.666666666666666 10.200000000000001
16.333333333333332 48.333333333333336 52.666666666666664 17.333333333333332 10.4
18.166666666666668 47.33333333333333 49.333333333333336 15.666666666666666 9.799999999999999
14.333333333333334 47.83333333333333 52.833333333333336 17.0 7.8
15.666666666666666 47.33333333333333 52.833333333333336 16.166666666666664 11.0
15.333333333333332 47.33333333333333 52.5 16.666666666666668 9.799999999999999
16.333333333333332 47.0 52.166666666666664 16.833333333333332 10.4
15.5 46.83333333333333 53.0 16.833333333333332 8.4
15.333333333333332 47.66666666666667 53.0 17.666666666666668 9.799999999999999
15.666666666666666 47.33333333333333 53.333333333333336 17.333333333333332 8.200000000000001
15.166666666666666 49.833333333333336 51.333333333333336 17.166666666666668 7.6
