10.37037037037037 18.75 15.451612903225806 11.481481481481481 9.481481481481481
9.0 18.142857142857142 15.258064516129032 10.703703703703702 9.962962962962964
9.074074074074074 16.928571428571427 16.451612903225808 10.925925925925926 9.148148148148149
10.296296296296296 18.785714285714285 16.064516129032256 11.074074074074074 9.703703703703704
9.555555555555555 17.821428571428573 15.903225806451614 10.0 9.814814814814815
11.666666666666668 16.71428571428571 15.161290322580646 10.148148148148147 9.777777777777777
9.37037037037037 19.071428571428573 15.709677419354838 11.074074074074074 9.481481481481481
9.62962962962963 18.67857142857143 15.870967741935486 10.185185185185187 9.444444444444445
8.814814814814815 18.214285714285715 15.935483870967742 9.296296296296296 8.851851851851851
9.481481481481481 18.357142857142858 14.612903225806452 10.925925925925926 8.777777777777779
9.925925925925927 17.892857142857146 16.096774193548388 9.925925925925927 10.814814814814815
9.851851851851851 17.92857142857143 15.870967741935486 10.25925925925926 10.703703703703702
11.296296296296296 17.67857142857143 17.03225806451613 9.555555555555555 8.925925925925926
10.444444444444443 20.142857142857142 15.774193548387098 9.0 10.185185185185187
10.481481481481483 17.892857142857146 16.064516129032256 11.37037037037037 10.333333333333334
9.037037037037038 18.321428571428573 15.129032258064516 11.0 10.25925925925926
10.851851851851853 20.428571428571427 15.451612903225806 9.814814814814815 9.592592592592592
11.148148148148149 18.17857142857143 15.483870967741936 12.407407407407407 10.222222222222223
9.11111111111111 18.571428571428573 15.806451612903228 10.555555555555555 8.37037037037037
10.666666666666666 20.428571428571427 14.67741935483871 8.444444444444443 8.555555555555555
10.481481481481483 19.892857142857142 15.419354838709678 9.74074074074074 9.518518518518519
9.592592592592592 18.53571428571429 15.451612903225806 9.814814814814815 8.481481481481483
9.962962962962964 18.464285714285715 14.96774193548387 11.814814814814815 8.62962962962963
10.333333333333334 18.5 15.35483870967742 10.444444444444443 8.962962962962962
10.185185185185187 17.964285714285715 15.38709677419355 10.74074074074074 9.518518518518519
11.037037037037036 18.25 17.419354838709676 10.148148148148147 9.777777777777777
10.222222222222223 18.321428571428573 15.032258064516128 10.407407407407407 9.148148148148149
9.703703703703704 17.428571428571427 16.548387096774196 11.074074074074074 9.148148148148149
9.777777777777777 17.392857142857142 15.806451612903228 10.962962962962962 8.851851851851851
10.777777777777779 18.571428571428573 15.967741935483872 10.444444444444443 10.074074074074074
9.851851851851851 17.46428571428571 16.516129032258064 9.074074074074074 8.74074074074074
10.222222222222223 19.071428571428573 14.741935483870966 10.777777777777779 9.703703703703704
10.148148148148147 18.67857142857143 16.096774193548388 10.148148148148147 8.37037037037037
8.222222222222223 19.17857142857143 16.129032258064516 8.925925925925926 9.62962962962963
12.222222222222223 17.107142857142854 15.61290322580645 9.703703703703704 8.592592592592593
10.185185185185187 17.892857142857146 15.258064516129032 9.666666666666668 9.0
10.962962962962962 19.25 16.193548387096772 9.518518518518519 10.074074074074074
9.148148148148149 17.75 16.41935483870968 10.592592592592593 9.444444444444445
9.518518518518519 18.53571428571429 17.096774193548388 9.777777777777777 10.11111111111111
11.222222222222221 17.57142857142857 16.032258064516128 9.703703703703704 9.444444444444445
10.333333333333334 18.642857142857142 16.580645161290324 10.037037037037036 9.62962962962963
10.148148148148147 19.071428571428573 15.548387096774194 10.0 8.703703703703702
9.555555555555555 19.678571428571427 16.64516129032258 10.74074074074074 7.814814814814814
11.296296296296296 18.107142857142858 16.38709677419355 10.777777777777779 10.0
9.518518518518519 18.571428571428573 15.451612903225806 9.777777777777777 8.37037037037037
9.703703703703704 19.357142857142858 13.096774193548388 10.592592592592593 10.592592592592593
9.037037037037038 18.142857142857142 17.0 9.481481481481481 9.37037037037037
9.74074074074074 19.0 17.06451612903226 9.555555555555555 9.037037037037038
9.851851851851851 17.714285714285715 15.548387096774194 10.11111111111111 9.444444444444445
10.074074074074074 18.642857142857142 16.41935483870968 9.296296296296296 8.518518518518519
9.592592592592592 18.214285714285715 15.35483870967742 10.296296296296296 8.703703703703702
10.296296296296296 19.428571428571427 14.580645161290322 9.666666666666668 9.851851851851851
10.074074074074074 18.75 14.870967741935484 10.666666666666666 9.925925925925927
10.444444444444443 17.428571428571427 16.35483870967742 9.555555555555555 9.296296296296296
9.592592592592592 18.17857142857143 16.0 10.11111111111111 9.851851851851851
9.481481481481481 18.642857142857142 16.580645161290324 10.444444444444443 9.814814814814815
9.11111111111111 17.78571428571429 15.967741935483872 9.962962962962964 8.592592592592593
10.703703703703702 18.964285714285715 16.677419354838708 9.11111111111111 9.444444444444445
9.666666666666668 17.357142857142854 16.64516129032258 11.074074074074074 9.222222222222221
9.555555555555555 17.428571428571427 17.161290322580644 12.222222222222223 9.074074074074074
9.037037037037038 18.857142857142858 16.483870967741936 9.851851851851851 7.148148148148148
9.814814814814815 20.107142857142858 14.612903225806452 10.148148148148147 9.74074074074074
10.11111111111111 20.142857142857142 15.064516129032258 9.592592592592592 10.222222222222223
9.444444444444445 20.107142857142858 14.870967741935484 9.703703703703704 10.555555555555555
9.555555555555555 19.678571428571427 17.129032258064516 10.185185185185187 9.0
10.222222222222223 20.25 14.838709677419356 11.148148148148149 8.0
10.222222222222223 18.892857142857142 15.35483870967742 10.407407407407407 9.74074074074074
10.148148148148147 17.5 17.29032258064516 10.703703703703702 8.666666666666666
8.851851851851851 19.571428571428573 15.741935483870966 10.925925925925926 10.11111111111111
10.296296296296296 17.892857142857146 16.032258064516128 11.11111111111111 9.666666666666668
9.814814814814815 19.25 15.516129032258064 9.888888888888888 10.0
10.296296296296296 20.178571428571427 15.580645161290322 11.074074074074074 10.074074074074074
9.296296296296296 16.5 16.870967741935484 10.037037037037036 9.222222222222221
10.25925925925926 17.035714285714285 15.38709677419355 10.185185185185187 10.185185185185187
10.777777777777779 18.67857142857143 13.903225806451612 10.555555555555555 8.962962962962962
9.888888888888888 18.821428571428573 17.258064516129032 10.555555555555555 9.888888888888888
10.222222222222223 17.25 16.451612903225808 9.925925925925927 9.25925925925926
9.444444444444445 18.571428571428573 16.677419354838708 10.555555555555555 8.851851851851851
9.481481481481481 18.42857142857143 16.677419354838708 10.555555555555555 8.592592592592593
10.25925925925926 17.821428571428573 15.903225806451614 10.148148148148147 8.518518518518519
10.481481481481483 17.964285714285715 15.61290322580645 10.074074074074074 10.555555555555555
9.703703703703704 16.857142857142858 15.483870967741936 9.148148148148149 9.888888888888888
10.333333333333334 17.78571428571429 15.61290322580645 9.62962962962963 8.62962962962963
9.37037037037037 17.714285714285715 16.161290322580644 10.962962962962962 9.814814814814815
10.74074074074074 17.357142857142854 15.967741935483872 9.74074074074074 9.148148148148149
9.074074074074074 18.5 14.806451612903226 10.37037037037037 9.11111111111111
10.555555555555555 17.285714285714285 15.161290322580646 9.888888888888888 9.074074074074074
9.925925925925927 17.535714285714285 15.870967741935486 10.0 9.0
10.25925925925926 18.357142857142858 15.483870967741936 10.296296296296296 9.74074074074074
9.037037037037038 17.32142857142857 16.225806451612904 11.074074074074074 9.555555555555555
10.851851851851853 16.96428571428571 15.0 9.666666666666668 9.25925925925926
10.185185185185187 19.17857142857143 15.225806451612904 10.222222222222223 9.074074074074074
9.62962962962963 18.25 15.193548387096774 10.074074074074074 9.148148148148149
9.518518518518519 18.321428571428573 15.806451612903228 9.925925925925927 9.666666666666668
11.222222222222221 19.0 15.903225806451614 9.148148148148149 10.0
9.037037037037038 18.321428571428573 16.35483870967742 9.444444444444445 8.518518518518519
9.888888888888888 18.321428571428573 16.32258064516129 11.074074074074074 9.592592592592592
9.74074074074074 17.392857142857142 15.35483870967742 10.037037037037036 9.11111111111111
10.74074074074074 18.0 14.709677419354838 11.11111111111111 8.222222222222223
11.222222222222221 20.32142857142857 16.064516129032256 10.444444444444443 10.11111111111111
10.666666666666666 19.035714285714285 16.806451612903224 10.333333333333334 9.222222222222221
10.185185185185187 10.785714285714286 9.67741935483871 10.518518518518519 10.296296296296296
10.037037037037036 11.214285714285715 10.870967741935484 10.0 10.185185185185187
10.62962962962963 9.892857142857142 10.774193548387098 10.11111111111111 9.481481481481481
10.703703703703702 9.392857142857142 11.032258064516128 10.37037037037037 10.148148148148147
9.592592592592592 18.42857142857143 16.193548387096772 10.11111111111111 9.444444444444445
9.777777777777777 9.178571428571429 10.258064516129032 10.074074074074074 10.296296296296296
10.11111111111111 11.928571428571429 11.0 11.37037037037037 10.333333333333334
8.37037037037037 9.892857142857142 11.612903225806452 11.518518518518519 11.222222222222221
10.074074074074074 10.714285714285714 11.387096774193548 10.481481481481483 9.962962962962964
9.888888888888888 16.107142857142858 16.096774193548388 10.703703703703702 10.0
11.11111111111111 9.607142857142858 11.0 10.481481481481483 9.962962962962964
9.074074074074074 11.0 10.290322580645162 10.11111111111111 9.777777777777777
10.25925925925926 9.0 9.35483870967742 9.814814814814815 10.88888888888889
10.333333333333334 9.678571428571429 10.451612903225806 9.703703703703704 9.333333333333334
10.407407407407407 17.0 15.903225806451614 11.37037037037037 8.0
10.11111111111111 9.928571428571429 10.96774193548387 11.11111111111111 11.185185185185185
12.148148148148147 10.464285714285714 10.612903225806452 10.037037037037036 9.925925925925927
10.11111111111111 10.607142857142856 10.935483870967742 9.74074074074074 9.888888888888888
10.11111111111111 10.392857142857142 10.129032258064516 11.037037037037036 9.481481481481481
9.592592592592592 17.07142857142857 16.903225806451612 10.703703703703702 8.592592592592593
10.222222222222223 11.5 10.064516129032258 10.62962962962963 7.703703703703704
11.333333333333334 9.714285714285714 10.419354838709676 10.925925925925926 9.814814814814815
9.148148148148149 9.5 10.096774193548386 11.333333333333334 10.037037037037036
10.777777777777779 9.142857142857144 9.064516129032258 10.037037037037036 9.925925925925927
10.185185185185187 9.678571428571429 10.161290322580644 10.25925925925926 9.851851851851851
10.925925925925926 9.785714285714286 8.870967741935484 10.518518518518519 8.777777777777779
10.0 10.214285714285714 9.870967741935484 10.407407407407407 10.555555555555555
10.74074074074074 9.75 10.838709677419356 10.222222222222223 10.555555555555555
9.592592592592592 10.357142857142856 10.35483870967742 11.37037037037037 9.703703703703704
10.925925925925926 9.5 10.580645161290322 10.11111111111111 9.62962962962963
10.481481481481483 17.821428571428573 17.64516129032258 10.925925925925926 8.333333333333334
8.481481481481483 17.107142857142854 19.290322580645164 9.962962962962964 9.592592592592592
9.703703703703704 18.03571428571429 16.838709677419352 11.037037037037036 8.592592592592593
9.962962962962964 16.71428571428571 17.903225806451612 10.925925925925926 9.592592592592592
9.962962962962964 17.142857142857142 16.967741935483872 9.703703703703704 9.074074074074074
10.0 16.07142857142857 18.967741935483872 10.148148148148147 8.777777777777779
9.444444444444445 16.142857142857142 16.935483870967744 11.777777777777777 8.666666666666666
9.407407407407408 15.678571428571427 16.612903225806452 11.333333333333334 8.925925925925926
10.333333333333334 15.75 17.161290322580644 11.222222222222221 8.11111111111111
9.518518518518519 15.964285714285715 17.612903225806452 11.222222222222221 8.592592592592593
9.925925925925927 16.535714285714285 18.258064516129032 11.481481481481481 10.074074074074074
10.25925925925926 16.178571428571427 17.193548387096776 11.444444444444445 10.148148148148147
9.62962962962963 16.285714285714285 18.29032258064516 11.777777777777777 9.62962962962963
10.962962962962962 16.57142857142857 18.096774193548388 10.0 9.777777777777777
10.148148148148147 16.928571428571427 17.870967741935484 10.444444444444443 9.296296296296296
9.888888888888888 16.857142857142858 17.32258064516129 10.851851851851853 10.037037037037036
10.148148148148147 17.357142857142854 17.93548387096774 11.518518518518519 8.481481481481483
9.777777777777777 17.32142857142857 17.0 11.444444444444445 10.0
9.037037037037038 16.46428571428571 17.0 10.296296296296296 8.88888888888889
9.222222222222221 15.535714285714286 18.548387096774192 10.37037037037037 10.37037037037037
9.592592592592592 17.428571428571427 17.741935483870968 12.0 9.666666666666668
9.814814814814815 16.035714285714285 17.451612903225804 9.962962962962964 10.444444444444443
9.925925925925927 16.25 15.806451612903228 9.518518518518519 9.62962962962963
10.925925925925926 18.214285714285715 16.580645161290324 9.222222222222221 9.296296296296296
9.666666666666668 18.75 17.516129032258068 11.0 9.407407407407408
9.518518518518519 15.678571428571427 17.419354838709676 10.444444444444443 8.11111111111111
9.851851851851851 17.857142857142858 18.645161290322584 9.851851851851851 9.296296296296296
10.777777777777779 17.714285714285715 17.838709677419356 11.444444444444445 8.481481481481483
9.74074074074074 16.857142857142858 17.419354838709676 10.962962962962962 9.555555555555555
10.407407407407407 16.607142857142858 17.870967741935484 10.555555555555555 8.814814814814815
9.296296296296296 16.428571428571427 17.903225806451612 10.333333333333334 10.11111111111111
10.222222222222223 17.25 16.967741935483872 9.74074074074074 9.851851851851851
10.925925925925926 15.607142857142858 18.35483870967742 10.777777777777779 9.185185185185185
9.185185185185185 15.535714285714286 19.806451612903228 11.185185185185185 9.148148148148149
10.777777777777779 15.357142857142858 17.93548387096774 11.37037037037037 8.777777777777779
8.925925925925926 16.71428571428571 17.64516129032258 9.925925925925927 9.25925925925926
10.148148148148147 17.32142857142857 17.70967741935484 10.481481481481483 10.555555555555555
10.037037037037036 16.107142857142858 17.741935483870968 10.74074074074074 8.851851851851851
10.222222222222223 17.892857142857146 17.548387096774196 12.037037037037036 8.88888888888889
9.481481481481481 16.25 17.67741935483871 10.11111111111111 10.555555555555555
8.88888888888889 16.642857142857142 17.258064516129032 11.222222222222221 9.444444444444445
10.11111111111111 17.178571428571427 17.06451612903226 10.851851851851853 9.962962962962964
10.851851851851853 15.178571428571429 17.387096774193548 12.25925925925926 9.222222222222221
10.592592592592593 16.607142857142858 17.774193548387096 11.555555555555555 8.62962962962963
10.25925925925926 16.46428571428571 18.483870967741936 11.296296296296296 7.555555555555556
9.62962962962963 16.178571428571427 17.35483870967742 10.62962962962963 8.555555555555555
9.37037037037037 16.57142857142857 19.322580645161292 10.444444444444443 9.296296296296296
9.814814814814815 16.678571428571427 18.516129032258064 11.444444444444445 8.74074074074074
8.481481481481483 17.285714285714285 17.903225806451612 9.777777777777777 11.814814814814815
10.592592592592593 17.57142857142857 19.193548387096772 10.851851851851853 7.9259259259259265
9.407407407407408 17.75 17.451612903225804 9.666666666666668 10.11111111111111
9.666666666666668 14.714285714285715 16.032258064516128 10.185185185185187 9.925925925925927
9.37037037037037 15.392857142857142 18.548387096774192 11.185185185185185 10.962962962962962
9.962962962962964 16.535714285714285 16.838709677419352 10.592592592592593 8.88888888888889
8.185185185185185 17.964285714285715 17.225806451612904 9.925925925925927 11.592592592592592
9.703703703703704 16.214285714285715 18.129032258064516 9.481481481481481 9.851851851851851
10.296296296296296 15.75 17.96774193548387 11.444444444444445 8.777777777777779
9.0 16.285714285714285 19.225806451612904 10.925925925925926 10.11111111111111
10.481481481481483 15.642857142857142 17.774193548387096 9.592592592592592 9.407407407407408
10.555555555555555 16.785714285714285 19.387096774193548 11.444444444444445 9.296296296296296
10.037037037037036 15.928571428571427 17.193548387096776 10.851851851851853 9.888888888888888
9.481481481481481 16.392857142857142 17.741935483870968 10.333333333333334 9.37037037037037
10.037037037037036 15.607142857142858 18.06451612903226 10.37037037037037 10.0
10.407407407407407 17.178571428571427 18.193548387096776 10.333333333333334 8.851851851851851
9.888888888888888 17.857142857142858 17.870967741935484 11.518518518518519 9.962962962962964
9.296296296296296 15.928571428571427 19.419354838709676 12.11111111111111 9.444444444444445
9.518518518518519 16.32142857142857 17.483870967741932 10.777777777777779 9.074074074074074
10.222222222222223 17.892857142857146 16.548387096774196 11.62962962962963 9.444444444444445
9.444444444444445 16.5 19.483870967741936 9.62962962962963 7.703703703703704
9.703703703703704 16.642857142857142 16.129032258064516 10.851851851851853 9.296296296296296
9.481481481481481 16.0 19.0 11.666666666666668 9.296296296296296
11.481481481481481 14.892857142857144 17.580645161290324 11.481481481481481 10.518518518518519
7.9259259259259265 16.892857142857142 18.483870967741936 11.0 9.25925925925926
9.407407407407408 18.392857142857142 18.06451612903226 11.037037037037036 9.814814814814815
9.851851851851851 16.07142857142857 17.741935483870968 10.851851851851853 9.518518518518519
10.333333333333334 16.642857142857142 17.96774193548387 10.0 8.25925925925926
10.62962962962963 16.5 17.548387096774196 9.518518518518519 9.814814814814815
10.407407407407407 14.607142857142856 16.806451612903224 11.74074074074074 9.703703703703704
9.222222222222221 16.07142857142857 17.741935483870968 11.925925925925927 9.62962962962963
10.037037037037036 16.5 19.612903225806452 10.814814814814815 8.925925925925926
9.888888888888888 17.535714285714285 16.903225806451612 11.148148148148149 10.666666666666666
8.25925925925926 17.607142857142858 16.516129032258064 11.518518518518519 9.222222222222221
9.555555555555555 16.75 18.032258064516128 10.37037037037037 9.074074074074074
9.333333333333334 17.285714285714285 15.516129032258064 11.888888888888888 9.074074074074074
9.592592592592592 15.75 17.06451612903226 10.814814814814815 9.592592592592592
10.555555555555555 16.535714285714285 16.903225806451612 10.37037037037037 10.25925925925926
9.74074074074074 18.107142857142858 17.258064516129032 9.666666666666668 9.62962962962963
9.407407407407408 16.75 16.806451612903224 11.0 11.0
9.74074074074074 16.0 18.774193548387096 9.25925925925926 10.074074074074074
9.666666666666668 16.285714285714285 18.387096774193548 10.555555555555555 8.777777777777779
8.851851851851851 15.821428571428573 16.129032258064516 9.666666666666668 9.925925925925927
10.0 17.107142857142854 16.258064516129032 10.592592592592593 10.962962962962962
9.851851851851851 16.214285714285715 18.387096774193548 10.074074074074074 9.037037037037038
9.814814814814815 16.25 17.774193548387096 9.814814814814815 8.222222222222223
8.88888888888889 15.785714285714285 17.03225806451613 11.555555555555555 9.518518518518519
9.74074074074074 17.892857142857146 18.774193548387096 11.25925925925926 8.25925925925926
8.666666666666666 17.392857142857142 19.0 10.222222222222223 9.814814814814815
9.74074074074074 15.428571428571429 19.096774193548384 10.962962962962962 10.037037037037036
9.888888888888888 16.785714285714285 18.225806451612904 11.555555555555555 9.703703703703704
