32935.000 -0.400 -0.331 0.290
32936.000 -0.400 -0.262 0.035
32937.000 -0.400 -0.192 0.440
32938.000 -0.400 -0.123 0.367
32939.000 -0.400 -0.054 0.195
32940.000 -0.400 0.015 0.482
32941.000 -0.400 0.085 0.425
32942.000 -0.400 0.154 0.204
32943.000 -0.400 0.223 0.237
32944.000 -0.400 0.292 0.137
32945.000 -0.400 0.362 0.074
32946.000 -0.400 0.431 0.168
32947.000 -0.331 -0.400 0.039
32948.000 -0.331 -0.331 0.366
32949.000 -0.331 -0.262 0.192
32950.000 -0.331 -0.192 0.268
32951.000 -0.331 -0.123 0.361
32952.000 -0.331 -0.054 0.332
32953.000 -0.331 0.015 0.102
32954.000 -0.331 0.085 0.267
32955.000 -0.331 0.154 0.209
32956.000 -0.331 0.223 0.121
32957.000 -0.331 0.292 0.069
32958.000 -0.331 0.362 0.046
32959.000 -0.331 0.431 0.480
32960.000 -0.262 -0.400 0.249
32961.000 -0.262 -0.331 0.238
32962.000 -0.262 -0.262 0.339
32963.000 -0.262 -0.192 0.119
32964.000 -0.262 -0.123 0.457
32965.000 -0.262 -0.054 0.177
32966.000 -0.262 0.015 0.461
32967.000 -0.262 0.085 0.431
32968.000 -0.262 0.154 0.473
32969.000 -0.262 0.223 0.323
32970.000 -0.262 0.292 0.175
32971.000 -0.262 0.362 0.171
32972.000 -0.262 0.431 0.340
32973.000 -0.192 -0.400 0.310
32974.000 -0.192 -0.331 0.446
32975.000 -0.192 -0.262 0.320
32976.000 -0.192 -0.192 0.493
32977.000 -0.192 -0.123 0.128
32978.000 -0.192 -0.054 0.131
32979.000 -0.192 0.015 0.147
32980.000 -0.192 0.085 0.147
32981.000 -0.192 0.154 0.376
32982.000 -0.192 0.223 0.281
32983.000 -0.192 0.292 0.320
32984.000 -0.192 0.362 0.187
32985.000 -0.192 0.431 0.078
32986.000 -0.123 -0.400 0.045
32987.000 -0.123 -0.331 0.471
32988.000 -0.123 -0.262 0.333
32989.000 -0.123 -0.192 0.388
32990.000 -0.123 -0.123 0.454
32991.000 -0.123 -0.054 0.445
32992.000 -0.123 0.015 0.336
32993.000 -0.123 0.085 0.356
32994.000 -0.123 0.154 0.040
32995.000 -0.123 0.223 0.344
32996.000 -0.123 0.292 0.171
32997.000 -0.123 0.362 0.108
32998.000 -0.123 0.431 0.156
32999.000 -0.054 -0.400 0.163
33000.000 -0.054 -0.331 0.462
33001.000 -0.054 -0.262 0.095
33002.000 -0.054 -0.192 0.106
33003.000 -0.054 -0.123 0.479
33004.000 -0.054 -0.054 0.243
33005.000 -0.054 0.015 0.441
33006.000 -0.054 0.085 0.445
33007.000 -0.054 0.154 0.336
33008.000 -0.054 0.223 0.000
33009.000 -0.054 0.292 0.213
33010.000 -0.054 0.362 0.308
33011.000 -0.054 0.431 0.257
33012.000 0.015 -0.400 0.476
33013.000 0.015 -0.331 0.016
33014.000 0.015 -0.262 0.222
33015.000 0.015 -0.192 0.199
33016.000 0.015 -0.123 0.113
33017.000 0.015 -0.054 0.144
33018.000 0.015 0.015 0.103
33019.000 0.015 0.085 0.443
33020.000 0.015 0.154 0.012
33021.000 0.015 0.223 0.364
33022.000 0.015 0.292 0.034
33023.000 0.015 0.362 0.386
33024.000 0.015 0.431 0.271
33025.000 0.085 -0.400 0.215
33026.000 0.085 -0.331 0.422
33027.000 0.085 -0.262 0.258
33028.000 0.085 -0.192 0.153
33029.000 0.085 -0.123 0.023
33030.000 0.085 -0.054 0.210
33031.000 0.085 0.015 0.054
33032.000 0.085 0.085 0.090
33033.000 0.085 0.154 0.346
33034.000 0.085 0.223 0.133
33035.000 0.085 0.292 0.135
33036.000 0.085 0.362 0.491
33037.000 0.085 0.431 0.246
33038.000 0.154 -0.400 0.125
33039.000 0.154 -0.331 0.012
33040.000 0.154 -0.262 0.134
33041.000 0.154 -0.192 0.488
33042.000 0.154 -0.123 0.427
33043.000 0.154 -0.054 0.173
33044.000 0.154 0.015 0.330
33045.000 0.154 0.085 0.070
33046.000 0.154 0.154 0.051
33047.000 0.154 0.223 0.060
33048.000 0.154 0.292 0.194
33049.000 0.154 0.362 0.414
33050.000 0.154 0.431 0.403
33051.000 0.223 -0.400 0.074
33052.000 0.223 -0.331 0.389
33053.000 0.223 -0.262 0.095
33054.000 0.223 -0.192 0.443
33055.000 0.223 -0.123 0.018
33056.000 0.223 -0.054 0.126
33057.000 0.223 0.015 0.073
33058.000 0.223 0.085 0.241
33059.000 0.223 0.154 0.071
33060.000 0.223 0.223 0.255
33061.000 0.223 0.292 0.177
33062.000 0.223 0.362 0.114
33063.000 0.223 0.431 0.378
33064.000 0.292 -0.400 0.287
33065.000 0.292 -0.331 0.389
33066.000 0.292 -0.262 0.106
33067.000 0.292 -0.192 0.027
33068.000 0.292 -0.123 0.033
33069.000 0.292 -0.054 0.045
33070.000 0.292 0.015 0.103
33071.000 0.292 0.085 0.456
33072.000 0.292 0.154 0.005
33073.000 0.292 0.223 0.079
33074.000 0.292 0.292 0.288
33075.000 0.292 0.362 0.424
33076.000 0.292 0.431 0.413
33077.000 0.362 -0.400 0.303
33078.000 0.362 -0.331 0.334
33079.000 0.362 -0.262 0.086
33080.000 0.362 -0.192 0.492
33081.000 0.362 -0.123 0.233
33082.000 0.362 -0.054 0.457
33083.000 0.362 0.015 0.310
33084.000 0.362 0.085 0.271
33085.000 0.362 0.154 0.181
33086.000 0.362 0.223 0.382
33087.000 0.362 0.292 0.402
33088.000 0.362 0.362 0.447
33089.000 0.362 0.431 0.186
33090.000 0.431 -0.400 0.383
33091.000 0.431 -0.331 0.298
33092.000 0.431 -0.262 0.094
33093.000 0.431 -0.192 0.011
33094.000 0.431 -0.123 0.429
33095.000 0.431 -0.054 0.364
33096.000 0.431 0.015 0.268
33097.000 0.431 0.085 0.323
33098.000 0.431 0.154 0.420
33099.000 0.431 0.223 0.236
33100.000 0.431 0.292 0.488
33101.000 0.431 0.362 0.380
33102.000 0.431 0.431 0.306
