85.66666666666667 81.60000000000001 81.875 83.0 85.11111111111111
86.33333333333333 82.4 84.125 84.5 85.66666666666667
85.55555555555556 80.60000000000001 81.75 84.0 84.55555555555556
85.77777777777777 82.0 82.25 83.9 84.0
86.55555555555556 82.9 83.5 85.5 85.22222222222223
86.55555555555556 82.19999999999999 83.125 83.8 84.88888888888889
84.77777777777777 81.69999999999999 82.25 83.5 84.33333333333333
85.55555555555556 82.8 82.75 84.6 85.55555555555556
86.66666666666667 82.9 83.625 85.1 85.66666666666667
85.77777777777777 81.5 83.0 84.4 84.66666666666667
85.22222222222223 81.4 83.0 83.2 83.44444444444444
85.77777777777777 80.5 82.75 83.8 83.66666666666667
85.22222222222223 81.8 83.25 83.9 84.11111111111111
85.44444444444444 80.60000000000001 82.0 85.2 84.55555555555556
86.11111111111111 82.60000000000001 84.125 84.2 84.88888888888889
86.55555555555556 82.69999999999999 82.75 84.5 84.77777777777777
86.11111111111111 81.4 83.0 85.0 85.0
85.66666666666667 82.0 82.5 84.6 84.0
85.88888888888889 81.10000000000001 82.5 84.6 84.44444444444444
85.88888888888889 80.8 82.625 83.5 83.22222222222223
85.55555555555556 80.9 82.875 84.3 85.0
86.11111111111111 81.60000000000001 83.375 85.1 84.33333333333333
85.88888888888889 81.9 83.5 84.1 83.77777777777779
84.88888888888889 79.60000000000001 81.625 84.4 84.11111111111111
85.77777777777777 80.5 82.5 84.4 84.77777777777777
86.22222222222223 81.5 83.625 84.8 84.22222222222223
87.22222222222223 80.9 82.5 85.4 85.22222222222223
85.66666666666667 82.0 82.375 83.9 84.33333333333333
86.44444444444444 82.69999999999999 84.125 84.7 85.44444444444444
87.22222222222223 81.3 82.625 85.2 85.66666666666667
85.88888888888889 81.19999999999999 84.25 85.4 85.55555555555556
85.55555555555556 80.0 81.25 84.0 83.88888888888889
86.22222222222223 81.8 82.75 84.1 85.0
86.22222222222223 81.5 84.125 84.8 85.77777777777777
85.55555555555556 81.10000000000001 83.625 84.5 83.77777777777779
85.55555555555556 82.0 82.625 84.1 84.0
85.77777777777777 81.3 83.25 84.5 84.77777777777777
85.66666666666667 81.10000000000001 83.25 84.4 85.22222222222223
85.0 80.9 81.5 83.5 84.33333333333333
85.22222222222223 81.4 82.375 84.4 85.88888888888889
85.77777777777777 80.3 82.5 84.6 84.22222222222223
86.66666666666667 80.8 83.25 84.5 84.22222222222223
85.0 79.69999999999999 82.0 84.4 85.22222222222223
86.77777777777777 81.5 82.125 85.6 86.33333333333333
85.11111111111111 80.60000000000001 82.0 83.2 83.66666666666667
85.44444444444444 79.5 83.0 84.2 84.22222222222223
86.22222222222223 79.60000000000001 83.0 84.7 85.55555555555556
85.33333333333333 80.3 83.0 83.9 85.55555555555556
85.66666666666667 78.60000000000001 82.625 85.2 86.33333333333333
86.0 80.3 82.75 85.6 85.22222222222223
86.66666666666667 80.19999999999999 82.5 85.1 85.77777777777777
84.55555555555556 78.8 83.625 83.9 84.11111111111111
86.77777777777777 79.8 83.375 83.9 84.44444444444444
86.11111111111111 78.5 82.5 83.3 84.33333333333333
86.11111111111111 78.7 81.875 84.7 84.44444444444444
86.55555555555556 77.89999999999999 81.875 84.5 86.0
85.55555555555556 80.19999999999999 83.0 84.9 84.22222222222223
87.44444444444444 78.3 81.25 85.2 84.77777777777777
86.77777777777777 77.2 82.0 85.0 84.66666666666667
84.33333333333333 77.8 81.875 84.5 84.11111111111111
85.22222222222223 76.5 81.875 84.1 84.44444444444444
85.55555555555556 76.2 81.375 85.2 85.0
84.88888888888889 76.5 82.0 84.3 84.33333333333333
86.11111111111111 77.7 82.0 85.0 85.66666666666667
85.88888888888889 76.30000000000001 81.125 84.5 85.66666666666667
84.33333333333333 75.2 80.875 84.4 84.88888888888889
86.44444444444444 77.0 82.75 84.9 84.66666666666667
85.55555555555556 77.10000000000001 81.875 84.5 84.0
86.22222222222223 77.5 81.75 84.8 85.66666666666667
85.22222222222223 75.1 82.125 84.7 84.55555555555556
84.44444444444444 74.5 81.0 84.4 85.22222222222223
86.0 75.30000000000001 81.375 84.0 85.0
85.33333333333333 75.7 83.0 84.9 85.0
86.88888888888889 76.1 81.875 85.0 85.66666666666667
85.33333333333333 73.80000000000001 80.25 84.9 85.88888888888889
85.0 73.89999999999999 81.375 84.4 84.66666666666667
84.77777777777777 73.5 81.625 84.1 83.33333333333333
85.22222222222223 72.6 80.5 84.0 84.77777777777777
85.66666666666667 72.1 81.125 84.4 84.55555555555556
86.0 74.80000000000001 83.25 85.4 85.44444444444444
85.77777777777777 71.3 80.25 83.5 83.66666666666667
85.0 72.6 81.0 83.5 84.22222222222223
86.0 71.1 80.25 84.6 84.77777777777777
85.33333333333333 71.2 80.625 84.7 85.33333333333333
86.22222222222223 69.6 81.5 84.8 84.88888888888889
85.44444444444444 70.0 80.125 84.7 84.33333333333333
85.33333333333333 70.5 80.875 84.5 85.33333333333333
85.55555555555556 70.0 80.625 85.0 86.11111111111111
85.22222222222223 68.5 80.5 83.8 84.55555555555556
85.33333333333333 69.4 79.875 84.8 85.11111111111111
86.0 69.1 80.125 84.5 84.77777777777777
86.11111111111111 68.7 80.5 85.5 85.66666666666667
85.55555555555556 66.5 78.375 83.8 84.66666666666667
86.55555555555556 67.4 79.625 84.8 84.22222222222223
84.66666666666667 67.10000000000001 79.625 84.1 84.77777777777777
86.11111111111111 67.3 79.375 85.8 85.22222222222223
85.0 63.70000000000001 78.75 84.8 85.0
85.77777777777777 66.0 78.375 84.9 84.55555555555556
85.11111111111111 64.3 78.375 84.0 84.22222222222223
85.88888888888889 64.19999999999999 79.625 83.8 84.88888888888889
86.0 63.4 79.875 85.9 85.11111111111111
81.1111111111111 79.9 82.625 82.0 81.0
82.22222222222223 80.5 82.0 83.2 81.88888888888889
81.88888888888889 80.3 82.125 81.8 81.66666666666667
81.22222222222223 80.3 82.0 80.60000000000001 82.22222222222223
85.11111111111111 61.9 78.25 84.1 85.22222222222223
82.22222222222223 80.9 80.875 80.9 81.33333333333333
82.66666666666667 81.19999999999999 82.625 81.60000000000001 81.88888888888889
81.22222222222223 80.69999999999999 81.0 82.0 81.88888888888889
82.1111111111111 80.9 81.625 81.9 82.1111111111111
85.44444444444444 68.7 76.125 84.8 83.66666666666667
82.0 80.5 80.875 81.5 82.77777777777779
82.1111111111111 81.8 81.5 81.9 82.0
80.88888888888889 81.3 80.375 81.0 81.1111111111111
82.0 80.69999999999999 81.0 81.60000000000001 82.1111111111111
85.22222222222223 62.1 78.125 85.4 85.22222222222223
82.88888888888889 80.0 81.625 82.10000000000001 81.77777777777779
82.0 79.8 82.125 81.9 81.22222222222223
82.1111111111111 81.0 83.25 82.4 81.88888888888889
80.88888888888889 79.39999999999999 81.25 80.9 81.55555555555556
84.22222222222223 68.1 76.5 84.9 85.0
81.22222222222223 81.3 81.75 81.3 82.22222222222223
82.33333333333333 80.9 82.375 80.9 81.22222222222223
82.1111111111111 80.9 82.5 81.4 81.55555555555556
80.66666666666666 80.0 82.125 81.9 82.44444444444444
81.1111111111111 79.8 81.375 81.4 81.1111111111111
81.55555555555556 81.5 81.25 82.0 81.88888888888889
81.55555555555556 80.19999999999999 81.25 81.0 80.44444444444444
82.33333333333333 80.10000000000001 82.5 82.19999999999999 81.77777777777779
80.88888888888889 79.60000000000001 81.75 80.60000000000001 81.33333333333333
81.66666666666667 80.0 80.625 81.4 80.55555555555556
85.22222222222223 68.0 76.0 84.6 85.22222222222223
86.11111111111111 67.4 77.75 85.4 85.44444444444444
84.33333333333333 70.7 78.0 84.6 84.33333333333333
85.0 69.0 76.0 84.3 84.0
85.22222222222223 68.0 77.875 84.5 84.44444444444444
86.22222222222223 68.1 75.875 85.5 84.11111111111111
85.44444444444444 69.1 77.25 84.7 85.0
86.33333333333333 70.1 76.625 85.9 84.77777777777777
86.11111111111111 70.0 78.125 85.4 85.66666666666667
86.0 68.2 76.375 84.5 84.66666666666667
86.44444444444444 69.3 76.0 85.3 86.0
85.77777777777777 68.7 78.75 86.0 85.33333333333333
84.55555555555556 67.8 76.625 84.0 84.44444444444444
85.55555555555556 68.3 76.125 85.8 85.33333333333333
86.33333333333333 69.4 77.75 85.3 86.0
86.0 69.5 77.125 84.7 85.0
85.11111111111111 69.1 76.25 84.8 84.66666666666667
85.0 70.4 77.625 85.0 86.11111111111111
84.88888888888889 69.3 76.0 84.6 85.77777777777777
86.77777777777777 70.5 77.875 85.5 85.88888888888889
85.66666666666667 68.2 75.125 84.7 85.22222222222223
86.55555555555556 69.9 76.875 85.3 84.11111111111111
84.88888888888889 68.5 76.375 84.3 84.44444444444444
86.55555555555556 70.9 75.75 85.5 85.77777777777777
85.0 69.1 76.875 84.4 84.44444444444444
85.22222222222223 70.7 76.0 84.7 84.66666666666667
86.0 68.8 76.625 84.8 85.22222222222223
85.22222222222223 68.1 74.125 84.0 84.66666666666667
86.22222222222223 70.5 77.0 85.6 84.44444444444444
85.55555555555556 70.4 76.25 85.5 86.66666666666667
85.77777777777777 69.2 74.25 85.1 84.22222222222223
84.55555555555556 68.4 73.625 85.0 84.77777777777777
87.11111111111111 70.2 74.375 85.6 85.66666666666667
86.33333333333333 70.8 75.0 85.9 86.22222222222223
85.88888888888889 69.1 74.625 84.5 85.0
85.33333333333333 70.3 73.375 85.2 85.88888888888889
85.44444444444444 69.5 74.625 85.0 86.55555555555556
87.33333333333333 70.5 73.0 86.2 85.44444444444444
86.66666666666667 70.0 73.5 85.4 85.44444444444444
86.55555555555556 70.5 73.75 85.2 86.0
86.0 69.3 71.125 85.0 84.88888888888889
84.33333333333333 69.3 70.875 84.7 84.66666666666667
86.0 69.9 72.375 85.8 86.33333333333333
84.77777777777777 70.5 71.0 84.3 85.0
85.77777777777777 69.7 70.375 85.1 84.66666666666667
85.77777777777777 69.5 69.375 86.4 86.55555555555556
86.77777777777777 69.1 71.25 86.1 85.88888888888889
86.77777777777777 70.1 71.0 84.5 85.22222222222223
86.11111111111111 70.8 69.25 85.5 84.0
85.11111111111111 69.7 68.875 84.5 85.0
86.33333333333333 70.3 69.875 86.0 86.55555555555556
87.66666666666667 70.9 70.0 86.5 85.66666666666667
86.22222222222223 71.3 69.375 84.8 85.11111111111111
86.77777777777777 70.4 70.375 86.2 86.55555555555556
85.88888888888889 69.7 71.125 85.0 84.77777777777777
85.55555555555556 70.2 69.75 85.4 84.77777777777777
85.44444444444444 70.9 69.125 85.6 85.11111111111111
86.33333333333333 70.3 69.0 85.8 85.88888888888889
85.11111111111111 70.1 68.75 85.7 84.77777777777777
84.77777777777777 70.0 68.125 85.1 84.88888888888889
87.0 71.9 70.5 86.4 86.77777777777777
85.88888888888889 70.6 69.125 85.4 85.11111111111111
85.44444444444444 69.8 68.5 84.9 85.55555555555556
86.11111111111111 69.1 68.0 85.4 84.0
85.66666666666667 72.5 70.25 85.4 85.0
86.66666666666667 70.3 68.0 85.4 86.44444444444444
86.0 69.5 71.25 86.7 85.88888888888889
86.33333333333333 68.4 69.0 84.9 85.77777777777777
87.22222222222223 71.3 67.0 86.1 85.11111111111111
86.0 69.1 66.875 85.7 85.66666666666667
87.66666666666667 71.5 69.875 86.2 86.0
86.0 70.1 68.75 85.0 85.77777777777777
86.44444444444444 69.9 66.125 85.0 84.77777777777777
86.33333333333333 69.0 66.5 85.9 86.0
85.77777777777777 69.6 67.25 85.2 85.11111111111111
86.66666666666667 70.0 66.375 85.1 85.44444444444444
85.77777777777777 70.7 66.875 86.0 86.44444444444444
85.77777777777777 70.1 65.375 84.8 85.22222222222223
86.33333333333333 71.6 67.75 85.5 86.11111111111111
86.44444444444444 69.3 66.625 86.4 86.0
86.55555555555556 69.5 68.5 85.2 84.55555555555556
86.22222222222223 70.2 68.375 86.5 85.55555555555556
85.55555555555556 69.6 67.125 84.7 85.77777777777777
85.33333333333333 70.6 67.0 85.2 85.44444444444444
86.88888888888889 70.8 69.0 85.1 86.0
86.55555555555556 70.5 67.5 85.8 85.88888888888889
85.0 68.7 66.25 85.3 85.0
85.77777777777777 69.1 67.0 84.8 85.55555555555556
86.33333333333333 70.4 68.375 85.8 85.88888888888889
86.0 70.1 65.75 84.7 86.22222222222223
86.77777777777777 69.8 67.5 86.5 86.55555555555556
86.0 70.2 69.25 84.6 85.66666666666667
85.22222222222223 70.2 67.25 85.5 85.11111111111111
85.66666666666667 69.4 66.375 85.9 85.44444444444444
86.55555555555556 71.8 67.125 86.4 86.33333333333333
85.66666666666667 69.4 67.75 84.8 84.55555555555556
86.22222222222223 69.8 68.25 84.7 85.11111111111111
85.44444444444444 69.4 67.0 85.8 86.0
86.66666666666667 68.8 67.875 85.4 85.22222222222223
