0.00205761316872428 0.18024132730015083 0.04726027397260274 0.0 0.0
0.0013717421124828533 0.13423831070889894 0.037671232876712334 0.0 0.0
0.0013717421124828533 0.1794871794871795 0.05 0.0006802721088435375 0.0
0.0027434842249657067 0.12895927601809953 0.04863013698630137 0.001360544217687075 0.0
0.0 0.13423831070889894 0.041780821917808214 0.0006802721088435375 0.0
0.0 0.1726998491704374 0.043150684931506846 0.0006802721088435375 0.0
0.0006858710562414267 0.1508295625942685 0.050684931506849315 0.001360544217687075 0.0
0.00205761316872428 0.17043740573152336 0.05890410958904109 0.0006802721088435375 0.0
0.0013717421124828533 0.1455505279034691 0.052054794520547946 0.0006802721088435375 0.0
0.003429355281207133 0.17420814479638008 0.05 0.0006802721088435375 0.0
0.0 0.1779788838612368 0.043835616438356165 0.001360544217687075 0.0
0.0006858710562414267 0.1508295625942685 0.037671232876712334 0.0 0.0007012622720897616
0.0 0.15233785822021115 0.04452054794520548 0.0 0.0
0.004801097393689986 0.18099547511312217 0.06301369863013699 0.0 0.0
0.0013717421124828533 0.14027149321266968 0.05273972602739726 0.0006802721088435375 0.0
0.00205761316872428 0.1689291101055807 0.052054794520547946 0.0006802721088435375 0.0
0.0006858710562414267 0.17571644042232276 0.04863013698630137 0.0 0.0
0.00205761316872428 0.17194570135746606 0.04863013698630137 0.0006802721088435375 0.0
0.0027434842249657067 0.18476621417797887 0.043150684931506846 0.0 0.0
0.0013717421124828533 0.18778280542986425 0.049315068493150684 0.0006802721088435375 0.0
0.0027434842249657067 0.1817496229260935 0.0410958904109589 0.0 0.0
0.0006858710562414267 0.16515837104072398 0.04657534246575342 0.0006802721088435375 0.0
0.0006858710562414267 0.20437405731523378 0.05684931506849315 0.0006802721088435375 0.0
0.0 0.1726998491704374 0.050684931506849315 0.0 0.0
0.00411522633744856 0.21568627450980393 0.050684931506849315 0.0 0.0007012622720897616
0.0006858710562414267 0.19607843137254902 0.06506849315068493 0.0 0.0
0.0 0.18024132730015083 0.052054794520547946 0.0 0.0
0.00205761316872428 0.1779788838612368 0.05273972602739726 0.0006802721088435375 0.0
0.00205761316872428 0.13046757164404224 0.04452054794520548 0.0006802721088435375 0.0007012622720897616
0.0 0.21644042232277524 0.0684931506849315 0.0 0.0
0.0006858710562414267 0.1689291101055807 0.04589041095890411 0.0 0.0
0.0013717421124828533 0.1817496229260935 0.04863013698630137 0.0006802721088435375 0.0
0.0027434842249657067 0.1636500754147813 0.05 0.0006802721088435375 0.0
0.0006858710562414267 0.19683257918552038 0.04589041095890411 0.0 0.0
0.0006858710562414267 0.18778280542986425 0.051369863013698634 0.0006802721088435375 0.0007012622720897616
0.0006858710562414267 0.17496229260935142 0.049315068493150684 0.0 0.0
0.0006858710562414267 0.19004524886877827 0.04452054794520548 0.0006802721088435375 0.0007012622720897616
0.0 0.17722473604826547 0.03972602739726028 0.0 0.0
0.0013717421124828533 0.21342383107088989 0.04452054794520548 0.0006802721088435375 0.0
0.0 0.18476621417797887 0.04794520547945205 0.0 0.0
0.0006858710562414267 0.21794871794871795 0.05547945205479452 0.0 0.0
0.0013717421124828533 0.20361990950226244 0.06027397260273972 0.0 0.0
0.0006858710562414267 0.26244343891402716 0.05821917808219178 0.0006802721088435375 0.0
0.0013717421124828533 0.20889894419306185 0.05684931506849315 0.0006802721088435375 0.0
0.0 0.20663650075414783 0.06780821917808219 0.0 0.0007012622720897616
0.0027434842249657067 0.19984917043740574 0.05479452054794521 0.0 0.0
0.0013717421124828533 0.22850678733031674 0.06164383561643835 0.0 0.0
0.0006858710562414267 0.19607843137254902 0.045205479452054796 0.0 0.0
0.0006858710562414267 0.2383107088989442 0.05273972602739726 0.0006802721088435375 0.0
0.0006858710562414267 0.23981900452488686 0.03972602739726028 0.0 0.0
0.0006858710562414267 0.24057315233785823 0.05547945205479452 0.0006802721088435375 0.0
0.0013717421124828533 0.24057315233785823 0.04863013698630137 0.0006802721088435375 0.0
0.00205761316872428 0.19155354449472098 0.04794520547945205 0.0 0.0
0.0006858710562414267 0.2119155354449472 0.062328767123287665 0.0006802721088435375 0.0
0.0 0.23906485671191555 0.04589041095890411 0.0006802721088435375 0.0
0.0 0.28355957767722473 0.05342465753424658 0.0 0.0
0.0006858710562414267 0.2669683257918552 0.05342465753424658 0.0006802721088435375 0.0
0.0 0.25791855203619907 0.06780821917808219 0.0 0.0
0.0006858710562414267 0.30693815987933637 0.05547945205479452 0.0006802721088435375 0.0
0.003429355281207133 0.29260935143288086 0.05684931506849315 0.0 0.0
0.00205761316872428 0.3129713423831071 0.07328767123287672 0.0 0.0
0.0006858710562414267 0.3740573152337858 0.057534246575342465 0.0 0.0
0.00205761316872428 0.3235294117647059 0.06095890410958904 0.0 0.0
0.0 0.33031674208144796 0.08287671232876712 0.0 0.0
0.0013717421124828533 0.363499245852187 0.07123287671232877 0.0 0.0
0.0006858710562414267 0.358974358974359 0.06917808219178083 0.0006802721088435375 0.0
0.0 0.3702865761689291 0.050684931506849315 0.0 0.0
0.0006858710562414267 0.332579185520362 0.07671232876712329 0.0006802721088435375 0.0
0.0006858710562414267 0.35671191553544496 0.05342465753424658 0.0006802721088435375 0.0
0.0013717421124828533 0.3770739064856712 0.05547945205479452 0.0 0.0
0.0006858710562414267 0.3770739064856712 0.06917808219178083 0.0 0.0
0.0006858710562414267 0.4200603318250377 0.07328767123287672 0.0 0.0
0.0006858710562414267 0.3687782805429864 0.05342465753424658 0.0006802721088435375 0.0007012622720897616
0.0006858710562414267 0.3989441930618401 0.05616438356164384 0.001360544217687075 0.0
0.00205761316872428 0.4630467571644042 0.07602739726027398 0.0006802721088435375 0.0007012622720897616
0.00205761316872428 0.4396681749622926 0.05547945205479452 0.0 0.0
0.0006858710562414267 0.41704374057315236 0.06506849315068493 0.0006802721088435375 0.0
0.0 0.471342383107089 0.0726027397260274 0.0 0.0
0.0013717421124828533 0.5113122171945701 0.07465753424657534 0.0 0.0
0.0013717421124828533 0.45324283559577677 0.06438356164383562 0.0 0.0
0.0006858710562414267 0.530920060331825 0.06780821917808219 0.0006802721088435375 0.0
0.0013717421124828533 0.45776772247360487 0.06712328767123288 0.0 0.0
0.0 0.5196078431372549 0.08356164383561643 0.0 0.0
0.0013717421124828533 0.5128205128205128 0.07054794520547945 0.0006802721088435375 0.0
0.0 0.5852187028657617 0.07671232876712329 0.00272108843537415 0.0
0.0 0.5784313725490197 0.08972602739726027 0.0 0.0
0.0013717421124828533 0.5475113122171946 0.08972602739726027 0.0006802721088435375 0.0
0.0006858710562414267 0.5852187028657617 0.07671232876712329 0.001360544217687075 0.0
0.0 0.6153846153846154 0.07465753424657534 0.0006802721088435375 0.0
0.0013717421124828533 0.5784313725490197 0.0821917808219178 0.0 0.0
0.0006858710562414267 0.6048265460030166 0.07876712328767124 0.0006802721088435375 0.0
0.0013717421124828533 0.6742081447963801 0.0773972602739726 0.0 0.0
0.0013717421124828533 0.7217194570135747 0.08904109589041095 0.0006802721088435375 0.0
0.0 0.6372549019607844 0.07534246575342467 0.0 0.0
0.0006858710562414267 0.6711915535444948 0.08356164383561643 0.0 0.0
0.0 0.6847662141779789 0.07945205479452055 0.001360544217687075 0.0
0.0 0.7616892911010558 0.07602739726027398 0.0006802721088435375 0.0
0.0 0.7119155354449472 0.1 0.0006802721088435375 0.0
0.0006858710562414267 0.7383107088989441 0.07808219178082192 0.0006802721088435375 0.0
0.00411522633744856 0.779788838612368 0.08561643835616438 0.0 0.0
0.0006858710562414267 0.8423831070889894 0.10616438356164384 0.0 0.0
0.0 0.04675716440422323 0.0 0.0006802721088435375 0.0
0.0 0.03544494720965309 0.0 0.0 0.0
0.0 0.04751131221719457 0.0 0.0 0.0
0.0 0.04147812971342383 0.0 0.0 0.0
0.00205761316872428 0.8386123680241327 0.08424657534246575 0.0 0.0
0.0006858710562414267 0.04072398190045249 0.0 0.0 0.0
0.0006858710562414267 0.043740573152337855 0.0006849315068493151 0.0 0.0
0.0 0.03695324283559578 0.0 0.0006802721088435375 0.0
0.0 0.042986425339366516 0.0006849315068493151 0.0 0.0007012622720897616
0.0 0.5392156862745098 0.23493150684931505 0.001360544217687075 0.0
0.0006858710562414267 0.032428355957767725 0.0006849315068493151 0.0 0.0
0.0 0.03996983408748115 0.0 0.0006802721088435375 0.0
0.0 0.04072398190045249 0.0 0.0 0.0007012622720897616
0.0 0.03393665158371041 0.0 0.0 0.0
0.00205761316872428 0.8114630467571644 0.086986301369863 0.0006802721088435375 0.0
0.0 0.04826546003016591 0.0 0.0 0.0
0.0 0.042986425339366516 0.0 0.0 0.0
0.0 0.0444947209653092 0.0 0.0006802721088435375 0.0
0.0 0.03695324283559578 0.0006849315068493151 0.0 0.0
0.0 0.5678733031674208 0.22808219178082192 0.0 0.0
0.0 0.0392156862745098 0.0 0.0 0.0
0.0 0.042232277526395176 0.0 0.0 0.0007012622720897616
0.0 0.03544494720965309 0.0 0.0 0.0
0.0 0.04072398190045249 0.0 0.0 0.0
0.0 0.04524886877828054 0.0006849315068493151 0.0 0.0
0.0 0.03695324283559578 0.0 0.0 0.0
0.0 0.03996983408748115 0.0 0.0 0.0
0.0 0.049773755656108594 0.0 0.0 0.0007012622720897616
0.0 0.038461538461538464 0.0 0.0 0.0
0.0 0.030920060331825035 0.0006849315068493151 0.0 0.0
0.0013717421124828533 0.6018099547511313 0.24589041095890413 0.0006802721088435375 0.0
0.0013717421124828533 0.6138763197586727 0.19041095890410958 0.0 0.0
0.0013717421124828533 0.5316742081447964 0.18972602739726027 0.0006802721088435375 0.0
0.0006858710562414267 0.5844645550527904 0.2273972602739726 0.002040816326530612 0.0
0.0 0.5331825037707391 0.18082191780821918 0.0006802721088435375 0.0
0.0 0.5648567119155354 0.23082191780821917 0.001360544217687075 0.0
0.0006858710562414267 0.5527903469079939 0.236986301369863 0.002040816326530612 0.0
0.0 0.528657616892911 0.23013698630136986 0.0 0.0
0.0 0.5324283559577677 0.18356164383561643 0.0 0.0
0.0006858710562414267 0.5761689291101055 0.226027397260274 0.0034013605442176874 0.0
0.0006858710562414267 0.5625942684766214 0.24726027397260275 0.0 0.0
0.0006858710562414267 0.5565610859728507 0.2095890410958904 0.0 0.0
0.0013717421124828533 0.5829562594268477 0.2417808219178082 0.0 0.0
0.0 0.5641025641025641 0.21164383561643837 0.001360544217687075 0.0
0.0006858710562414267 0.5678733031674208 0.21986301369863015 0.001360544217687075 0.0
0.0006858710562414267 0.5505279034690799 0.23835616438356164 0.0006802721088435375 0.0
0.0 0.5294117647058824 0.2856164383561644 0.00272108843537415 0.0
0.0 0.5331825037707391 0.273972602739726 0.002040816326530612 0.0
0.0 0.5203619909502263 0.25616438356164384 0.0006802721088435375 0.0
0.0 0.5377073906485671 0.27808219178082194 0.00272108843537415 0.0
0.0 0.5369532428355958 0.3027397260273973 0.0034013605442176874 0.0
0.0006858710562414267 0.5384615384615384 0.33356164383561643 0.0 0.0
0.0013717421124828533 0.5422322775263952 0.2910958904109589 0.002040816326530612 0.0
0.0 0.5105580693815989 0.34041095890410955 0.0 0.0
0.0006858710562414267 0.5294117647058824 0.31369863013698635 0.0006802721088435375 0.0007012622720897616
0.0 0.5271493212669683 0.4075342465753425 0.0 0.0
0.0 0.5618401206636501 0.37054794520547946 0.0 0.0
0.0 0.5754147812971342 0.41164383561643836 0.002040816326530612 0.0
0.0006858710562414267 0.5339366515837104 0.40479452054794524 0.0 0.0
0.0 0.5565610859728507 0.4136986301369863 0.00272108843537415 0.0
0.0 0.5467571644042233 0.45547945205479456 0.0006802721088435375 0.0
0.0 0.5399698340874811 0.48835616438356166 0.0 0.0
0.0 0.5384615384615384 0.5294520547945205 0.00272108843537415 0.0
0.0 0.5542986425339367 0.5568493150684931 0.0 0.001402524544179523
0.0013717421124828533 0.5588235294117647 0.5404109589041096 0.001360544217687075 0.0
0.0006858710562414267 0.526395173453997 0.6034246575342466 0.002040816326530612 0.0
0.00205761316872428 0.5444947209653093 0.6575342465753424 0.001360544217687075 0.0
0.0 0.5361990950226244 0.671917808219178 0.0006802721088435375 0.0
0.0 0.5452488687782806 0.652054794520548 0.0 0.0
0.0 0.5113122171945701 0.6760273972602739 0.001360544217687075 0.0
0.0006858710562414267 0.5384615384615384 0.7657534246575343 0.0 0.0
0.0 0.5256410256410257 0.7815068493150685 0.0006802721088435375 0.0
0.0013717421124828533 0.5429864253393666 0.8006849315068493 0.001360544217687075 0.0
0.0 0.5030165912518854 0.8472602739726027 0.0 0.0
0.0 0.5392156862745098 0.9438356164383561 0.00272108843537415 0.0
0.0 0.5211161387631976 1.0267123287671234 0.0006802721088435375 0.0
0.0013717421124828533 0.5490196078431372 1.0068493150684932 0.0 0.0
0.0 0.5407239819004525 1.0006849315068493 0.0 0.0
0.0 0.5143288084464555 1.1034246575342466 0.0006802721088435375 0.0
0.0006858710562414267 0.5316742081447964 1.0876712328767124 0.0 0.0
0.0006858710562414267 0.5731523378582202 1.0712328767123287 0.0006802721088435375 0.0
0.0 0.5331825037707391 1.097945205479452 0.001360544217687075 0.0
0.0013717421124828533 0.5527903469079939 1.0945205479452056 0.0006802721088435375 0.0
0.0 0.5256410256410257 1.0965753424657534 0.002040816326530612 0.0
0.0 0.5542986425339367 1.095890410958904 0.002040816326530612 0.0
0.0006858710562414267 0.5414781297134238 1.1212328767123287 0.0006802721088435375 0.0
0.0 0.530920060331825 1.1582191780821918 0.002040816326530612 0.0
0.0006858710562414267 0.5444947209653093 1.1801369863013698 0.001360544217687075 0.0007012622720897616
0.0006858710562414267 0.5346907993966817 1.1493150684931508 0.0 0.0
0.0 0.5444947209653093 1.1657534246575343 0.0006802721088435375 0.0
0.0 0.5060331825037707 1.145890410958904 0.001360544217687075 0.0
0.0006858710562414267 0.5158371040723981 1.1452054794520548 0.001360544217687075 0.0007012622720897616
0.0 0.5271493212669683 1.1404109589041096 0.0006802721088435375 0.0
0.0006858710562414267 0.5475113122171946 1.1849315068493151 0.0006802721088435375 0.0
0.0006858710562414267 0.49019607843137253 1.1287671232876713 0.002040816326530612 0.0
0.0 0.528657616892911 1.1705479452054794 0.001360544217687075 0.0
0.0 0.5542986425339367 1.1027397260273972 0.0006802721088435375 0.0
0.0006858710562414267 0.5739064856711915 1.1815068493150684 0.0006802721088435375 0.0
0.0 0.5399698340874811 1.2993150684931507 0.0 0.0007012622720897616
0.0 0.60105580693816 1.2650684931506848 0.0006802721088435375 0.0
0.0 0.5475113122171946 1.278082191780822 0.001360544217687075 0.0
0.0 0.5324283559577677 1.2582191780821919 0.002040816326530612 0.0
0.0 0.5384615384615384 1.2965753424657533 0.0006802721088435375 0.0
0.0 0.5407239819004525 1.3232876712328767 0.001360544217687075 0.0
0.0006858710562414267 0.5120663650075414 1.304109589041096 0.001360544217687075 0.0
0.0 0.5143288084464555 1.267123287671233 0.0006802721088435375 0.0007012622720897616
0.0006858710562414267 0.5452488687782806 1.2493150684931507 0.0006802721088435375 0.0
0.0 0.5346907993966817 1.2917808219178084 0.0 0.0
0.0006858710562414267 0.5316742081447964 1.2458904109589042 0.001360544217687075 0.0
0.0 0.5331825037707391 1.3143835616438355 0.001360544217687075 0.0
0.0 0.5437405731523379 1.2493150684931507 0.0006802721088435375 0.0007012622720897616
0.0 0.5558069381598794 1.2698630136986302 0.0006802721088435375 0.0
0.0006858710562414267 0.5294117647058824 1.2684931506849315 0.0006802721088435375 0.0
0.0006858710562414267 0.5037707390648567 1.2383561643835617 0.0 0.0
0.0 0.5279034690799397 1.2863013698630137 0.001360544217687075 0.0
0.0006858710562414267 0.5512820512820512 1.2815068493150685 0.0006802721088435375 0.0
0.0013717421124828533 0.5392156862745098 1.297945205479452 0.0 0.0
0.0 0.5384615384615384 1.2616438356164383 0.0006802721088435375 0.0
0.0013717421124828533 0.5399698340874811 1.241095890410959 0.002040816326530612 0.0
0.0006858710562414267 0.530920060331825 1.3157534246575342 0.0006802721088435375 0.0
0.0 0.585972850678733 1.3034246575342465 0.0006802721088435375 0.0
0.0013717421124828533 0.5542986425339367 1.2246575342465753 0.0 0.0
0.0006858710562414267 0.5180995475113122 1.215753424657534 0.0 0.0
0.0006858710562414267 0.5693815987933635 1.2842465753424657 0.0006802721088435375 0.0
0.0 0.5527903469079939 1.3198630136986302 0.0 0.0
0.00205761316872428 0.557315233785822 1.2356164383561645 0.0006802721088435375 0.0007012622720897616
0.0 0.5301659125188536 1.2465753424657535 0.0006802721088435375 0.0
0.0 0.5678733031674208 1.297945205479452 0.002040816326530612 0.0
0.0 0.557315233785822 1.2958904109589042 0.001360544217687075 0.0
