70.58333333333333 71.84615384615385 72.5 75.42857142857143 72.0
69.75 70.6923076923077 71.4375 73.92857142857143 71.5
69.08333333333333 72.07692307692308 72.1875 74.07142857142857 71.33333333333333
71.08333333333333 72.15384615384615 73.375 75.07142857142857 72.58333333333333
70.25 70.38461538461537 71.6875 73.07142857142857 71.66666666666667
69.08333333333333 68.92307692307692 70.9375 72.21428571428572 70.58333333333333
68.41666666666667 70.92307692307692 71.5 73.28571428571429 71.83333333333333
70.91666666666667 71.38461538461539 72.875 75.5 71.41666666666667
70.66666666666667 71.15384615384615 72.8125 75.64285714285714 73.41666666666667
69.0 70.53846153846153 71.9375 74.71428571428572 72.41666666666667
68.66666666666667 70.76923076923076 70.6875 74.21428571428572 70.5
67.66666666666667 70.23076923076924 70.625 73.21428571428572 70.75
70.91666666666667 71.6923076923077 73.0 76.0 72.5
70.41666666666667 71.38461538461539 72.6875 75.28571428571429 72.08333333333333
71.25 71.84615384615385 72.6875 74.71428571428572 73.08333333333333
70.16666666666667 70.84615384615385 72.1875 73.28571428571429 69.91666666666667
70.16666666666667 69.61538461538463 71.1875 73.64285714285715 71.16666666666667
69.0 70.23076923076924 70.6875 73.85714285714286 71.91666666666667
70.5 70.76923076923076 72.375 74.35714285714286 72.16666666666667
69.5 70.53846153846153 71.8125 73.64285714285715 71.16666666666667
69.16666666666667 69.46153846153847 70.625 72.92857142857143 71.33333333333333
68.91666666666667 69.46153846153847 70.8125 72.85714285714286 70.58333333333333
68.83333333333333 70.84615384615385 71.5625 73.5 71.66666666666667
69.91666666666667 69.61538461538463 70.9375 72.85714285714286 71.66666666666667
69.5 69.76923076923076 71.3125 74.0 71.33333333333333
68.33333333333333 70.46153846153847 71.875 73.5 72.08333333333333
70.58333333333333 70.3076923076923 71.1875 73.57142857142857 70.83333333333333
69.0 71.53846153846153 71.875 75.28571428571429 70.66666666666667
69.83333333333333 70.84615384615385 72.1875 74.14285714285715 72.08333333333333
69.66666666666667 70.46153846153847 72.125 75.35714285714286 72.08333333333333
70.41666666666667 70.15384615384615 71.5 73.78571428571429 72.25
69.83333333333333 71.07692307692308 71.9375 73.92857142857143 71.91666666666667
70.08333333333333 71.07692307692308 72.125 74.0 72.66666666666667
71.25 70.38461538461537 71.9375 74.78571428571429 72.91666666666667
69.5 69.0 71.1875 74.78571428571429 70.25
68.66666666666667 69.0 71.3125 73.71428571428572 71.33333333333333
68.5 68.6923076923077 70.1875 73.28571428571429 70.08333333333333
70.41666666666667 70.84615384615385 71.5625 74.57142857142857 71.75
71.0 71.15384615384615 72.5 73.85714285714286 73.0
69.58333333333333 71.23076923076924 72.9375 74.78571428571429 71.5
69.16666666666667 70.07692307692308 72.3125 74.85714285714286 70.83333333333333
68.66666666666667 68.46153846153847 69.9375 73.0 70.83333333333333
70.91666666666667 71.3076923076923 72.0 74.85714285714286 72.41666666666667
70.5 70.61538461538463 72.5 75.14285714285714 70.66666666666667
69.58333333333333 70.15384615384615 71.625 74.35714285714286 71.58333333333333
68.5 70.3076923076923 71.875 73.5 72.16666666666667
69.25 68.46153846153847 70.5625 73.21428571428572 71.16666666666667
69.25 69.23076923076924 70.75 73.35714285714286 70.75
69.08333333333333 70.15384615384615 70.75 73.0 71.08333333333333
68.58333333333333 69.6923076923077 71.6875 73.07142857142857 71.16666666666667
69.0 69.61538461538463 71.625 74.21428571428572 71.08333333333333
70.33333333333333 70.46153846153847 71.9375 74.0 71.91666666666667
70.25 69.76923076923076 72.5625 75.21428571428572 73.5
70.33333333333333 69.92307692307692 71.625 75.0 72.83333333333333
70.58333333333333 69.76923076923076 71.0625 73.42857142857143 71.66666666666667
68.83333333333333 68.76923076923076 70.75 74.57142857142857 70.5
70.0 69.84615384615385 71.875 75.21428571428572 73.0
71.0 70.76923076923076 71.9375 76.21428571428572 73.25
68.33333333333333 69.76923076923076 72.4375 73.78571428571429 72.5
69.16666666666667 68.76923076923076 70.375 73.5 71.08333333333333
68.66666666666667 68.53846153846153 72.25 74.14285714285715 71.83333333333333
69.16666666666667 69.53846153846153 72.5 74.92857142857143 72.08333333333333
69.0 69.38461538461537 71.4375 74.28571428571429 71.58333333333333
69.58333333333333 68.07692307692308 71.5 73.28571428571429 70.91666666666667
70.75 70.61538461538463 73.125 75.14285714285714 72.08333333333333
69.16666666666667 69.3076923076923 70.6875 72.78571428571429 70.08333333333333
68.08333333333333 68.53846153846153 70.25 73.28571428571429 71.41666666666667
69.66666666666667 69.3076923076923 72.25 75.0 72.91666666666667
71.0 70.23076923076924 72.5 75.35714285714286 73.33333333333333
68.83333333333333 67.6923076923077 70.9375 71.78571428571429 71.66666666666667
69.66666666666667 69.61538461538463 71.4375 75.0 71.75
70.16666666666667 68.38461538461539 71.5 75.35714285714286 72.16666666666667
70.58333333333333 69.07692307692308 71.5625 75.28571428571429 72.75
69.5 69.53846153846153 71.6875 74.92857142857143 73.25
69.58333333333333 67.6923076923077 71.0625 73.64285714285715 72.58333333333333
70.91666666666667 68.23076923076924 71.625 75.14285714285714 72.75
69.0 67.84615384615385 71.375 73.78571428571429 72.33333333333333
69.83333333333333 68.15384615384615 70.625 74.5 71.33333333333333
69.33333333333333 67.0 70.8125 72.92857142857143 71.25
71.66666666666667 69.92307692307692 72.5625 74.28571428571429 71.91666666666667
70.0 69.84615384615385 72.875 76.07142857142857 74.33333333333333
71.08333333333333 68.6923076923077 71.25 74.78571428571429 71.75
69.33333333333333 67.84615384615385 70.9375 73.42857142857143 71.33333333333333
70.16666666666667 67.76923076923077 71.5625 74.0 72.58333333333333
68.5 67.76923076923077 70.625 74.14285714285715 71.75
69.75 68.46153846153847 71.125 73.57142857142857 71.91666666666667
70.91666666666667 68.0 71.5 75.07142857142857 72.91666666666667
69.91666666666667 67.61538461538461 70.875 74.64285714285715 71.33333333333333
70.25 68.15384615384615 71.4375 74.64285714285715 72.91666666666667
70.5 68.07692307692308 71.625 74.71428571428572 72.75
70.91666666666667 67.76923076923077 71.875 75.07142857142857 71.91666666666667
70.33333333333333 65.53846153846153 70.4375 73.57142857142857 71.58333333333333
69.5 66.76923076923077 70.75 74.42857142857143 72.41666666666667
69.58333333333333 66.23076923076923 71.1875 73.85714285714286 70.66666666666667
68.75 66.6923076923077 70.75 74.07142857142857 71.5
70.91666666666667 67.84615384615385 70.4375 75.71428571428572 72.66666666666667
71.41666666666667 67.0 71.25 75.64285714285714 72.33333333333333
69.83333333333333 66.53846153846153 70.5625 73.92857142857143 72.5
69.16666666666667 65.92307692307692 70.0625 73.07142857142857 71.83333333333333
70.08333333333333 65.92307692307692 70.5 74.0 72.33333333333333
68.75 65.3076923076923 69.875 74.07142857142857 71.0
65.58333333333333 65.0 65.5 66.07142857142857 64.58333333333334
65.08333333333334 65.07692307692308 64.5625 65.71428571428571 65.91666666666667
66.58333333333333 64.84615384615384 66.375 65.92857142857143 65.33333333333333
66.16666666666667 65.15384615384616 65.125 66.35714285714285 66.25
68.5 64.53846153846155 69.375 73.21428571428572 71.16666666666667
66.08333333333333 65.15384615384616 66.25 67.0 66.08333333333333
66.83333333333333 65.23076923076923 67.0625 66.85714285714285 65.41666666666667
67.16666666666667 66.6923076923077 66.6875 66.21428571428571 66.0
66.5 66.0 64.8125 65.64285714285714 66.08333333333333
69.33333333333333 66.6923076923077 69.5625 74.14285714285715 72.0
64.83333333333334 64.76923076923077 65.25 65.85714285714285 66.08333333333333
65.83333333333333 66.07692307692308 65.5625 66.0 64.91666666666666
65.75 65.46153846153845 65.5625 65.71428571428571 65.75
65.41666666666667 65.07692307692308 65.5625 65.92857142857143 65.5
68.66666666666667 64.46153846153845 70.625 73.57142857142857 71.33333333333333
65.5 65.38461538461539 66.0 66.21428571428571 65.75
66.08333333333333 65.61538461538461 66.5 67.42857142857143 65.83333333333333
66.33333333333333 65.84615384615384 66.5 66.35714285714285 66.5
66.5 65.07692307692308 66.625 65.92857142857143 65.83333333333333
68.91666666666667 67.92307692307692 71.3125 75.57142857142857 71.5
67.33333333333333 66.15384615384616 65.375 66.57142857142857 66.83333333333333
66.58333333333333 65.3076923076923 65.75 65.57142857142857 65.5
67.41666666666667 65.92307692307692 66.5625 66.57142857142857 67.16666666666667
68.41666666666667 66.76923076923077 65.3125 67.35714285714285 66.16666666666667
66.08333333333333 65.15384615384616 64.9375 65.21428571428571 65.0
67.0 66.53846153846153 66.125 66.57142857142857 67.91666666666667
67.41666666666667 66.53846153846153 66.4375 67.0 66.33333333333333
66.08333333333333 64.53846153846155 64.6875 65.42857142857143 67.0
67.0 65.92307692307692 67.1875 66.71428571428571 65.25
66.91666666666667 65.46153846153845 65.3125 66.42857142857143 66.41666666666667
69.91666666666667 67.23076923076923 70.875 75.07142857142857 73.75
68.16666666666667 66.0 69.125 74.35714285714286 71.0
68.41666666666667 65.76923076923077 69.6875 73.64285714285715 71.75
71.25 67.07692307692308 71.6875 75.57142857142857 73.33333333333333
68.66666666666667 65.6923076923077 70.5 75.0 72.25
69.16666666666667 66.07692307692308 69.3125 74.5 72.5
69.16666666666667 66.46153846153847 69.0 73.14285714285715 72.58333333333333
69.25 66.6923076923077 69.9375 74.5 72.83333333333333
68.0 67.76923076923077 69.625 74.14285714285715 72.25
69.08333333333333 67.3076923076923 69.875 75.14285714285714 70.75
70.91666666666667 67.61538461538461 70.8125 75.21428571428572 71.75
69.0 67.15384615384615 70.1875 73.71428571428572 72.0
68.66666666666667 65.92307692307692 69.9375 73.57142857142857 71.66666666666667
69.41666666666667 65.46153846153845 68.5625 73.14285714285715 70.91666666666667
70.08333333333333 67.15384615384615 70.6875 75.42857142857143 73.91666666666667
70.83333333333333 68.15384615384615 70.75 75.14285714285714 72.66666666666667
67.83333333333333 65.84615384615384 68.3125 73.92857142857143 70.66666666666667
68.33333333333333 66.07692307692308 70.0625 73.92857142857143 70.66666666666667
70.08333333333333 66.3076923076923 67.9375 73.78571428571429 72.75
70.75 67.23076923076923 69.1875 75.14285714285714 73.16666666666667
68.25 66.15384615384616 68.5 74.64285714285715 72.25
69.08333333333333 64.46153846153845 67.875 73.85714285714286 71.75
70.25 67.92307692307692 68.0625 73.64285714285715 73.33333333333333
69.58333333333333 65.92307692307692 67.25 73.71428571428572 72.08333333333333
69.08333333333333 65.76923076923077 67.3125 73.5 71.41666666666667
69.0 66.53846153846153 66.6875 74.5 73.41666666666667
69.08333333333333 64.84615384615384 66.375 74.42857142857143 71.25
68.66666666666667 64.61538461538461 65.9375 73.78571428571429 72.08333333333333
68.5 66.0 65.5625 74.71428571428572 71.75
69.5 66.0 65.0 75.07142857142857 72.5
68.66666666666667 65.15384615384616 65.125 73.21428571428572 71.75
69.16666666666667 65.61538461538461 64.9375 75.14285714285714 72.0
70.41666666666667 66.23076923076923 65.0625 74.14285714285715 72.33333333333333
69.33333333333333 65.84615384615384 63.25 75.5 73.25
70.0 64.84615384615384 61.9375 75.21428571428572 72.33333333333333
69.91666666666667 66.15384615384616 63.93749999999999 75.92857142857143 72.58333333333333
68.0 63.769230769230774 61.25 73.78571428571429 72.08333333333333
69.75 64.61538461538461 60.75 75.64285714285714 72.58333333333333
68.41666666666667 63.230769230769226 59.0 75.07142857142857 72.0
69.33333333333333 64.92307692307692 58.0 75.35714285714286 71.66666666666667
68.91666666666667 63.3076923076923 56.5 73.14285714285715 73.75
70.16666666666667 64.15384615384616 56.0 74.71428571428572 73.75
71.08333333333333 65.0 56.6875 76.07142857142857 74.41666666666667
71.75 64.84615384615384 55.8125 75.0 74.16666666666667
69.08333333333333 63.692307692307686 54.0625 75.21428571428572 73.5
71.25 65.07692307692308 54.9375 74.35714285714286 74.83333333333333
69.25 64.53846153846155 52.9375 75.64285714285714 73.58333333333333
69.5 62.46153846153847 51.875 74.71428571428572 72.91666666666667
68.91666666666667 61.30769230769231 49.8125 74.14285714285715 72.66666666666667
70.75 62.692307692307686 49.75 76.07142857142857 74.08333333333333
69.08333333333333 61.0 45.875 74.85714285714286 73.41666666666667
71.08333333333333 63.38461538461539 45.25 76.92857142857143 74.16666666666667
71.08333333333333 62.692307692307686 44.375 75.35714285714286 74.16666666666667
69.83333333333333 60.0 40.0 74.07142857142857 74.91666666666667
71.58333333333333 60.69230769230769 40.3125 74.92857142857143 74.83333333333333
68.75 60.53846153846154 38.1875 75.07142857142857 72.91666666666667
69.58333333333333 60.76923076923077 36.9375 75.71428571428572 74.58333333333333
69.58333333333333 59.61538461538462 34.3125 76.92857142857143 74.75
72.0 62.230769230769226 35.375 77.0 75.75
71.91666666666667 62.230769230769226 35.25 76.92857142857143 74.66666666666667
70.25 60.92307692307692 32.4375 76.57142857142857 74.08333333333333
71.25 58.61538461538462 28.3125 75.64285714285714 76.16666666666666
71.0 59.0 25.9375 75.92857142857143 75.75
71.66666666666667 58.07692307692307 23.9375 76.14285714285714 76.33333333333334
71.16666666666667 58.15384615384615 22.3125 76.5 75.83333333333334
70.66666666666667 58.23076923076923 17.8125 76.35714285714286 75.66666666666666
71.75 57.0 16.25 76.78571428571429 76.33333333333334
70.75 56.30769230769231 13.5625 75.14285714285714 76.16666666666666
71.58333333333333 56.69230769230769 12.125 76.35714285714286 76.5
70.75 53.69230769230769 9.0625 76.42857142857143 76.33333333333334
72.41666666666667 57.53846153846154 10.4375 78.07142857142857 76.83333333333334
72.08333333333333 54.69230769230769 7.375 77.0 76.91666666666666
72.33333333333333 53.38461538461539 6.875 75.78571428571429 78.0
72.0 56.0 7.125 78.0 78.08333333333334
71.33333333333333 52.69230769230769 5.625 76.35714285714286 76.66666666666666
72.08333333333333 53.230769230769226 6.0625 77.35714285714286 78.0
72.33333333333333 53.61538461538461 5.25 77.0 77.66666666666666
71.33333333333333 52.61538461538461 5.125 77.0 77.91666666666666
70.75 53.30769230769231 5.125 76.14285714285714 77.25
72.75 54.61538461538461 5.6875 77.42857142857143 78.33333333333334
71.41666666666667 52.0 4.875 76.5 77.08333333333334
71.75 51.46153846153846 5.5 75.28571428571429 77.08333333333334
73.16666666666667 54.61538461538461 5.0 77.0 78.66666666666666
72.5 53.230769230769226 5.5625 76.28571428571429 77.41666666666666
72.41666666666667 52.92307692307692 3.875 76.64285714285714 77.91666666666666
72.5 53.769230769230774 4.6875 77.14285714285714 78.58333333333334
72.66666666666667 52.38461538461539 5.5 76.78571428571429 78.16666666666666
72.41666666666667 52.69230769230769 5.75 75.78571428571429 77.58333333333334
71.83333333333333 51.76923076923077 4.375 75.78571428571429 76.91666666666666
71.58333333333333 52.46153846153846 4.0 75.5 76.83333333333334
72.08333333333333 53.84615384615385 4.75 76.14285714285714 77.25
71.83333333333333 52.53846153846154 4.375 76.28571428571429 77.41666666666666
72.75 52.69230769230769 5.125 76.21428571428572 77.16666666666666
71.66666666666667 53.38461538461539 5.6875 76.64285714285714 78.0
71.58333333333333 51.307692307692314 4.9375 76.42857142857143 77.5
71.91666666666667 52.69230769230769 5.1875 75.71428571428572 77.91666666666666
72.33333333333333 53.07692307692308 5.3125 76.57142857142857 77.5
70.91666666666667 52.92307692307692 4.5 75.92857142857143 76.58333333333334
71.5 52.15384615384615 4.75 75.57142857142857 76.58333333333334
