32935.000 -0.400 -0.400 0.409
32936.000 -0.400 -0.331 0.365
32937.000 -0.400 -0.262 0.097
32938.000 -0.400 -0.192 0.402
32939.000 -0.400 -0.123 0.084
32940.000 -0.400 -0.054 0.215
32941.000 -0.400 0.015 0.059
32942.000 -0.400 0.085 0.215
32943.000 -0.400 0.154 0.468
32944.000 -0.400 0.223 0.165
32945.000 -0.400 0.292 0.456
32946.000 -0.400 0.362 0.111
32947.000 -0.400 0.431 0.429
32948.000 -0.331 -0.400 0.003
32949.000 -0.331 -0.331 0.017
32950.000 -0.331 -0.262 0.225
32951.000 -0.331 -0.192 0.472
32952.000 -0.331 -0.123 0.455
32953.000 -0.331 -0.054 0.263
32954.000 -0.331 0.015 0.416
32955.000 -0.331 0.085 0.175
32956.000 -0.331 0.154 0.280
32957.000 -0.331 0.223 0.053
32958.000 -0.331 0.292 0.499
32959.000 -0.331 0.362 0.112
32960.000 -0.331 0.431 0.171
32961.000 -0.262 -0.400 0.382
32962.000 -0.262 -0.331 0.132
32963.000 -0.262 -0.262 0.470
32964.000 -0.262 -0.192 0.456
32965.000 -0.262 -0.123 0.343
32966.000 -0.262 -0.054 0.101
32967.000 -0.262 0.015 0.201
32968.000 -0.262 0.085 0.397
32969.000 -0.262 0.154 0.462
32970.000 -0.262 0.223 0.367
32971.000 -0.262 0.292 0.408
32972.000 -0.262 0.362 0.461
32973.000 -0.262 0.431 0.065
32974.000 -0.192 -0.400 0.383
32975.000 -0.192 -0.331 0.250
32976.000 -0.192 -0.262 0.111
32977.000 -0.192 -0.192 0.154
32978.000 -0.192 -0.123 0.287
32979.000 -0.192 -0.054 0.471
32980.000 -0.192 0.015 0.027
32981.000 -0.192 0.085 0.098
32982.000 -0.192 0.154 0.410
32983.000 -0.192 0.223 0.028
32984.000 -0.192 0.292 0.165
32985.000 -0.192 0.362 0.385
32986.000 -0.192 0.431 0.375
32987.000 -0.123 -0.400 0.422
32988.000 -0.123 -0.331 0.054
32989.000 -0.123 -0.262 0.315
32990.000 -0.123 -0.192 0.178
32991.000 -0.123 -0.123 0.141
32992.000 -0.123 -0.054 0.323
32993.000 -0.123 0.015 0.412
32994.000 -0.123 0.085 0.436
32995.000 -0.123 0.154 0.428
32996.000 -0.123 0.223 0.064
32997.000 -0.123 0.292 0.370
32998.000 -0.123 0.362 0.107
32999.000 -0.123 0.431 0.104
33000.000 -0.054 -0.400 0.008
33001.000 -0.054 -0.331 0.060
33002.000 -0.054 -0.262 0.347
33003.000 -0.054 -0.192 0.031
33004.000 -0.054 -0.123 0.312
33005.000 -0.054 -0.054 0.169
33006.000 -0.054 0.015 0.452
33007.000 -0.054 0.085 0.024
33008.000 -0.054 0.154 0.249
33009.000 -0.054 0.223 0.070
33010.000 -0.054 0.292 0.363
33011.000 -0.054 0.362 0.456
33012.000 -0.054 0.431 0.355
33013.000 0.015 -0.400 0.208
33014.000 0.015 -0.331 0.262
33015.000 0.015 -0.262 0.284
33016.000 0.015 -0.192 0.035
33017.000 0.015 -0.123 0.176
33018.000 0.015 -0.054 0.248
33019.000 0.015 0.015 0.196
33020.000 0.015 0.085 0.199
33021.000 0.015 0.154 0.368
33022.000 0.015 0.223 0.205
33023.000 0.015 0.292 0.164
33024.000 0.015 0.362 0.470
33025.000 0.015 0.431 0.470
33026.000 0.085 -0.400 0.453
33027.000 0.085 -0.331 0.212
33028.000 0.085 -0.262 0.414
33029.000 0.085 -0.192 0.460
33030.000 0.085 -0.123 0.134
33031.000 0.085 -0.054 0.307
33032.000 0.085 0.015 0.297
33033.000 0.085 0.085 0.306
33034.000 0.085 0.154 0.091
33035.000 0.085 0.223 0.446
33036.000 0.085 0.292 0.075
33037.000 0.085 0.362 0.273
33038.000 0.085 0.431 0.098
33039.000 0.154 -0.400 0.327
33040.000 0.154 -0.331 0.287
33041.000 0.154 -0.262 0.193
33042.000 0.154 -0.192 0.462
33043.000 0.154 -0.123 0.179
33044.000 0.154 -0.054 0.168
33045.000 0.154 0.015 0.297
33046.000 0.154 0.085 0.201
33047.000 0.154 0.154 0.359
33048.000 0.154 0.223 0.230
33049.000 0.154 0.292 0.394
33050.000 0.154 0.362 0.414
33051.000 0.154 0.431 0.168
33052.000 0.223 -0.400 0.063
33053.000 0.223 -0.331 0.196
33054.000 0.223 -0.262 0.037
33055.000 0.223 -0.192 0.415
33056.000 0.223 -0.123 0.176
33057.000 0.223 -0.054 0.424
33058.000 0.223 0.015 0.331
33059.000 0.223 0.085 0.248
33060.000 0.223 0.154 0.098
33061.000 0.223 0.223 0.194
33062.000 0.223 0.292 0.183
33063.000 0.223 0.362 0.485
33064.000 0.223 0.431 0.078
33065.000 0.292 -0.400 0.366
33066.000 0.292 -0.331 0.445
33067.000 0.292 -0.262 0.087
33068.000 0.292 -0.192 0.412
33069.000 0.292 -0.123 0.190
33070.000 0.292 -0.054 0.244
33071.000 0.292 0.015 0.063
33072.000 0.292 0.085 0.367
33073.000 0.292 0.154 0.233
33074.000 0.292 0.223 0.111
33075.000 0.292 0.292 0.131
33076.000 0.292 0.362 0.044
33077.000 0.292 0.431 0.202
33078.000 0.362 -0.331 0.343
33079.000 0.362 -0.262 0.104
33080.000 0.362 -0.192 0.103
33081.000 0.362 -0.123 0.181
33082.000 0.362 -0.054 0.032
33083.000 0.362 0.015 0.385
33084.000 0.362 0.085 0.307
33085.000 0.362 0.154 0.189
33086.000 0.362 0.223 0.378
33087.000 0.362 0.292 0.186
33088.000 0.362 0.362 0.350
33089.000 0.362 0.431 0.403
33090.000 0.431 -0.400 0.306
33091.000 0.431 -0.331 0.236
33092.000 0.431 -0.262 0.120
33093.000 0.431 -0.192 0.217
33094.000 0.431 -0.123 0.017
33095.000 0.431 -0.054 0.002
33096.000 0.431 0.015 0.459
33097.000 0.431 0.085 0.363
33098.000 0.431 0.154 0.320
33099.000 0.431 0.223 0.396
33100.000 0.431 0.292 0.054
33101.000 0.431 0.362 0.394
33102.000 0.431 0.431 0.380
