83.88888888888889 82.8 83.875 86.8 86.11111111111111
84.44444444444444 82.8 84.625 85.8 85.22222222222223
84.11111111111111 82.69999999999999 85.25 87.3 86.22222222222223
83.77777777777779 81.8 84.875 87.2 86.0
83.77777777777779 81.10000000000001 85.0 85.4 84.88888888888889
83.11111111111111 80.9 83.625 84.6 83.88888888888889
84.0 82.69999999999999 84.625 86.9 86.33333333333333
84.88888888888889 81.5 84.75 85.9 84.88888888888889
84.77777777777777 82.8 84.375 85.9 86.0
83.77777777777779 81.9 84.125 86.4 85.55555555555556
83.77777777777779 80.4 81.875 85.4 86.0
83.55555555555554 80.4 84.125 86.0 85.66666666666667
84.55555555555556 82.19999999999999 82.875 86.0 85.11111111111111
85.44444444444444 81.8 83.875 87.7 86.77777777777777
83.77777777777779 82.5 82.75 86.3 85.55555555555556
83.33333333333333 80.8 81.875 86.5 84.66666666666667
83.66666666666667 80.60000000000001 83.75 85.4 84.88888888888889
83.88888888888889 80.9 82.875 87.0 84.88888888888889
85.0 81.0 84.875 87.3 86.0
83.44444444444444 80.8 83.125 86.7 83.66666666666667
83.11111111111111 79.8 82.125 86.1 85.0
84.11111111111111 79.69999999999999 82.75 85.4 85.55555555555556
84.44444444444444 81.19999999999999 83.625 86.2 85.33333333333333
83.33333333333333 80.60000000000001 83.125 85.6 85.22222222222223
84.33333333333333 80.3 84.375 85.7 85.55555555555556
82.66666666666667 80.10000000000001 83.875 86.6 85.55555555555556
83.55555555555554 81.19999999999999 83.5 86.3 85.55555555555556
84.22222222222223 81.0 83.25 86.8 86.77777777777777
83.22222222222223 81.19999999999999 84.125 87.0 84.88888888888889
83.66666666666667 80.0 82.5 87.3 85.66666666666667
83.77777777777779 79.5 83.125 86.1 85.11111111111111
84.66666666666667 79.5 84.625 85.2 85.55555555555556
84.22222222222223 79.2 84.625 86.9 86.11111111111111
84.77777777777777 79.5 82.375 85.9 86.55555555555556
83.88888888888889 78.39999999999999 82.875 86.2 84.88888888888889
83.55555555555554 79.10000000000001 83.375 87.1 85.0
83.33333333333333 77.5 81.0 85.3 84.88888888888889
84.0 79.10000000000001 82.625 87.2 86.55555555555556
84.66666666666667 78.8 83.375 86.6 85.77777777777777
84.22222222222223 78.39999999999999 84.25 86.8 85.66666666666667
83.66666666666667 75.80000000000001 83.75 85.6 84.88888888888889
83.44444444444444 77.8 82.25 84.4 84.22222222222223
84.55555555555556 77.39999999999999 83.125 87.2 85.77777777777777
82.55555555555554 76.8 82.75 85.7 85.0
83.77777777777779 78.60000000000001 82.625 86.7 86.0
83.11111111111111 77.7 81.625 86.2 85.0
83.11111111111111 75.2 81.625 85.4 84.55555555555556
83.0 76.2 82.5 85.2 84.77777777777777
83.44444444444444 76.5 82.875 86.5 84.44444444444444
83.22222222222223 74.5 81.25 86.0 85.44444444444444
83.55555555555554 75.0 81.75 85.8 85.11111111111111
84.66666666666667 75.0 80.75 86.0 85.0
84.11111111111111 75.2 81.75 87.3 85.88888888888889
83.11111111111111 75.0 81.125 85.5 85.88888888888889
83.44444444444444 73.5 81.75 86.8 84.22222222222223
83.33333333333333 72.2 79.875 86.6 85.11111111111111
84.88888888888889 73.1 81.0 86.1 86.55555555555556
84.55555555555556 73.89999999999999 82.375 87.6 86.0
83.44444444444444 74.2 81.875 86.8 85.55555555555556
82.1111111111111 70.9 80.625 85.7 84.66666666666667
83.55555555555554 70.8 80.125 86.7 85.22222222222223
84.22222222222223 71.9 80.0 86.5 85.66666666666667
83.55555555555554 69.1 79.125 86.3 85.66666666666667
84.0 68.4 80.0 86.2 85.88888888888889
83.33333333333333 71.2 80.375 86.2 85.44444444444444
82.77777777777779 69.1 80.625 85.1 84.22222222222223
83.44444444444444 67.10000000000001 79.625 85.9 84.44444444444444
84.66666666666667 69.0 81.25 86.8 86.88888888888889
84.44444444444444 67.5 80.625 87.1 84.88888888888889
82.77777777777779 68.3 78.875 85.3 84.77777777777777
83.77777777777779 67.2 79.5 86.6 85.55555555555556
83.44444444444444 68.0 79.75 86.8 85.55555555555556
84.44444444444444 65.60000000000001 79.375 86.6 86.44444444444444
84.11111111111111 68.6 80.0 86.6 85.88888888888889
83.44444444444444 64.8 78.375 86.2 86.11111111111111
84.22222222222223 64.60000000000001 77.75 87.3 86.66666666666667
82.77777777777779 65.3 79.75 86.0 85.0
83.55555555555554 63.70000000000001 78.5 86.9 85.11111111111111
82.44444444444444 63.5 78.875 86.3 83.88888888888889
84.11111111111111 63.4 78.875 87.2 85.77777777777777
84.0 64.9 79.375 87.4 85.33333333333333
84.0 63.0 77.875 85.7 84.55555555555556
82.88888888888889 61.699999999999996 77.375 86.2 85.33333333333333
82.88888888888889 60.0 77.625 86.3 85.88888888888889
83.33333333333333 57.2 77.125 86.4 86.33333333333333
82.33333333333333 57.9 76.75 86.5 84.88888888888889
84.55555555555556 56.9 76.75 86.1 86.55555555555556
83.33333333333333 56.0 75.875 85.8 83.55555555555554
83.22222222222223 57.3 77.25 86.8 84.44444444444444
83.33333333333333 55.4 76.75 86.7 85.88888888888889
84.22222222222223 55.599999999999994 77.125 86.8 86.0
83.77777777777779 51.3 73.625 85.8 85.88888888888889
82.66666666666667 51.7 74.75 85.4 86.0
83.66666666666667 50.6 74.625 86.5 84.66666666666667
82.88888888888889 50.4 75.25 86.3 85.88888888888889
83.66666666666667 51.8 75.0 87.5 86.66666666666667
83.88888888888889 48.800000000000004 75.25 87.8 86.88888888888889
83.88888888888889 48.099999999999994 73.375 86.1 85.33333333333333
82.66666666666667 46.300000000000004 73.0 86.5 86.44444444444444
83.66666666666667 43.2 72.375 86.2 85.88888888888889
82.1111111111111 44.900000000000006 72.5 85.4 84.88888888888889
81.1111111111111 76.39999999999999 79.375 81.4 80.88888888888889
82.1111111111111 77.0 79.875 80.9 81.22222222222223
81.44444444444444 75.80000000000001 79.875 81.60000000000001 81.44444444444444
81.66666666666667 77.39999999999999 80.375 81.60000000000001 80.55555555555556
82.77777777777779 41.9 71.875 85.7 84.44444444444444
81.33333333333333 77.3 80.0 82.69999999999999 82.1111111111111
80.77777777777779 77.5 79.625 81.10000000000001 81.44444444444444
82.1111111111111 77.10000000000001 78.625 81.60000000000001 80.66666666666666
80.88888888888889 76.2 79.0 81.4 81.1111111111111
82.77777777777779 51.4 71.625 85.4 86.44444444444444
81.44444444444444 77.2 79.75 81.10000000000001 80.33333333333334
81.55555555555556 76.6 80.375 81.9 81.1111111111111
81.55555555555556 76.0 79.0 81.3 82.1111111111111
80.77777777777779 78.39999999999999 79.5 81.9 80.88888888888889
83.0 39.699999999999996 71.875 85.0 85.55555555555556
80.77777777777779 76.2 77.5 81.10000000000001 81.22222222222223
81.88888888888889 76.6 79.375 82.19999999999999 81.88888888888889
81.66666666666667 76.39999999999999 79.5 82.60000000000001 81.55555555555556
81.66666666666667 76.1 79.625 81.4 81.77777777777779
83.44444444444444 53.6 71.125 86.2 86.66666666666667
80.88888888888889 76.5 80.25 81.3 81.55555555555556
80.66666666666666 75.80000000000001 79.25 82.0 81.22222222222223
81.1111111111111 77.5 79.625 81.9 82.0
82.1111111111111 76.6 80.0 81.8 82.1111111111111
82.0 77.2 79.75 81.10000000000001 82.77777777777779
82.0 77.60000000000001 80.25 82.4 82.33333333333333
82.1111111111111 76.8 80.125 82.10000000000001 83.11111111111111
82.1111111111111 77.10000000000001 79.25 81.60000000000001 80.22222222222223
80.88888888888889 77.3 80.875 82.3 81.44444444444444
81.33333333333333 76.5 79.25 80.8 81.66666666666667
83.88888888888889 51.7 71.25 86.1 85.88888888888889
83.0 49.7 71.0 85.2 86.88888888888889
82.77777777777779 52.1 71.125 84.8 84.88888888888889
84.33333333333333 50.8 72.625 86.4 86.44444444444444
83.44444444444444 51.3 70.375 86.2 85.44444444444444
83.77777777777779 49.9 70.125 86.5 85.88888888888889
83.22222222222223 50.9 69.0 86.1 85.22222222222223
82.77777777777779 52.0 70.5 86.4 86.22222222222223
83.11111111111111 50.5 70.875 85.7 86.55555555555556
83.33333333333333 51.7 69.25 85.1 85.22222222222223
83.88888888888889 51.1 70.0 85.9 86.11111111111111
82.77777777777779 52.699999999999996 70.0 86.2 85.77777777777777
83.66666666666667 48.2 69.625 87.0 85.77777777777777
83.0 52.0 69.75 84.8 84.77777777777777
84.11111111111111 53.699999999999996 71.75 87.0 86.0
84.22222222222223 52.900000000000006 71.0 87.2 85.55555555555556
82.77777777777779 52.5 70.25 86.0 85.44444444444444
83.77777777777779 50.8 71.5 86.1 85.44444444444444
82.33333333333333 51.2 70.5 86.5 86.77777777777777
83.88888888888889 52.8 70.0 86.8 86.0
83.88888888888889 52.5 70.75 86.0 86.11111111111111
83.22222222222223 50.7 71.75 87.3 86.22222222222223
82.33333333333333 55.0 71.125 87.9 86.11111111111111
82.66666666666667 51.8 70.375 85.8 85.44444444444444
82.44444444444444 51.5 70.25 85.4 85.66666666666667
83.33333333333333 51.5 70.5 87.6 85.11111111111111
82.55555555555554 53.1 70.0 86.4 85.22222222222223
83.44444444444444 51.1 71.25 85.1 84.55555555555556
82.88888888888889 52.2 69.875 85.7 85.44444444444444
83.22222222222223 51.7 68.875 86.8 86.88888888888889
83.44444444444444 52.0 70.5 86.4 85.44444444444444
83.88888888888889 51.9 69.5 86.1 86.55555555555556
82.1111111111111 51.1 70.25 86.6 86.0
83.55555555555554 53.199999999999996 68.25 87.0 86.33333333333333
83.66666666666667 51.8 68.0 86.2 85.88888888888889
83.55555555555554 52.8 70.25 87.7 87.55555555555556
82.55555555555554 52.0 69.625 86.1 85.55555555555556
83.22222222222223 53.6 69.125 87.2 86.0
84.11111111111111 55.1 69.25 86.9 86.88888888888889
83.55555555555554 52.5 69.375 86.1 87.22222222222223
83.33333333333333 52.699999999999996 68.5 86.9 85.22222222222223
84.33333333333333 53.400000000000006 69.125 87.4 86.22222222222223
84.22222222222223 53.699999999999996 69.125 88.1 86.88888888888889
83.77777777777779 54.6 70.5 87.4 86.77777777777777
82.88888888888889 55.7 69.375 87.3 86.77777777777777
83.77777777777779 54.0 68.625 88.3 86.66666666666667
83.11111111111111 55.1 68.0 87.0 86.66666666666667
83.33333333333333 53.900000000000006 68.0 87.2 85.88888888888889
83.22222222222223 53.3 67.5 87.1 85.33333333333333
85.44444444444444 53.900000000000006 68.375 87.9 86.77777777777777
84.33333333333333 55.4 67.625 86.6 87.44444444444444
84.0 56.300000000000004 67.25 87.5 85.77777777777777
84.77777777777777 54.6 67.75 88.0 87.22222222222223
84.44444444444444 54.1 65.375 87.4 87.66666666666667
83.55555555555554 53.3 67.0 87.1 85.77777777777777
83.0 53.199999999999996 64.75 87.0 86.55555555555556
84.44444444444444 55.800000000000004 65.125 89.0 88.11111111111111
84.66666666666667 56.0 64.625 88.2 86.66666666666667
84.33333333333333 55.0 65.75 88.3 87.55555555555556
85.11111111111111 56.099999999999994 64.75 88.8 87.0
84.33333333333333 55.4 64.5 88.2 86.66666666666667
84.44444444444444 55.300000000000004 64.25 89.0 86.88888888888889
84.22222222222223 55.0 65.125 89.5 88.33333333333333
84.77777777777777 55.7 64.375 89.1 88.22222222222221
84.66666666666667 55.9 61.5 88.9 89.44444444444444
84.11111111111111 56.2 62.375 89.30000000000001 88.33333333333333
85.33333333333333 53.900000000000006 59.625 90.39999999999999 88.88888888888889
84.11111111111111 52.699999999999996 59.0 89.80000000000001 87.77777777777777
84.77777777777777 56.2 60.625 89.30000000000001 88.0
84.44444444444444 53.6 56.375 89.7 87.33333333333333
85.77777777777777 57.4 57.5 90.7 90.0
85.22222222222223 56.599999999999994 58.125 90.1 87.88888888888889
86.0 54.9 57.625 89.89999999999999 88.44444444444446
85.22222222222223 57.2 56.875 91.1 90.11111111111111
85.0 55.0 55.375 90.39999999999999 88.77777777777777
84.88888888888889 55.9 56.0 90.5 89.22222222222221
86.22222222222223 55.5 54.625 91.0 89.66666666666667
85.66666666666667 55.7 55.0 90.7 88.55555555555556
85.22222222222223 55.300000000000004 52.5 91.0 88.88888888888889
86.0 56.0 55.0 90.5 89.0
84.66666666666667 54.5 53.5 90.2 89.11111111111111
85.66666666666667 56.9 52.625 90.2 88.66666666666667
85.66666666666667 56.9 55.125 91.2 89.77777777777777
85.44444444444444 55.800000000000004 54.5 91.0 88.44444444444446
85.11111111111111 56.9 52.625 90.39999999999999 89.33333333333333
85.66666666666667 56.800000000000004 54.625 91.2 90.55555555555556
85.33333333333333 56.599999999999994 54.375 90.30000000000001 88.66666666666667
86.55555555555556 55.800000000000004 54.625 90.39999999999999 89.22222222222221
84.44444444444444 55.7 52.25 90.6 88.88888888888889
84.66666666666667 54.300000000000004 54.125 90.30000000000001 87.77777777777777
85.55555555555556 54.699999999999996 53.25 90.5 88.88888888888889
85.88888888888889 56.099999999999994 54.875 90.30000000000001 88.66666666666667
86.33333333333333 55.9 54.25 90.39999999999999 88.44444444444446
85.33333333333333 57.3 55.625 90.1 88.33333333333333
83.77777777777779 54.1 53.75 89.80000000000001 88.44444444444446
85.11111111111111 56.0 54.625 89.89999999999999 88.77777777777777
85.22222222222223 56.7 56.0 90.80000000000001 89.11111111111111
85.55555555555556 56.7 53.625 90.80000000000001 89.44444444444444
84.22222222222223 53.699999999999996 51.375 90.0 88.33333333333333
