0.0014992503748125937 0.11898016997167138 0.04667609618104667 0.0014285714285714286 0.0
0.0 0.15864022662889518 0.033946251768033946 0.002857142857142857 0.0
0.0 0.14447592067988668 0.03536067892503536 0.0 0.0
0.004497751124437781 0.14872521246458925 0.055162659123055166 0.0 0.0
0.0029985007496251873 0.16430594900849857 0.055162659123055166 0.0 0.0
0.0029985007496251873 0.11614730878186968 0.042432814710042434 0.0014285714285714286 0.0
0.0029985007496251873 0.1388101983002833 0.042432814710042434 0.0 0.0
0.0029985007496251873 0.14589235127478753 0.056577086280056574 0.0014285714285714286 0.0
0.0014992503748125937 0.14872521246458925 0.056577086280056574 0.0 0.0
0.0 0.14872521246458925 0.04809052333804809 0.0014285714285714286 0.0
0.0 0.13597733711048157 0.06364922206506364 0.0014285714285714286 0.0
0.0 0.13031161473087818 0.05233380480905234 0.0 0.0
0.0014992503748125937 0.13739376770538242 0.06647807637906648 0.0014285714285714286 0.0
0.0 0.17705382436260625 0.03818953323903819 0.0014285714285714286 0.0
0.0014992503748125937 0.11189801699716713 0.039603960396039604 0.0014285714285714286 0.0
0.0014992503748125937 0.15014164305949007 0.0594059405940594 0.0 0.0013966480446927375
0.0014992503748125937 0.14022662889518414 0.057991513437057995 0.0014285714285714286 0.0
0.0014992503748125937 0.1388101983002833 0.06223479490806224 0.0 0.0
0.0 0.1104815864022663 0.053748231966053744 0.0014285714285714286 0.0013966480446927375
0.0014992503748125937 0.13456090651558075 0.04101838755304102 0.0 0.0013966480446927375
0.0 0.11756373937677055 0.06223479490806224 0.0 0.0
0.0 0.13597733711048157 0.04384724186704384 0.0 0.0
0.0029985007496251873 0.12889518413597734 0.04526166902404526 0.0 0.0013966480446927375
0.0 0.1558073654390935 0.05091937765205092 0.0014285714285714286 0.0
0.0014992503748125937 0.1331444759206799 0.05233380480905234 0.0 0.0
0.0 0.14305949008498584 0.060820367751060825 0.0 0.0
0.0 0.13031161473087818 0.060820367751060825 0.0 0.0
0.0014992503748125937 0.11331444759206799 0.04809052333804809 0.0 0.0
0.0 0.15439093484419264 0.06506364922206506 0.0 0.0
0.0014992503748125937 0.15864022662889518 0.042432814710042434 0.0 0.0
0.0014992503748125937 0.1784702549575071 0.05091937765205092 0.0 0.0
0.0 0.10764872521246459 0.06223479490806224 0.0 0.0
0.0029985007496251873 0.13031161473087818 0.07213578500707214 0.0 0.0
0.0014992503748125937 0.12181303116147309 0.06506364922206506 0.0 0.0013966480446927375
0.0014992503748125937 0.12181303116147309 0.0594059405940594 0.0 0.0
0.0014992503748125937 0.1274787535410765 0.05233380480905234 0.0 0.0
0.0 0.12181303116147309 0.053748231966053744 0.0 0.0
0.0014992503748125937 0.1246458923512748 0.053748231966053744 0.0 0.0013966480446927375
0.0 0.13456090651558075 0.05233380480905234 0.0 0.0
0.004497751124437781 0.15155807365439092 0.055162659123055166 0.0014285714285714286 0.0
0.0014992503748125937 0.15155807365439092 0.07072135785007072 0.0 0.0
0.0029985007496251873 0.13456090651558075 0.06789250353606789 0.0 0.0
0.0 0.12606232294617564 0.05233380480905234 0.002857142857142857 0.0
0.004497751124437781 0.16005665722379603 0.05091937765205092 0.0 0.0
0.0 0.13597733711048157 0.0594059405940594 0.0014285714285714286 0.0
0.0014992503748125937 0.09490084985835694 0.055162659123055166 0.002857142857142857 0.0
0.004497751124437781 0.141643059490085 0.04384724186704384 0.0014285714285714286 0.0013966480446927375
0.0014992503748125937 0.08781869688385269 0.042432814710042434 0.0014285714285714286 0.0
0.0029985007496251873 0.09490084985835694 0.04667609618104667 0.0014285714285714286 0.0
0.0 0.13172804532577903 0.06506364922206506 0.0 0.0013966480446927375
0.0014992503748125937 0.11331444759206799 0.036775106082036775 0.0 0.0
0.0014992503748125937 0.14305949008498584 0.04667609618104667 0.0 0.0
0.0014992503748125937 0.1388101983002833 0.05233380480905234 0.0 0.0
0.0 0.11756373937677055 0.07496463932107497 0.0 0.0
0.004497751124437781 0.13597733711048157 0.05233380480905234 0.0014285714285714286 0.0013966480446927375
0.0014992503748125937 0.1558073654390935 0.05091937765205092 0.0014285714285714286 0.0
0.0014992503748125937 0.11756373937677055 0.04101838755304102 0.0 0.0
0.005997001499250375 0.10764872521246459 0.04950495049504951 0.0 0.0
0.0 0.13172804532577903 0.05233380480905234 0.0 0.0
0.0 0.12606232294617564 0.039603960396039604 0.0 0.0
0.0 0.12039660056657224 0.06364922206506364 0.0 0.0
0.0 0.10198300283286119 0.04950495049504951 0.0014285714285714286 0.0
0.0 0.10764872521246459 0.033946251768033946 0.0 0.0
0.0 0.1473087818696884 0.06506364922206506 0.0 0.0
0.0 0.12039660056657224 0.03111739745403112 0.0 0.0
0.0 0.11898016997167138 0.036775106082036775 0.0 0.0
0.0 0.13031161473087818 0.056577086280056574 0.0014285714285714286 0.0
0.0 0.1388101983002833 0.055162659123055166 0.0 0.0
0.0029985007496251873 0.13739376770538242 0.042432814710042434 0.0 0.0013966480446927375
0.004497751124437781 0.10906515580736544 0.042432814710042434 0.0014285714285714286 0.0
0.0014992503748125937 0.10764872521246459 0.04384724186704384 0.0 0.0
0.0 0.11898016997167138 0.042432814710042434 0.0014285714285714286 0.0
0.0014992503748125937 0.13456090651558075 0.04950495049504951 0.0 0.0
0.0014992503748125937 0.08073654390934844 0.05233380480905234 0.0 0.0
0.004497751124437781 0.11473087818696884 0.04950495049504951 0.0014285714285714286 0.0
0.0014992503748125937 0.1331444759206799 0.06647807637906648 0.0 0.0
0.0014992503748125937 0.08781869688385269 0.02263083451202263 0.0014285714285714286 0.0
0.0 0.10906515580736544 0.04384724186704384 0.0 0.0
0.0014992503748125937 0.11189801699716713 0.05233380480905234 0.0014285714285714286 0.0
0.0 0.12039660056657224 0.055162659123055166 0.0 0.0
0.0 0.10339943342776205 0.04667609618104667 0.0 0.0
0.0014992503748125937 0.10198300283286119 0.057991513437057995 0.0 0.0
0.0029985007496251873 0.13172804532577903 0.04950495049504951 0.0 0.0
0.0014992503748125937 0.11331444759206799 0.039603960396039604 0.0014285714285714286 0.0013966480446927375
0.0 0.12322946175637395 0.053748231966053744 0.0 0.0
0.0014992503748125937 0.09773371104815864 0.03536067892503536 0.0 0.0013966480446927375
0.0 0.13456090651558075 0.039603960396039604 0.0014285714285714286 0.0
0.0 0.10056657223796034 0.05233380480905234 0.0 0.0
0.0014992503748125937 0.09206798866855524 0.04384724186704384 0.0014285714285714286 0.0013966480446927375
0.004497751124437781 0.07507082152974504 0.057991513437057995 0.002857142857142857 0.0
0.0 0.09490084985835694 0.03253182461103253 0.0 0.0013966480446927375
0.0014992503748125937 0.11331444759206799 0.056577086280056574 0.0 0.0
0.0 0.10764872521246459 0.04950495049504951 0.0 0.0
0.0014992503748125937 0.11473087818696884 0.055162659123055166 0.0 0.0
0.0029985007496251873 0.10481586402266288 0.042432814710042434 0.0 0.0
0.0 0.09915014164305949 0.055162659123055166 0.0 0.0
0.0029985007496251873 0.12322946175637395 0.0594059405940594 0.0014285714285714286 0.0
0.0 0.07223796033994334 0.04950495049504951 0.002857142857142857 0.0013966480446927375
0.0 0.10339943342776205 0.05091937765205092 0.0 0.0
0.0014992503748125937 0.10339943342776205 0.04809052333804809 0.002857142857142857 0.0
0.0014992503748125937 0.08923512747875355 0.04384724186704384 0.0014285714285714286 0.0
0.0 0.0 0.0 0.0 0.0
0.0 0.0 0.0 0.0 0.0
0.0014992503748125937 0.0 0.0 0.0 0.0
0.0 0.0 0.0 0.0 0.0
0.0 0.11473087818696884 0.04526166902404526 0.0014285714285714286 0.0
0.0 0.0 0.0 0.0 0.0
0.0 0.0 0.0 0.0 0.0
0.0014992503748125937 0.0 0.0 0.0 0.0
0.0 0.0 0.0 0.0 0.0
0.0 0.02407932011331445 0.10891089108910891 0.0014285714285714286 0.0
0.0 0.0 0.0 0.0 0.0
0.0 0.0 0.0 0.0 0.0
0.0 0.0 0.0 0.0 0.0
0.0 0.0 0.0 0.0 0.0
0.0029985007496251873 0.0906515580736544 0.05233380480905234 0.0014285714285714286 0.0
0.0 0.0 0.0 0.0 0.0
0.0 0.0 0.0 0.0 0.0
0.0 0.0 0.0 0.0 0.0013966480446927375
0.0 0.0 0.0 0.0 0.0
0.0014992503748125937 0.029745042492917845 0.12729844413012728 0.0014285714285714286 0.0
0.0 0.0 0.0 0.0 0.0
0.0 0.00141643059490085 0.0 0.0 0.0
0.0 0.0 0.0 0.0 0.0
0.0 0.0 0.0 0.0 0.0
0.0 0.0 0.0014144271570014145 0.0 0.0
0.0 0.0 0.0 0.0014285714285714286 0.0
0.0 0.0 0.0 0.0 0.0
0.0 0.0 0.0 0.0 0.0
0.0 0.0 0.0 0.0 0.0
0.0 0.0 0.0 0.0 0.0
0.0 0.03399433427762039 0.13578500707213578 0.0 0.0
0.0 0.05240793201133144 0.14002828854314003 0.002857142857142857 0.0
0.0 0.0311614730878187 0.13012729844413012 0.0 0.0
0.0 0.042492917847025496 0.13154172560113156 0.0014285714285714286 0.0
0.0 0.039660056657223795 0.12729844413012728 0.0014285714285714286 0.0
0.0014992503748125937 0.05099150141643059 0.13154172560113156 0.0014285714285714286 0.0
0.0 0.060906515580736544 0.14568599717114566 0.0 0.0
0.0 0.046742209631728045 0.14427157001414428 0.002857142857142857 0.0
0.0 0.049575070821529746 0.17963224893917965 0.002857142857142857 0.0
0.0 0.0481586402266289 0.14992927864214994 0.0014285714285714286 0.0
0.0 0.05099150141643059 0.173974540311174 0.004285714285714285 0.0
0.0 0.05099150141643059 0.19236209335219237 0.002857142857142857 0.0
0.0 0.06515580736543909 0.19801980198019803 0.002857142857142857 0.0
0.0014992503748125937 0.042492917847025496 0.19377652050919378 0.002857142857142857 0.0
0.0029985007496251873 0.0311614730878187 0.1768033946251768 0.004285714285714285 0.0
0.0 0.039660056657223795 0.2263083451202263 0.0014285714285714286 0.0
0.0 0.06373937677053824 0.20084865629420084 0.0014285714285714286 0.0
0.0 0.0453257790368272 0.18104667609618105 0.0 0.0
0.0 0.05807365439093484 0.27157001414427157 0.0 0.0
0.0 0.06373937677053824 0.256011315417256 0.002857142857142857 0.0
0.0 0.0623229461756374 0.26874115983026875 0.0014285714285714286 0.0
0.0 0.08215297450424928 0.32956152758132956 0.0014285714285714286 0.0
0.0 0.060906515580736544 0.33946251768033947 0.0014285714285714286 0.0
0.0 0.0736543909348442 0.36916548797736914 0.0014285714285714286 0.0013966480446927375
0.0 0.07223796033994334 0.3833097595473833 0.0014285714285714286 0.0
0.0014992503748125937 0.08356940509915015 0.44130127298444133 0.002857142857142857 0.0
0.0 0.08498583569405099 0.45544554455445546 0.002857142857142857 0.0
0.0 0.09348441926345609 0.5021216407355021 0.0 0.0
0.0 0.0708215297450425 0.5601131541725601 0.0014285714285714286 0.0
0.0 0.10056657223796034 0.6336633663366337 0.0014285714285714286 0.0
0.0 0.09490084985835694 0.5855728429985856 0.002857142857142857 0.0
0.0 0.10198300283286119 0.6803394625176804 0.002857142857142857 0.0
0.0 0.10481586402266288 0.7637906647807639 0.0014285714285714286 0.0
0.0 0.11756373937677055 0.8090523338048091 0.0 0.0
0.0 0.11189801699716713 0.8656294200848655 0.002857142857142857 0.0
0.0014992503748125937 0.11473087818696884 0.8910891089108911 0.0014285714285714286 0.0
0.0014992503748125937 0.12889518413597734 0.9957567185289958 0.002857142857142857 0.0
0.0 0.1331444759206799 1.0735502121640736 0.002857142857142857 0.0
0.0 0.13172804532577903 1.2093352192362092 0.0014285714285714286 0.0
0.0 0.14022662889518414 1.2956152758132955 0.0014285714285714286 0.0
0.0 0.14022662889518414 1.4186704384724187 0.0014285714285714286 0.0
0.0 0.1529745042492918 1.4922206506364921 0.007142857142857143 0.0
0.0 0.1529745042492918 1.5657708628005658 0.0 0.0
0.0 0.17138810198300283 1.6322489391796322 0.004285714285714285 0.0
0.0 0.18696883852691218 1.7072135785007072 0.0 0.0
0.0014992503748125937 0.18555240793201133 1.7906647807637905 0.0 0.0
0.0 0.1784702549575071 1.886845827439887 0.0 0.0
0.0 0.19688385269121814 1.9519094766619518 0.002857142857142857 0.0
0.0014992503748125937 0.2082152974504249 2.067892503536068 0.0014285714285714286 0.0
0.0 0.21104815864022664 2.239038189533239 0.005714285714285714 0.0
0.0 0.23087818696883852 2.391796322489392 0.002857142857142857 0.0
0.0 0.2209631728045326 2.5544554455445545 0.004285714285714285 0.0013966480446927375
0.0 0.24220963172804533 2.6845827439886847 0.0 0.0
0.0 0.2464589235127479 2.8118811881188117 0.002857142857142857 0.0
0.0029985007496251873 0.28611898016997167 2.872701555869873 0.002857142857142857 0.0
0.0 0.27195467422096314 3.066478076379066 0.0014285714285714286 0.0
0.0 0.30311614730878184 3.287128712871287 0.0 0.0
0.0 0.31869688385269124 3.5134370579915135 0.002857142857142857 0.0
0.0 0.32011331444759206 3.5417256011315414 0.0 0.0
0.0 0.31586402266288954 3.58981612446959 0.002857142857142857 0.0
0.0 0.3087818696883853 3.7652050919377653 0.0014285714285714286 0.0
0.0 0.358356940509915 4.036775106082037 0.0 0.0
0.0014992503748125937 0.37110481586402266 4.328147100424328 0.0 0.0
0.0 0.3668555240793201 4.469589816124469 0.004285714285714285 0.0
0.0 0.3909348441926346 4.755304101838756 0.002857142857142857 0.0
0.0 0.3937677053824363 4.888260254596888 0.004285714285714285 0.0
0.0 0.4546742209631728 5.3408769448373405 0.002857142857142857 0.0
0.0014992503748125937 0.4518413597733711 5.538896746817539 0.0014285714285714286 0.0
0.0014992503748125937 0.4518413597733711 5.823196605374823 0.0014285714285714286 0.0
0.0 0.5354107648725213 6.227722772277228 0.007142857142857143 0.0
0.0 0.5056657223796034 6.441301272984441 0.002857142857142857 0.0
0.0014992503748125937 0.5368271954674221 6.557284299858558 0.0014285714285714286 0.0
0.0014992503748125937 0.5538243626062324 6.654879773691655 0.0 0.0
0.0014992503748125937 0.5509915014164306 6.842998585572843 0.0014285714285714286 0.0
0.0029985007496251873 0.546742209631728 7.018387553041018 0.004285714285714285 0.0
0.0 0.6104815864022664 7.0777934936350775 0.0014285714285714286 0.0
0.0 0.5849858356940509 7.28995756718529 0.0 0.0
0.0 0.5807365439093485 7.294200848656295 0.0 0.0
0.0 0.603399433427762 7.236209335219236 0.0014285714285714286 0.0
0.0 0.5750708215297451 7.405940594059405 0.004285714285714285 0.0
0.0 0.5934844192634561 7.173974540311174 0.002857142857142857 0.0
0.0 0.6005665722379603 7.421499292786422 0.0014285714285714286 0.0
0.0 0.5934844192634561 7.3960396039603955 0.005714285714285714 0.0
0.0 0.6005665722379603 7.363507779349364 0.004285714285714285 0.0
0.0014992503748125937 0.594900849858357 7.448373408769449 0.004285714285714285 0.0
0.0 0.5807365439093485 7.405940594059405 0.0014285714285714286 0.0
0.0 0.6048158640226629 7.41018387553041 0.002857142857142857 0.0
0.0014992503748125937 0.6317280453257791 7.369165487977369 0.0 0.0
0.0 0.5849858356940509 7.38048090523338 0.005714285714285714 0.0
0.0 0.613314447592068 7.394625176803395 0.0014285714285714286 0.0013966480446927375
0.0 0.6048158640226629 7.39038189533239 0.002857142857142857 0.0013966480446927375
0.0 0.5906515580736544 7.376237623762376 0.002857142857142857 0.0
0.0 0.5878186968838527 7.2772277227722775 0.002857142857142857 0.0013966480446927375
0.0 0.5920679886685553 7.330975954738331 0.0 0.0
0.0 0.6118980169971672 7.294200848656295 0.0 0.0
0.0 0.5991501416430595 7.318246110325318 0.0014285714285714286 0.0
0.0 0.5779036827195467 7.345120226308345 0.0 0.0
0.0 0.5906515580736544 7.3507779349363505 0.0 0.0
0.0 0.6048158640226629 7.398868458274399 0.0 0.0
