0.0007496251874062968 0.1225212464589235 0.055162659123055166 0.0007142857142857143 0.0
0.0014992503748125937 0.15439093484419264 0.040311173974540315 0.0014285714285714286 0.0
0.0 0.15226628895184138 0.03818953323903819 0.0 0.0
0.0022488755622188904 0.17988668555240792 0.08132956152758133 0.0 0.0
0.0022488755622188904 0.1678470254957507 0.05021216407355021 0.0 0.0
0.0029985007496251873 0.13101983002832862 0.04950495049504951 0.0014285714285714286 0.0
0.0014992503748125937 0.14518413597733712 0.04738330975954738 0.0 0.0
0.0014992503748125937 0.16288951841359775 0.04526166902404526 0.0007142857142857143 0.0
0.0007496251874062968 0.16926345609065155 0.056577086280056574 0.0 0.0
0.0007496251874062968 0.15934844192634562 0.045968882602545974 0.0014285714285714286 0.0
0.0007496251874062968 0.165014164305949 0.0685997171145686 0.0014285714285714286 0.0
0.0 0.16359773371104816 0.053748231966053744 0.0 0.0
0.0007496251874062968 0.16430594900849857 0.07496463932107497 0.0007142857142857143 0.0
0.0007496251874062968 0.1848441926345609 0.055162659123055166 0.0007142857142857143 0.0
0.0014992503748125937 0.14943342776203966 0.05021216407355021 0.0021428571428571425 0.0
0.0007496251874062968 0.1791784702549575 0.05869872701555869 0.0 0.0006983240223463687
0.0014992503748125937 0.18555240793201133 0.06294200848656294 0.0007142857142857143 0.0
0.0014992503748125937 0.20113314447592068 0.057991513437057995 0.0 0.0
0.0007496251874062968 0.16288951841359775 0.0594059405940594 0.0007142857142857143 0.0006983240223463687
0.0007496251874062968 0.1791784702549575 0.051626591230551626 0.0007142857142857143 0.0006983240223463687
0.0 0.18271954674220964 0.07072135785007072 0.0 0.0
0.0 0.19405099150141641 0.051626591230551626 0.0 0.0
0.0022488755622188904 0.17776203966005666 0.04809052333804809 0.0 0.0006983240223463687
0.0007496251874062968 0.21033994334277623 0.0594059405940594 0.0007142857142857143 0.0
0.0007496251874062968 0.18767705382436262 0.06506364922206506 0.0 0.0
0.0 0.2273371104815864 0.07072135785007072 0.0 0.0
0.0007496251874062968 0.19121813031161475 0.06223479490806224 0.0 0.0
0.0014992503748125937 0.1848441926345609 0.054455445544554455 0.0007142857142857143 0.0
0.0 0.21175637393767704 0.06223479490806224 0.0 0.0
0.0022488755622188904 0.2514164305949008 0.06577086280056578 0.0 0.0
0.0007496251874062968 0.26062322946175637 0.06577086280056578 0.0 0.0
0.0 0.221671388101983 0.0685997171145686 0.0 0.0
0.0014992503748125937 0.2507082152974504 0.08203677510608204 0.0007142857142857143 0.0
0.0029985007496251873 0.23087818696883852 0.07284299858557283 0.0 0.0006983240223463687
0.0014992503748125937 0.22662889518413598 0.07001414427157002 0.0 0.0
0.0014992503748125937 0.23725212464589235 0.06647807637906648 0.0 0.0
0.0 0.24787535410764874 0.057284299858557285 0.0 0.0
0.0014992503748125937 0.245042492917847 0.057991513437057995 0.0 0.0006983240223463687
0.0 0.2698300283286119 0.07284299858557283 0.0 0.0
0.0029985007496251873 0.29036827195467424 0.06223479490806224 0.0007142857142857143 0.0
0.0007496251874062968 0.3109065155807365 0.0770862800565771 0.0007142857142857143 0.0
0.0014992503748125937 0.2776203966005666 0.07142857142857144 0.0 0.0
0.0007496251874062968 0.2847025495750708 0.06647807637906648 0.0014285714285714286 0.0
0.0037481259370314842 0.3378186968838527 0.06223479490806224 0.0 0.0
0.0 0.28895184135977336 0.07637906647807638 0.0014285714285714286 0.0
0.0007496251874062968 0.27124645892351273 0.06647807637906648 0.0014285714285714286 0.0
0.0022488755622188904 0.3371104815864023 0.060113154172560114 0.0007142857142857143 0.0006983240223463687
0.0022488755622188904 0.29957507082152973 0.053748231966053744 0.0007142857142857143 0.0
0.0022488755622188904 0.28895184135977336 0.06152758132956152 0.0007142857142857143 0.0
0.0 0.3604815864022663 0.07920792079207921 0.0007142857142857143 0.0006983240223463687
0.0007496251874062968 0.330028328611898 0.057991513437057995 0.0 0.0
0.0007496251874062968 0.3555240793201133 0.07213578500707214 0.0 0.0
0.0007496251874062968 0.3895184135977337 0.07850070721357849 0.0 0.0
0.0007496251874062968 0.3618980169971671 0.08274398868458274 0.0 0.0
0.0037481259370314842 0.39660056657223797 0.0770862800565771 0.0007142857142857143 0.0006983240223463687
0.0014992503748125937 0.443342776203966 0.08203677510608204 0.0007142857142857143 0.0
0.0007496251874062968 0.415014164305949 0.07001414427157002 0.0 0.0
0.0029985007496251873 0.4171388101983003 0.07496463932107497 0.0007142857142857143 0.0
0.0 0.42492917847025496 0.08132956152758133 0.0007142857142857143 0.0
0.0 0.4426345609065156 0.07567185289957568 0.0 0.0006983240223463687
0.0007496251874062968 0.4681303116147309 0.08628005657708629 0.0014285714285714286 0.0
0.0 0.46175637393767704 0.0891089108910891 0.0007142857142857143 0.0
0.0007496251874062968 0.5007082152974505 0.06718528995756719 0.0 0.0
0.0007496251874062968 0.5545325779036827 0.11527581329561527 0.0 0.0
0.0 0.5049575070821529 0.07355021216407355 0.0 0.0
0.0007496251874062968 0.5219546742209632 0.07284299858557283 0.0014285714285714286 0.0
0.0 0.5637393767705382 0.09335219236209334 0.0007142857142857143 0.0006983240223463687
0.0007496251874062968 0.5793201133144475 0.09264497878359264 0.0 0.0
0.0014992503748125937 0.6182719546742209 0.09052333804809053 0.0 0.0013966480446927375
0.0029985007496251873 0.5679886685552408 0.08062234794908063 0.0007142857142857143 0.0
0.0029985007496251873 0.5927762039660057 0.0884016973125884 0.0007142857142857143 0.0006983240223463687
0.0007496251874062968 0.6041076487252124 0.08486562942008487 0.0007142857142857143 0.0
0.0014992503748125937 0.6572237960339943 0.10113154172560114 0.0 0.0
0.0022488755622188904 0.565155807365439 0.10820367751060819 0.0007142857142857143 0.0006983240223463687
0.0037481259370314842 0.6473087818696884 0.10396039603960396 0.0007142857142857143 0.0
0.0014992503748125937 0.6763456090651558 0.1166902404526167 0.0 0.0
0.0007496251874062968 0.6423512747875354 0.07142857142857144 0.0007142857142857143 0.0
0.0007496251874062968 0.6742209631728046 0.09900990099009901 0.0 0.0
0.0022488755622188904 0.6862606232294618 0.1067892503536068 0.0007142857142857143 0.0
0.0007496251874062968 0.7393767705382436 0.10608203677510608 0.0 0.0
0.0007496251874062968 0.7124645892351275 0.10113154172560114 0.0 0.0
0.0014992503748125937 0.7308781869688386 0.12729844413012728 0.0 0.0
0.0014992503748125937 0.7754957507082153 0.11173974540311174 0.0 0.0
0.0014992503748125937 0.8073654390934845 0.0891089108910891 0.0007142857142857143 0.0006983240223463687
0.0007496251874062968 0.8519830028328612 0.11456859971711457 0.0 0.0
0.0007496251874062968 0.8640226628895185 0.10396039603960396 0.0 0.0006983240223463687
0.0014992503748125937 0.9228045325779037 0.11456859971711457 0.0007142857142857143 0.0
0.0 0.9185552407932012 0.12093352192362093 0.0 0.0
0.0007496251874062968 0.9050991501416431 0.10537482319660538 0.0014285714285714286 0.0006983240223463687
0.0022488755622188904 0.9228045325779037 0.12234794908062235 0.0014285714285714286 0.0
0.0007496251874062968 0.9157223796033994 0.10891089108910891 0.0 0.0006983240223463687
0.0022488755622188904 1.0205382436260624 0.14356435643564355 0.0014285714285714286 0.0
0.0007496251874062968 1.0524079320113313 0.1386138613861386 0.0 0.0
0.0007496251874062968 1.06657223796034 0.12942008486562942 0.0 0.0
0.0022488755622188904 1.051699716713881 0.12305516265912304 0.0007142857142857143 0.0
0.0 1.0594900849858355 0.14002828854314003 0.0007142857142857143 0.0
0.0022488755622188904 1.151558073654391 0.15841584158415842 0.0014285714285714286 0.0
0.0 1.0835694050991502 0.1562942008486563 0.0021428571428571425 0.0006983240223463687
0.0 1.1728045325779035 0.1478076379066478 0.0 0.0
0.0007496251874062968 1.245042492917847 0.16407355021216408 0.0021428571428571425 0.0006983240223463687
0.0007496251874062968 1.1706798866855523 0.13295615275813297 0.0007142857142857143 0.0
0.0007496251874062968 0.1508498583569405 0.00777934936350778 0.0 0.0
0.0 0.15864022662889518 0.006364922206506365 0.0 0.0006983240223463687
0.0007496251874062968 0.16855524079320114 0.005657708628005658 0.0 0.0
0.0 0.1678470254957507 0.0049504950495049506 0.0 0.0
0.0007496251874062968 1.2811614730878187 0.15275813295615276 0.0014285714285714286 0.0
0.0 0.1565155807365439 0.0049504950495049506 0.0 0.0
0.0 0.13385269121813032 0.003536067892503536 0.0 0.0
0.0007496251874062968 0.1529745042492918 0.007072135785007072 0.0 0.0
0.0007496251874062968 0.14872521246458925 0.0049504950495049506 0.0 0.0
0.0 0.9879603399433428 0.22913719943422914 0.0021428571428571425 0.0
0.0 0.15226628895184138 0.008486562942008486 0.0 0.0
0.0007496251874062968 0.15014164305949007 0.007072135785007072 0.0 0.0
0.0 0.15722379603399433 0.006364922206506365 0.0 0.0
0.0 0.1274787535410765 0.0021216407355021216 0.0 0.0
0.0022488755622188904 1.3073654390934843 0.15558698727015557 0.0007142857142857143 0.0
0.0 0.1473087818696884 0.005657708628005658 0.0 0.0
0.0 0.1529745042492918 0.0049504950495049506 0.0007142857142857143 0.0
0.0 0.15509915014164305 0.006364922206506365 0.0 0.0006983240223463687
0.0 0.16359773371104816 0.00777934936350778 0.0 0.0
0.0007496251874062968 0.9737960339943342 0.27581329561527584 0.002857142857142857 0.0
0.0 0.1508498583569405 0.007072135785007072 0.0 0.0
0.0 0.16430594900849857 0.005657708628005658 0.0 0.0
0.0 0.14305949008498584 0.006364922206506365 0.0 0.0
0.0 0.1536827195467422 0.0049504950495049506 0.0 0.0
0.0 0.14943342776203966 0.004243281471004243 0.0 0.0
0.0 0.14872521246458925 0.007072135785007072 0.0007142857142857143 0.0006983240223463687
0.0 0.1536827195467422 0.005657708628005658 0.0 0.0
0.0 0.16076487252124644 0.01272984441301273 0.0 0.0
0.0 0.14943342776203966 0.006364922206506365 0.0007142857142857143 0.0
0.0 0.16855524079320114 0.00777934936350778 0.0 0.0
0.0 1.0205382436260624 0.28571428571428575 0.0007142857142857143 0.0
0.0007496251874062968 1.0134560906515582 0.2828854314002829 0.0035714285714285713 0.0
0.0 1.004957507082153 0.26166902404526166 0.0021428571428571425 0.0
0.0007496251874062968 1.0495750708215297 0.26166902404526166 0.0014285714285714286 0.0
0.0 1.0141643059490084 0.2531824611032532 0.0021428571428571425 0.0
0.0007496251874062968 1.0609065155807365 0.27793493635077793 0.0007142857142857143 0.0
0.0 1.043201133144476 0.272984441301273 0.0007142857142857143 0.0
0.0 0.9957507082152975 0.268033946251768 0.002857142857142857 0.0
0.0 1.0212464589235126 0.2963224893917963 0.0021428571428571425 0.0
0.0 0.9808781869688386 0.2772277227722772 0.0014285714285714286 0.0
0.0 1.028328611898017 0.3048090523338048 0.0021428571428571425 0.0
0.0007496251874062968 0.9922096317280453 0.28995756718529 0.0021428571428571425 0.0
0.0 1.046742209631728 0.3125884016973126 0.004285714285714285 0.0
0.0007496251874062968 0.9560906515580737 0.3104667609618105 0.0021428571428571425 0.0
0.0014992503748125937 0.9759206798866856 0.28854314002828857 0.0021428571428571425 0.0
0.0 0.9858356940509916 0.3231966053748232 0.002857142857142857 0.0
0.0007496251874062968 1.0120396600566572 0.29490806223479493 0.0007142857142857143 0.0
0.0 1.0304532577903682 0.2814710042432815 0.0 0.0
0.0014992503748125937 1.0127478753541077 0.3528995756718529 0.0007142857142857143 0.0
0.0007496251874062968 1.0212464589235126 0.34724186704384724 0.0035714285714285713 0.0
0.0 0.9964589235127478 0.3048090523338048 0.0007142857142857143 0.0
0.0007496251874062968 1.0410764872521248 0.3578500707213579 0.0014285714285714286 0.0
0.0007496251874062968 0.9794617563739377 0.3741159830268741 0.0014285714285714286 0.0
0.0 1.024787535410765 0.3698727015558699 0.0014285714285714286 0.0006983240223463687
0.0 0.9723796033994334 0.3656294200848656 0.002857142857142857 0.0
0.0014992503748125937 1.0148725212464589 0.4144271570014144 0.002857142857142857 0.0
0.0 0.9978753541076486 0.413012729844413 0.002857142857142857 0.0
0.0007496251874062968 1.021954674220963 0.42644978783592646 0.0014285714285714286 0.0
0.0 0.980169971671388 0.4618104667609618 0.0014285714285714286 0.0
0.0 1.0226628895184136 0.5070721357850071 0.002857142857142857 0.0
0.0 1.0077903682719547 0.4582743988684583 0.0014285714285714286 0.0
0.0 0.9865439093484419 0.5311173974540312 0.0021428571428571425 0.0006983240223463687
0.0007496251874062968 1.023371104815864 0.5664780763790666 0.0007142857142857143 0.0
0.0 0.9985835694050992 0.5905233380480905 0.0007142857142857143 0.0
0.0007496251874062968 1.021954674220963 0.6074964639321074 0.0021428571428571425 0.0
0.0007496251874062968 0.9992917847025495 0.6074964639321074 0.002857142857142857 0.0
0.0007496251874062968 1.0290368271954673 0.6548797736916548 0.0021428571428571425 0.0
0.0 1.0042492917847026 0.7157001414427158 0.0021428571428571425 0.0
0.0007496251874062968 0.9737960339943342 0.7765205091937765 0.0021428571428571425 0.0
0.0 0.980169971671388 0.8132956152758133 0.0021428571428571425 0.0
0.0 1.0148725212464589 0.8769448373408769 0.0007142857142857143 0.0
0.0 0.9893767705382436 0.9172560113154172 0.004285714285714285 0.0
0.0 0.9992917847025495 0.9264497878359265 0.0007142857142857143 0.0
0.0007496251874062968 0.9844192634560908 0.9568599717114569 0.002857142857142857 0.0
0.0007496251874062968 1.0070821529745042 0.9943422913719943 0.0014285714285714286 0.0
0.0022488755622188904 1.0141643059490084 1.0473833097595475 0.0007142857142857143 0.0
0.0007496251874062968 1.0113314447592068 1.1096181046676097 0.0014285714285714286 0.0
0.0 1.0141643059490084 1.1294200848656295 0.0014285714285714286 0.0
0.0014992503748125937 1.0042492917847026 1.1760961810466761 0.0014285714285714286 0.0
0.0 1.0162889518413598 1.2482319660537484 0.0035714285714285713 0.0
0.0 0.9681303116147308 1.3323903818953324 0.0021428571428571425 0.0
0.0 0.9879603399433428 1.4420084865629421 0.002857142857142857 0.0006983240223463687
0.0007496251874062968 1.024787535410765 1.490806223479491 0.0 0.0
0.0 1.0113314447592068 1.5664780763790664 0.0014285714285714286 0.0
0.0014992503748125937 1.048158640226629 1.57001414427157 0.0014285714285714286 0.0
0.0 1.0502832861189801 1.681046676096181 0.0007142857142857143 0.0
0.0007496251874062968 1.0339943342776206 1.7793493635077793 0.0007142857142857143 0.0
0.0 1.0354107648725213 1.886845827439887 0.0014285714285714286 0.0
0.0 1.0545325779036827 1.9115983026874117 0.0007142857142857143 0.0
0.0029985007496251873 1.0339943342776206 1.9214992927864216 0.002857142857142857 0.0
0.0007496251874062968 1.0205382436260624 2.002121640735502 0.0014285714285714286 0.0
0.0 1.0672804532577904 2.1386138613861387 0.0007142857142857143 0.0
0.0007496251874062968 1.0679886685552409 2.28005657708628 0.0 0.0
0.0 1.038243626062323 2.3493635077793495 0.0021428571428571425 0.0
0.0 1.0276203966005666 2.492220650636492 0.0021428571428571425 0.0
0.0014992503748125937 1.0488668555240794 2.555869872701556 0.002857142857142857 0.0
0.0 1.131728045325779 2.792786421499293 0.0014285714285714286 0.0
0.0007496251874062968 1.1203966005665722 2.8734087694483734 0.0007142857142857143 0.0
0.0007496251874062968 1.046742209631728 3.0268741159830266 0.0007142857142857143 0.0
0.0007496251874062968 1.1409348441926346 3.2206506364922207 0.005 0.0
0.0 1.0864022662889519 3.3345120226308347 0.0021428571428571425 0.0
0.0007496251874062968 1.0864022662889519 3.3783592644978784 0.0007142857142857143 0.0006983240223463687
0.0007496251874062968 1.11685552407932 3.4222065063649225 0.0007142857142857143 0.0
0.0014992503748125937 1.0906515580736544 3.5268741159830266 0.0007142857142857143 0.0
0.0022488755622188904 1.0991501416430594 3.6004243281471005 0.002857142857142857 0.0
0.0007496251874062968 1.1522662889518414 3.6421499292786423 0.0014285714285714286 0.0
0.0 1.1182719546742208 3.7376237623762374 0.0 0.0
0.0 1.1324362606232294 3.7397454031117396 0.0 0.0
0.0007496251874062968 1.136685552407932 3.7206506364922207 0.0007142857142857143 0.0
0.0 1.1211048158640227 3.806223479490806 0.0021428571428571425 0.0
0.0007496251874062968 1.1473087818696885 3.681753889674682 0.0014285714285714286 0.0
0.0 1.1189801699716715 3.811173974540311 0.0007142857142857143 0.0
0.0007496251874062968 1.1274787535410764 3.8083451202263086 0.004285714285714285 0.0
0.0 1.130311614730878 3.7842998585572842 0.0021428571428571425 0.0006983240223463687
0.0014992503748125937 1.1260623229461757 3.828854314002829 0.0021428571428571425 0.0
0.0007496251874062968 1.1182719546742208 3.809052333804809 0.0014285714285714286 0.0
0.0 1.1111898016997166 3.80975954738331 0.0014285714285714286 0.0
0.0007496251874062968 1.1310198300283287 3.777227722772277 0.0 0.0
0.0 1.1267705382436262 3.796322489391796 0.002857142857142857 0.0
0.0 1.1480169971671388 3.794908062234795 0.0007142857142857143 0.0006983240223463687
0.0 1.1543909348441928 3.801272984441301 0.0014285714285714286 0.0006983240223463687
0.0 1.1246458923512748 3.78005657708628 0.0021428571428571425 0.0
0.0 1.136685552407932 3.7404526166902405 0.0014285714285714286 0.0006983240223463687
0.0 1.0885269121813033 3.7553041018387554 0.0 0.0
0.0007496251874062968 1.165014164305949 3.7355021216407356 0.0 0.0
0.0 1.130311614730878 3.7545968882602545 0.0014285714285714286 0.0
0.0014992503748125937 1.0956090651558075 3.773691654879774 0.0007142857142857143 0.0
0.0 1.108356940509915 3.773691654879774 0.0 0.0
0.0007496251874062968 1.1543909348441928 3.7998585572843 0.0007142857142857143 0.0
