32935.000 -0.400 -0.400 0.055
32936.000 -0.400 -0.331 0.412
32937.000 -0.400 -0.262 0.245
32938.000 -0.400 -0.192 0.345
32939.000 -0.400 -0.123 0.098
32940.000 -0.400 -0.054 0.133
32941.000 -0.400 0.015 0.461
32942.000 -0.400 0.085 0.270
32943.000 -0.400 0.154 0.191
32944.000 -0.400 0.223 0.364
32945.000 -0.400 0.292 0.481
32946.000 -0.400 0.362 0.215
32947.000 -0.400 0.431 0.195
32948.000 -0.331 -0.400 0.318
32949.000 -0.331 -0.331 0.245
32950.000 -0.331 -0.262 0.460
32951.000 -0.331 -0.192 0.276
32952.000 -0.331 -0.123 0.349
32953.000 -0.331 -0.054 0.040
32954.000 -0.331 0.015 0.485
32955.000 -0.331 0.085 0.220
32956.000 -0.331 0.154 0.098
32957.000 -0.331 0.223 0.225
32958.000 -0.331 0.292 0.450
32959.000 -0.331 0.362 0.472
32960.000 -0.331 0.431 0.341
32961.000 -0.262 -0.400 0.307
32962.000 -0.262 -0.331 0.323
32963.000 -0.262 -0.262 0.403
32964.000 -0.262 -0.192 0.445
32965.000 -0.262 -0.123 0.326
32966.000 -0.262 -0.054 0.498
32967.000 -0.262 0.015 0.229
32968.000 -0.262 0.085 0.165
32969.000 -0.262 0.154 0.328
32970.000 -0.262 0.223 0.203
32971.000 -0.262 0.292 0.488
32972.000 -0.262 0.362 0.252
32973.000 -0.262 0.431 0.170
32974.000 -0.192 -0.400 0.360
32975.000 -0.192 -0.331 0.492
32976.000 -0.192 -0.262 0.116
32977.000 -0.192 -0.192 0.417
32978.000 -0.192 -0.123 0.459
32979.000 -0.192 -0.054 0.043
32980.000 -0.192 0.015 0.441
32981.000 -0.192 0.085 0.098
32982.000 -0.192 0.154 0.121
32983.000 -0.192 0.223 0.301
32984.000 -0.192 0.292 0.033
32985.000 -0.192 0.362 0.105
32986.000 -0.192 0.431 0.411
32987.000 -0.123 -0.400 0.287
32988.000 -0.123 -0.331 0.085
32989.000 -0.123 -0.262 0.391
32990.000 -0.123 -0.192 0.421
32991.000 -0.123 -0.123 0.121
32992.000 -0.123 -0.054 0.384
32993.000 -0.123 0.015 0.475
32994.000 -0.123 0.085 0.052
32995.000 -0.123 0.154 0.084
32996.000 -0.123 0.223 0.231
32997.000 -0.123 0.292 0.018
32998.000 -0.123 0.362 0.178
32999.000 -0.123 0.431 0.023
33000.000 -0.054 -0.400 0.090
33001.000 -0.054 -0.331 0.440
33002.000 -0.054 -0.262 0.419
33003.000 -0.054 -0.192 0.320
33004.000 -0.054 -0.123 0.165
33005.000 -0.054 -0.054 0.258
33006.000 -0.054 0.015 0.097
33007.000 -0.054 0.085 0.048
33008.000 -0.054 0.154 0.011
33009.000 -0.054 0.223 0.047
33010.000 -0.054 0.292 0.446
33011.000 -0.054 0.362 0.069
33012.000 -0.054 0.431 0.446
33013.000 0.015 -0.400 0.206
33014.000 0.015 -0.331 0.014
33015.000 0.015 -0.262 0.381
33016.000 0.015 -0.192 0.463
33017.000 0.015 -0.123 0.151
33018.000 0.015 -0.054 0.098
33019.000 0.015 0.015 0.488
33020.000 0.015 0.085 0.349
33021.000 0.015 0.154 0.344
33022.000 0.015 0.223 0.084
33023.000 0.015 0.292 0.391
33024.000 0.015 0.362 0.458
33025.000 0.015 0.431 0.229
33026.000 0.085 -0.400 0.208
33027.000 0.085 -0.331 0.408
33028.000 0.085 -0.262 0.242
33029.000 0.085 -0.192 0.449
33030.000 0.085 -0.123 0.142
33031.000 0.085 -0.054 0.424
33032.000 0.085 0.015 0.111
33033.000 0.085 0.085 0.247
33034.000 0.085 0.154 0.318
33035.000 0.085 0.223 0.178
33036.000 0.085 0.292 0.025
33037.000 0.085 0.362 0.473
33038.000 0.085 0.431 0.280
33039.000 0.154 -0.400 0.010
33040.000 0.154 -0.331 0.437
33041.000 0.154 -0.262 0.063
33042.000 0.154 -0.192 0.191
33043.000 0.154 -0.123 0.348
33044.000 0.154 -0.054 0.189
33045.000 0.154 0.015 0.481
33046.000 0.154 0.085 0.181
33047.000 0.154 0.154 0.493
33048.000 0.154 0.223 0.138
33049.000 0.154 0.292 0.019
33050.000 0.154 0.362 0.316
33051.000 0.154 0.431 0.199
33052.000 0.223 -0.400 0.043
33053.000 0.223 -0.331 0.348
33054.000 0.223 -0.262 0.215
33055.000 0.223 -0.192 0.177
33056.000 0.223 -0.123 0.020
33057.000 0.223 -0.054 0.247
33058.000 0.223 0.015 0.031
33059.000 0.223 0.085 0.425
33060.000 0.223 0.154 0.020
33061.000 0.223 0.223 0.380
33062.000 0.223 0.292 0.440
33063.000 0.223 0.362 0.334
33064.000 0.223 0.431 0.140
33065.000 0.292 -0.400 0.265
33066.000 0.292 -0.331 0.340
33067.000 0.292 -0.262 0.005
33068.000 0.292 -0.192 0.183
33069.000 0.292 -0.123 0.290
33070.000 0.292 -0.054 0.219
33071.000 0.292 0.015 0.201
33072.000 0.292 0.085 0.385
33073.000 0.292 0.154 0.270
33074.000 0.292 0.223 0.045
33075.000 0.292 0.292 0.158
33076.000 0.292 0.362 0.411
33077.000 0.292 0.431 0.296
33078.000 0.362 -0.400 0.096
33079.000 0.362 -0.331 0.066
33080.000 0.362 -0.262 0.196
33081.000 0.362 -0.192 0.285
33082.000 0.362 -0.123 0.470
33083.000 0.362 -0.054 0.160
33084.000 0.362 0.085 0.286
33085.000 0.362 0.154 0.265
33086.000 0.362 0.223 0.073
33087.000 0.362 0.292 0.353
33088.000 0.362 0.362 0.463
33089.000 0.362 0.431 0.029
33090.000 0.431 -0.400 0.215
33091.000 0.431 -0.331 0.282
33092.000 0.431 -0.262 0.182
33093.000 0.431 -0.192 0.413
33094.000 0.431 -0.123 0.195
33095.000 0.431 -0.054 0.118
33096.000 0.431 0.015 0.274
33097.000 0.431 0.085 0.131
33098.000 0.431 0.154 0.099
33099.000 0.431 0.223 0.113
33100.000 0.431 0.292 0.380
33101.000 0.431 0.362 0.308
33102.000 0.431 0.431 0.450
