0.001404494382022472 0.15595075239398085 0.04149377593360996 0.0 0.0
0.001404494382022472 0.13816689466484267 0.05394190871369295 0.0 0.0
0.002808988764044944 0.12585499316005472 0.049792531120331954 0.0 0.0
0.0 0.16142270861833105 0.042876901798063624 0.0 0.0
0.0 0.12995896032831736 0.07468879668049792 0.0 0.0
0.001404494382022472 0.1573187414500684 0.05532503457814661 0.0 0.0
0.0 0.15184678522571818 0.04564315352697095 0.0014064697609001407 0.0
0.002808988764044944 0.173734610123119 0.07607192254495158 0.0 0.0
0.0 0.15321477428180577 0.04564315352697095 0.0 0.0
0.001404494382022472 0.11354309165526676 0.048409405255878286 0.0 0.0
0.0 0.12585499316005472 0.059474412171507604 0.0 0.0
0.001404494382022472 0.16005471956224349 0.048409405255878286 0.0 0.0
0.001404494382022472 0.13953488372093023 0.05255878284923928 0.0014064697609001407 0.0
0.0 0.1354309165526676 0.05532503457814661 0.0028129395218002813 0.001326259946949602
0.001404494382022472 0.15868673050615595 0.06500691562932227 0.0 0.0
0.0 0.1627906976744186 0.06224066390041494 0.0028129395218002813 0.0
0.0 0.11901504787961696 0.049792531120331954 0.0 0.0
0.004213483146067416 0.16142270861833105 0.05255878284923928 0.0014064697609001407 0.0
0.001404494382022472 0.13816689466484267 0.042876901798063624 0.0014064697609001407 0.0
0.0 0.1121751025991792 0.04702627939142462 0.0 0.0
0.0 0.12038303693570451 0.059474412171507604 0.0 0.0
0.004213483146067416 0.146374829001368 0.04564315352697095 0.0 0.0
0.001404494382022472 0.16689466484268126 0.06639004149377593 0.0 0.0
0.001404494382022472 0.11901504787961696 0.049792531120331954 0.0 0.0
0.001404494382022472 0.11491108071135431 0.07468879668049792 0.0 0.0
0.0 0.14227086183310536 0.040110650069156296 0.0 0.0
0.001404494382022472 0.15868673050615595 0.06639004149377593 0.0028129395218002813 0.0
0.001404494382022472 0.146374829001368 0.051175656984785614 0.0014064697609001407 0.0
0.002808988764044944 0.12448700410396717 0.0636237897648686 0.0 0.0
0.0 0.13953488372093023 0.04149377593360996 0.0014064697609001407 0.0
0.0 0.16552667578659372 0.06500691562932227 0.0 0.0
0.0 0.11354309165526676 0.042876901798063624 0.0028129395218002813 0.0
0.0 0.11764705882352941 0.042876901798063624 0.0 0.0
0.002808988764044944 0.13132694938440492 0.07053941908713693 0.0 0.0
0.001404494382022472 0.12995896032831736 0.02627939142461964 0.0 0.0
0.001404494382022472 0.14090287277701777 0.06639004149377593 0.0 0.0
0.0 0.13132694938440492 0.07607192254495158 0.0 0.0
0.002808988764044944 0.15868673050615595 0.049792531120331954 0.0 0.0
0.0 0.13132694938440492 0.06224066390041494 0.0014064697609001407 0.001326259946949602
0.001404494382022472 0.1039671682626539 0.03872752420470262 0.0 0.001326259946949602
0.004213483146067416 0.16005471956224349 0.0677731673582296 0.0 0.0
0.001404494382022472 0.13406292749658003 0.040110650069156296 0.0014064697609001407 0.0
0.0 0.12175102599179206 0.042876901798063624 0.0014064697609001407 0.0
0.0 0.12995896032831736 0.058091286307053944 0.0014064697609001407 0.0
0.001404494382022472 0.11627906976744187 0.03872752420470262 0.0 0.0
0.0 0.14090287277701777 0.048409405255878286 0.0 0.0
0.001404494382022472 0.12311901504787962 0.049792531120331954 0.0 0.0
0.005617977528089888 0.1121751025991792 0.06915629322268327 0.0 0.0
0.001404494382022472 0.14774281805745554 0.05255878284923928 0.0 0.0
0.001404494382022472 0.09165526675786594 0.042876901798063624 0.0 0.0
0.001404494382022472 0.13406292749658003 0.049792531120331954 0.0 0.0
0.001404494382022472 0.14774281805745554 0.058091286307053944 0.0014064697609001407 0.0
0.0 0.146374829001368 0.07330567081604426 0.0028129395218002813 0.0
0.0 0.12311901504787962 0.03734439834024896 0.0 0.0
0.001404494382022472 0.13953488372093023 0.06915629322268327 0.0 0.0
0.001404494382022472 0.12311901504787962 0.05532503457814661 0.0 0.0
0.004213483146067416 0.10259917920656635 0.06085753803596127 0.0014064697609001407 0.0
0.0 0.14227086183310536 0.051175656984785614 0.0 0.0
0.002808988764044944 0.16963064295485636 0.06085753803596127 0.0 0.0
0.0 0.12311901504787962 0.04426002766251729 0.0 0.0
0.0 0.12859097127222982 0.03872752420470262 0.0 0.0
0.0 0.12859097127222982 0.04426002766251729 0.0014064697609001407 0.0
0.0 0.1354309165526676 0.051175656984785614 0.0014064697609001407 0.0
0.0 0.14774281805745554 0.06085753803596127 0.0 0.0
0.001404494382022472 0.1121751025991792 0.06224066390041494 0.0 0.0
0.001404494382022472 0.16826265389876882 0.0636237897648686 0.0014064697609001407 0.0
0.0 0.12038303693570451 0.06500691562932227 0.0 0.0
0.0 0.12175102599179206 0.056708160442600276 0.0 0.0
0.001404494382022472 0.13816689466484267 0.05394190871369295 0.0 0.0
0.0 0.12995896032831736 0.04702627939142462 0.0 0.0
0.001404494382022472 0.12995896032831736 0.04426002766251729 0.0028129395218002813 0.0
0.004213483146067416 0.11764705882352941 0.059474412171507604 0.0 0.0
0.001404494382022472 0.106703146374829 0.06224066390041494 0.0 0.0
0.001404494382022472 0.09712722298221614 0.05255878284923928 0.0 0.0
0.0 0.12585499316005472 0.06500691562932227 0.0014064697609001407 0.0
0.0 0.1354309165526676 0.049792531120331954 0.0 0.0
0.001404494382022472 0.1094391244870041 0.03872752420470262 0.0 0.0
0.0 0.11080711354309167 0.05532503457814661 0.0 0.0
0.0 0.11901504787961696 0.05255878284923928 0.0014064697609001407 0.0
0.001404494382022472 0.1121751025991792 0.051175656984785614 0.0 0.0
0.001404494382022472 0.15868673050615595 0.058091286307053944 0.0 0.0
0.0 0.09575923392612859 0.06500691562932227 0.0 0.0
0.002808988764044944 0.13953488372093023 0.05255878284923928 0.0 0.0
0.0 0.12175102599179206 0.049792531120331954 0.0 0.0
0.0 0.12311901504787962 0.0636237897648686 0.0014064697609001407 0.0
0.0 0.07387140902872777 0.048409405255878286 0.0 0.0
0.001404494382022472 0.12448700410396717 0.05394190871369295 0.0 0.001326259946949602
0.002808988764044944 0.12859097127222982 0.06085753803596127 0.0 0.0
0.004213483146067416 0.1094391244870041 0.051175656984785614 0.0 0.0
0.002808988764044944 0.11080711354309167 0.042876901798063624 0.0 0.0
0.001404494382022472 0.08891928864569083 0.04564315352697095 0.0 0.0
0.0 0.1039671682626539 0.05532503457814661 0.0014064697609001407 0.0
0.001404494382022472 0.15184678522571818 0.042876901798063624 0.0 0.0
0.002808988764044944 0.12722298221614226 0.04702627939142462 0.0 0.0
0.001404494382022472 0.07797537619699042 0.03734439834024896 0.0014064697609001407 0.0
0.001404494382022472 0.1039671682626539 0.04702627939142462 0.0 0.0
0.002808988764044944 0.11627906976744187 0.06639004149377593 0.0 0.0
0.001404494382022472 0.11627906976744187 0.03319502074688797 0.0028129395218002813 0.0
0.0 0.09028727770177838 0.03734439834024896 0.0 0.0
0.002808988764044944 0.09028727770177838 0.048409405255878286 0.0 0.0
0.002808988764044944 0.11354309165526676 0.048409405255878286 0.0 0.0
0.0 0.0 0.0 0.0 0.0
0.0 0.0 0.0 0.0 0.0
0.0 0.0 0.0 0.0 0.0
0.0 0.0 0.0 0.0 0.0
0.0 0.09439124487004104 0.03872752420470262 0.0 0.0
0.0 0.0 0.0 0.0 0.0
0.0 0.0 0.0 0.0 0.0
0.0 0.0 0.0 0.0 0.0
0.0 0.0 0.0 0.0 0.0
0.0 0.027359781121751026 0.10096818810511757 0.0014064697609001407 0.0
0.0 0.0 0.0 0.0 0.0
0.0 0.0 0.0 0.0 0.0
0.0 0.0 0.0 0.0 0.0
0.0 0.0 0.0 0.0 0.0
0.0 0.08481532147742818 0.04149377593360996 0.0014064697609001407 0.0
0.0 0.0 0.0 0.0 0.0
0.0 0.0 0.0 0.0 0.0
0.0 0.0 0.0 0.0014064697609001407 0.0
0.0 0.0 0.0 0.0 0.0
0.0 0.0560875512995896 0.11479944674965423 0.0028129395218002813 0.0
0.0 0.0 0.0 0.0 0.0
0.0 0.0 0.0 0.0 0.0
0.0 0.0 0.0 0.0 0.0
0.0 0.0 0.0 0.0 0.0
0.0 0.0 0.0 0.0 0.0
0.0 0.0 0.0 0.0 0.0
0.0 0.0 0.0 0.0 0.0
0.0 0.0 0.0 0.0 0.0
0.0 0.0 0.0 0.0 0.0
0.0 0.0 0.0 0.0 0.0
0.001404494382022472 0.025991792065663474 0.13831258644536654 0.0014064697609001407 0.0
0.001404494382022472 0.036935704514363885 0.16044260027662519 0.0 0.0
0.0 0.03556771545827634 0.15905947441217153 0.0 0.0
0.0 0.02188782489740082 0.17289073305670816 0.0 0.0
0.0 0.04103967168262654 0.1078838174273859 0.0014064697609001407 0.0
0.0 0.030095759233926128 0.14107883817427386 0.0014064697609001407 0.0
0.0 0.046511627906976744 0.12448132780082988 0.0028129395218002813 0.0
0.0 0.03556771545827634 0.15629322268326418 0.0 0.0
0.0 0.04240766073871409 0.21715076071922546 0.0 0.0
0.0 0.060191518467852256 0.16182572614107885 0.0 0.0
0.0 0.03830369357045144 0.2600276625172891 0.0 0.0
0.0 0.030095759233926128 0.22406639004149376 0.0 0.0
0.0 0.04240766073871409 0.24066390041493776 0.0 0.0
0.0 0.03967168262653899 0.26832641770401106 0.0 0.0
0.0 0.0560875512995896 0.29045643153526973 0.0014064697609001407 0.0
0.0 0.046511627906976744 0.26556016597510373 0.0014064697609001407 0.0
0.002808988764044944 0.05198358413132695 0.29045643153526973 0.0 0.0
0.001404494382022472 0.057455540355677154 0.32918395573997233 0.0014064697609001407 0.0
0.0 0.03830369357045144 0.35684647302904565 0.0 0.0
0.0 0.046511627906976744 0.37621023513139695 0.0 0.0
0.001404494382022472 0.04240766073871409 0.355463347164592 0.0014064697609001407 0.0
0.0 0.046511627906976744 0.41493775933609955 0.0014064697609001407 0.0
0.0 0.04240766073871409 0.38589211618257263 0.0014064697609001407 0.0
0.0 0.0506155950752394 0.4426002766251729 0.0014064697609001407 0.0
0.0 0.05471956224350205 0.45643153526970953 0.0 0.0
0.0 0.057455540355677154 0.4951590594744122 0.0 0.0
0.001404494382022472 0.04240766073871409 0.5504840940525588 0.0028129395218002813 0.0
0.001404494382022472 0.04377564979480164 0.5477178423236515 0.0 0.0
0.001404494382022472 0.06155950752393981 0.6500691562932227 0.0 0.0
0.001404494382022472 0.036935704514363885 0.6556016597510373 0.0014064697609001407 0.0
0.001404494382022472 0.036935704514363885 0.7690179806362379 0.0014064697609001407 0.0
0.0 0.046511627906976744 0.7717842323651453 0.0014064697609001407 0.0
0.0 0.058823529411764705 0.7634854771784232 0.0014064697609001407 0.0
0.002808988764044944 0.0560875512995896 0.867219917012448 0.0014064697609001407 0.0
0.0 0.04377564979480164 0.9405255878284924 0.0 0.0
0.0 0.04514363885088919 1.0497925311203318 0.0014064697609001407 0.0
0.0 0.07660738714090289 1.1230982019363762 0.0 0.0
0.0 0.047879616963064295 1.0774550484094054 0.005625879043600563 0.001326259946949602
0.0 0.0533515731874145 1.1300138312586445 0.0 0.0
0.001404494382022472 0.05198358413132695 1.1853388658367912 0.0 0.0
0.001404494382022472 0.06292749658002736 1.255878284923928 0.0 0.0
0.0 0.0533515731874145 1.2780082987551868 0.0 0.001326259946949602
0.002808988764044944 0.08618331053351573 1.2918395573997232 0.0 0.0
0.0 0.057455540355677154 1.4177040110650068 0.0 0.0
0.0 0.07797537619699042 1.4135546334716458 0.0 0.001326259946949602
0.0 0.049247606019151846 1.4135546334716458 0.0014064697609001407 0.0
0.0 0.06976744186046512 1.3775933609958506 0.0 0.0
0.001404494382022472 0.07250341997264022 1.3775933609958506 0.0014064697609001407 0.0
0.0 0.060191518467852256 1.384508990318119 0.0 0.0
0.0 0.07523939808481532 1.4522821576763485 0.0 0.0
0.001404494382022472 0.04240766073871409 1.4204702627939143 0.0028129395218002813 0.0
0.001404494382022472 0.09165526675786594 1.3983402489626557 0.0028129395218002813 0.0
0.001404494382022472 0.06839945280437756 1.372060857538036 0.0014064697609001407 0.0
0.0 0.058823529411764705 1.3748271092669433 0.0 0.0
0.0 0.058823529411764705 1.4011065006915628 0.0 0.0
0.0 0.07387140902872777 1.3900414937759336 0.0 0.0
0.0 0.06703146374829001 1.3817427385892116 0.0014064697609001407 0.001326259946949602
0.0 0.06292749658002736 1.4619640387275243 0.0014064697609001407 0.0
0.001404494382022472 0.06155950752393981 1.3734439834024896 0.0 0.0
0.0 0.060191518467852256 1.4591977869986168 0.0 0.001326259946949602
0.0 0.06292749658002736 1.3112033195020747 0.0028129395218002813 0.0
0.002808988764044944 0.07523939808481532 1.3900414937759336 0.0 0.0
0.0 0.07387140902872777 1.4688796680497926 0.0014064697609001407 0.0
0.0 0.07387140902872777 1.450899031811895 0.0 0.0
0.002808988764044944 0.08071135430916553 1.409405255878285 0.0014064697609001407 0.0
0.0 0.07934336525307797 1.376210235131397 0.0014064697609001407 0.0
0.0 0.058823529411764705 1.3983402489626557 0.0028129395218002813 0.0
0.001404494382022472 0.06292749658002736 1.4578146611341631 0.0014064697609001407 0.0
0.0 0.06566347469220246 1.3430152143845089 0.0028129395218002813 0.0
0.0 0.06429548563611491 1.5172890733056708 0.0014064697609001407 0.0
0.001404494382022472 0.07113543091655268 1.5228215767634854 0.004219409282700422 0.0
0.0 0.05198358413132695 1.5103734439834025 0.0028129395218002813 0.0
0.001404494382022472 0.07660738714090289 1.5103734439834025 0.0014064697609001407 0.0
0.002808988764044944 0.07523939808481532 1.4757952973720607 0.0014064697609001407 0.0
0.0 0.06292749658002736 1.5421853388658369 0.0 0.0
0.0 0.08481532147742818 1.479944674965422 0.0 0.0
0.001404494382022472 0.07523939808481532 1.5587828492392808 0.0014064697609001407 0.0
0.0 0.06703146374829001 1.5172890733056708 0.0 0.0
0.001404494382022472 0.08618331053351573 1.5006915629322268 0.0 0.0
0.001404494382022472 0.07387140902872777 1.5131396957123098 0.0 0.0
0.0 0.08344733242134063 1.4688796680497926 0.0 0.0
0.001404494382022472 0.07387140902872777 1.4896265560165975 0.0014064697609001407 0.0
0.001404494382022472 0.07387140902872777 1.5269709543568464 0.0 0.0
0.0 0.07250341997264022 1.4605809128630705 0.0 0.0
0.001404494382022472 0.08071135430916553 1.5172890733056708 0.0 0.0
0.0 0.06976744186046512 1.4965421853388658 0.0 0.0
0.0 0.07250341997264022 1.5186721991701244 0.0 0.0
0.0 0.06839945280437756 1.5062240663900415 0.0028129395218002813 0.0
0.0 0.07797537619699042 1.466113416320885 0.0014064697609001407 0.0
0.0 0.06703146374829001 1.4190871369294604 0.0 0.0
0.0 0.07387140902872777 1.5504840940525586 0.0014064697609001407 0.0
0.0 0.06703146374829001 1.515905947441217 0.0 0.0
0.0 0.060191518467852256 1.5269709543568464 0.0014064697609001407 0.0
0.001404494382022472 0.06839945280437756 1.5421853388658369 0.0014064697609001407 0.0
0.0 0.06976744186046512 1.4993084370677732 0.0014064697609001407 0.0
0.0 0.08481532147742818 1.5283540802213 0.0014064697609001407 0.0
0.002808988764044944 0.06292749658002736 1.484094052558783 0.0014064697609001407 0.0
0.0 0.07660738714090289 1.4453665283540802 0.0014064697609001407 0.0
0.0 0.08207934336525308 1.5338865836791147 0.0014064697609001407 0.0
