0.0 0.13132694938440492 0.059474412171507604 0.0 0.0
0.001404494382022472 0.12175102599179206 0.06500691562932227 0.0 0.0
0.002808988764044944 0.15321477428180577 0.05255878284923928 0.0 0.001326259946949602
0.0 0.14227086183310536 0.048409405255878286 0.0 0.0
0.002808988764044944 0.18331053351573187 0.04702627939142462 0.0 0.001326259946949602
0.001404494382022472 0.1709986320109439 0.058091286307053944 0.0 0.0
0.0 0.16415868673050615 0.05255878284923928 0.0 0.0
0.0 0.17647058823529413 0.0636237897648686 0.0 0.0
0.0 0.18604651162790697 0.07468879668049792 0.0014064697609001407 0.0
0.0 0.1573187414500684 0.056708160442600276 0.0 0.0
0.0 0.1545827633378933 0.08022130013831259 0.0 0.0
0.0 0.14227086183310536 0.058091286307053944 0.0014064697609001407 0.0
0.0 0.16415868673050615 0.06224066390041494 0.0 0.0
0.0 0.15868673050615595 0.06500691562932227 0.0 0.0
0.0 0.2079343365253078 0.08022130013831259 0.0014064697609001407 0.0
0.0 0.19835841313269495 0.07745504840940524 0.0 0.0
0.0 0.1354309165526676 0.05532503457814661 0.0 0.0
0.001404494382022472 0.16689466484268126 0.06224066390041494 0.0 0.0
0.0 0.18057455540355677 0.056708160442600276 0.0 0.0
0.005617977528089888 0.19288645690834474 0.05532503457814661 0.0 0.0
0.002808988764044944 0.16142270861833105 0.056708160442600276 0.0 0.0
0.001404494382022472 0.20383036935704515 0.08298755186721991 0.0 0.0
0.0 0.23803009575923392 0.0636237897648686 0.0014064697609001407 0.0
0.0 0.1326949384404925 0.08298755186721991 0.0014064697609001407 0.0
0.001404494382022472 0.16552667578659372 0.06085753803596127 0.0 0.0
0.001404494382022472 0.18331053351573187 0.0677731673582296 0.0 0.0
0.002808988764044944 0.265389876880985 0.08437067773167357 0.0014064697609001407 0.0
0.001404494382022472 0.23803009575923392 0.0636237897648686 0.0 0.0
0.0 0.2024623803009576 0.08022130013831259 0.0 0.0
0.002808988764044944 0.24213406292749656 0.07745504840940524 0.0 0.0
0.004213483146067416 0.2544459644322845 0.05532503457814661 0.0 0.0
0.001404494382022472 0.23529411764705882 0.07053941908713693 0.0 0.0
0.0 0.23255813953488375 0.08022130013831259 0.0 0.0
0.001404494382022472 0.28180574555403554 0.07468879668049792 0.0 0.0
0.001404494382022472 0.28864569083447333 0.0636237897648686 0.0014064697609001407 0.0
0.0 0.28180574555403554 0.08298755186721991 0.0014064697609001407 0.0
0.002808988764044944 0.2243502051983584 0.07745504840940524 0.0 0.0
0.0 0.3283173734610123 0.09820193637621023 0.0 0.0
0.0 0.33105335157318744 0.07607192254495158 0.0 0.0
0.001404494382022472 0.26265389876880985 0.10096818810511757 0.0 0.0
0.001404494382022472 0.36388508891928867 0.07883817427385893 0.0 0.0
0.001404494382022472 0.35157318741450067 0.0912863070539419 0.0 0.0
0.0 0.3228454172366621 0.06085753803596127 0.0014064697609001407 0.0
0.001404494382022472 0.3789329685362517 0.10650069156293224 0.0 0.0
0.002808988764044944 0.3761969904240766 0.0719225449515906 0.0 0.0
0.0 0.4322845417236662 0.08437067773167357 0.0014064697609001407 0.0
0.0 0.36114911080711354 0.07468879668049792 0.0 0.0
0.0 0.41860465116279066 0.11341632088520055 0.0 0.0
0.001404494382022472 0.4404924760601915 0.10235131396957123 0.0 0.0
0.0 0.3734610123119015 0.12033195020746888 0.0 0.0
0.0 0.42954856361149113 0.09681881051175657 0.0 0.0
0.0 0.4610123119015048 0.11479944674965423 0.0028129395218002813 0.0
0.005617977528089888 0.454172366621067 0.11756569847856155 0.0 0.0
0.001404494382022472 0.48153214774281805 0.08713692946058092 0.0 0.0
0.001404494382022472 0.49247606019151846 0.10096818810511757 0.0 0.0
0.002808988764044944 0.5239398084815321 0.10511756569847856 0.0 0.0
0.002808988764044944 0.548563611491108 0.11203319502074688 0.0 0.0
0.001404494382022472 0.5909712722298222 0.11203319502074688 0.0 0.0
0.002808988764044944 0.6169630642954856 0.12171507607192254 0.0 0.0
0.0 0.588235294117647 0.13278008298755187 0.0 0.0
0.0 0.6142270861833106 0.11756569847856155 0.0 0.0
0.0 0.6169630642954856 0.11618257261410789 0.0 0.0
0.002808988764044944 0.6196990424076607 0.16597510373443983 0.0 0.0
0.001404494382022472 0.7154582763337893 0.1756569847856155 0.0 0.0
0.001404494382022472 0.7387140902872776 0.14661134163208853 0.0 0.0
0.001404494382022472 0.7674418604651163 0.1396957123098202 0.0 0.0
0.0 0.7428180574555403 0.16459197786998617 0.0 0.0
0.0 0.7647058823529412 0.15629322268326418 0.0 0.0
0.001404494382022472 0.7948016415868673 0.14522821576763487 0.0028129395218002813 0.0
0.001404494382022472 0.8207934336525308 0.15905947441217153 0.0 0.0
0.001404494382022472 0.8002735978112175 0.14661134163208853 0.0 0.0
0.0 0.8221614227086183 0.17842323651452283 0.0028129395218002813 0.0
0.0 0.8960328317373462 0.18948824343015214 0.0 0.0
0.001404494382022472 0.8221614227086183 0.1701244813278008 0.0 0.0
0.001404494382022472 0.945280437756498 0.19917012448132781 0.0 0.0
0.004213483146067416 0.9056087551299589 0.16044260027662519 0.0 0.0
0.0 0.9110807113543092 0.17704011065006917 0.0 0.0
0.001404494382022472 0.948016415868673 0.19640387275242047 0.0 0.0
0.0 0.982216142270862 0.1825726141078838 0.0 0.0
0.001404494382022472 1.0191518467852259 0.16459197786998617 0.0 0.0
0.0 1.1354309165526675 0.2226832641770401 0.0 0.0
0.0 0.987688098495212 0.18810511756569848 0.0 0.0
0.001404494382022472 1.1545827633378933 0.21161825726141079 0.0 0.0
0.001404494382022472 1.094391244870041 0.18533886583679116 0.0 0.0
0.0 1.0752393980848154 0.18395573997233747 0.0028129395218002813 0.0
0.0 1.076607387140903 0.20193637621023514 0.0028129395218002813 0.0
0.001404494382022472 1.1450068399452804 0.21715076071922546 0.0014064697609001407 0.0
0.004213483146067416 1.2325581395348837 0.21023513139695713 0.0 0.0
0.0 1.2913816689466484 0.21023513139695713 0.0 0.0
0.001404494382022472 1.1819425444596443 0.21991701244813278 0.0014064697609001407 0.0
0.0 1.2380300957592338 0.21300138312586447 0.0014064697609001407 0.0
0.001404494382022472 1.2380300957592338 0.19640387275242047 0.0 0.0
0.0 1.3789329685362517 0.21991701244813278 0.0 0.0
0.002808988764044944 1.4062927496580027 0.21438450899031813 0.0 0.0
0.002808988764044944 1.4062927496580027 0.20746887966804978 0.0 0.0
0.002808988764044944 1.3502051983584131 0.2600276625172891 0.0 0.0
0.0 1.46374829001368 0.2766251728907331 0.0 0.0
0.004213483146067416 1.5937072503419973 0.24896265560165975 0.0 0.0
0.001404494382022472 1.5020519835841313 0.2461964038727524 0.0 0.0
0.001404494382022472 1.5471956224350205 0.2697095435684647 0.0 0.0
0.004213483146067416 1.707250341997264 0.26556016597510373 0.0 0.0
0.0 0.13406292749658003 0.01798063623789765 0.0 0.0
0.0 0.12585499316005472 0.01936376210235131 0.0 0.0
0.0 0.11627906976744187 0.009681881051175656 0.0014064697609001407 0.001326259946949602
0.0 0.11080711354309167 0.022130013831258646 0.0 0.0
0.001404494382022472 1.6689466484268125 0.2503457814661134 0.0 0.0
0.0 0.11491108071135431 0.022130013831258646 0.0 0.0
0.0 0.14227086183310536 0.027662517289073305 0.0 0.0
0.0 0.12448700410396717 0.013831258644536652 0.0 0.0
0.0 0.13679890560875513 0.016597510373443983 0.0 0.0
0.002808988764044944 1.2380300957592338 0.38312586445366525 0.0 0.0
0.0 0.10807113543091655 0.012448132780082988 0.0 0.0
0.0 0.12311901504787962 0.024896265560165977 0.0 0.0
0.0 0.13406292749658003 0.012448132780082988 0.0 0.0
0.0 0.11627906976744187 0.01936376210235131 0.0 0.0
0.002808988764044944 1.6019151846785227 0.24896265560165975 0.0 0.0
0.0 0.12722298221614226 0.01798063623789765 0.0 0.0
0.0 0.1436388508891929 0.011065006915629323 0.0 0.0
0.0 0.11764705882352941 0.027662517289073305 0.0 0.0
0.0 0.1121751025991792 0.015214384508990318 0.0 0.0
0.0 1.3707250341997264 0.37344398340248963 0.0 0.0
0.0 0.12722298221614226 0.022130013831258646 0.0 0.0
0.0 0.11764705882352941 0.011065006915629323 0.0 0.0
0.0 0.11491108071135431 0.01798063623789765 0.0 0.0
0.0 0.12311901504787962 0.016597510373443983 0.0 0.0
0.0 0.12448700410396717 0.008298755186721992 0.0 0.0
0.0 0.11354309165526676 0.016597510373443983 0.0 0.0
0.0 0.12038303693570451 0.012448132780082988 0.0 0.0
0.0 0.13679890560875513 0.015214384508990318 0.0 0.0
0.0 0.11627906976744187 0.02074688796680498 0.0 0.0
0.0 0.1436388508891929 0.005532503457814661 0.0 0.0
0.001404494382022472 1.265389876880985 0.4343015214384509 0.0014064697609001407 0.001326259946949602
0.0 1.3036935704514363 0.3748271092669433 0.0 0.0
0.0 1.2995896032831737 0.4066390041493776 0.0 0.0
0.0 1.26812585499316 0.45228215767634855 0.0014064697609001407 0.0
0.0 1.2667578659370726 0.42876901798063627 0.0014064697609001407 0.0
0.001404494382022472 1.2722298221614226 0.37621023513139695 0.0 0.0
0.0 1.3023255813953487 0.3748271092669433 0.0 0.0
0.0 1.2763337893296853 0.4218533886583679 0.0 0.0
0.0 1.2435020519835842 0.4384508990318119 0.0 0.0
0.0 1.2489740082079344 0.3900414937759336 0.0 0.0
0.0 1.2435020519835842 0.4508990318118949 0.0 0.0
0.001404494382022472 1.2804377564979479 0.3582295988934993 0.0014064697609001407 0.0
0.0 1.2229822161422708 0.3485477178423237 0.0 0.0
0.0 1.216142270861833 0.38035961272475793 0.0 0.0
0.0 1.2859097127222983 0.43568464730290457 0.0 0.0
0.0 1.310533515731874 0.3485477178423237 0.0 0.0
0.0 1.2667578659370726 0.40802213001383125 0.0 0.0
0.002808988764044944 1.2941176470588236 0.3582295988934993 0.0014064697609001407 0.0
0.002808988764044944 1.274965800273598 0.36376210235131395 0.0 0.0
0.002808988764044944 1.2476060191518468 0.3706777316735823 0.0 0.0
0.0 1.2352941176470589 0.3582295988934993 0.0014064697609001407 0.0
0.0 1.2462380300957592 0.3706777316735823 0.0 0.0
0.0 1.292749658002736 0.3706777316735823 0.0 0.0
0.0 1.2229822161422708 0.3582295988934993 0.0028129395218002813 0.001326259946949602
0.001404494382022472 1.2544459644322845 0.351313969571231 0.0014064697609001407 0.0
0.0 1.2325581395348837 0.38035961272475793 0.0014064697609001407 0.0
0.0 1.2298221614227085 0.36376210235131395 0.0 0.0
0.0 1.2065663474692203 0.36099585062240663 0.0 0.0
0.001404494382022472 1.2147742818057454 0.37344398340248963 0.0028129395218002813 0.0
0.002808988764044944 1.1805745554035567 0.30705394190871366 0.0 0.0
0.0 1.2106703146374829 0.3485477178423237 0.0014064697609001407 0.0
0.0 1.2093023255813953 0.3665283540802213 0.0 0.0
0.0 1.1956224350205198 0.343015214384509 0.0 0.0
0.001404494382022472 1.2065663474692203 0.334716459197787 0.0 0.0
0.002808988764044944 1.2339261285909713 0.32918395573997233 0.0014064697609001407 0.0
0.001404494382022472 1.1504787961696306 0.33609958506224064 0.0 0.0
0.0 1.170998632010944 0.36099585062240663 0.0028129395218002813 0.0
0.0 1.188782489740082 0.2987551867219917 0.0 0.0
0.0 1.1819425444596443 0.3167358229598894 0.0 0.0
0.001404494382022472 1.1696306429548562 0.3236514522821577 0.0028129395218002813 0.0
0.0 1.2079343365253077 0.29045643153526973 0.0 0.0
0.002808988764044944 1.186046511627907 0.330567081604426 0.0014064697609001407 0.0
0.0 1.2544459644322845 0.3112033195020747 0.0 0.0
0.0 1.2120383036935705 0.32918395573997233 0.0028129395218002813 0.001326259946949602
0.0 1.1997264021887823 0.313969571230982 0.0 0.0
0.0 1.158686730506156 0.32088520055325037 0.0 0.0
0.0 1.1696306429548562 0.2918395573997234 0.0014064697609001407 0.0
0.0 1.2571819425444597 0.2710926694329184 0.0 0.0
0.0 1.170998632010944 0.2946058091286307 0.0 0.0
0.0 1.2147742818057454 0.326417704011065 0.0028129395218002813 0.0
0.0 1.1778385772913817 0.326417704011065 0.004219409282700422 0.0
0.0 1.2722298221614226 0.2959889349930844 0.0 0.0
0.005617977528089888 1.1299589603283173 0.31535269709543573 0.0028129395218002813 0.0
0.0 1.1504787961696306 0.30567081604426 0.0 0.0
0.0 1.1655266757865936 0.29045643153526973 0.0014064697609001407 0.0
0.0 1.1655266757865936 0.3195020746887967 0.0028129395218002813 0.0
0.0 1.1545827633378933 0.30013831258644535 0.0028129395218002813 0.0
0.0 1.2284541723666211 0.330567081604426 0.0 0.0
0.0 1.2065663474692203 0.2876901798063624 0.0 0.0
0.0 1.1614227086183309 0.32503457814661135 0.0 0.0
0.001404494382022472 1.1231190150478798 0.25587828492392806 0.0014064697609001407 0.0
0.0 1.255813953488372 0.3167358229598894 0.0014064697609001407 0.0
0.002808988764044944 1.2216142270861834 0.355463347164592 0.0 0.0
0.0 1.2229822161422708 0.343015214384509 0.0 0.001326259946949602
0.001404494382022472 1.2188782489740082 0.30567081604426 0.0014064697609001407 0.0
0.0 1.2352941176470589 0.3084370677731673 0.0 0.0
0.0 1.186046511627907 0.2863070539419087 0.0 0.001326259946949602
0.0 1.2270861833105335 0.32503457814661135 0.0 0.0
0.0 1.2257181942544462 0.2793914246196404 0.0014064697609001407 0.0
0.0 1.2106703146374829 0.2987551867219917 0.0 0.0
0.001404494382022472 1.1627906976744187 0.33886583679114796 0.0014064697609001407 0.0
0.001404494382022472 1.198358413132695 0.32088520055325037 0.0028129395218002813 0.0
0.0 1.2188782489740082 0.3167358229598894 0.0028129395218002813 0.0
0.0 1.240766073871409 0.3029045643153527 0.0 0.0
0.004213483146067416 1.1573187414500685 0.3112033195020747 0.0014064697609001407 0.0
0.001404494382022472 1.1942544459644324 0.3112033195020747 0.0 0.0
0.0 1.2038303693570451 0.326417704011065 0.0 0.0
0.001404494382022472 1.1792065663474693 0.29737206085753803 0.0014064697609001407 0.0
0.0 1.253077975376197 0.30705394190871366 0.0 0.0
0.0 1.1956224350205198 0.309820193637621 0.0 0.0
0.0 1.2599179206566349 0.2918395573997234 0.0 0.0
0.001404494382022472 1.186046511627907 0.3084370677731673 0.0014064697609001407 0.0
0.0 1.2093023255813953 0.32088520055325037 0.0 0.0
0.0 1.2202462380300958 0.28492392807745504 0.0 0.0
0.0 1.1956224350205198 0.32503457814661135 0.0028129395218002813 0.001326259946949602
0.001404494382022472 1.1723666210670316 0.30705394190871366 0.0 0.0
0.0 1.2188782489740082 0.3278008298755187 0.0014064697609001407 0.0
0.0 1.2339261285909713 0.27800829875518673 0.0 0.0
0.0 1.1778385772913817 0.30013831258644535 0.0 0.0
0.0 1.1573187414500685 0.2627939142461964 0.0014064697609001407 0.0
0.001404494382022472 1.2188782489740082 0.2835408022130014 0.0014064697609001407 0.0
0.0 1.1901504787961696 0.29045643153526973 0.0014064697609001407 0.0
0.0 1.1655266757865936 0.3167358229598894 0.0014064697609001407 0.0
0.001404494382022472 1.173734610123119 0.30567081604426 0.0 0.0
0.002808988764044944 1.1792065663474693 0.3195020746887967 0.0 0.0
0.0 1.216142270861833 0.32226832641770403 0.0 0.0
0.0 1.1354309165526675 0.3112033195020747 0.0028129395218002813 0.0
0.0 1.216142270861833 0.2586445366528354 0.0014064697609001407 0.0
0.0 1.158686730506156 0.355463347164592 0.0014064697609001407 0.0
