11.4 19.035714285714285 16.366666666666667 10.642857142857142 9.923076923076923
9.68 19.17857142857143 17.466666666666665 10.142857142857142 10.423076923076923
9.56 19.607142857142858 17.7 9.964285714285714 8.884615384615385
10.16 19.964285714285715 16.866666666666664 10.464285714285714 9.653846153846153
10.36 19.678571428571427 17.0 10.0 8.692307692307692
10.16 20.642857142857142 17.1 10.214285714285714 10.115384615384615
10.88 20.0 17.033333333333335 9.821428571428571 9.192307692307692
9.639999999999999 20.035714285714285 16.066666666666666 9.678571428571429 9.346153846153847
9.56 19.892857142857142 16.333333333333332 9.821428571428571 9.423076923076923
8.72 21.035714285714285 15.966666666666667 9.857142857142858 7.846153846153847
10.120000000000001 20.25 15.966666666666667 8.642857142857142 9.615384615384617
10.44 21.0 17.133333333333333 9.535714285714286 9.307692307692308
10.319999999999999 19.035714285714285 16.533333333333335 10.214285714285714 7.884615384615384
10.28 19.607142857142858 17.8 10.25 8.923076923076923
10.36 20.142857142857142 17.933333333333334 10.5 8.730769230769232
10.08 18.785714285714285 17.7 10.428571428571429 9.26923076923077
10.36 22.071428571428573 16.1 9.642857142857142 9.884615384615383
9.12 19.714285714285715 17.266666666666666 9.857142857142858 8.961538461538462
10.72 19.928571428571427 15.733333333333333 9.928571428571429 8.576923076923077
10.120000000000001 20.82142857142857 17.3 8.678571428571427 10.307692307692308
9.92 20.142857142857142 17.433333333333334 10.071428571428571 9.538461538461538
11.16 20.82142857142857 16.6 10.5 8.115384615384615
11.0 20.607142857142858 16.299999999999997 9.678571428571429 8.961538461538462
9.28 18.214285714285715 17.4 9.571428571428571 10.192307692307692
9.76 20.214285714285715 16.833333333333332 9.964285714285714 9.76923076923077
9.36 18.392857142857142 17.6 9.892857142857142 9.76923076923077
8.959999999999999 18.785714285714285 16.666666666666668 10.321428571428571 7.6923076923076925
9.16 20.035714285714285 18.0 9.892857142857142 8.923076923076923
10.52 20.96428571428571 17.133333333333333 9.535714285714286 9.038461538461538
9.12 19.321428571428573 16.066666666666666 11.464285714285715 8.653846153846155
9.28 20.642857142857142 16.6 10.142857142857142 8.961538461538462
10.319999999999999 19.071428571428573 17.7 9.821428571428571 10.076923076923077
10.28 21.32142857142857 17.766666666666666 10.035714285714285 9.038461538461538
11.2 18.03571428571429 16.333333333333332 10.5 9.307692307692308
9.719999999999999 21.5 17.733333333333334 9.464285714285715 8.538461538461538
9.68 20.785714285714285 17.966666666666665 10.714285714285714 9.230769230769232
9.28 19.678571428571427 16.033333333333335 9.607142857142858 9.961538461538462
10.8 20.25 18.133333333333333 10.321428571428571 9.307692307692308
10.68 19.464285714285715 16.5 9.464285714285715 8.692307692307692
8.319999999999999 20.035714285714285 17.2 10.0 9.538461538461538
9.719999999999999 19.892857142857142 15.566666666666666 11.142857142857144 9.538461538461538
10.52 18.392857142857142 17.933333333333334 10.107142857142858 9.807692307692307
10.16 20.5 16.0 10.107142857142858 9.307692307692308
9.2 20.178571428571427 17.666666666666668 9.357142857142858 9.307692307692308
10.040000000000001 20.107142857142858 17.166666666666668 9.142857142857144 10.192307692307692
9.2 19.17857142857143 17.533333333333335 10.642857142857142 10.461538461538462
11.0 19.392857142857142 17.233333333333334 10.357142857142856 9.038461538461538
11.08 19.17857142857143 16.366666666666667 10.857142857142858 9.461538461538462
9.32 20.82142857142857 15.8 10.357142857142856 10.384615384615385
11.440000000000001 19.392857142857142 16.166666666666664 9.607142857142858 9.615384615384617
10.68 20.5 17.133333333333333 9.25 9.692307692307693
10.4 19.928571428571427 16.433333333333334 10.678571428571427 9.846153846153847
10.120000000000001 20.428571428571427 17.0 10.464285714285714 9.192307692307692
9.76 18.142857142857142 16.666666666666668 8.928571428571429 9.884615384615383
10.040000000000001 20.107142857142858 15.4 9.25 9.846153846153847
10.24 19.464285714285715 16.833333333333332 9.785714285714286 8.769230769230768
11.24 18.857142857142858 16.9 10.035714285714285 9.0
10.76 18.214285714285715 16.933333333333334 9.25 8.423076923076923
9.04 20.285714285714285 17.233333333333334 11.964285714285714 8.923076923076923
9.2 19.5 16.2 10.321428571428571 10.038461538461538
9.799999999999999 18.714285714285715 17.533333333333335 9.571428571428571 9.76923076923077
11.96 19.107142857142858 17.4 10.464285714285714 9.692307692307693
10.16 20.607142857142858 16.366666666666667 10.857142857142858 9.5
10.16 21.21428571428571 16.433333333333334 11.678571428571429 9.73076923076923
10.16 20.607142857142858 15.9 10.428571428571429 8.923076923076923
10.84 20.678571428571427 17.0 10.285714285714285 9.384615384615385
10.319999999999999 19.82142857142857 16.833333333333332 10.785714285714286 10.0
9.76 19.25 15.5 10.178571428571429 9.884615384615383
11.12 21.25 16.5 10.321428571428571 9.192307692307692
9.719999999999999 20.428571428571427 18.03333333333333 10.0 8.961538461538462
9.0 19.5 17.733333333333334 10.107142857142858 8.423076923076923
10.08 20.25 17.333333333333332 10.107142857142858 10.307692307692308
11.2 21.107142857142854 15.766666666666666 9.785714285714286 9.230769230769232
9.56 19.75 15.133333333333333 10.464285714285714 8.961538461538462
10.08 21.357142857142854 16.333333333333332 9.857142857142858 10.923076923076923
11.440000000000001 20.178571428571427 17.133333333333333 9.714285714285714 10.23076923076923
9.92 19.25 16.23333333333333 9.892857142857142 9.0
10.4 20.678571428571427 16.7 10.035714285714285 9.961538461538462
10.48 19.678571428571427 18.133333333333333 9.821428571428571 9.115384615384615
10.76 21.07142857142857 14.766666666666667 10.785714285714286 8.23076923076923
10.44 19.75 16.333333333333332 11.178571428571429 8.846153846153845
10.319999999999999 20.928571428571427 17.2 9.892857142857142 9.615384615384617
9.28 19.607142857142858 17.6 8.964285714285715 11.153846153846153
9.92 21.571428571428573 17.133333333333333 10.464285714285714 9.461538461538462
9.32 21.142857142857142 16.6 10.607142857142856 9.884615384615383
9.440000000000001 19.571428571428573 18.166666666666668 10.035714285714285 10.038461538461538
10.0 19.964285714285715 17.066666666666666 10.0 9.846153846153847
10.44 21.5 17.133333333333333 10.0 9.307692307692308
10.76 19.714285714285715 16.23333333333333 11.321428571428571 8.615384615384615
10.08 18.357142857142858 16.566666666666666 9.928571428571429 10.23076923076923
11.16 19.17857142857143 18.933333333333334 8.928571428571429 9.0
9.36 19.0 16.633333333333333 9.5 9.230769230769232
9.719999999999999 17.892857142857146 18.3 10.142857142857142 9.0
10.44 19.321428571428573 16.96666666666667 8.464285714285714 8.692307692307692
9.68 18.357142857142858 16.2 10.535714285714285 10.115384615384615
11.12 19.785714285714285 18.1 10.428571428571429 8.923076923076923
10.56 19.82142857142857 17.2 9.75 8.0
9.799999999999999 20.535714285714285 19.2 10.75 8.730769230769232
10.24 19.964285714285715 17.1 10.321428571428571 8.807692307692308
8.24 21.107142857142854 16.366666666666667 9.75 9.115384615384615
10.28 18.571428571428573 15.733333333333333 10.714285714285714 9.576923076923077
10.28 11.357142857142858 9.9 9.607142857142858 11.192307692307692
9.32 10.035714285714285 9.833333333333332 10.607142857142856 9.692307692307693
10.959999999999999 10.571428571428571 8.633333333333333 9.357142857142858 10.26923076923077
10.040000000000001 11.214285714285715 10.200000000000001 9.892857142857142 10.115384615384615
9.719999999999999 20.07142857142857 16.400000000000002 9.857142857142858 9.423076923076923
9.96 9.428571428571429 11.299999999999999 10.642857142857142 10.692307692307692
10.0 10.535714285714285 10.1 10.5 10.730769230769232
11.16 10.821428571428573 9.766666666666666 10.214285714285714 10.807692307692308
10.8 9.035714285714286 11.1 9.892857142857142 9.807692307692307
10.08 16.32142857142857 18.233333333333334 9.071428571428571 9.653846153846153
11.639999999999999 10.0 10.666666666666666 10.5 10.807692307692308
9.6 8.678571428571427 11.566666666666666 9.928571428571429 11.115384615384615
12.28 10.535714285714285 9.433333333333334 9.571428571428571 9.884615384615383
10.120000000000001 11.142857142857144 10.733333333333333 10.071428571428571 10.576923076923077
10.200000000000001 19.285714285714285 18.8 9.928571428571429 9.192307692307692
11.24 9.964285714285714 11.4 9.714285714285714 10.576923076923077
11.56 10.892857142857144 11.1 10.642857142857142 10.538461538461538
10.4 10.321428571428571 9.766666666666666 11.25 10.346153846153847
10.319999999999999 10.642857142857142 11.366666666666667 10.5 11.23076923076923
10.16 19.285714285714285 19.633333333333333 10.5 8.615384615384615
10.48 10.142857142857142 11.366666666666667 9.785714285714286 9.846153846153847
10.0 9.857142857142858 9.9 10.321428571428571 10.5
9.96 10.25 11.1 10.964285714285715 10.153846153846153
9.879999999999999 9.75 10.266666666666667 10.714285714285714 10.0
11.08 11.0 11.133333333333333 9.785714285714286 10.346153846153847
10.84 9.357142857142858 10.5 11.75 10.26923076923077
9.719999999999999 9.964285714285714 10.233333333333334 10.714285714285714 10.346153846153847
10.76 9.928571428571429 10.766666666666667 9.821428571428571 10.538461538461538
10.200000000000001 10.428571428571429 9.6 10.321428571428571 9.076923076923077
10.8 9.964285714285714 10.633333333333333 10.678571428571427 9.884615384615383
11.56 18.964285714285715 18.366666666666667 10.178571428571429 10.26923076923077
8.52 20.178571428571427 18.166666666666668 9.892857142857142 10.23076923076923
10.4 16.428571428571427 18.366666666666667 10.5 9.153846153846153
10.4 17.92857142857143 17.9 10.321428571428571 9.115384615384615
10.319999999999999 17.75 19.96666666666667 11.678571428571429 8.923076923076923
8.920000000000002 17.5 20.733333333333334 10.857142857142858 9.576923076923077
10.44 18.0 18.666666666666668 11.285714285714286 9.538461538461538
9.12 18.892857142857142 18.06666666666667 10.071428571428571 8.807692307692308
10.040000000000001 19.071428571428573 19.53333333333333 10.25 9.923076923076923
9.4 16.57142857142857 19.066666666666666 10.928571428571429 9.461538461538462
9.96 17.142857142857142 19.566666666666666 9.821428571428571 8.846153846153845
10.08 18.714285714285715 18.166666666666668 9.857142857142858 9.076923076923077
10.72 17.428571428571427 19.066666666666666 10.964285714285715 9.615384615384617
9.28 18.964285714285715 19.7 10.535714285714285 8.461538461538462
10.8 17.107142857142854 19.166666666666664 10.107142857142858 9.961538461538462
10.72 16.82142857142857 18.666666666666668 10.142857142857142 9.307692307692308
9.799999999999999 18.821428571428573 17.933333333333334 11.428571428571429 7.576923076923077
8.84 17.57142857142857 17.8 9.785714285714286 8.576923076923077
11.2 18.25 18.53333333333333 9.321428571428571 9.461538461538462
10.56 17.607142857142858 17.4 9.5 9.26923076923077
10.72 16.32142857142857 20.166666666666664 10.25 10.461538461538462
9.84 17.857142857142858 19.8 10.892857142857144 9.153846153846153
11.16 17.78571428571429 19.2 10.535714285714285 9.26923076923077
10.44 17.67857142857143 19.566666666666666 10.714285714285714 8.153846153846153
9.639999999999999 19.214285714285715 18.666666666666668 9.535714285714286 9.461538461538462
10.76 18.92857142857143 16.833333333333332 9.892857142857142 9.576923076923077
9.24 17.714285714285715 18.2 11.321428571428571 9.461538461538462
10.24 16.142857142857142 19.333333333333336 10.75 9.076923076923077
10.72 17.642857142857146 18.3 12.0 9.038461538461538
11.48 17.142857142857142 19.400000000000002 9.214285714285715 9.115384615384615
10.0 19.785714285714285 20.6 9.357142857142858 10.038461538461538
10.040000000000001 17.0 20.0 10.464285714285714 9.115384615384615
10.0 18.142857142857142 20.23333333333333 10.142857142857142 9.423076923076923
9.48 16.75 19.099999999999998 10.285714285714285 8.346153846153847
10.68 18.142857142857142 19.599999999999998 10.535714285714285 8.423076923076923
10.76 18.17857142857143 18.76666666666667 9.5 8.23076923076923
9.48 18.5 19.133333333333333 11.857142857142858 9.076923076923077
10.72 19.214285714285715 18.833333333333332 11.678571428571429 8.26923076923077
10.52 17.714285714285715 18.3 10.428571428571429 9.230769230769232
10.319999999999999 17.67857142857143 19.46666666666667 10.75 8.730769230769232
10.0 15.464285714285715 18.666666666666668 11.0 9.076923076923077
9.56 18.392857142857142 19.73333333333333 9.892857142857142 9.0
10.52 18.5 18.466666666666665 11.035714285714286 9.038461538461538
10.48 17.821428571428573 18.566666666666666 10.785714285714286 9.346153846153847
9.92 17.035714285714285 17.233333333333334 10.035714285714285 9.846153846153847
10.76 17.46428571428571 17.166666666666668 11.035714285714286 10.115384615384615
8.64 17.107142857142854 20.400000000000002 11.392857142857142 9.423076923076923
8.319999999999999 16.107142857142858 18.599999999999998 10.214285714285714 9.692307692307693
10.200000000000001 19.142857142857142 20.866666666666664 10.892857142857144 9.346153846153847
10.44 17.75 19.166666666666664 11.392857142857142 8.5
10.76 18.53571428571429 18.1 13.0 9.153846153846153
10.6 16.857142857142858 18.366666666666667 10.714285714285714 9.76923076923077
10.319999999999999 16.71428571428571 19.900000000000002 9.642857142857142 8.769230769230768
8.959999999999999 17.78571428571429 20.033333333333335 10.464285714285714 9.192307692307692
10.6 19.0 17.966666666666665 10.964285714285715 10.076923076923077
10.040000000000001 17.892857142857146 19.933333333333334 10.678571428571427 8.461538461538462
10.28 17.67857142857143 20.46666666666667 11.035714285714286 9.461538461538462
9.520000000000001 17.392857142857142 20.133333333333333 12.357142857142856 9.384615384615385
10.319999999999999 17.607142857142858 18.53333333333333 10.571428571428571 8.961538461538462
9.719999999999999 18.17857142857143 21.8 10.821428571428573 10.538461538461538
10.44 17.0 19.433333333333334 12.178571428571429 8.807692307692308
11.4 17.75 20.46666666666667 11.821428571428571 8.384615384615385
9.520000000000001 17.75 19.96666666666667 10.178571428571429 9.538461538461538
9.92 17.964285714285715 19.7 10.714285714285714 9.76923076923077
9.96 18.42857142857143 19.366666666666667 10.0 8.653846153846155
10.72 17.92857142857143 20.23333333333333 11.964285714285714 10.307692307692308
11.0 18.53571428571429 20.033333333333335 9.5 9.961538461538462
9.36 15.892857142857142 19.96666666666667 10.928571428571429 9.115384615384615
10.0 17.857142857142858 19.0 9.678571428571429 9.692307692307693
9.6 18.464285714285715 20.23333333333333 9.928571428571429 9.923076923076923
9.440000000000001 16.857142857142858 19.166666666666664 10.428571428571429 10.076923076923077
9.32 18.464285714285715 19.26666666666667 10.392857142857142 8.884615384615385
10.16 17.857142857142858 18.933333333333334 10.642857142857142 9.615384615384617
9.4 17.5 19.8 9.571428571428571 10.423076923076923
10.8 17.714285714285715 20.23333333333333 11.642857142857142 8.0
10.24 18.892857142857142 19.066666666666666 10.928571428571429 9.307692307692308
10.64 16.392857142857142 21.533333333333335 10.285714285714285 9.692307692307693
10.200000000000001 17.178571428571427 19.599999999999998 10.035714285714285 9.961538461538462
9.719999999999999 17.0 19.166666666666664 11.964285714285714 8.346153846153847
9.68 17.78571428571429 19.5 10.678571428571427 10.346153846153847
9.24 17.92857142857143 18.3 9.964285714285714 8.307692307692308
10.08 17.78571428571429 19.96666666666667 11.071428571428571 9.5
9.440000000000001 16.82142857142857 19.433333333333334 10.892857142857144 9.038461538461538
10.08 17.428571428571427 17.866666666666667 9.821428571428571 9.923076923076923
10.16 17.535714285714285 19.366666666666667 9.892857142857142 9.653846153846153
10.68 17.857142857142858 19.2 10.392857142857142 8.769230769230768
9.4 18.28571428571429 19.633333333333333 10.964285714285715 9.576923076923077
8.44 17.642857142857146 18.53333333333333 10.75 10.384615384615385
10.48 18.42857142857143 19.599999999999998 10.714285714285714 8.538461538461538
10.0 18.107142857142858 18.733333333333334 10.714285714285714 9.846153846153847
8.52 18.357142857142858 19.2 10.0 8.192307692307692
9.76 17.178571428571427 20.533333333333335 10.75 9.115384615384615
10.200000000000001 18.321428571428573 18.166666666666668 11.178571428571429 8.730769230769232
9.799999999999999 16.75 19.166666666666664 11.928571428571429 10.076923076923077
9.68 17.642857142857146 19.7 11.357142857142858 9.26923076923077
9.08 17.32142857142857 18.333333333333332 10.5 8.653846153846155
10.48 17.57142857142857 18.833333333333332 10.964285714285715 8.076923076923077
9.32 19.392857142857142 20.766666666666666 9.607142857142858 9.884615384615383
8.56 17.32142857142857 19.2 10.928571428571429 9.346153846153847
