32935.000 -0.400 -0.400 0.264
32936.000 -0.400 -0.331 0.423
32937.000 -0.400 -0.262 0.266
32938.000 -0.400 -0.192 0.470
32939.000 -0.400 -0.123 0.283
32940.000 -0.400 -0.054 0.057
32941.000 -0.400 0.015 0.203
32942.000 -0.400 0.085 0.352
32943.000 -0.400 0.154 0.065
32944.000 -0.400 0.223 0.003
32945.000 -0.400 0.292 0.339
32946.000 -0.400 0.362 0.388
32947.000 -0.400 0.431 0.313
32948.000 -0.331 -0.400 0.369
32949.000 -0.331 -0.331 0.144
32950.000 -0.331 -0.262 0.183
32951.000 -0.331 -0.192 0.408
32952.000 -0.331 -0.123 0.203
32953.000 -0.331 -0.054 0.429
32954.000 -0.331 0.015 0.450
32955.000 -0.331 0.085 0.197
32956.000 -0.331 0.154 0.343
32957.000 -0.331 0.223 0.374
32958.000 -0.331 0.292 0.185
32959.000 -0.331 0.362 0.432
32960.000 -0.331 0.431 0.171
32961.000 -0.262 -0.400 0.267
32962.000 -0.262 -0.331 0.064
32963.000 -0.262 -0.262 0.032
32964.000 -0.262 -0.192 0.420
32965.000 -0.262 -0.123 0.459
32966.000 -0.262 -0.054 0.436
32967.000 -0.262 0.015 0.365
32968.000 -0.262 0.085 0.074
32969.000 -0.262 0.154 0.144
32970.000 -0.262 0.223 0.479
32971.000 -0.262 0.292 0.410
32972.000 -0.262 0.362 0.021
32973.000 -0.262 0.431 0.145
32974.000 -0.192 -0.400 0.016
32975.000 -0.192 -0.331 0.424
32976.000 -0.192 -0.262 0.492
32977.000 -0.192 -0.192 0.277
32978.000 -0.192 -0.123 0.132
32979.000 -0.192 -0.054 0.009
32980.000 -0.192 0.015 0.196
32981.000 -0.192 0.085 0.301
32982.000 -0.192 0.154 0.008
32983.000 -0.192 0.223 0.011
32984.000 -0.192 0.292 0.338
32985.000 -0.192 0.362 0.364
32986.000 -0.192 0.431 0.026
32987.000 -0.123 -0.400 0.116
32988.000 -0.123 -0.331 0.261
32989.000 -0.123 -0.262 0.406
32990.000 -0.123 -0.192 0.380
32991.000 -0.123 -0.123 0.069
32992.000 -0.123 -0.054 0.025
32993.000 -0.123 0.015 0.467
32994.000 -0.123 0.085 0.044
32995.000 -0.123 0.154 0.394
32996.000 -0.123 0.223 0.091
32997.000 -0.123 0.292 0.306
32998.000 -0.123 0.362 0.261
32999.000 -0.123 0.431 0.103
33000.000 -0.054 -0.400 0.296
33001.000 -0.054 -0.331 0.254
33002.000 -0.054 -0.262 0.057
33003.000 -0.054 -0.192 0.249
33004.000 -0.054 -0.123 0.297
33005.000 -0.054 -0.054 0.323
33006.000 -0.054 0.015 0.175
33007.000 -0.054 0.085 0.452
33008.000 -0.054 0.154 0.098
33009.000 -0.054 0.223 0.132
33010.000 -0.054 0.292 0.015
33011.000 -0.054 0.362 0.090
33012.000 -0.054 0.431 0.140
33013.000 0.015 -0.400 0.383
33014.000 0.015 -0.331 0.456
33015.000 0.015 -0.262 0.495
33016.000 0.015 -0.192 0.473
33017.000 0.015 -0.123 0.315
33018.000 0.015 -0.054 0.416
33019.000 0.015 0.015 0.353
33020.000 0.015 0.085 0.266
33021.000 0.015 0.154 0.463
33022.000 0.015 0.223 0.473
33023.000 0.015 0.292 0.012
33024.000 0.015 0.362 0.481
33025.000 0.015 0.431 0.135
33026.000 0.085 -0.400 0.105
33027.000 0.085 -0.331 0.447
33028.000 0.085 -0.262 0.095
33029.000 0.085 -0.192 0.205
33030.000 0.085 -0.123 0.282
33031.000 0.085 -0.054 0.298
33032.000 0.085 0.015 0.289
33033.000 0.085 0.085 0.128
33034.000 0.085 0.154 0.328
33035.000 0.085 0.223 0.086
33036.000 0.085 0.292 0.469
33037.000 0.085 0.362 0.064
33038.000 0.085 0.431 0.476
33039.000 0.154 -0.400 0.134
33040.000 0.154 -0.331 0.376
33041.000 0.154 -0.262 0.239
33042.000 0.154 -0.192 0.433
33043.000 0.154 -0.123 0.151
33044.000 0.154 -0.054 0.039
33045.000 0.154 0.015 0.497
33046.000 0.154 0.085 0.132
33047.000 0.154 0.154 0.337
33048.000 0.154 0.223 0.348
33049.000 0.154 0.292 0.021
33050.000 0.154 0.362 0.140
33051.000 0.154 0.431 0.248
33052.000 0.223 -0.400 0.484
33053.000 0.223 -0.331 0.079
33054.000 0.223 -0.262 0.080
33055.000 0.223 -0.192 0.268
33056.000 0.223 -0.123 0.346
33057.000 0.223 -0.054 0.099
33058.000 0.223 0.015 0.437
33059.000 0.223 0.085 0.204
33060.000 0.223 0.154 0.435
33061.000 0.223 0.223 0.254
33062.000 0.223 0.292 0.067
33063.000 0.223 0.362 0.401
33064.000 0.223 0.431 0.307
33065.000 0.292 -0.400 0.463
33066.000 0.292 -0.331 0.121
33067.000 0.292 -0.262 0.358
33068.000 0.292 -0.192 0.401
33069.000 0.292 -0.123 0.246
33070.000 0.292 -0.054 0.473
33071.000 0.292 0.015 0.308
33072.000 0.292 0.085 0.399
33073.000 0.292 0.154 0.283
33074.000 0.292 0.223 0.487
33075.000 0.292 0.292 0.171
33076.000 0.292 0.362 0.259
33077.000 0.292 0.431 0.457
33078.000 0.362 -0.400 0.446
33079.000 0.362 -0.331 0.066
33080.000 0.362 -0.262 0.128
33081.000 0.362 -0.192 0.257
33082.000 0.362 -0.123 0.459
33083.000 0.362 -0.054 0.425
33084.000 0.362 0.015 0.161
33085.000 0.362 0.085 0.072
33086.000 0.362 0.154 0.174
33087.000 0.362 0.223 0.035
33088.000 0.362 0.292 0.086
33089.000 0.362 0.362 0.225
33090.000 0.362 0.431 0.446
33091.000 0.431 -0.400 0.335
33092.000 0.431 -0.331 0.269
33093.000 0.431 -0.262 0.339
33094.000 0.431 -0.192 0.070
33095.000 0.431 -0.123 0.065
33096.000 0.431 0.015 0.314
33097.000 0.431 0.085 0.418
33098.000 0.431 0.154 0.361
33099.000 0.431 0.223 0.437
33100.000 0.431 0.292 0.191
33101.000 0.431 0.362 0.376
33102.000 0.431 0.431 0.015
