0.002881844380403458 0.12987012987012986 0.04696531791907514 0.0 0.0
0.0 0.16233766233766234 0.04046242774566474 0.0 0.0
0.0007204610951008645 0.1487012987012987 0.0476878612716763 0.0006811989100817438 0.0
0.0021613832853025934 0.14285714285714288 0.03829479768786127 0.0013623978201634877 0.0
0.0 0.15064935064935067 0.044797687861271675 0.0006811989100817438 0.0
0.0 0.14545454545454545 0.034682080924855495 0.0006811989100817438 0.0
0.0021613832853025934 0.16233766233766234 0.04046242774566474 0.0006811989100817438 0.0
0.001440922190201729 0.11428571428571428 0.0476878612716763 0.0006811989100817438 0.0
0.001440922190201729 0.1577922077922078 0.03829479768786127 0.0 0.0
0.001440922190201729 0.1551948051948052 0.03540462427745665 0.0 0.0007342143906020558
0.0007204610951008645 0.13896103896103895 0.030346820809248557 0.0006811989100817438 0.0
0.0007204610951008645 0.17792207792207793 0.0476878612716763 0.0006811989100817438 0.0014684287812041115
0.0036023054755043226 0.13506493506493508 0.05202312138728323 0.0 0.0
0.0007204610951008645 0.17467532467532468 0.059248554913294796 0.0013623978201634877 0.0
0.0 0.15584415584415584 0.05057803468208093 0.0013623978201634877 0.0
0.0007204610951008645 0.14350649350649353 0.04335260115606936 0.0 0.0
0.0007204610951008645 0.19610389610389609 0.0476878612716763 0.0 0.0007342143906020558
0.001440922190201729 0.1461038961038961 0.03684971098265896 0.0006811989100817438 0.0
0.0021613832853025934 0.19805194805194803 0.04696531791907514 0.0 0.0
0.0007204610951008645 0.1396103896103896 0.04552023121387284 0.0 0.0
0.001440922190201729 0.15 0.031069364161849713 0.0006811989100817438 0.0
0.0 0.1577922077922078 0.04552023121387284 0.0006811989100817438 0.0
0.0007204610951008645 0.18376623376623377 0.04624277456647399 0.0006811989100817438 0.0
0.0007204610951008645 0.14805194805194805 0.03901734104046243 0.0 0.0007342143906020558
0.0021613832853025934 0.16688311688311688 0.03901734104046243 0.0006811989100817438 0.0
0.0036023054755043226 0.15454545454545454 0.04407514450867052 0.0006811989100817438 0.0
0.0 0.1409090909090909 0.03395953757225433 0.0006811989100817438 0.0
0.0 0.19220779220779222 0.06141618497109826 0.0 0.0
0.001440922190201729 0.18051948051948052 0.03540462427745665 0.0 0.0
0.0021613832853025934 0.19155844155844157 0.05057803468208093 0.0 0.0
0.0 0.2103896103896104 0.039739884393063585 0.0013623978201634877 0.0
0.0036023054755043226 0.22987012987012986 0.04985549132947977 0.0006811989100817438 0.0
0.002881844380403458 0.18571428571428572 0.04696531791907514 0.0 0.0
0.001440922190201729 0.17012987012987013 0.04696531791907514 0.0006811989100817438 0.0
0.001440922190201729 0.2331168831168831 0.04046242774566474 0.0 0.0
0.001440922190201729 0.2344155844155844 0.05346820809248555 0.0013623978201634877 0.0
0.004322766570605187 0.22142857142857142 0.05563583815028902 0.0 0.0
0.002881844380403458 0.24480519480519483 0.034682080924855495 0.0006811989100817438 0.0
0.0021613832853025934 0.20389610389610388 0.04263005780346821 0.0006811989100817438 0.0007342143906020558
0.001440922190201729 0.2357142857142857 0.04552023121387284 0.0013623978201634877 0.0
0.002881844380403458 0.2487012987012987 0.05130057803468208 0.0006811989100817438 0.0
0.0007204610951008645 0.20454545454545453 0.034682080924855495 0.0013623978201634877 0.0
0.0021613832853025934 0.21428571428571427 0.04841040462427745 0.0 0.0
0.0021613832853025934 0.19805194805194803 0.05057803468208093 0.0013623978201634877 0.0
0.0007204610951008645 0.2571428571428572 0.0476878612716763 0.0006811989100817438 0.0007342143906020558
0.002881844380403458 0.22272727272727272 0.049132947976878616 0.0 0.0
0.002881844380403458 0.262987012987013 0.05346820809248555 0.0 0.0007342143906020558
0.0007204610951008645 0.2681818181818182 0.04841040462427745 0.0013623978201634877 0.0
0.0021613832853025934 0.2564935064935065 0.03684971098265896 0.0 0.0
0.001440922190201729 0.24480519480519483 0.054190751445086706 0.0 0.0
0.0007204610951008645 0.2863636363636364 0.054190751445086706 0.0006811989100817438 0.0
0.0007204610951008645 0.26883116883116887 0.05202312138728323 0.0006811989100817438 0.0
0.0021613832853025934 0.3194805194805195 0.05057803468208093 0.0 0.0
0.0007204610951008645 0.32857142857142857 0.06647398843930635 0.0013623978201634877 0.0
0.0021613832853025934 0.30974025974025976 0.03829479768786127 0.0006811989100817438 0.0
0.001440922190201729 0.29545454545454547 0.05130057803468208 0.0006811989100817438 0.0
0.0 0.3564935064935065 0.0476878612716763 0.0006811989100817438 0.0
0.0007204610951008645 0.3038961038961039 0.05057803468208093 0.0013623978201634877 0.0
0.002881844380403458 0.34025974025974026 0.05202312138728323 0.0013623978201634877 0.0
0.0021613832853025934 0.34675324675324676 0.05491329479768786 0.0013623978201634877 0.0
0.002881844380403458 0.35454545454545455 0.0476878612716763 0.0006811989100817438 0.0
0.001440922190201729 0.3357142857142857 0.03395953757225433 0.0006811989100817438 0.0
0.001440922190201729 0.39740259740259737 0.05563583815028902 0.0006811989100817438 0.0
0.001440922190201729 0.4577922077922078 0.054190751445086706 0.0006811989100817438 0.0
0.0021613832853025934 0.40909090909090906 0.04190751445086705 0.0 0.0
0.0007204610951008645 0.375974025974026 0.05130057803468208 0.0013623978201634877 0.0
0.001440922190201729 0.4383116883116883 0.057803468208092484 0.0013623978201634877 0.0
0.0021613832853025934 0.4642857142857143 0.062138728323699426 0.0006811989100817438 0.0007342143906020558
0.0021613832853025934 0.4733766233766234 0.05130057803468208 0.0013623978201634877 0.0
0.001440922190201729 0.4636363636363637 0.04335260115606936 0.0006811989100817438 0.0
0.0007204610951008645 0.48896103896103893 0.049132947976878616 0.0 0.0
0.0007204610951008645 0.5058441558441558 0.05708092485549133 0.0013623978201634877 0.0
0.0021613832853025934 0.4967532467532468 0.060693641618497114 0.0013623978201634877 0.0
0.0 0.5123376623376623 0.06647398843930635 0.0006811989100817438 0.0
0.001440922190201729 0.5149350649350649 0.06358381502890174 0.0 0.0
0.0007204610951008645 0.5214285714285715 0.057803468208092484 0.0013623978201634877 0.0
0.0 0.5675324675324676 0.07297687861271676 0.0013623978201634877 0.0
0.001440922190201729 0.5337662337662338 0.04624277456647399 0.0006811989100817438 0.0
0.0007204610951008645 0.5759740259740259 0.05852601156069364 0.0006811989100817438 0.0
0.002881844380403458 0.6324675324675325 0.054190751445086706 0.0 0.0
0.0036023054755043226 0.609090909090909 0.05491329479768786 0.0 0.0
0.0007204610951008645 0.6012987012987013 0.07875722543352602 0.0 0.0
0.0007204610951008645 0.6616883116883117 0.07153179190751445 0.0 0.0
0.0007204610951008645 0.6746753246753248 0.062138728323699426 0.0006811989100817438 0.0007342143906020558
0.0 0.6214285714285714 0.05130057803468208 0.0 0.0007342143906020558
0.0021613832853025934 0.6772727272727274 0.08236994219653179 0.0 0.0
0.0036023054755043226 0.67987012987013 0.062138728323699426 0.0 0.0
0.001440922190201729 0.7142857142857143 0.08453757225433527 0.0 0.0
0.002881844380403458 0.7467532467532468 0.07153179190751445 0.0013623978201634877 0.0
0.0007204610951008645 0.7194805194805195 0.07947976878612717 0.002043596730245232 0.0
0.001440922190201729 0.7207792207792209 0.08887283236994219 0.0 0.0
0.0007204610951008645 0.7545454545454545 0.060693641618497114 0.0006811989100817438 0.0
0.001440922190201729 0.8077922077922078 0.07947976878612717 0.0013623978201634877 0.0
0.0 0.7902597402597403 0.08309248554913294 0.0006811989100817438 0.0
0.0021613832853025934 0.7987012987012987 0.05563583815028902 0.0 0.0
0.0007204610951008645 0.8402597402597403 0.06936416184971099 0.0 0.0
0.001440922190201729 0.8538961038961039 0.06864161849710983 0.0 0.0
0.0 0.8876623376623376 0.09320809248554913 0.0006811989100817438 0.0
0.0007204610951008645 0.9181818181818182 0.07803468208092486 0.0006811989100817438 0.0
0.0007204610951008645 0.9032467532467533 0.06358381502890174 0.0 0.0
0.001440922190201729 0.9928571428571428 0.07586705202312138 0.0006811989100817438 0.0
0.0 0.07857142857142857 0.0 0.0 0.0007342143906020558
0.0 0.07272727272727272 0.0 0.0 0.0
0.0 0.07077922077922078 0.0 0.0006811989100817438 0.0
0.0 0.06623376623376623 0.0 0.0 0.0
0.0021613832853025934 0.9168831168831169 0.07875722543352602 0.0 0.0
0.0 0.07077922077922078 0.0 0.0 0.0007342143906020558
0.0 0.08896103896103896 0.0 0.0 0.0
0.0 0.09870129870129869 0.0 0.0 0.0
0.0 0.08116883116883117 0.0 0.0 0.0
0.0 0.7350649350649351 0.2218208092485549 0.0013623978201634877 0.0
0.0 0.07987012987012987 0.0 0.0 0.0
0.0 0.07467532467532467 0.0 0.0 0.0
0.0 0.07727272727272727 0.0 0.0 0.0
0.0 0.07662337662337662 0.0 0.0 0.0
0.0 0.9701298701298701 0.08164739884393063 0.0 0.0
0.0 0.08246753246753247 0.0 0.0006811989100817438 0.0
0.0 0.07987012987012987 0.0 0.0 0.0
0.0 0.07402597402597402 0.0 0.0 0.0
0.0 0.07922077922077923 0.0 0.0006811989100817438 0.0007342143906020558
0.0007204610951008645 0.7402597402597403 0.1994219653179191 0.0027247956403269754 0.0
0.0 0.062987012987013 0.0007225433526011561 0.0 0.0
0.0 0.08831168831168831 0.0 0.0 0.0
0.0 0.07857142857142857 0.0 0.0 0.0
0.0 0.087012987012987 0.0 0.0 0.0
0.0 0.08441558441558442 0.0 0.0 0.0
0.0 0.06883116883116883 0.0 0.0 0.0
0.0 0.07987012987012987 0.0 0.0006811989100817438 0.0
0.0 0.06558441558441558 0.0 0.0 0.0
0.0 0.08181818181818182 0.0 0.0 0.0
0.0 0.06623376623376623 0.0 0.0 0.0
0.0007204610951008645 0.7298701298701298 0.18786127167630057 0.0006811989100817438 0.0
0.0 0.7214285714285714 0.17052023121387283 0.0006811989100817438 0.0
0.0 0.7084415584415585 0.1856936416184971 0.0006811989100817438 0.0
0.0021613832853025934 0.7207792207792209 0.16401734104046242 0.0 0.0
0.0007204610951008645 0.7324675324675325 0.16040462427745664 0.0 0.0007342143906020558
0.0 0.7090909090909091 0.18424855491329478 0.0 0.0
0.0007204610951008645 0.7051948051948052 0.1972543352601156 0.0013623978201634877 0.0
0.0 0.7246753246753247 0.1958092485549133 0.002043596730245232 0.0
0.0 0.7350649350649351 0.20014450867052022 0.002043596730245232 0.0
0.0 0.7142857142857143 0.20086705202312138 0.0013623978201634877 0.0
0.0 0.7441558441558441 0.20664739884393063 0.0013623978201634877 0.0
0.0 0.712987012987013 0.17557803468208094 0.0027247956403269754 0.0
0.0 0.6987012987012987 0.19147398843930638 0.0013623978201634877 0.0
0.0 0.7318181818181818 0.20953757225433525 0.0006811989100817438 0.0007342143906020558
0.0 0.7038961038961039 0.21098265895953758 0.0013623978201634877 0.0
0.0 0.6987012987012987 0.19436416184971098 0.0006811989100817438 0.0
0.001440922190201729 0.7233766233766235 0.19002890173410406 0.0013623978201634877 0.0
0.0021613832853025934 0.7201298701298701 0.17846820809248556 0.0013623978201634877 0.0
0.0007204610951008645 0.7285714285714285 0.24132947976878613 0.0006811989100817438 0.0
0.0007204610951008645 0.7077922077922078 0.21965317919075145 0.0027247956403269754 0.0
0.0 0.6701298701298701 0.23410404624277456 0.0013623978201634877 0.0
0.0007204610951008645 0.7136363636363636 0.22760115606936415 0.0006811989100817438 0.0
0.0 0.7142857142857143 0.24494219653179192 0.0006811989100817438 0.0
0.0007204610951008645 0.7123376623376623 0.23843930635838148 0.0034059945504087193 0.0
0.0 0.7207792207792209 0.2947976878612717 0.0 0.0
0.0007204610951008645 0.7071428571428572 0.30202312138728327 0.0006811989100817438 0.0
0.0007204610951008645 0.672077922077922 0.3128612716763006 0.0 0.0
0.0 0.6857142857142857 0.3338150289017341 0.0006811989100817438 0.0007342143906020558
0.0007204610951008645 0.6876623376623376 0.3309248554913295 0.002043596730245232 0.0
0.0 0.6941558441558442 0.32514450867052025 0.0013623978201634877 0.0
0.001440922190201729 0.6948051948051949 0.375 0.0013623978201634877 0.0
0.001440922190201729 0.6935064935064935 0.37716763005780346 0.0006811989100817438 0.0
0.0007204610951008645 0.67987012987013 0.36849710982658956 0.0006811989100817438 0.0
0.0 0.6909090909090909 0.398121387283237 0.0013623978201634877 0.0
0.0007204610951008645 0.6863636363636363 0.4754335260115607 0.0006811989100817438 0.0
0.0 0.6987012987012987 0.44797687861271673 0.0013623978201634877 0.0
0.0 0.696103896103896 0.5151734104046243 0.0 0.0
0.0007204610951008645 0.6785714285714286 0.5267341040462428 0.004087193460490464 0.0
0.0 0.7090909090909091 0.5289017341040463 0.0 0.0
0.0 0.6883116883116883 0.5476878612716763 0.0 0.0
0.001440922190201729 0.6636363636363637 0.5859826589595376 0.0 0.0
0.0007204610951008645 0.6941558441558442 0.6661849710982659 0.0 0.0
0.001440922190201729 0.675974025974026 0.7073699421965317 0.0013623978201634877 0.0007342143906020558
0.0021613832853025934 0.6675324675324675 0.6820809248554913 0.0 0.0
0.0 0.6584415584415585 0.7319364161849711 0.0 0.0
0.001440922190201729 0.6909090909090909 0.7138728323699423 0.0013623978201634877 0.0
0.0 0.6870129870129871 0.7528901734104047 0.0006811989100817438 0.0
0.001440922190201729 0.6642857142857143 0.759393063583815 0.002043596730245232 0.0
0.0007204610951008645 0.6662337662337662 0.7731213872832371 0.0006811989100817438 0.0
0.0 0.6876623376623376 0.7608381502890174 0.0006811989100817438 0.0
0.0 0.712987012987013 0.7297687861271676 0.0013623978201634877 0.0
0.0 0.67987012987013 0.786849710982659 0.0013623978201634877 0.0
0.001440922190201729 0.6610389610389611 0.7882947976878613 0.002043596730245232 0.0
0.0 0.6811688311688311 0.7803468208092486 0.0 0.0
0.0 0.6772727272727274 0.7882947976878613 0.0013623978201634877 0.0
0.0021613832853025934 0.6870129870129871 0.7709537572254335 0.0006811989100817438 0.0
0.0007204610951008645 0.6902597402597402 0.8171965317919075 0.004087193460490464 0.0
0.0 0.6577922077922078 0.7752890173410405 0.0006811989100817438 0.0
0.0 0.6519480519480519 0.786849710982659 0.0006811989100817438 0.0007342143906020558
0.0 0.6889610389610389 0.8627167630057804 0.0 0.0
0.0 0.6805194805194805 0.7940751445086706 0.0013623978201634877 0.0
0.0007204610951008645 0.6694805194805195 0.8114161849710982 0.0034059945504087193 0.0
0.0 0.6831168831168831 0.7803468208092486 0.002043596730245232 0.0
0.0007204610951008645 0.637012987012987 0.8020231213872833 0.0006811989100817438 0.0
0.0 0.6967532467532468 0.7976878612716763 0.0027247956403269754 0.0
0.0007204610951008645 0.648051948051948 0.791907514450867 0.0013623978201634877 0.0
0.0007204610951008645 0.6584415584415585 0.8005780346820809 0.0 0.0
0.0007204610951008645 0.6766233766233766 0.7680635838150289 0.0013623978201634877 0.0
0.0007204610951008645 0.6714285714285714 0.809971098265896 0.0006811989100817438 0.0
0.0 0.6766233766233766 0.7767341040462428 0.0013623978201634877 0.0
0.0 0.6935064935064935 0.7825144508670521 0.0 0.0
0.0007204610951008645 0.698051948051948 0.7882947976878613 0.002043596730245232 0.0
0.0 0.6863636363636363 0.7695086705202313 0.0006811989100817438 0.0
0.0 0.6590909090909091 0.7709537572254335 0.0006811989100817438 0.0
0.0007204610951008645 0.6993506493506494 0.7854046242774566 0.0013623978201634877 0.0
0.0 0.7051948051948052 0.8200867052023122 0.0013623978201634877 0.0
0.0007204610951008645 0.6896103896103897 0.847543352601156 0.0027247956403269754 0.0
0.0007204610951008645 0.672077922077922 0.8200867052023122 0.0 0.0007342143906020558
0.0 0.6662337662337662 0.7825144508670521 0.002043596730245232 0.0
0.0 0.67987012987013 0.7846820809248555 0.0006811989100817438 0.0007342143906020558
0.0 0.6649350649350649 0.7485549132947976 0.0006811989100817438 0.0
0.0 0.6727272727272727 0.7882947976878613 0.0006811989100817438 0.0
0.0 0.6675324675324675 0.7434971098265897 0.0 0.0
0.0 0.7077922077922078 0.7854046242774566 0.0 0.0
0.0 0.6727272727272727 0.8128612716763006 0.0013623978201634877 0.0
0.0 0.6909090909090909 0.7695086705202313 0.0013623978201634877 0.0
0.0007204610951008645 0.7064935064935065 0.815028901734104 0.0 0.0
0.001440922190201729 0.6915584415584416 0.8013005780346821 0.0006811989100817438 0.0007342143906020558
0.0007204610951008645 0.7071428571428572 0.7940751445086706 0.004087193460490464 0.0
0.001440922190201729 0.6688311688311688 0.7825144508670521 0.0 0.0014684287812041115
0.0 0.6993506493506494 0.791907514450867 0.0006811989100817438 0.0
0.0 0.6811688311688311 0.8157514450867052 0.0006811989100817438 0.0
0.0 0.6727272727272727 0.7839595375722543 0.0006811989100817438 0.0
0.0007204610951008645 0.6863636363636363 0.7897398843930635 0.0006811989100817438 0.0
0.0007204610951008645 0.7162337662337662 0.8135838150289018 0.0 0.0
0.0 0.6896103896103897 0.7760115606936416 0.0006811989100817438 0.0
0.001440922190201729 0.7006493506493506 0.8143063583815029 0.0013623978201634877 0.0
0.0007204610951008645 0.6993506493506494 0.8063583815028902 0.0034059945504087193 0.0
0.001440922190201729 0.6655844155844156 0.7709537572254335 0.0 0.0
