0.0 0.14285714285714288 0.044797687861271675 0.0 0.0
0.0 0.15454545454545454 0.04046242774566474 0.0 0.0
0.0 0.15064935064935067 0.05057803468208093 0.0013623978201634877 0.0
0.002881844380403458 0.15454545454545454 0.04190751445086705 0.0013623978201634877 0.0
0.0 0.16233766233766234 0.049132947976878616 0.0013623978201634877 0.0
0.0 0.15454545454545454 0.028901734104046242 0.0013623978201634877 0.0
0.004322766570605187 0.174025974025974 0.0476878612716763 0.0 0.0
0.001440922190201729 0.12207792207792208 0.044797687861271675 0.0013623978201634877 0.0
0.001440922190201729 0.16103896103896104 0.04190751445086705 0.0 0.0
0.0 0.14545454545454545 0.03179190751445087 0.0 0.0
0.001440922190201729 0.14545454545454545 0.033236994219653176 0.0 0.0
0.001440922190201729 0.2012987012987013 0.05635838150289017 0.0013623978201634877 0.0014684287812041115
0.002881844380403458 0.15844155844155847 0.04624277456647399 0.0 0.0
0.001440922190201729 0.21428571428571427 0.05057803468208093 0.0013623978201634877 0.0
0.0 0.16233766233766234 0.060693641618497114 0.0 0.0
0.0 0.17792207792207793 0.04190751445086705 0.0 0.0
0.001440922190201729 0.22597402597402597 0.0476878612716763 0.0 0.0014684287812041115
0.001440922190201729 0.16103896103896104 0.036127167630057806 0.0 0.0
0.001440922190201729 0.24675324675324675 0.05202312138728323 0.0 0.0
0.001440922190201729 0.17142857142857143 0.03901734104046243 0.0 0.0
0.002881844380403458 0.1896103896103896 0.028901734104046242 0.0 0.0
0.0 0.18831168831168832 0.04046242774566474 0.0 0.0
0.001440922190201729 0.21298701298701297 0.05057803468208093 0.0013623978201634877 0.0
0.001440922190201729 0.17792207792207793 0.0476878612716763 0.0 0.0
0.002881844380403458 0.19610389610389609 0.04046242774566474 0.0 0.0
0.005763688760806916 0.19610389610389609 0.036127167630057806 0.0 0.0
0.0 0.15584415584415584 0.03757225433526011 0.0013623978201634877 0.0
0.0 0.22727272727272727 0.07658959537572255 0.0 0.0
0.002881844380403458 0.2168831168831169 0.04046242774566474 0.0 0.0
0.001440922190201729 0.27142857142857146 0.05346820809248555 0.0 0.0
0.0 0.2636363636363636 0.04190751445086705 0.0 0.0
0.002881844380403458 0.2922077922077922 0.05635838150289017 0.0 0.0
0.004322766570605187 0.2532467532467533 0.04335260115606936 0.0 0.0
0.0 0.23376623376623376 0.0476878612716763 0.0 0.0
0.001440922190201729 0.3103896103896104 0.04335260115606936 0.0 0.0
0.002881844380403458 0.32727272727272727 0.05346820809248555 0.0013623978201634877 0.0
0.008645533141210374 0.2987012987012987 0.057803468208092484 0.0 0.0
0.004322766570605187 0.3064935064935065 0.034682080924855495 0.0013623978201634877 0.0
0.002881844380403458 0.2636363636363636 0.0476878612716763 0.0013623978201634877 0.0
0.002881844380403458 0.3207792207792208 0.03757225433526011 0.0013623978201634877 0.0
0.002881844380403458 0.35584415584415585 0.05491329479768786 0.0 0.0
0.001440922190201729 0.2987012987012987 0.04046242774566474 0.0027247956403269754 0.0
0.004322766570605187 0.3064935064935065 0.05346820809248555 0.0 0.0
0.0 0.2909090909090909 0.060693641618497114 0.0013623978201634877 0.0
0.0 0.36753246753246754 0.062138728323699426 0.0 0.0014684287812041115
0.002881844380403458 0.34025974025974026 0.049132947976878616 0.0 0.0
0.002881844380403458 0.38961038961038963 0.060693641618497114 0.0 0.0014684287812041115
0.001440922190201729 0.40779220779220776 0.06791907514450866 0.0013623978201634877 0.0
0.002881844380403458 0.3987012987012987 0.03757225433526011 0.0 0.0
0.001440922190201729 0.38701298701298703 0.0708092485549133 0.0 0.0
0.001440922190201729 0.45194805194805193 0.057803468208092484 0.0 0.0
0.001440922190201729 0.44025974025974024 0.07947976878612717 0.0 0.0
0.002881844380403458 0.49610389610389605 0.059248554913294796 0.0 0.0
0.0 0.525974025974026 0.07225433526011561 0.0 0.0
0.004322766570605187 0.5116883116883117 0.04335260115606936 0.0013623978201634877 0.0
0.002881844380403458 0.4909090909090909 0.062138728323699426 0.0 0.0
0.0 0.5792207792207792 0.05491329479768786 0.0013623978201634877 0.0
0.001440922190201729 0.512987012987013 0.059248554913294796 0.0013623978201634877 0.0
0.001440922190201729 0.583116883116883 0.057803468208092484 0.0013623978201634877 0.0
0.002881844380403458 0.5623376623376624 0.0708092485549133 0.0013623978201634877 0.0
0.002881844380403458 0.6064935064935064 0.06791907514450866 0.0 0.0
0.0 0.5948051948051948 0.03901734104046243 0.0 0.0
0.001440922190201729 0.6727272727272727 0.06358381502890174 0.0013623978201634877 0.0
0.001440922190201729 0.7727272727272727 0.07514450867052022 0.0013623978201634877 0.0
0.001440922190201729 0.6948051948051949 0.05202312138728323 0.0 0.0
0.001440922190201729 0.6506493506493507 0.059248554913294796 0.0013623978201634877 0.0
0.002881844380403458 0.7649350649350649 0.07369942196531792 0.0027247956403269754 0.0
0.001440922190201729 0.8012987012987013 0.08092485549132948 0.0 0.0014684287812041115
0.001440922190201729 0.8285714285714286 0.06502890173410404 0.0 0.0
0.002881844380403458 0.8077922077922078 0.05346820809248555 0.0013623978201634877 0.0
0.001440922190201729 0.8584415584415584 0.057803468208092484 0.0 0.0
0.001440922190201729 0.8844155844155844 0.0708092485549133 0.0013623978201634877 0.0
0.001440922190201729 0.8844155844155844 0.07803468208092486 0.0 0.0
0.0 0.9012987012987014 0.08092485549132948 0.0013623978201634877 0.0
0.002881844380403458 0.9051948051948051 0.07947976878612717 0.0 0.0
0.001440922190201729 0.935064935064935 0.06936416184971099 0.0013623978201634877 0.0
0.0 1.0064935064935063 0.08815028901734104 0.0013623978201634877 0.0
0.002881844380403458 0.9766233766233766 0.060693641618497114 0.0 0.0
0.001440922190201729 1.0389610389610389 0.07514450867052022 0.0013623978201634877 0.0
0.004322766570605187 1.1454545454545455 0.06647398843930635 0.0 0.0
0.002881844380403458 1.1090909090909091 0.07225433526011561 0.0 0.0
0.001440922190201729 1.1168831168831168 0.11271676300578035 0.0 0.0
0.0 1.1948051948051948 0.08670520231213873 0.0 0.0
0.001440922190201729 1.2337662337662338 0.08092485549132948 0.0 0.0014684287812041115
0.0 1.1610389610389609 0.06936416184971099 0.0 0.0014684287812041115
0.004322766570605187 1.2337662337662338 0.11416184971098266 0.0 0.0
0.002881844380403458 1.2584415584415585 0.08815028901734104 0.0 0.0
0.002881844380403458 1.309090909090909 0.11127167630057803 0.0 0.0
0.004322766570605187 1.35974025974026 0.09826589595375723 0.0 0.0
0.0 1.335064935064935 0.11271676300578035 0.0 0.0
0.001440922190201729 1.3415584415584416 0.12283236994219653 0.0 0.0
0.0 1.4090909090909092 0.08670520231213873 0.0013623978201634877 0.0
0.002881844380403458 1.474025974025974 0.10549132947976879 0.0 0.0
0.0 1.4597402597402596 0.11849710982658959 0.0013623978201634877 0.0
0.0 1.4766233766233767 0.08236994219653179 0.0 0.0
0.001440922190201729 1.5636363636363637 0.0953757225433526 0.0 0.0
0.002881844380403458 1.5844155844155843 0.09826589595375723 0.0 0.0
0.0 1.6623376623376624 0.13872832369942198 0.0 0.0
0.001440922190201729 1.712987012987013 0.11560693641618497 0.0 0.0
0.001440922190201729 1.712987012987013 0.10404624277456646 0.0 0.0
0.002881844380403458 1.8506493506493507 0.1199421965317919 0.0 0.0
0.0 0.15714285714285714 0.0 0.0 0.0
0.0 0.14545454545454545 0.0 0.0 0.0
0.0 0.14155844155844155 0.0 0.0013623978201634877 0.0
0.0 0.13246753246753246 0.0 0.0 0.0
0.002881844380403458 1.7194805194805194 0.12427745664739885 0.0 0.0
0.0 0.14155844155844155 0.0 0.0 0.0
0.0 0.17662337662337663 0.0 0.0 0.0
0.0 0.19740259740259739 0.0 0.0 0.0
0.0 0.16233766233766234 0.0 0.0 0.0
0.0 1.435064935064935 0.28901734104046245 0.0 0.0
0.0 0.15974025974025974 0.0 0.0 0.0
0.0 0.14935064935064934 0.0 0.0 0.0
0.0 0.15454545454545454 0.0 0.0 0.0
0.0 0.15324675324675324 0.0 0.0 0.0
0.0 1.825974025974026 0.12283236994219653 0.0 0.0
0.0 0.16363636363636364 0.0 0.0013623978201634877 0.0
0.0 0.15974025974025974 0.0 0.0 0.0
0.0 0.14805194805194805 0.0 0.0 0.0
0.0 0.15844155844155847 0.0 0.0 0.0
0.0 1.4285714285714286 0.27601156069364163 0.0027247956403269754 0.0
0.0 0.125974025974026 0.0014450867052023123 0.0 0.0
0.0 0.17662337662337663 0.0 0.0 0.0
0.0 0.15714285714285714 0.0 0.0 0.0
0.0 0.174025974025974 0.0 0.0 0.0
0.0 0.16883116883116883 0.0 0.0 0.0
0.0 0.13766233766233765 0.0 0.0 0.0
0.0 0.15974025974025974 0.0 0.0 0.0
0.0 0.13116883116883116 0.0 0.0 0.0
0.0 0.16363636363636364 0.0 0.0 0.0
0.0 0.13246753246753246 0.0 0.0 0.0
0.0 1.416883116883117 0.26878612716763006 0.0 0.0
0.0 1.4103896103896103 0.24132947976878613 0.0013623978201634877 0.0
0.0 1.3948051948051947 0.24710982658959535 0.0013623978201634877 0.0
0.001440922190201729 1.403896103896104 0.19653179190751446 0.0 0.0
0.001440922190201729 1.4337662337662338 0.20953757225433525 0.0 0.0
0.0 1.392207792207792 0.22254335260115607 0.0 0.0
0.0 1.3818181818181818 0.24421965317919075 0.0 0.0
0.0 1.4116883116883117 0.23843930635838148 0.004087193460490464 0.0
0.0 1.425974025974026 0.24566473988439305 0.0013623978201634877 0.0
0.0 1.3831168831168832 0.2514450867052023 0.0 0.0
0.0 1.4246753246753245 0.26011560693641617 0.0013623978201634877 0.0
0.0 1.3909090909090909 0.22832369942196531 0.004087193460490464 0.0
0.0 1.3623376623376622 0.23265895953757226 0.0013623978201634877 0.0
0.0 1.4285714285714286 0.2398843930635838 0.0 0.0014684287812041115
0.0 1.3467532467532468 0.22254335260115607 0.0013623978201634877 0.0
0.0 1.3675324675324674 0.20520231213872833 0.0013623978201634877 0.0
0.001440922190201729 1.4025974025974026 0.19653179190751446 0.0027247956403269754 0.0
0.002881844380403458 1.3805194805194805 0.1907514450867052 0.0013623978201634877 0.0
0.001440922190201729 1.4103896103896103 0.24710982658959535 0.0013623978201634877 0.0
0.001440922190201729 1.364935064935065 0.21676300578034682 0.0013623978201634877 0.0
0.0 1.3233766233766233 0.18352601156069365 0.0013623978201634877 0.0
0.0 1.3844155844155845 0.17774566473988437 0.0 0.0
0.0 1.392207792207792 0.20086705202312138 0.0013623978201634877 0.0
0.001440922190201729 1.3779220779220778 0.1676300578034682 0.0027247956403269754 0.0
0.0 1.3948051948051947 0.22687861271676302 0.0 0.0
0.0 1.3636363636363638 0.1907514450867052 0.0 0.0
0.0 1.2987012987012987 0.19508670520231214 0.0 0.0
0.0 1.335064935064935 0.1994219653179191 0.0013623978201634877 0.0
0.001440922190201729 1.3363636363636364 0.17052023121387283 0.0013623978201634877 0.0
0.0 1.3532467532467531 0.180635838150289 0.0 0.0
0.001440922190201729 1.344155844155844 0.18352601156069365 0.0013623978201634877 0.0
0.0 1.3454545454545455 0.17630057803468208 0.0 0.0
0.001440922190201729 1.3194805194805195 0.15028901734104044 0.0013623978201634877 0.0
0.0 1.3181818181818181 0.14884393063583815 0.0027247956403269754 0.0
0.001440922190201729 1.3285714285714285 0.20664739884393063 0.0 0.0
0.0 1.3402597402597403 0.16618497109826588 0.0 0.0
0.0 1.3363636363636364 0.17341040462427745 0.0 0.0
0.001440922190201729 1.3142857142857143 0.16040462427745664 0.0013623978201634877 0.0
0.0 1.3584415584415583 0.14017341040462428 0.0 0.0
0.0 1.3233766233766233 0.13872832369942198 0.0 0.0
0.002881844380403458 1.2805194805194804 0.13728323699421965 0.0 0.0
0.0 1.3311688311688312 0.15751445086705204 0.0 0.0
0.001440922190201729 1.3025974025974025 0.14450867052023122 0.0 0.0
0.002881844380403458 1.277922077922078 0.12572254335260116 0.0 0.0
0.0 1.2688311688311689 0.13439306358381503 0.0 0.0
0.001440922190201729 1.3415584415584416 0.13728323699421965 0.0013623978201634877 0.0
0.0 1.335064935064935 0.13583815028901733 0.0013623978201634877 0.0
0.001440922190201729 1.2870129870129872 0.12861271676300579 0.0013623978201634877 0.0
0.0 1.2675324675324677 0.1531791907514451 0.0013623978201634877 0.0
0.0 1.325974025974026 0.15606936416184972 0.0 0.0
0.0 1.3584415584415583 0.14450867052023122 0.0 0.0
0.0 1.309090909090909 0.10404624277456646 0.0 0.0
0.0 1.2753246753246752 0.10115606936416185 0.0 0.0
0.0 1.3233766233766233 0.10115606936416185 0.0 0.0
0.0 1.2935064935064935 0.12861271676300579 0.0 0.0
0.0 1.3012987012987014 0.10838150289017341 0.0013623978201634877 0.0
0.0 1.316883116883117 0.12861271676300579 0.0027247956403269754 0.0
0.0 1.2714285714285714 0.1199421965317919 0.0 0.0
0.0 1.2350649350649352 0.11849710982658959 0.0013623978201634877 0.0
0.0 1.3181818181818181 0.1430635838150289 0.0 0.0
0.0 1.3012987012987014 0.12572254335260116 0.0013623978201634877 0.0
0.001440922190201729 1.2909090909090908 0.15895953757225434 0.004087193460490464 0.0
0.0 1.3116883116883118 0.1069364161849711 0.0027247956403269754 0.0
0.0 1.2363636363636363 0.12138728323699423 0.0 0.0
0.0 1.3415584415584416 0.1199421965317919 0.0027247956403269754 0.0
0.001440922190201729 1.2584415584415585 0.11416184971098266 0.0013623978201634877 0.0
0.001440922190201729 1.2662337662337662 0.1531791907514451 0.0 0.0
0.001440922190201729 1.2987012987012987 0.11127167630057803 0.0 0.0
0.001440922190201729 1.305194805194805 0.12861271676300579 0.0 0.0
0.0 1.2974025974025976 0.11560693641618497 0.0 0.0
0.0 1.3103896103896102 0.12427745664739885 0.0 0.0
0.001440922190201729 1.335064935064935 0.11127167630057803 0.0013623978201634877 0.0
0.0 1.312987012987013 0.1271676300578035 0.0013623978201634877 0.0
0.0 1.2662337662337662 0.10982658959537572 0.0013623978201634877 0.0
0.001440922190201729 1.3376623376623376 0.12572254335260116 0.0013623978201634877 0.0
0.0 1.348051948051948 0.14884393063583815 0.0013623978201634877 0.0
0.0 1.312987012987013 0.16618497109826588 0.0027247956403269754 0.0
0.0 1.2909090909090908 0.13728323699421965 0.0 0.0014684287812041115
0.0 1.2753246753246752 0.10549132947976879 0.0027247956403269754 0.0
0.0 1.3077922077922077 0.1416184971098266 0.0 0.0
0.0 1.2805194805194804 0.08959537572254335 0.0 0.0
0.0 1.2844155844155845 0.13872832369942198 0.0 0.0
0.0 1.2857142857142856 0.10404624277456646 0.0 0.0
0.0 1.351948051948052 0.13728323699421965 0.0 0.0
0.0 1.2844155844155845 0.13005780346820808 0.0 0.0
0.0 1.3285714285714285 0.1315028901734104 0.0013623978201634877 0.0
0.001440922190201729 1.344155844155844 0.14450867052023122 0.0 0.0
0.001440922190201729 1.3194805194805195 0.13728323699421965 0.0013623978201634877 0.0014684287812041115
0.0 1.3454545454545455 0.12138728323699423 0.004087193460490464 0.0
0.002881844380403458 1.2909090909090908 0.09248554913294799 0.0 0.0
0.0 1.3285714285714285 0.1199421965317919 0.0 0.0
0.0 1.3155844155844156 0.14450867052023122 0.0013623978201634877 0.0
0.0 1.2883116883116883 0.12861271676300579 0.0013623978201634877 0.0
0.001440922190201729 1.3207792207792208 0.13005780346820808 0.0 0.0
0.001440922190201729 1.361038961038961 0.1430635838150289 0.0 0.0
0.0 1.3272727272727274 0.11705202312138728 0.0 0.0
0.001440922190201729 1.338961038961039 0.12572254335260116 0.0013623978201634877 0.0
0.0 1.3415584415584416 0.14884393063583815 0.0027247956403269754 0.0
0.0 1.274025974025974 0.10115606936416185 0.0 0.0
