83.88888888888889 83.4 83.25 85.0 85.22222222222223
83.0 83.2 81.75 85.4 85.88888888888889
83.44444444444444 84.2 83.25 84.9 85.88888888888889
84.55555555555556 84.4 82.375 86.5 86.55555555555556
85.33333333333333 84.8 83.125 85.4 85.55555555555556
84.33333333333333 84.7 83.0 86.2 87.22222222222223
84.77777777777777 83.5 82.75 85.6 86.77777777777777
83.77777777777779 83.3 83.375 85.4 85.55555555555556
83.33333333333333 83.1 82.125 85.3 85.0
84.44444444444444 82.4 82.375 84.9 85.66666666666667
84.22222222222223 83.7 83.25 85.3 85.11111111111111
83.66666666666667 83.0 82.375 84.5 85.33333333333333
83.44444444444444 82.69999999999999 82.0 85.0 85.0
85.66666666666667 82.60000000000001 82.75 86.0 86.0
84.88888888888889 83.2 82.625 85.2 86.0
84.66666666666667 84.4 82.75 86.8 86.44444444444444
82.88888888888889 82.5 82.5 84.6 84.22222222222223
85.66666666666667 84.1 83.5 85.6 85.22222222222223
83.11111111111111 83.7 82.875 85.9 85.33333333333333
84.55555555555556 83.3 83.75 85.1 85.77777777777777
83.66666666666667 83.1 82.125 85.6 85.55555555555556
84.66666666666667 83.1 82.75 85.9 85.0
83.77777777777779 83.4 83.0 84.7 85.55555555555556
84.0 82.9 82.25 84.4 86.33333333333333
85.44444444444444 84.2 82.875 85.7 86.22222222222223
84.33333333333333 83.6 83.25 85.9 86.66666666666667
84.77777777777777 84.2 82.125 84.9 85.66666666666667
84.33333333333333 84.4 82.625 85.2 85.44444444444444
83.88888888888889 82.8 83.0 85.3 85.11111111111111
85.11111111111111 83.7 82.375 84.7 85.44444444444444
84.77777777777777 83.8 82.625 86.0 86.33333333333333
84.88888888888889 83.6 82.25 86.0 86.55555555555556
84.22222222222223 83.6 83.5 85.2 85.44444444444444
85.44444444444444 84.0 82.875 85.6 85.11111111111111
84.88888888888889 82.19999999999999 82.875 85.6 85.11111111111111
84.0 83.7 82.25 84.9 85.88888888888889
83.66666666666667 83.7 83.375 85.8 86.33333333333333
84.66666666666667 83.0 83.25 84.9 85.0
83.77777777777779 82.19999999999999 82.25 85.4 85.66666666666667
83.88888888888889 82.5 82.75 85.3 85.66666666666667
84.44444444444444 82.69999999999999 82.875 85.5 85.55555555555556
84.88888888888889 84.6 83.625 85.8 86.77777777777777
84.11111111111111 82.8 82.375 85.0 85.11111111111111
85.11111111111111 82.60000000000001 81.75 85.3 85.88888888888889
84.55555555555556 82.10000000000001 82.375 85.3 85.55555555555556
84.0 82.8 81.625 85.4 85.66666666666667
85.33333333333333 83.0 82.25 84.6 85.44444444444444
84.22222222222223 82.69999999999999 83.0 85.0 85.88888888888889
84.44444444444444 82.60000000000001 82.25 85.3 86.0
84.33333333333333 83.4 82.25 86.0 86.11111111111111
85.66666666666667 84.4 82.625 85.6 85.88888888888889
83.66666666666667 82.5 82.5 85.7 85.33333333333333
85.11111111111111 82.60000000000001 82.0 85.4 85.11111111111111
84.66666666666667 83.2 83.375 84.7 85.66666666666667
85.0 82.9 82.25 85.7 84.88888888888889
85.0 82.19999999999999 82.375 85.4 86.55555555555556
85.33333333333333 83.2 83.125 86.9 86.0
85.33333333333333 82.69999999999999 83.625 86.5 84.66666666666667
84.88888888888889 84.1 83.625 86.1 84.66666666666667
84.22222222222223 83.2 83.25 86.4 85.88888888888889
84.22222222222223 82.4 82.375 84.8 85.66666666666667
84.88888888888889 83.2 82.625 85.0 86.77777777777777
83.77777777777779 82.69999999999999 82.125 85.6 85.66666666666667
85.55555555555556 82.9 83.625 86.0 85.77777777777777
84.55555555555556 82.5 82.75 85.3 85.77777777777777
85.66666666666667 83.0 82.75 86.0 85.88888888888889
83.88888888888889 81.60000000000001 82.75 85.6 86.0
83.33333333333333 81.19999999999999 81.75 85.2 85.88888888888889
83.66666666666667 81.60000000000001 82.25 84.5 85.0
84.44444444444444 82.5 82.25 85.2 86.0
84.77777777777777 81.4 82.0 85.7 85.33333333333333
83.88888888888889 81.5 81.75 85.5 85.88888888888889
83.33333333333333 80.9 83.0 85.6 85.0
85.0 82.5 82.0 87.1 85.88888888888889
84.22222222222223 83.5 82.375 85.9 85.55555555555556
84.22222222222223 82.3 83.75 85.7 86.55555555555556
83.88888888888889 82.10000000000001 81.375 84.9 85.66666666666667
84.22222222222223 81.9 82.125 85.3 85.66666666666667
84.66666666666667 81.3 82.0 85.3 86.77777777777777
83.88888888888889 80.9 82.25 85.7 85.44444444444444
83.66666666666667 81.3 82.75 85.2 86.22222222222223
83.44444444444444 82.0 82.375 85.3 85.66666666666667
85.0 81.8 83.5 85.7 85.66666666666667
84.44444444444444 80.9 80.75 85.1 85.66666666666667
84.33333333333333 82.3 82.0 87.0 85.88888888888889
85.33333333333333 80.60000000000001 80.875 85.1 85.44444444444444
83.88888888888889 81.8 81.375 85.2 83.66666666666667
84.88888888888889 82.5 82.625 85.9 85.77777777777777
84.77777777777777 81.10000000000001 82.5 85.1 85.33333333333333
83.44444444444444 80.69999999999999 83.125 86.0 85.33333333333333
83.66666666666667 82.60000000000001 82.75 85.6 86.55555555555556
83.88888888888889 80.10000000000001 81.875 85.0 86.33333333333333
84.0 81.5 81.75 85.4 86.55555555555556
84.33333333333333 81.19999999999999 82.375 85.4 85.11111111111111
83.88888888888889 80.5 82.0 85.0 85.22222222222223
83.11111111111111 80.9 82.75 86.2 85.33333333333333
84.77777777777777 81.8 81.625 85.3 85.77777777777777
84.77777777777777 80.3 82.25 85.0 85.44444444444444
84.0 80.4 82.25 86.3 85.66666666666667
85.44444444444444 80.60000000000001 81.25 84.8 84.77777777777777
85.77777777777777 79.8 81.75 85.5 85.33333333333333
82.0 81.10000000000001 80.875 81.5 82.33333333333333
80.55555555555556 81.3 80.875 80.4 81.66666666666667
81.55555555555556 82.3 82.125 82.19999999999999 82.55555555555554
80.44444444444444 80.5 81.625 80.9 81.33333333333333
84.22222222222223 80.19999999999999 81.125 84.9 86.11111111111111
82.22222222222223 81.8 81.125 82.8 82.0
81.77777777777779 82.8 81.875 81.4 81.55555555555556
81.77777777777779 82.3 80.875 82.3 82.44444444444444
82.1111111111111 81.4 83.125 82.60000000000001 82.55555555555554
83.55555555555554 82.69999999999999 80.875 84.6 85.55555555555556
81.55555555555556 81.3 81.875 81.4 82.1111111111111
81.66666666666667 80.9 81.75 82.0 82.55555555555554
80.44444444444444 80.0 80.25 80.10000000000001 81.22222222222223
82.0 81.69999999999999 81.625 81.19999999999999 83.11111111111111
84.11111111111111 79.3 81.25 86.0 84.77777777777777
80.33333333333334 82.19999999999999 81.375 81.0 81.1111111111111
82.88888888888889 82.3 83.0 81.8 83.22222222222223
81.55555555555556 82.4 81.375 81.5 81.88888888888889
81.88888888888889 82.19999999999999 81.875 81.60000000000001 81.1111111111111
84.11111111111111 82.5 79.875 85.3 85.0
82.55555555555554 82.3 83.0 82.60000000000001 83.44444444444444
80.66666666666666 82.60000000000001 81.5 80.9 80.66666666666666
81.77777777777779 81.60000000000001 81.25 80.69999999999999 81.1111111111111
80.88888888888889 82.0 81.25 81.69999999999999 82.33333333333333
80.77777777777779 81.69999999999999 80.75 81.69999999999999 81.44444444444444
82.55555555555554 82.9 82.625 82.60000000000001 83.55555555555554
81.77777777777779 81.9 82.125 83.0 83.33333333333333
81.44444444444444 82.69999999999999 81.25 82.5 81.44444444444444
80.88888888888889 82.10000000000001 82.0 81.8 81.66666666666667
81.88888888888889 81.9 82.125 82.0 82.44444444444444
83.44444444444444 82.4 80.125 86.4 85.11111111111111
85.0 83.0 80.5 85.2 84.66666666666667
85.22222222222223 84.5 79.625 85.7 85.66666666666667
84.22222222222223 82.0 80.125 85.0 85.33333333333333
83.77777777777779 83.0 80.75 86.3 85.88888888888889
84.66666666666667 82.4 80.0 85.1 84.55555555555556
85.22222222222223 83.0 80.25 85.9 84.66666666666667
84.88888888888889 83.6 82.375 86.9 85.88888888888889
83.77777777777779 82.60000000000001 79.5 84.7 84.33333333333333
83.55555555555554 82.4 78.75 85.1 84.88888888888889
83.88888888888889 82.4 79.25 84.6 83.77777777777779
85.66666666666667 82.0 79.375 85.5 86.66666666666667
84.88888888888889 82.69999999999999 80.375 85.8 85.0
83.55555555555554 83.3 78.875 86.0 85.33333333333333
84.88888888888889 84.3 80.125 85.3 85.22222222222223
84.11111111111111 84.1 79.75 85.5 86.33333333333333
84.77777777777777 82.4 80.5 86.1 85.55555555555556
83.22222222222223 83.4 80.875 85.4 85.66666666666667
84.55555555555556 84.1 80.875 85.5 85.33333333333333
84.77777777777777 83.8 79.375 86.3 86.33333333333333
82.55555555555554 82.4 80.5 84.3 85.11111111111111
83.22222222222223 83.1 79.25 86.2 85.22222222222223
83.55555555555554 83.2 80.125 85.5 86.22222222222223
84.11111111111111 82.9 79.375 85.9 84.33333333333333
84.44444444444444 82.19999999999999 80.75 86.3 85.11111111111111
84.77777777777777 83.4 78.375 86.3 86.33333333333333
83.77777777777779 83.1 80.5 85.4 85.44444444444444
84.55555555555556 83.9 80.625 85.5 86.11111111111111
84.22222222222223 83.0 80.75 85.8 85.66666666666667
83.55555555555554 83.2 81.0 85.7 86.11111111111111
84.55555555555556 84.0 80.25 86.0 85.33333333333333
83.66666666666667 82.9 79.375 84.4 85.55555555555556
83.66666666666667 83.0 80.375 86.2 85.0
84.66666666666667 84.3 80.5 85.1 84.77777777777777
84.55555555555556 82.8 80.375 85.9 86.0
83.77777777777779 81.60000000000001 79.375 83.9 84.77777777777777
83.88888888888889 81.8 79.0 84.9 84.11111111111111
84.44444444444444 84.2 78.875 85.7 87.22222222222223
83.77777777777779 82.69999999999999 80.125 85.0 85.44444444444444
84.88888888888889 84.3 81.625 85.8 85.33333333333333
85.33333333333333 83.8 81.25 86.0 86.11111111111111
83.33333333333333 82.60000000000001 81.25 85.4 85.11111111111111
84.55555555555556 84.7 80.625 85.7 86.22222222222223
83.88888888888889 82.9 81.625 85.2 85.33333333333333
83.88888888888889 83.0 81.25 84.8 85.88888888888889
84.66666666666667 83.3 81.25 85.8 85.88888888888889
85.11111111111111 82.60000000000001 79.125 85.4 85.55555555555556
84.22222222222223 82.10000000000001 79.875 85.2 84.44444444444444
83.88888888888889 83.2 80.0 85.6 85.66666666666667
84.22222222222223 83.6 78.0 85.5 84.88888888888889
84.44444444444444 84.3 80.875 85.6 84.77777777777777
83.88888888888889 82.69999999999999 80.125 85.6 84.66666666666667
84.66666666666667 83.1 80.5 85.2 85.33333333333333
84.55555555555556 83.0 79.875 85.8 86.11111111111111
84.33333333333333 82.0 80.75 85.0 85.22222222222223
84.22222222222223 83.6 80.0 86.0 85.88888888888889
84.55555555555556 81.69999999999999 81.125 85.7 86.0
84.77777777777777 84.5 80.625 86.1 85.77777777777777
82.77777777777779 81.9 79.5 85.5 85.66666666666667
83.22222222222223 82.9 79.75 85.7 86.0
85.22222222222223 82.9 81.25 87.0 85.77777777777777
84.11111111111111 81.8 79.375 85.7 85.33333333333333
84.88888888888889 83.2 80.125 85.7 84.44444444444444
84.66666666666667 82.5 80.5 85.4 85.66666666666667
84.66666666666667 83.1 81.0 85.7 86.22222222222223
84.77777777777777 82.69999999999999 80.75 86.7 85.66666666666667
84.44444444444444 82.3 79.375 84.7 85.11111111111111
85.11111111111111 82.69999999999999 79.375 85.8 85.11111111111111
84.22222222222223 84.3 78.5 85.2 85.33333333333333
