0.0013623978201634877 0.17972972972972975 0.07849604221635884 0.0006622516556291391 0.0
0.0027247956403269754 0.19256756756756757 0.0554089709762533 0.0 0.0006775067750677507
0.0 0.12905405405405407 0.05672823218997362 0.0 0.0
0.0006811989100817438 0.17972972972972975 0.0712401055408971 0.0 0.0
0.0013623978201634877 0.14527027027027029 0.0758575197889182 0.0 0.0
0.0 0.13851351351351351 0.07387862796833773 0.0 0.0
0.0013623978201634877 0.16891891891891891 0.07453825857519789 0.0006622516556291391 0.0
0.002043596730245232 0.14324324324324325 0.060026385224274406 0.0006622516556291391 0.0
0.0006811989100817438 0.16283783783783784 0.07651715039577836 0.0006622516556291391 0.0
0.0027247956403269754 0.14054054054054052 0.07651715039577836 0.0 0.0
0.0006811989100817438 0.15945945945945947 0.060026385224274406 0.0006622516556291391 0.0
0.0 0.18851351351351353 0.07321899736147758 0.0 0.0
0.0 0.16486486486486487 0.07849604221635884 0.001986754966887417 0.0
0.002043596730245232 0.17364864864864865 0.06860158311345646 0.0 0.0006775067750677507
0.0006811989100817438 0.16216216216216214 0.06926121372031661 0.0 0.0
0.0006811989100817438 0.17027027027027028 0.08509234828496041 0.0013245033112582781 0.0
0.0 0.17972972972972975 0.06728232189973615 0.0006622516556291391 0.0
0.0006811989100817438 0.15945945945945947 0.07058047493403694 0.0 0.0
0.0 0.1668918918918919 0.06860158311345646 0.0 0.0
0.002043596730245232 0.18243243243243243 0.05804749340369393 0.0 0.0
0.0006811989100817438 0.1608108108108108 0.09366754617414248 0.0 0.0
0.0006811989100817438 0.1581081081081081 0.06728232189973615 0.0013245033112582781 0.0
0.0 0.17027027027027028 0.06596306068601583 0.0006622516556291391 0.0
0.0 0.16891891891891891 0.05408970976253298 0.0 0.0
0.0006811989100817438 0.17905405405405406 0.0758575197889182 0.0 0.0
0.0006811989100817438 0.17094594594594592 0.06596306068601583 0.0 0.0
0.0006811989100817438 0.17094594594594592 0.06464379947229552 0.0 0.0
0.0006811989100817438 0.14864864864864866 0.05936675461741425 0.0006622516556291391 0.0
0.0013623978201634877 0.15337837837837837 0.05145118733509235 0.0 0.0
0.0006811989100817438 0.17297297297297295 0.08509234828496041 0.0 0.0
0.0006811989100817438 0.1554054054054054 0.0758575197889182 0.0 0.0
0.0006811989100817438 0.1783783783783784 0.0679419525065963 0.0006622516556291391 0.0
0.0013623978201634877 0.16486486486486487 0.07058047493403694 0.0 0.0
0.0006811989100817438 0.14527027027027029 0.06530343007915568 0.0 0.0
0.0006811989100817438 0.17905405405405406 0.06728232189973615 0.0013245033112582781 0.0
0.0006811989100817438 0.17567567567567569 0.08773087071240106 0.0013245033112582781 0.0
0.0027247956403269754 0.15743243243243243 0.05870712401055409 0.0006622516556291391 0.0
0.0006811989100817438 0.16216216216216214 0.05936675461741425 0.0 0.0
0.0006811989100817438 0.18513513513513513 0.07058047493403694 0.0 0.0
0.002043596730245232 0.18175675675675673 0.06662269129287599 0.0 0.0
0.0006811989100817438 0.2027027027027027 0.07387862796833773 0.0 0.0
0.0006811989100817438 0.16554054054054054 0.06200527704485489 0.0 0.0
0.0027247956403269754 0.17364864864864865 0.06398416886543536 0.0 0.0
0.0006811989100817438 0.16824324324324325 0.07189973614775726 0.0 0.0
0.0013623978201634877 0.17635135135135135 0.06332453825857519 0.0 0.0
0.0 0.16554054054054054 0.05804749340369393 0.0 0.0
0.0013623978201634877 0.19459459459459458 0.06860158311345646 0.0006622516556291391 0.0
0.0 0.1831081081081081 0.07189973614775726 0.0013245033112582781 0.0
0.0 0.19932432432432434 0.079155672823219 0.0 0.0006775067750677507
0.0013623978201634877 0.20608108108108109 0.07849604221635884 0.0 0.0
0.0013623978201634877 0.20135135135135138 0.06200527704485489 0.0006622516556291391 0.0006775067750677507
0.0 0.19324324324324324 0.08575197889182057 0.0 0.0
0.0 0.16486486486486487 0.09300791556728231 0.0006622516556291391 0.0
0.0013623978201634877 0.18716216216216217 0.07651715039577836 0.0 0.0
0.0006811989100817438 0.1891891891891892 0.07651715039577836 0.0 0.0006775067750677507
0.0013623978201634877 0.20135135135135138 0.07058047493403694 0.0006622516556291391 0.0
0.0 0.2054054054054054 0.05804749340369393 0.0006622516556291391 0.0
0.0006811989100817438 0.19189189189189187 0.07189973614775726 0.0 0.0
0.002043596730245232 0.1635135135135135 0.06662269129287599 0.0006622516556291391 0.0
0.004087193460490464 0.21081081081081082 0.061345646437994714 0.0 0.0
0.0006811989100817438 0.19459459459459458 0.05672823218997362 0.0006622516556291391 0.0
0.0013623978201634877 0.19594594594594594 0.07783641160949868 0.0006622516556291391 0.0
0.0006811989100817438 0.23378378378378378 0.07783641160949868 0.0013245033112582781 0.0
0.0 0.17229729729729729 0.07651715039577836 0.0006622516556291391 0.0
0.0013623978201634877 0.2054054054054054 0.08179419525065963 0.0 0.0
0.0027247956403269754 0.1783783783783784 0.07783641160949868 0.0 0.0
0.002043596730245232 0.21081081081081082 0.07783641160949868 0.0013245033112582781 0.0
0.0006811989100817438 0.2168918918918919 0.06860158311345646 0.0 0.0
0.0006811989100817438 0.1972972972972973 0.07717678100263851 0.0006622516556291391 0.0
0.0013623978201634877 0.25810810810810814 0.08047493403693931 0.0006622516556291391 0.0
0.0006811989100817438 0.22229729729729727 0.0758575197889182 0.0 0.0006775067750677507
0.0013623978201634877 0.22702702702702704 0.07387862796833773 0.0006622516556291391 0.0
0.002043596730245232 0.17972972972972975 0.06068601583113456 0.0 0.0
0.0013623978201634877 0.21756756756756757 0.08179419525065963 0.0013245033112582781 0.0
0.0013623978201634877 0.18513513513513513 0.08641160949868075 0.0 0.0
0.002043596730245232 0.18986486486486487 0.06992084432717678 0.0006622516556291391 0.0
0.0 0.24527027027027026 0.06926121372031661 0.0 0.0
0.0013623978201634877 0.22162162162162163 0.08311345646437994 0.0 0.0006775067750677507
0.0013623978201634877 0.23783783783783785 0.06596306068601583 0.0013245033112582781 0.0
0.0027247956403269754 0.2554054054054054 0.07058047493403694 0.0006622516556291391 0.0
0.0006811989100817438 0.22905405405405405 0.08377308707124011 0.0 0.0
0.0 0.21554054054054053 0.07783641160949868 0.0006622516556291391 0.0
0.0027247956403269754 0.22094594594594597 0.06530343007915568 0.0006622516556291391 0.0
0.0006811989100817438 0.25810810810810814 0.10026385224274406 0.0006622516556291391 0.0
0.0027247956403269754 0.22094594594594597 0.09630606860158311 0.0013245033112582781 0.0
0.002043596730245232 0.26216216216216215 0.079155672823219 0.0006622516556291391 0.0
0.0006811989100817438 0.23108108108108108 0.06398416886543536 0.0 0.0
0.0 0.20743243243243242 0.07387862796833773 0.0013245033112582781 0.0
0.0013623978201634877 0.25 0.07453825857519789 0.0006622516556291391 0.0
0.0006811989100817438 0.27770270270270275 0.079155672823219 0.0 0.0
0.0013623978201634877 0.21486486486486486 0.079155672823219 0.0 0.0
0.0006811989100817438 0.2918918918918919 0.08443271767810026 0.0 0.0
0.0013623978201634877 0.27905405405405403 0.09960422163588391 0.0006622516556291391 0.0
0.0006811989100817438 0.2608108108108108 0.09036939313984169 0.0 0.0006775067750677507
0.0013623978201634877 0.2695945945945946 0.0679419525065963 0.0 0.0
0.002043596730245232 0.2891891891891892 0.06728232189973615 0.0 0.0
0.0 0.26756756756756755 0.07453825857519789 0.0033112582781456954 0.0
0.0013623978201634877 0.30405405405405406 0.07519788918205805 0.0006622516556291391 0.0
0.0013623978201634877 0.2817567567567567 0.07651715039577836 0.0006622516556291391 0.0
0.004087193460490464 0.3087837837837838 0.09168865435356201 0.0006622516556291391 0.0
0.0013623978201634877 0.33783783783783783 0.08443271767810026 0.0013245033112582781 0.0
0.0 0.0 0.0 0.0 0.0
0.0 0.0006756756756756756 0.0 0.0 0.0
0.0 0.0 0.0006596306068601583 0.0 0.0
0.0 0.0 0.0 0.0 0.0
0.0006811989100817438 0.28445945945945944 0.08377308707124011 0.0 0.0
0.0 0.0013513513513513512 0.0 0.0006622516556291391 0.0
0.0 0.0 0.0 0.0 0.0006775067750677507
0.0 0.0 0.0 0.0 0.0
0.0 0.0 0.0 0.0 0.0
0.0013623978201634877 0.18175675675675673 0.16820580474934038 0.0006622516556291391 0.0006775067750677507
0.0 0.0 0.0 0.0 0.0006775067750677507
0.0 0.0006756756756756756 0.0 0.0 0.0
0.0 0.0 0.0006596306068601583 0.0 0.0
0.0 0.0 0.0 0.0 0.0
0.0027247956403269754 0.3081081081081081 0.08443271767810026 0.0 0.0006775067750677507
0.0 0.0 0.0 0.0 0.0
0.0 0.0006756756756756756 0.0 0.0 0.0
0.0 0.0 0.0 0.0006622516556291391 0.0
0.0 0.0 0.0 0.0006622516556291391 0.0
0.0 0.15135135135135133 0.15765171503957784 0.0 0.0006775067750677507
0.0 0.0 0.0 0.0 0.0
0.0 0.0 0.0 0.0 0.0
0.0 0.0 0.0006596306068601583 0.0 0.0
0.0 0.0 0.0 0.0 0.0
0.0 0.0 0.0 0.0 0.0
0.0 0.0006756756756756756 0.0 0.0 0.0
0.0006811989100817438 0.0 0.0 0.0 0.0
0.0 0.0 0.0 0.0 0.0
0.0 0.0 0.0 0.0 0.0
0.0 0.0006756756756756756 0.0 0.0 0.0
0.0006811989100817438 0.16824324324324325 0.1503957783641161 0.0006622516556291391 0.0
0.0 0.15135135135135133 0.19920844327176782 0.0026490066225165563 0.0006775067750677507
0.0006811989100817438 0.16418918918918918 0.19722955145118734 0.0013245033112582781 0.0
0.0006811989100817438 0.16824324324324325 0.17678100263852242 0.0013245033112582781 0.0
0.0006811989100817438 0.1445945945945946 0.18403693931398418 0.001986754966887417 0.0
0.0 0.17635135135135135 0.19525065963060687 0.0013245033112582781 0.0
0.0006811989100817438 0.1831081081081081 0.16490765171503957 0.0 0.0006775067750677507
0.0 0.16824324324324325 0.19063324538258575 0.0 0.0
0.0006811989100817438 0.18175675675675673 0.19129287598944592 0.0 0.0
0.0 0.1527027027027027 0.20976253298153033 0.0 0.0
0.0 0.1662162162162162 0.17941952506596306 0.0 0.0
0.0 0.19864864864864865 0.20184696569920843 0.0006622516556291391 0.0
0.0006811989100817438 0.175 0.16820580474934038 0.0006622516556291391 0.0
0.0 0.17229729729729729 0.19920844327176782 0.0013245033112582781 0.0
0.0006811989100817438 0.1554054054054054 0.17216358839050133 0.0006622516556291391 0.0
0.0013623978201634877 0.14256756756756755 0.17810026385224276 0.0006622516556291391 0.0
0.0 0.175 0.20316622691292877 0.0 0.0
0.0006811989100817438 0.16216216216216214 0.17546174142480211 0.0013245033112582781 0.0
0.0 0.14864864864864866 0.15435356200527703 0.0026490066225165563 0.0006775067750677507
0.0006811989100817438 0.15 0.22031662269129287 0.0006622516556291391 0.0
0.0013623978201634877 0.1695945945945946 0.16622691292875988 0.0 0.0
0.0 0.1608108108108108 0.21306068601583114 0.0006622516556291391 0.0
0.0 0.16486486486486487 0.16754617414248021 0.0013245033112582781 0.0
0.0 0.175 0.1886543535620053 0.0026490066225165563 0.0006775067750677507
0.0 0.19864864864864865 0.17150395778364114 0.0006622516556291391 0.0
0.0006811989100817438 0.16148648648648647 0.20844327176781002 0.0006622516556291391 0.0
0.0013623978201634877 0.16756756756756758 0.18733509234828497 0.0013245033112582781 0.0
0.0 0.14527027027027029 0.16622691292875988 0.0006622516556291391 0.0
0.0 0.15945945945945947 0.18007915567282323 0.0013245033112582781 0.0
0.0006811989100817438 0.1668918918918919 0.17018469656992083 0.0006622516556291391 0.0
0.0 0.13783783783783785 0.1774406332453826 0.0006622516556291391 0.0
0.0 0.16283783783783784 0.21437994722955145 0.0013245033112582781 0.0
0.0 0.16554054054054054 0.1728232189973615 0.0006622516556291391 0.0
0.0006811989100817438 0.11689189189189189 0.1536939313984169 0.0013245033112582781 0.0
0.0 0.1527027027027027 0.17216358839050133 0.0013245033112582781 0.0
0.0006811989100817438 0.18175675675675673 0.19854881266490765 0.0026490066225165563 0.0013550135501355014
0.0 0.1608108108108108 0.18007915567282323 0.0 0.0
0.0013623978201634877 0.15945945945945947 0.21108179419525067 0.0006622516556291391 0.0
0.0 0.16148648648648647 0.17348284960422164 0.0013245033112582781 0.0
0.0006811989100817438 0.16756756756756758 0.1358839050131926 0.0 0.0
0.0 0.17567567567567569 0.1879947229551451 0.001986754966887417 0.0
0.0013623978201634877 0.1783783783783784 0.15105540897097627 0.001986754966887417 0.0
0.0 0.14594594594594595 0.170844327176781 0.001986754966887417 0.0006775067750677507
0.0 0.17027027027027028 0.14907651715039577 0.0 0.0
0.0006811989100817438 0.17094594594594592 0.17150395778364114 0.0013245033112582781 0.0
0.0013623978201634877 0.16283783783783784 0.18733509234828497 0.0013245033112582781 0.0
0.0 0.18445945945945946 0.2170184696569921 0.0 0.0
0.0 0.17635135135135135 0.21569920844327178 0.0 0.0
0.0 0.1635135135135135 0.15105540897097627 0.0013245033112582781 0.0
0.0006811989100817438 0.1783783783783784 0.22427440633245382 0.0026490066225165563 0.0
0.0 0.1662162162162162 0.1899736147757256 0.0013245033112582781 0.0
0.0013623978201634877 0.15337837837837837 0.1774406332453826 0.001986754966887417 0.0
0.0 0.147972972972973 0.16226912928759896 0.0 0.0006775067750677507
0.0013623978201634877 0.18108108108108106 0.2011873350923483 0.001986754966887417 0.0
0.0 0.15067567567567566 0.1866754617414248 0.0026490066225165563 0.0
0.0006811989100817438 0.17162162162162162 0.18403693931398418 0.0026490066225165563 0.0
0.002043596730245232 0.16824324324324325 0.18403693931398418 0.0013245033112582781 0.0
0.0006811989100817438 0.16418918918918918 0.2183377308707124 0.001986754966887417 0.0
0.0 0.17770270270270272 0.20184696569920843 0.0006622516556291391 0.0
0.0 0.17094594594594592 0.20184696569920843 0.0026490066225165563 0.0
0.0 0.16824324324324325 0.18403693931398418 0.0013245033112582781 0.0
0.0013623978201634877 0.17972972972972975 0.21042216358839053 0.0013245033112582781 0.0
0.0 0.18378378378378377 0.19854881266490765 0.0026490066225165563 0.0
0.0006811989100817438 0.15743243243243243 0.19261213720316622 0.0013245033112582781 0.0
0.0 0.1662162162162162 0.1728232189973615 0.0013245033112582781 0.0
0.0 0.175 0.17810026385224276 0.0006622516556291391 0.0
0.0 0.14527027027027029 0.220976253298153 0.0006622516556291391 0.0006775067750677507
0.0 0.17297297297297295 0.21437994722955145 0.003973509933774834 0.0
0.0 0.15067567567567566 0.21240105540897097 0.0 0.0
