9.357142857142858 18.214285714285715 16.41935483870968 10.576923076923077 9.038461538461538
10.25 18.53571428571429 16.41935483870968 9.346153846153847 9.26923076923077
9.285714285714286 18.53571428571429 15.903225806451614 11.23076923076923 8.923076923076923
10.928571428571429 18.5 15.903225806451614 11.423076923076923 8.115384615384615
10.714285714285714 18.785714285714285 15.838709677419356 11.115384615384615 9.230769230769232
11.071428571428571 18.42857142857143 15.967741935483872 10.423076923076923 10.615384615384615
9.357142857142858 19.17857142857143 15.709677419354838 11.5 10.615384615384615
10.178571428571429 16.71428571428571 17.0 11.615384615384617 9.76923076923077
9.678571428571429 18.571428571428573 16.032258064516128 10.461538461538462 8.5
11.071428571428571 17.75 16.29032258064516 10.461538461538462 9.153846153846153
10.678571428571427 18.17857142857143 15.193548387096774 11.038461538461538 8.807692307692308
10.821428571428573 18.821428571428573 16.0 10.461538461538462 9.5
10.928571428571429 18.107142857142858 15.225806451612904 8.653846153846155 8.961538461538462
9.5 17.21428571428571 15.935483870967742 9.846153846153847 8.5
11.321428571428571 18.75 15.709677419354838 8.923076923076923 7.6923076923076925
10.821428571428573 18.392857142857142 16.548387096774196 9.576923076923077 8.923076923076923
9.357142857142858 17.178571428571427 16.32258064516129 8.769230769230768 10.0
10.321428571428571 16.857142857142858 17.32258064516129 10.884615384615385 8.807692307692308
10.607142857142856 18.142857142857142 16.612903225806452 9.538461538461538 10.192307692307692
10.214285714285714 18.857142857142858 15.709677419354838 9.653846153846153 8.346153846153847
9.392857142857142 18.821428571428573 16.193548387096772 10.461538461538462 10.346153846153847
10.964285714285715 18.821428571428573 15.32258064516129 8.538461538461538 8.0
10.0 18.214285714285715 16.70967741935484 9.73076923076923 9.115384615384615
9.928571428571429 18.142857142857142 14.935483870967742 9.615384615384617 8.538461538461538
10.857142857142858 18.607142857142858 15.838709677419356 11.115384615384615 8.5
11.75 18.53571428571429 15.064516129032258 9.076923076923077 9.538461538461538
8.964285714285715 19.857142857142858 17.161290322580644 10.576923076923077 9.346153846153847
10.321428571428571 19.0 15.29032258064516 10.26923076923077 8.576923076923077
10.25 17.964285714285715 16.225806451612904 10.153846153846153 9.423076923076923
10.107142857142858 17.964285714285715 16.967741935483872 9.653846153846153 8.807692307692308
9.428571428571429 20.57142857142857 15.741935483870966 10.461538461538462 8.884615384615385
10.535714285714285 20.46428571428571 16.064516129032256 10.423076923076923 9.038461538461538
10.428571428571429 19.035714285714285 16.064516129032256 9.923076923076923 8.192307692307692
10.035714285714285 16.535714285714285 15.580645161290322 10.423076923076923 10.0
10.357142857142856 17.57142857142857 17.161290322580644 9.692307692307693 9.5
9.678571428571429 17.57142857142857 15.225806451612904 8.884615384615385 9.461538461538462
9.964285714285714 18.28571428571429 15.548387096774194 9.923076923076923 10.0
10.142857142857142 17.821428571428573 16.870967741935484 9.307692307692308 8.038461538461538
11.0 17.964285714285715 16.774193548387096 11.0 9.230769230769232
11.035714285714286 17.607142857142858 15.709677419354838 10.423076923076923 10.769230769230768
10.785714285714286 18.17857142857143 15.838709677419356 9.923076923076923 9.538461538461538
9.785714285714286 18.464285714285715 16.29032258064516 10.192307692307692 9.26923076923077
10.785714285714286 19.785714285714285 14.838709677419356 10.384615384615385 8.769230769230768
11.642857142857142 17.285714285714285 18.06451612903226 10.384615384615385 9.346153846153847
9.821428571428571 17.75 15.774193548387098 11.038461538461538 9.346153846153847
10.107142857142858 18.28571428571429 16.451612903225808 10.576923076923077 10.692307692307692
9.535714285714286 17.857142857142858 15.967741935483872 10.5 9.153846153846153
10.464285714285714 17.5 15.903225806451614 9.884615384615383 8.769230769230768
10.857142857142858 16.96428571428571 16.129032258064516 10.653846153846155 9.73076923076923
10.071428571428571 18.0 14.451612903225806 10.653846153846155 9.692307692307693
10.607142857142856 18.92857142857143 15.225806451612904 9.538461538461538 9.807692307692307
10.214285714285714 18.357142857142858 16.516129032258064 11.5 9.653846153846153
10.607142857142856 19.392857142857142 15.870967741935486 12.423076923076923 9.346153846153847
11.25 18.892857142857142 15.64516129032258 10.5 9.653846153846153
10.714285714285714 18.25 14.516129032258066 9.153846153846153 9.73076923076923
10.571428571428571 16.57142857142857 17.03225806451613 11.192307692307692 9.115384615384615
9.678571428571429 17.285714285714285 16.64516129032258 10.346153846153847 9.653846153846153
9.464285714285715 18.17857142857143 16.870967741935484 9.73076923076923 9.230769230769232
11.214285714285715 19.5 15.967741935483872 10.538461538461538 9.26923076923077
8.607142857142856 19.071428571428573 16.64516129032258 10.346153846153847 9.615384615384617
10.035714285714285 17.964285714285715 15.548387096774194 10.884615384615385 9.0
9.0 18.28571428571429 15.225806451612904 10.961538461538462 8.461538461538462
9.785714285714286 19.392857142857142 15.967741935483872 9.884615384615383 9.038461538461538
10.5 18.464285714285715 15.032258064516128 10.923076923076923 9.807692307692307
11.0 19.392857142857142 16.64516129032258 9.961538461538462 9.423076923076923
10.357142857142856 15.214285714285715 16.612903225806452 11.038461538461538 10.153846153846153
11.071428571428571 19.571428571428573 15.774193548387098 9.153846153846153 10.384615384615385
10.392857142857142 19.107142857142858 17.93548387096774 10.192307692307692 7.807692307692308
10.964285714285715 17.57142857142857 17.483870967741932 10.076923076923077 9.76923076923077
9.857142857142858 20.035714285714285 17.258064516129032 10.884615384615385 9.076923076923077
10.821428571428573 17.46428571428571 16.870967741935484 10.115384615384615 8.923076923076923
11.142857142857144 19.785714285714285 15.806451612903228 10.153846153846153 9.461538461538462
9.107142857142858 17.46428571428571 16.38709677419355 10.0 9.73076923076923
10.678571428571427 17.964285714285715 16.483870967741936 9.73076923076923 9.153846153846153
9.821428571428571 17.857142857142858 18.419354838709676 10.538461538461538 9.692307692307693
10.571428571428571 17.5 15.258064516129032 9.692307692307693 9.5
11.5 19.428571428571427 16.935483870967744 10.076923076923077 9.5
10.214285714285714 17.46428571428571 16.258064516129032 11.076923076923077 8.0
9.785714285714286 17.178571428571427 16.41935483870968 10.653846153846155 8.846153846153845
9.5 18.28571428571429 16.38709677419355 9.846153846153847 9.461538461538462
8.428571428571429 18.75 17.129032258064516 9.846153846153847 10.461538461538462
10.464285714285714 17.392857142857142 16.29032258064516 8.384615384615385 8.5
10.071428571428571 18.53571428571429 16.41935483870968 10.576923076923077 9.076923076923077
10.321428571428571 17.75 16.129032258064516 10.807692307692308 9.038461538461538
10.035714285714285 16.785714285714285 16.516129032258064 9.538461538461538 9.76923076923077
10.357142857142856 19.392857142857142 15.61290322580645 9.115384615384615 7.6923076923076925
11.428571428571429 17.428571428571427 14.387096774193548 9.538461538461538 9.192307692307692
10.714285714285714 17.92857142857143 17.32258064516129 10.153846153846153 8.846153846153845
10.0 18.857142857142858 15.61290322580645 11.115384615384615 9.076923076923077
10.285714285714285 18.357142857142858 16.41935483870968 11.538461538461538 9.307692307692308
9.464285714285715 19.285714285714285 15.161290322580646 10.26923076923077 9.153846153846153
9.892857142857142 19.928571428571427 15.709677419354838 11.807692307692307 8.730769230769232
10.178571428571429 18.5 15.483870967741936 11.0 9.76923076923077
10.892857142857144 18.321428571428573 15.967741935483872 9.26923076923077 7.346153846153846
10.642857142857142 18.321428571428573 16.41935483870968 10.653846153846155 9.538461538461538
9.464285714285715 19.535714285714285 16.064516129032256 10.961538461538462 8.961538461538462
11.5 17.0 16.29032258064516 9.576923076923077 10.653846153846155
10.571428571428571 17.46428571428571 15.29032258064516 9.76923076923077 10.846153846153845
9.5 19.464285714285715 16.29032258064516 9.615384615384617 8.846153846153845
9.392857142857142 17.32142857142857 16.516129032258064 9.192307692307692 9.038461538461538
10.535714285714285 17.67857142857143 18.29032258064516 9.73076923076923 9.923076923076923
10.214285714285714 10.714285714285714 9.870967741935484 9.807692307692307 9.076923076923077
9.357142857142858 10.285714285714285 10.741935483870966 10.23076923076923 10.692307692307692
10.142857142857142 10.285714285714285 10.03225806451613 9.846153846153847 10.153846153846153
10.178571428571429 9.428571428571429 10.451612903225806 10.5 11.076923076923077
11.214285714285715 17.21428571428571 15.774193548387098 9.807692307692307 10.461538461538462
10.464285714285714 9.964285714285714 9.838709677419354 10.884615384615385 10.538461538461538
10.071428571428571 10.607142857142856 10.32258064516129 10.192307692307692 11.5
11.071428571428571 9.642857142857142 9.451612903225806 11.615384615384617 9.807692307692307
10.714285714285714 9.928571428571429 10.774193548387098 9.615384615384617 10.653846153846155
10.678571428571427 17.285714285714285 18.61290322580645 10.884615384615385 8.576923076923077
11.464285714285715 9.285714285714286 11.870967741935484 9.76923076923077 10.307692307692308
9.25 10.107142857142858 9.548387096774192 10.192307692307692 10.153846153846153
10.892857142857144 10.071428571428571 10.161290322580644 9.923076923076923 9.5
9.821428571428571 10.142857142857142 10.258064516129032 11.423076923076923 10.653846153846155
10.714285714285714 18.857142857142858 16.967741935483872 9.73076923076923 9.653846153846153
9.892857142857142 10.607142857142856 11.29032258064516 10.384615384615385 10.538461538461538
9.714285714285714 10.642857142857142 9.806451612903226 9.115384615384615 11.038461538461538
10.0 9.821428571428571 9.67741935483871 10.692307692307692 10.692307692307692
9.928571428571429 9.678571428571429 9.838709677419354 10.846153846153845 11.23076923076923
8.821428571428573 17.75 17.774193548387096 10.346153846153847 9.884615384615383
9.785714285714286 10.035714285714285 10.451612903225806 10.384615384615385 9.461538461538462
10.5 9.928571428571429 10.903225806451612 11.038461538461538 9.923076923076923
9.678571428571429 10.357142857142856 10.935483870967742 10.23076923076923 10.346153846153847
10.071428571428571 10.464285714285714 9.774193548387096 8.807692307692308 12.192307692307692
10.0 10.571428571428571 11.096774193548388 10.192307692307692 8.769230769230768
9.071428571428571 11.178571428571429 8.64516129032258 10.653846153846155 10.961538461538462
10.0 9.571428571428571 10.96774193548387 10.692307692307692 10.038461538461538
11.142857142857144 10.607142857142856 9.548387096774192 9.5 11.076923076923077
10.392857142857142 11.642857142857142 11.387096774193548 10.769230769230768 9.653846153846153
10.857142857142858 9.535714285714286 11.161290322580646 10.423076923076923 9.615384615384617
9.75 16.857142857142858 18.35483870967742 10.26923076923077 9.76923076923077
9.928571428571429 15.535714285714286 18.29032258064516 10.153846153846153 8.5
9.5 15.857142857142858 17.35483870967742 10.961538461538462 8.615384615384615
9.785714285714286 15.678571428571427 18.06451612903226 11.23076923076923 9.0
11.178571428571429 16.75 17.35483870967742 10.384615384615385 8.961538461538462
10.357142857142856 16.0 17.741935483870968 9.884615384615383 9.0
10.535714285714285 17.67857142857143 18.225806451612904 11.26923076923077 8.153846153846153
9.964285714285714 16.285714285714285 17.0 10.307692307692308 8.192307692307692
10.535714285714285 16.71428571428571 18.06451612903226 11.038461538461538 8.807692307692308
9.678571428571429 16.214285714285715 17.870967741935484 9.692307692307693 9.461538461538462
10.107142857142858 15.392857142857142 18.903225806451612 10.26923076923077 9.538461538461538
9.035714285714286 17.035714285714285 18.645161290322584 12.0 9.923076923076923
10.142857142857142 16.46428571428571 17.93548387096774 9.846153846153847 11.153846153846153
9.321428571428571 16.46428571428571 18.35483870967742 9.884615384615383 9.615384615384617
11.785714285714286 16.82142857142857 18.70967741935484 10.923076923076923 8.26923076923077
10.035714285714285 15.964285714285715 18.70967741935484 11.5 8.346153846153847
10.357142857142856 15.535714285714286 17.129032258064516 9.653846153846153 9.230769230769232
10.392857142857142 16.71428571428571 19.903225806451616 10.692307692307692 8.769230769230768
10.071428571428571 14.821428571428573 19.096774193548384 9.884615384615383 9.307692307692308
9.321428571428571 18.321428571428573 18.096774193548388 11.384615384615385 9.384615384615385
10.142857142857142 15.928571428571427 17.483870967741932 11.461538461538462 9.538461538461538
10.071428571428571 17.21428571428571 18.806451612903228 10.615384615384615 11.038461538461538
9.142857142857144 15.142857142857144 18.35483870967742 9.692307692307693 9.192307692307692
10.5 15.642857142857142 18.548387096774192 10.038461538461538 9.153846153846153
10.535714285714285 16.392857142857142 18.483870967741936 10.23076923076923 8.846153846153845
10.964285714285715 16.214285714285715 19.58064516129032 9.76923076923077 9.576923076923077
9.892857142857142 15.678571428571427 17.451612903225804 12.115384615384615 10.076923076923077
8.964285714285715 16.142857142857142 19.483870967741936 10.923076923076923 8.923076923076923
10.071428571428571 15.392857142857142 17.774193548387096 11.076923076923077 9.346153846153847
9.357142857142858 16.535714285714285 19.161290322580644 9.884615384615383 8.23076923076923
9.857142857142858 15.571428571428571 18.161290322580648 11.384615384615385 9.576923076923077
10.892857142857144 15.428571428571429 19.096774193548384 11.192307692307692 9.846153846153847
10.571428571428571 16.75 17.70967741935484 9.576923076923077 9.307692307692308
10.5 15.714285714285715 17.93548387096774 10.423076923076923 8.076923076923077
10.321428571428571 15.892857142857142 18.129032258064516 10.769230769230768 9.615384615384617
10.25 16.892857142857142 17.548387096774196 11.076923076923077 9.038461538461538
9.75 16.678571428571427 19.870967741935484 10.192307692307692 9.461538461538462
9.75 15.607142857142858 18.35483870967742 10.23076923076923 9.0
9.714285714285714 16.142857142857142 18.967741935483872 10.076923076923077 8.846153846153845
9.714285714285714 16.607142857142858 17.612903225806452 11.26923076923077 9.807692307692307
11.107142857142858 16.285714285714285 18.70967741935484 10.923076923076923 8.076923076923077
10.785714285714286 18.107142857142858 17.93548387096774 11.384615384615385 9.384615384615385
10.25 16.928571428571427 19.419354838709676 10.26923076923077 8.769230769230768
10.071428571428571 15.607142857142858 18.483870967741936 10.923076923076923 9.461538461538462
9.642857142857142 15.25 17.258064516129032 10.26923076923077 9.884615384615383
9.571428571428571 15.571428571428571 18.161290322580648 10.769230769230768 9.76923076923077
10.464285714285714 16.57142857142857 18.516129032258064 10.923076923076923 10.576923076923077
9.928571428571429 16.892857142857142 18.419354838709676 11.423076923076923 9.461538461538462
9.142857142857144 16.178571428571427 18.032258064516128 10.346153846153847 9.038461538461538
8.178571428571429 17.857142857142858 18.451612903225804 10.26923076923077 7.653846153846153
9.678571428571429 15.678571428571427 18.516129032258064 10.346153846153847 8.423076923076923
10.071428571428571 16.82142857142857 18.35483870967742 11.192307692307692 8.730769230769232
9.964285714285714 17.46428571428571 17.903225806451612 9.653846153846153 9.73076923076923
10.142857142857142 16.32142857142857 18.06451612903226 10.346153846153847 8.423076923076923
11.0 15.25 18.193548387096776 10.576923076923077 9.307692307692308
11.285714285714286 17.428571428571427 18.258064516129032 11.076923076923077 9.26923076923077
11.464285714285715 16.71428571428571 17.516129032258068 11.73076923076923 8.846153846153845
10.035714285714285 16.32142857142857 17.67741935483871 11.23076923076923 9.346153846153847
10.857142857142858 15.214285714285715 17.67741935483871 10.346153846153847 9.846153846153847
9.178571428571429 17.285714285714285 19.451612903225808 10.807692307692308 7.653846153846153
9.5 15.964285714285715 18.129032258064516 9.884615384615383 9.692307692307693
10.321428571428571 16.928571428571427 17.32258064516129 10.730769230769232 9.807692307692307
10.0 17.0 19.483870967741936 10.730769230769232 8.26923076923077
10.642857142857142 16.857142857142858 20.29032258064516 10.346153846153847 9.346153846153847
10.285714285714285 15.821428571428573 18.903225806451612 10.192307692307692 8.769230769230768
10.607142857142856 17.92857142857143 17.67741935483871 10.615384615384615 9.307692307692308
10.107142857142858 18.5 18.06451612903226 10.961538461538462 8.5
9.571428571428571 15.571428571428571 18.870967741935484 11.26923076923077 9.846153846153847
9.607142857142858 16.785714285714285 18.93548387096774 11.26923076923077 10.038461538461538
10.357142857142856 16.96428571428571 18.70967741935484 11.346153846153847 8.730769230769232
11.0 18.25 18.70967741935484 11.23076923076923 11.23076923076923
9.678571428571429 16.5 18.516129032258064 10.884615384615385 8.769230769230768
10.535714285714285 17.357142857142854 18.06451612903226 11.384615384615385 9.346153846153847
9.785714285714286 15.571428571428571 18.645161290322584 9.73076923076923 8.846153846153845
10.285714285714285 18.071428571428573 19.129032258064516 10.769230769230768 10.653846153846155
10.571428571428571 16.178571428571427 17.612903225806452 10.807692307692308 9.192307692307692
9.892857142857142 16.178571428571427 17.612903225806452 11.26923076923077 8.961538461538462
9.357142857142858 17.57142857142857 17.258064516129032 10.961538461538462 9.423076923076923
8.928571428571429 17.964285714285715 18.70967741935484 10.461538461538462 9.461538461538462
10.714285714285714 16.71428571428571 19.935483870967744 11.76923076923077 9.846153846153847
11.107142857142858 16.32142857142857 17.70967741935484 11.192307692307692 8.692307692307692
9.392857142857142 16.71428571428571 18.193548387096776 11.461538461538462 9.692307692307693
9.571428571428571 16.32142857142857 19.064516129032256 11.961538461538462 10.730769230769232
10.821428571428573 16.71428571428571 18.483870967741936 10.5 9.038461538461538
9.892857142857142 17.107142857142854 19.741935483870968 12.269230769230768 9.576923076923077
9.321428571428571 16.0 18.29032258064516 11.461538461538462 9.307692307692308
10.535714285714285 16.25 19.419354838709676 9.461538461538462 10.038461538461538
10.571428571428571 17.78571428571429 18.967741935483872 10.0 8.576923076923077
10.642857142857142 17.25 17.67741935483871 10.730769230769232 9.615384615384617
10.785714285714286 18.964285714285715 18.096774193548388 10.423076923076923 9.692307692307693
10.357142857142856 16.25 18.806451612903228 11.576923076923077 9.923076923076923
10.392857142857142 16.57142857142857 19.870967741935484 10.692307692307692 8.807692307692308
9.964285714285714 16.035714285714285 18.516129032258064 11.26923076923077 10.153846153846153
10.785714285714286 17.25 17.129032258064516 11.26923076923077 10.5
10.25 16.46428571428571 18.67741935483871 10.307692307692308 8.26923076923077
10.464285714285714 16.142857142857142 18.67741935483871 9.961538461538462 9.230769230769232
9.75 17.32142857142857 17.870967741935484 11.23076923076923 8.423076923076923
9.785714285714286 16.857142857142858 19.161290322580644 10.5 9.230769230769232
10.178571428571429 17.21428571428571 20.838709677419352 11.346153846153847 10.115384615384615
