72.5 69.92307692307692 69.8 71.5 70.92857142857143
73.41666666666667 70.3076923076923 69.53333333333333 71.16666666666667 71.0
73.58333333333333 70.07692307692308 70.13333333333334 71.66666666666667 71.5
73.33333333333333 71.15384615384615 69.86666666666666 71.66666666666667 71.5
74.25 70.92307692307692 70.86666666666666 71.83333333333333 72.57142857142857
73.25 70.15384615384615 71.13333333333334 72.25 72.85714285714286
72.58333333333333 70.15384615384615 70.8 71.16666666666667 71.07142857142858
73.33333333333333 70.0 69.86666666666666 71.58333333333333 71.07142857142858
72.83333333333333 69.6923076923077 70.4 72.5 70.85714285714286
72.58333333333333 69.76923076923076 69.33333333333333 71.83333333333333 71.0
71.5 69.6923076923077 68.6 70.83333333333333 71.28571428571429
72.75 69.46153846153847 68.86666666666667 70.91666666666667 72.21428571428572
72.66666666666667 69.6923076923077 69.86666666666666 71.66666666666667 71.64285714285715
73.83333333333333 70.92307692307692 70.8 71.66666666666667 72.14285714285715
73.33333333333333 70.46153846153847 70.66666666666667 72.41666666666667 73.14285714285715
71.58333333333333 69.76923076923076 69.93333333333334 71.0 71.21428571428572
73.66666666666667 70.38461538461537 70.93333333333334 71.08333333333333 72.21428571428572
71.33333333333333 68.84615384615385 69.4 70.5 70.92857142857143
72.83333333333333 68.53846153846153 69.6 70.83333333333333 71.85714285714286
72.16666666666667 70.0 70.66666666666667 70.66666666666667 71.78571428571429
73.66666666666667 68.76923076923076 70.13333333333334 72.0 71.14285714285715
74.16666666666667 71.38461538461539 72.0 72.5 73.28571428571429
73.08333333333333 69.38461538461537 69.13333333333334 71.41666666666667 71.85714285714286
74.58333333333333 69.6923076923077 70.86666666666666 71.66666666666667 72.42857142857143
72.16666666666667 68.92307692307692 69.46666666666667 70.41666666666667 71.35714285714286
73.33333333333333 68.84615384615385 69.73333333333333 70.83333333333333 72.07142857142858
74.25 70.84615384615385 71.6 71.83333333333333 72.71428571428572
73.08333333333333 69.46153846153847 68.73333333333332 69.5 70.57142857142858
72.75 69.76923076923076 69.53333333333333 71.91666666666667 71.35714285714286
72.16666666666667 68.46153846153847 70.33333333333333 71.0 71.64285714285715
73.33333333333333 70.0 70.06666666666666 72.41666666666667 72.78571428571429
72.75 70.61538461538463 70.0 71.66666666666667 72.35714285714286
72.66666666666667 70.0 69.4 71.66666666666667 71.85714285714286
73.0 70.23076923076924 70.2 72.5 73.0
74.08333333333333 71.23076923076924 71.26666666666667 72.5 73.42857142857143
72.5 68.15384615384615 68.73333333333332 71.41666666666667 71.14285714285715
74.16666666666667 71.0 69.53333333333333 71.41666666666667 73.07142857142857
73.08333333333333 69.92307692307692 70.2 70.91666666666667 71.35714285714286
74.66666666666667 71.38461538461539 70.53333333333333 72.58333333333333 72.64285714285715
73.25 70.76923076923076 70.6 72.0 71.71428571428572
71.66666666666667 68.6923076923077 70.0 71.66666666666667 71.57142857142858
73.0 71.0 70.06666666666666 71.58333333333333 71.85714285714286
74.5 70.92307692307692 71.13333333333334 72.83333333333333 73.5
72.58333333333333 69.15384615384615 69.2 71.5 70.85714285714286
73.75 72.6923076923077 71.46666666666667 71.75 72.42857142857143
73.25 69.38461538461537 69.26666666666667 71.0 70.78571428571429
73.58333333333333 70.0 70.53333333333333 71.5 72.28571428571429
72.58333333333333 70.15384615384615 70.66666666666667 72.75 72.28571428571429
74.83333333333333 70.53846153846153 70.66666666666667 73.08333333333333 71.85714285714286
71.33333333333333 69.53846153846153 68.46666666666667 70.08333333333333 70.64285714285715
73.16666666666667 70.61538461538463 71.13333333333334 71.91666666666667 72.07142857142858
73.58333333333333 70.3076923076923 69.86666666666666 72.66666666666667 71.78571428571429
72.41666666666667 69.84615384615385 68.0 70.08333333333333 70.78571428571429
75.25 71.15384615384615 71.8 72.83333333333333 73.28571428571429
74.41666666666667 70.6923076923077 69.8 72.33333333333333 72.64285714285715
72.75 71.15384615384615 70.26666666666667 71.08333333333333 71.21428571428572
72.66666666666667 68.84615384615385 69.73333333333333 70.41666666666667 71.78571428571429
71.5 70.84615384615385 69.06666666666666 70.0 70.71428571428572
74.16666666666667 71.53846153846153 70.2 71.58333333333333 71.71428571428572
73.08333333333333 70.3076923076923 69.13333333333334 71.08333333333333 71.64285714285715
72.16666666666667 69.07692307692308 68.4 69.16666666666667 70.42857142857143
74.66666666666667 69.84615384615385 70.33333333333333 71.75 72.35714285714286
73.5 69.92307692307692 71.06666666666666 72.5 72.0
72.75 70.15384615384615 69.93333333333334 70.75 71.21428571428572
71.33333333333333 68.23076923076924 68.46666666666667 71.0 70.42857142857143
71.66666666666667 70.46153846153847 70.26666666666667 71.75 71.07142857142858
72.83333333333333 70.76923076923076 70.86666666666666 71.75 72.42857142857143
72.91666666666667 68.53846153846153 68.6 70.58333333333333 70.85714285714286
71.58333333333333 70.15384615384615 69.0 71.0 70.5
72.33333333333333 68.6923076923077 68.93333333333334 71.33333333333333 71.35714285714286
74.33333333333333 70.15384615384615 70.4 72.08333333333333 71.5
72.25 68.84615384615385 70.13333333333334 70.41666666666667 71.42857142857143
72.91666666666667 69.84615384615385 69.13333333333334 70.91666666666667 71.92857142857143
74.08333333333333 69.84615384615385 70.53333333333333 72.5 71.92857142857143
72.58333333333333 70.15384615384615 69.4 72.5 71.5
72.75 69.07692307692308 69.06666666666666 71.5 71.78571428571429
72.83333333333333 69.6923076923077 70.06666666666666 70.16666666666667 71.14285714285715
73.75 70.76923076923076 69.26666666666667 71.66666666666667 71.78571428571429
73.75 69.92307692307692 70.6 71.08333333333333 71.64285714285715
72.58333333333333 68.92307692307692 69.26666666666667 70.58333333333333 70.64285714285715
73.33333333333333 69.6923076923077 70.33333333333333 72.25 71.71428571428572
74.25 71.15384615384615 70.8 72.25 72.57142857142857
72.66666666666667 69.53846153846153 68.73333333333332 70.58333333333333 70.57142857142858
72.91666666666667 71.07692307692308 70.53333333333333 72.25 71.78571428571429
73.66666666666667 71.07692307692308 70.86666666666666 71.08333333333333 72.0
73.75 70.15384615384615 69.2 71.66666666666667 72.57142857142857
73.58333333333333 69.84615384615385 71.13333333333334 72.08333333333333 72.14285714285715
72.41666666666667 70.3076923076923 70.26666666666667 71.33333333333333 70.35714285714286
73.0 71.6923076923077 70.46666666666667 71.41666666666667 71.92857142857143
72.91666666666667 70.46153846153847 69.8 71.16666666666667 71.42857142857143
73.16666666666667 70.61538461538463 71.46666666666667 72.66666666666667 73.0
72.5 69.92307692307692 69.2 71.25 71.71428571428572
71.91666666666667 70.61538461538463 70.26666666666667 72.58333333333333 72.07142857142858
72.0 69.84615384615385 71.0 71.58333333333333 71.07142857142858
72.58333333333333 69.46153846153847 68.8 71.08333333333333 71.28571428571429
72.83333333333333 69.15384615384615 70.0 71.91666666666667 70.5
71.5 69.07692307692308 69.66666666666667 70.83333333333333 71.07142857142858
73.41666666666667 70.23076923076924 70.86666666666666 71.58333333333333 71.57142857142858
74.08333333333333 70.6923076923077 69.53333333333333 71.83333333333333 72.14285714285715
72.25 69.53846153846153 70.53333333333333 71.58333333333333 71.78571428571429
72.58333333333333 70.23076923076924 71.13333333333334 71.5 72.21428571428572
65.91666666666667 66.07692307692308 65.0 66.66666666666667 65.92857142857143
66.08333333333333 66.23076923076923 66.53333333333333 66.25 66.71428571428571
66.91666666666667 66.53846153846153 65.73333333333333 66.66666666666667 66.21428571428571
67.16666666666667 67.0 67.0 65.66666666666667 66.57142857142857
74.66666666666667 70.76923076923076 70.6 72.16666666666667 71.92857142857143
67.25 66.84615384615385 66.93333333333334 66.66666666666667 66.78571428571428
66.66666666666667 66.38461538461539 64.4 65.5 65.14285714285714
66.83333333333333 66.6923076923077 66.53333333333333 66.58333333333333 66.42857142857143
65.33333333333333 65.38461538461539 66.0 65.83333333333333 65.0
70.83333333333333 69.3076923076923 67.93333333333334 71.16666666666667 70.07142857142857
67.5 66.46153846153847 66.13333333333334 67.41666666666667 67.0
67.25 66.76923076923077 66.4 66.91666666666667 66.42857142857143
66.16666666666667 66.61538461538461 66.53333333333333 66.91666666666667 66.35714285714285
67.75 67.15384615384615 66.53333333333333 66.83333333333333 67.42857142857143
73.58333333333333 70.07692307692308 69.6 70.83333333333333 71.71428571428572
65.91666666666667 66.53846153846153 66.0 66.66666666666667 66.64285714285714
68.16666666666667 67.23076923076923 67.8 67.58333333333333 66.78571428571428
66.41666666666667 65.84615384615384 67.26666666666667 66.41666666666667 66.71428571428571
66.66666666666667 66.23076923076923 65.0 65.66666666666667 64.28571428571428
72.5 69.92307692307692 67.6 70.08333333333333 70.28571428571428
68.25 67.46153846153847 68.6 67.5 67.57142857142857
65.0 67.0 66.86666666666667 65.91666666666667 66.21428571428571
66.33333333333333 66.46153846153847 66.73333333333333 66.16666666666667 66.71428571428571
65.08333333333334 65.84615384615384 65.60000000000001 65.75 65.78571428571428
66.25 66.46153846153847 67.86666666666667 67.16666666666667 67.0
65.0 65.53846153846153 65.93333333333332 66.0 66.35714285714285
66.91666666666667 66.6923076923077 66.73333333333333 67.08333333333333 67.42857142857143
66.25 64.76923076923077 63.86666666666667 65.0 64.5
67.08333333333333 67.0 66.60000000000001 66.91666666666667 66.21428571428571
67.58333333333333 66.6923076923077 67.26666666666667 65.66666666666667 66.5
72.33333333333333 70.46153846153847 68.6 72.0 70.71428571428572
71.91666666666667 70.3076923076923 69.4 71.58333333333333 72.35714285714286
72.25 69.6923076923077 68.66666666666667 72.16666666666667 72.57142857142857
73.33333333333333 71.15384615384615 68.8 72.5 72.28571428571429
72.41666666666667 70.0 69.6 71.66666666666667 71.14285714285715
72.75 71.84615384615385 69.2 72.91666666666667 72.07142857142858
71.58333333333333 69.46153846153847 67.46666666666665 71.66666666666667 70.64285714285715
73.41666666666667 70.15384615384615 69.73333333333333 71.83333333333333 72.21428571428572
73.83333333333333 70.53846153846153 67.93333333333334 72.75 71.78571428571429
74.16666666666667 70.76923076923076 68.46666666666667 72.66666666666667 72.78571428571429
72.25 69.61538461538463 67.46666666666665 71.41666666666667 71.5
73.58333333333333 71.23076923076924 69.73333333333333 72.08333333333333 72.71428571428572
73.08333333333333 70.76923076923076 67.46666666666665 70.66666666666667 70.85714285714286
72.0 70.07692307692308 65.86666666666667 70.91666666666667 70.35714285714286
72.75 70.6923076923077 66.33333333333333 70.08333333333333 71.0
72.91666666666667 70.76923076923076 67.26666666666667 70.91666666666667 70.92857142857143
71.75 70.38461538461537 68.06666666666666 72.58333333333333 71.42857142857143
72.58333333333333 71.61538461538461 67.53333333333333 72.0 72.85714285714286
71.75 70.84615384615385 67.0 72.0 71.57142857142858
71.5 68.38461538461539 66.86666666666667 70.91666666666667 70.21428571428571
72.58333333333333 71.46153846153847 67.33333333333333 71.75 71.5
72.58333333333333 69.23076923076924 64.86666666666667 70.58333333333333 71.57142857142858
72.16666666666667 70.07692307692308 65.86666666666667 71.25 71.92857142857143
72.5 71.07692307692308 64.86666666666667 71.83333333333333 72.42857142857143
71.5 69.15384615384615 63.93333333333333 71.5 71.07142857142858
71.75 69.6923076923077 63.46666666666667 70.33333333333333 70.35714285714286
73.16666666666667 70.23076923076924 63.46666666666667 71.33333333333333 72.21428571428572
72.83333333333333 68.53846153846153 62.53333333333333 70.33333333333333 71.5
72.75 70.84615384615385 64.4 71.16666666666667 71.5
71.83333333333333 67.46153846153847 61.93333333333333 70.66666666666667 72.14285714285715
71.66666666666667 68.6923076923077 61.733333333333334 70.08333333333333 70.5
72.08333333333333 69.46153846153847 62.33333333333333 71.58333333333333 72.07142857142858
73.58333333333333 70.53846153846153 60.26666666666667 71.41666666666667 71.78571428571429
72.41666666666667 68.07692307692308 59.13333333333333 70.41666666666667 71.42857142857143
74.41666666666667 69.61538461538463 59.2 71.25 72.07142857142858
74.41666666666667 68.3076923076923 56.666666666666664 71.41666666666667 72.21428571428572
73.0 68.3076923076923 55.266666666666666 71.08333333333333 72.14285714285715
75.66666666666666 69.53846153846153 57.8 73.0 73.28571428571429
74.58333333333333 69.38461538461537 53.733333333333334 70.75 71.92857142857143
73.66666666666667 67.92307692307692 52.13333333333333 72.08333333333333 73.35714285714286
74.0 68.15384615384615 52.400000000000006 69.41666666666667 71.71428571428572
75.0 69.3076923076923 52.06666666666666 72.16666666666667 74.0
73.75 66.3076923076923 50.2 71.0 72.14285714285715
74.41666666666667 67.6923076923077 48.4 71.33333333333333 73.71428571428572
75.33333333333333 69.23076923076924 49.266666666666666 70.83333333333333 73.42857142857143
74.83333333333333 67.15384615384615 45.199999999999996 71.25 74.14285714285715
75.08333333333333 67.61538461538461 44.06666666666666 70.91666666666667 73.92857142857143
74.08333333333333 66.92307692307692 40.93333333333334 69.91666666666667 73.21428571428572
73.83333333333333 65.53846153846153 40.53333333333333 70.08333333333333 73.07142857142857
73.91666666666667 66.84615384615385 38.0 69.16666666666667 72.5
72.91666666666667 65.84615384615384 37.0 70.16666666666667 72.85714285714286
74.08333333333333 65.84615384615384 34.06666666666667 71.08333333333333 74.21428571428572
74.5 65.38461538461539 34.93333333333333 70.5 74.42857142857143
75.58333333333334 66.15384615384616 31.133333333333333 70.33333333333333 74.64285714285715
74.41666666666667 62.92307692307693 26.0 69.0 73.57142857142857
76.66666666666666 66.53846153846153 26.4 71.0 75.21428571428572
74.58333333333333 63.769230769230774 26.599999999999998 69.83333333333333 73.71428571428572
76.08333333333334 64.6923076923077 24.533333333333335 70.66666666666667 75.85714285714286
76.91666666666666 64.23076923076923 22.666666666666668 70.83333333333333 75.85714285714286
76.58333333333334 64.76923076923077 20.0 70.25 75.71428571428572
76.08333333333334 64.0 18.733333333333334 71.0 76.07142857142857
78.16666666666666 65.15384615384616 18.0 71.91666666666667 77.35714285714286
74.66666666666667 62.84615384615385 14.4 69.91666666666667 75.5
75.25 62.0 11.933333333333334 68.66666666666667 75.35714285714286
76.08333333333334 61.38461538461539 10.666666666666666 69.41666666666667 76.0
77.58333333333334 62.692307692307686 11.066666666666668 70.75 77.21428571428571
76.91666666666666 61.769230769230774 9.0 68.75 74.85714285714286
77.25 61.769230769230774 9.666666666666668 70.58333333333333 75.78571428571429
76.66666666666666 60.0 6.6 69.08333333333333 75.14285714285714
77.83333333333334 61.30769230769231 7.866666666666666 70.41666666666667 76.5
76.0 60.15384615384615 6.4 69.25 76.14285714285714
76.58333333333334 57.46153846153846 6.2 69.66666666666667 76.71428571428572
77.41666666666666 59.23076923076923 5.933333333333333 67.5 77.0
78.58333333333334 60.0 6.0 70.41666666666667 76.71428571428572
76.91666666666666 56.61538461538461 4.4 67.5 75.57142857142857
78.16666666666666 57.38461538461539 3.266666666666667 67.58333333333333 76.57142857142857
77.66666666666666 57.30769230769231 3.8666666666666667 67.91666666666667 77.07142857142857
78.16666666666666 56.30769230769231 2.4 67.91666666666667 77.57142857142857
78.41666666666666 54.69230769230769 2.3333333333333335 67.25 76.5
77.0 54.46153846153847 1.4666666666666668 67.08333333333333 77.28571428571429
77.75 54.15384615384615 1.4666666666666668 66.16666666666667 76.71428571428572
78.83333333333334 53.53846153846154 1.2 67.58333333333333 78.28571428571429
78.66666666666666 51.76923076923077 1.4 66.16666666666667 77.78571428571429
78.08333333333334 52.76923076923077 0.8666666666666666 66.75 77.35714285714286
79.41666666666666 52.07692307692307 0.6 65.5 78.21428571428571
78.91666666666666 49.76923076923077 0.4666666666666667 64.0 77.07142857142857
78.66666666666666 51.69230769230769 0.4 65.33333333333333 79.57142857142857
78.5 51.15384615384615 0.8 65.25 77.85714285714286
80.08333333333334 50.84615384615385 0.4666666666666667 65.08333333333334 79.85714285714286
78.0 48.15384615384615 0.4 64.91666666666666 77.5
78.41666666666666 48.76923076923077 0.5333333333333333 63.833333333333336 77.42857142857143
79.16666666666666 49.53846153846154 0.26666666666666666 65.16666666666667 79.5
78.08333333333334 47.92307692307692 0.5333333333333333 64.41666666666666 78.28571428571429
78.5 47.230769230769226 0.26666666666666666 64.0 78.64285714285714
79.5 48.76923076923077 0.6 64.25 79.35714285714286
78.58333333333334 46.53846153846153 0.2 62.25 78.42857142857143
79.91666666666666 47.53846153846153 0.26666666666666666 64.5 78.85714285714286
80.0 48.15384615384615 0.26666666666666666 62.666666666666664 79.14285714285714
79.5 45.92307692307692 0.26666666666666666 62.41666666666667 79.57142857142857
