32935.000 -0.400 -0.400 0.499
32936.000 -0.400 -0.331 0.420
32937.000 -0.400 -0.262 0.007
32938.000 -0.400 -0.192 0.439
32939.000 -0.400 -0.123 0.262
32940.000 -0.400 -0.054 0.441
32941.000 -0.400 0.015 0.307
32942.000 -0.400 0.085 0.336
32943.000 -0.400 0.154 0.075
32944.000 -0.400 0.223 0.201
32945.000 -0.400 0.292 0.480
32946.000 -0.400 0.362 0.168
32947.000 -0.400 0.431 0.454
32948.000 -0.331 -0.400 0.191
32949.000 -0.331 -0.331 0.307
32950.000 -0.331 -0.262 0.191
32951.000 -0.331 -0.192 0.417
32952.000 -0.331 -0.123 0.183
32953.000 -0.331 -0.054 0.047
32954.000 -0.331 0.015 0.045
32955.000 -0.331 0.085 0.470
32956.000 -0.331 0.154 0.077
32957.000 -0.331 0.223 0.097
32958.000 -0.331 0.292 0.124
32959.000 -0.331 0.362 0.267
32960.000 -0.331 0.431 0.477
32961.000 -0.262 -0.400 0.127
32962.000 -0.262 -0.331 0.440
32963.000 -0.262 -0.262 0.255
32964.000 -0.262 -0.192 0.035
32965.000 -0.262 -0.123 0.394
32966.000 -0.262 -0.054 0.453
32967.000 -0.262 0.015 0.305
32968.000 -0.262 0.085 0.181
32969.000 -0.262 0.154 0.373
32970.000 -0.262 0.223 0.054
32971.000 -0.262 0.292 0.469
32972.000 -0.262 0.362 0.438
32973.000 -0.262 0.431 0.045
32974.000 -0.192 -0.400 0.177
32975.000 -0.192 -0.331 0.221
32976.000 -0.192 -0.262 0.227
32977.000 -0.192 -0.192 0.414
32978.000 -0.192 -0.123 0.493
32979.000 -0.192 -0.054 0.302
32980.000 -0.192 0.015 0.374
32981.000 -0.192 0.085 0.299
32982.000 -0.192 0.154 0.354
32983.000 -0.192 0.223 0.305
32984.000 -0.192 0.362 0.133
32985.000 -0.192 0.431 0.286
32986.000 -0.123 -0.400 0.228
32987.000 -0.123 -0.331 0.350
32988.000 -0.123 -0.262 0.067
32989.000 -0.123 -0.192 0.079
32990.000 -0.123 -0.123 0.481
32991.000 -0.123 -0.054 0.372
32992.000 -0.123 0.015 0.148
32993.000 -0.123 0.085 0.242
32994.000 -0.123 0.154 0.487
32995.000 -0.123 0.223 0.192
32996.000 -0.123 0.292 0.406
32997.000 -0.123 0.362 0.205
32998.000 -0.123 0.431 0.231
32999.000 -0.054 -0.400 0.378
33000.000 -0.054 -0.331 0.400
33001.000 -0.054 -0.262 0.029
33002.000 -0.054 -0.192 0.213
33003.000 -0.054 -0.123 0.307
33004.000 -0.054 -0.054 0.322
33005.000 -0.054 0.015 0.170
33006.000 -0.054 0.085 0.015
33007.000 -0.054 0.154 0.285
33008.000 -0.054 0.223 0.405
33009.000 -0.054 0.292 0.448
33010.000 -0.054 0.362 0.274
33011.000 -0.054 0.431 0.042
33012.000 0.015 -0.400 0.268
33013.000 0.015 -0.331 0.269
33014.000 0.015 -0.262 0.342
33015.000 0.015 -0.192 0.461
33016.000 0.015 -0.123 0.136
33017.000 0.015 -0.054 0.378
33018.000 0.015 0.015 0.198
33019.000 0.015 0.085 0.074
33020.000 0.015 0.154 0.467
33021.000 0.015 0.223 0.253
33022.000 0.015 0.292 0.380
33023.000 0.015 0.362 0.122
33024.000 0.015 0.431 0.429
33025.000 0.085 -0.400 0.428
33026.000 0.085 -0.331 0.356
33027.000 0.085 -0.262 0.326
33028.000 0.085 -0.192 0.041
33029.000 0.085 -0.123 0.444
33030.000 0.085 -0.054 0.333
33031.000 0.085 0.015 0.142
33032.000 0.085 0.085 0.427
33033.000 0.085 0.154 0.294
33034.000 0.085 0.223 0.210
33035.000 0.085 0.292 0.140
33036.000 0.085 0.362 0.407
33037.000 0.085 0.431 0.222
33038.000 0.154 -0.400 0.194
33039.000 0.154 -0.331 0.473
33040.000 0.154 -0.262 0.330
33041.000 0.154 -0.192 0.029
33042.000 0.154 -0.123 0.120
33043.000 0.154 -0.054 0.290
33044.000 0.154 0.015 0.016
33045.000 0.154 0.085 0.149
33046.000 0.154 0.154 0.208
33047.000 0.154 0.223 0.205
33048.000 0.154 0.292 0.097
33049.000 0.154 0.362 0.409
33050.000 0.154 0.431 0.485
33051.000 0.223 -0.400 0.346
33052.000 0.223 -0.331 0.238
33053.000 0.223 -0.262 0.425
33054.000 0.223 -0.192 0.311
33055.000 0.223 -0.123 0.126
33056.000 0.223 -0.054 0.388
33057.000 0.223 0.015 0.004
33058.000 0.223 0.085 0.499
33059.000 0.223 0.154 0.328
33060.000 0.223 0.223 0.161
33061.000 0.223 0.292 0.441
33062.000 0.223 0.362 0.483
33063.000 0.223 0.431 0.087
33064.000 0.292 -0.400 0.390
33065.000 0.292 -0.331 0.088
33066.000 0.292 -0.262 0.145
33067.000 0.292 -0.192 0.083
33068.000 0.292 -0.123 0.326
33069.000 0.292 -0.054 0.193
33070.000 0.292 0.015 0.129
33071.000 0.292 0.085 0.123
33072.000 0.292 0.154 0.388
33073.000 0.292 0.223 0.165
33074.000 0.292 0.292 0.324
33075.000 0.292 0.362 0.338
33076.000 0.292 0.431 0.282
33077.000 0.362 -0.400 0.042
33078.000 0.362 -0.331 0.462
33079.000 0.362 -0.262 0.434
33080.000 0.362 -0.192 0.049
33081.000 0.362 -0.123 0.426
33082.000 0.362 -0.054 0.211
33083.000 0.362 0.015 0.348
33084.000 0.362 0.085 0.112
33085.000 0.362 0.154 0.486
33086.000 0.362 0.223 0.137
33087.000 0.362 0.292 0.151
33088.000 0.362 0.362 0.218
33089.000 0.362 0.431 0.187
33090.000 0.431 -0.400 0.308
33091.000 0.431 -0.331 0.066
33092.000 0.431 -0.262 0.089
33093.000 0.431 -0.192 0.387
33094.000 0.431 -0.123 0.159
33095.000 0.431 -0.054 0.460
33096.000 0.431 0.015 0.341
33097.000 0.431 0.085 0.284
33098.000 0.431 0.154 0.067
33099.000 0.431 0.223 0.196
33100.000 0.431 0.292 0.124
33101.000 0.431 0.362 0.470
33102.000 0.431 0.431 0.429
