0.0 0.11432706222865412 0.04532967032967033 0.0 0.0
0.0014104372355430183 0.11143270622286541 0.06318681318681318 0.0 0.0
0.0 0.12301013024602027 0.059065934065934064 0.0013736263736263735 0.0
0.0 0.09696092619392185 0.049450549450549455 0.0 0.0
0.0014104372355430183 0.11577424023154849 0.07005494505494506 0.0 0.0
0.004231311706629055 0.10274963820549927 0.04395604395604395 0.002747252747252747 0.0
0.0 0.11432706222865412 0.049450549450549455 0.0 0.001366120218579235
0.0 0.13603473227206947 0.06043956043956044 0.0013736263736263735 0.0
0.0 0.1548480463096961 0.04807692307692308 0.0 0.0
0.0028208744710860366 0.1389290882778582 0.04395604395604395 0.0 0.0
0.0 0.13314037626628075 0.06043956043956044 0.0 0.0
0.0028208744710860366 0.15629522431259046 0.07005494505494506 0.0 0.0
0.0 0.1606367583212735 0.05769230769230769 0.0013736263736263735 0.0
0.0014104372355430183 0.1316931982633864 0.054945054945054944 0.0 0.0
0.0014104372355430183 0.13748191027496381 0.049450549450549455 0.0 0.0
0.0028208744710860366 0.13748191027496381 0.05357142857142857 0.0 0.0
0.0 0.14616497829232997 0.06868131868131869 0.0 0.0
0.0028208744710860366 0.14905933429811868 0.06868131868131869 0.0 0.0
0.0 0.16353111432706224 0.05769230769230769 0.0 0.0
0.0 0.17800289435600578 0.054945054945054944 0.0 0.0
0.0 0.12011577424023155 0.05357142857142857 0.0 0.0
0.0028208744710860366 0.17510853835021706 0.06868131868131869 0.0 0.0
0.0 0.1808972503617945 0.06318681318681318 0.0 0.0
0.0014104372355430183 0.16642547033285093 0.049450549450549455 0.0 0.0
0.0028208744710860366 0.17366136034732274 0.0673076923076923 0.0 0.0
0.005641748942172073 0.1287988422575977 0.05357142857142857 0.0 0.0
0.0 0.17510853835021706 0.0673076923076923 0.0 0.0
0.0 0.150506512301013 0.0673076923076923 0.0013736263736263735 0.0
0.0014104372355430183 0.1476121562952243 0.0521978021978022 0.0 0.0
0.0 0.170767004341534 0.06043956043956044 0.0 0.0
0.0 0.2098408104196816 0.05631868131868132 0.0 0.0
0.0 0.1649782923299566 0.05769230769230769 0.0 0.0
0.0014104372355430183 0.16931982633863965 0.07005494505494506 0.0 0.0
0.0 0.18234442836468887 0.054945054945054944 0.0013736263736263735 0.0
0.0014104372355430183 0.1476121562952243 0.07005494505494506 0.0013736263736263735 0.0
0.0014104372355430183 0.19971056439942114 0.06868131868131869 0.0013736263736263735 0.0
0.0 0.16208393632416787 0.06456043956043957 0.0 0.0
0.0 0.19536903039073805 0.061813186813186816 0.0 0.0
0.0014104372355430183 0.1548480463096961 0.06043956043956044 0.0 0.0
0.004231311706629055 0.19826338639652677 0.04807692307692308 0.002747252747252747 0.0
0.0014104372355430183 0.2098408104196816 0.06593406593406592 0.0 0.0
0.0014104372355430183 0.16208393632416787 0.07692307692307693 0.0 0.0
0.0014104372355430183 0.19681620839363242 0.050824175824175824 0.0013736263736263735 0.0
0.0 0.21273516642547033 0.0673076923076923 0.0013736263736263735 0.0
0.0 0.24602026049204054 0.05769230769230769 0.0 0.0
0.0 0.21707670043415342 0.061813186813186816 0.0013736263736263735 0.001366120218579235
0.0014104372355430183 0.20694645441389292 0.06318681318681318 0.002747252747252747 0.0
0.0 0.20260492040520983 0.059065934065934064 0.0 0.0
0.0 0.24746743849493488 0.09752747252747253 0.002747252747252747 0.0
0.0028208744710860366 0.23154848046309698 0.06043956043956044 0.0 0.0
0.0 0.22575976845151954 0.05357142857142857 0.0 0.0
0.0014104372355430183 0.24891461649782923 0.06593406593406592 0.0 0.0
0.0028208744710860366 0.23733719247467439 0.07142857142857144 0.0013736263736263735 0.0
0.0 0.2662807525325615 0.07692307692307693 0.0 0.0
0.0014104372355430183 0.2691751085383502 0.0782967032967033 0.0 0.001366120218579235
0.0 0.28075253256150506 0.07967032967032966 0.0 0.0
0.0028208744710860366 0.3024602026049204 0.10164835164835165 0.0 0.0
0.0014104372355430183 0.2821997105643994 0.11675824175824176 0.0 0.0
0.0014104372355430183 0.32416787264833574 0.0782967032967033 0.0 0.0
0.0014104372355430183 0.3386396526772793 0.0879120879120879 0.0 0.0
0.0014104372355430183 0.3429811866859624 0.08653846153846154 0.0 0.0
0.0014104372355430183 0.3458755426917511 0.10989010989010989 0.0013736263736263735 0.0
0.0 0.38494934876989867 0.08653846153846154 0.0013736263736263735 0.001366120218579235
0.0 0.3589001447178003 0.08653846153846154 0.0 0.0
0.0 0.33719247467438496 0.10714285714285714 0.0013736263736263735 0.0
0.0 0.38494934876989867 0.07967032967032966 0.0 0.0
0.0 0.39363241678726485 0.0673076923076923 0.0 0.0
0.0014104372355430183 0.3661360347322721 0.08928571428571429 0.0 0.0
0.0 0.44138929088277856 0.08241758241758242 0.0 0.0
0.0014104372355430183 0.4384949348769899 0.08516483516483517 0.0 0.0
0.0028208744710860366 0.43704775687409547 0.09340659340659341 0.0 0.0
0.0014104372355430183 0.45007235890014474 0.11950549450549451 0.0 0.0
0.0 0.4544138929088278 0.10164835164835165 0.0 0.0
0.0014104372355430183 0.42112879884225757 0.10576923076923077 0.0013736263736263735 0.0
0.0014104372355430183 0.4356005788712011 0.08104395604395605 0.0 0.0
0.0028208744710860366 0.4182344428364689 0.0879120879120879 0.00412087912087912 0.0
0.0 0.5065123010130246 0.10714285714285714 0.0 0.0
0.0 0.467438494934877 0.08241758241758242 0.0013736263736263735 0.0
0.0014104372355430183 0.4240231548480463 0.10851648351648352 0.0 0.0
0.0 0.5123010130246021 0.10576923076923077 0.0 0.0
0.004231311706629055 0.5557163531114327 0.11813186813186813 0.0 0.0
0.0 0.4645441389290883 0.11126373626373627 0.0 0.0
0.0 0.49493487698986977 0.1043956043956044 0.0 0.0
0.004231311706629055 0.5209840810419681 0.10576923076923077 0.0 0.0
0.0014104372355430183 0.5861070911722142 0.11263736263736264 0.0 0.0
0.0028208744710860366 0.5774240231548481 0.11263736263736264 0.0 0.0
0.0014104372355430183 0.6107091172214182 0.13736263736263737 0.0 0.0
0.0 0.6483357452966715 0.13598901098901098 0.0 0.0
0.0014104372355430183 0.6367583212735166 0.14148351648351648 0.0 0.0
0.0 0.6700434153400868 0.13324175824175824 0.0013736263736263735 0.0
0.0 0.6599131693198264 0.1456043956043956 0.0 0.0
0.0014104372355430183 0.7279305354558611 0.15521978021978022 0.0013736263736263735 0.0
0.0 0.7206946454413893 0.1717032967032967 0.0 0.0
0.0 0.7452966714905934 0.13186813186813184 0.0 0.0
0.0014104372355430183 0.8031837916063675 0.14835164835164835 0.0 0.0
0.0 0.7713458755426917 0.1826923076923077 0.0013736263736263735 0.0
0.0014104372355430183 0.7568740955137482 0.13186813186813184 0.0 0.0
0.0 0.7945007235890015 0.16483516483516483 0.0 0.0
0.0 0.8625180897250362 0.19093406593406592 0.0 0.0
0.0 0.8306801736613604 0.1826923076923077 0.0 0.0
0.0014104372355430183 0.9189580318379161 0.19780219780219782 0.0 0.0
0.0 0.024602026049204053 0.0 0.0 0.0
0.0 0.024602026049204053 0.0 0.0 0.0
0.0 0.015918958031837915 0.0 0.0 0.0
0.0 0.015918958031837915 0.0013736263736263735 0.0 0.0
0.0 0.8277858176555717 0.1401098901098901 0.0013736263736263735 0.0
0.0 0.015918958031837915 0.0 0.0 0.0
0.0 0.03328509406657019 0.0013736263736263735 0.0 0.0
0.0 0.017366136034732273 0.0 0.0 0.0
0.0 0.024602026049204053 0.0 0.0013736263736263735 0.0
0.0028208744710860366 0.5701881331403762 0.27609890109890106 0.00412087912087912 0.0
0.0 0.015918958031837915 0.0 0.0 0.0
0.0 0.024602026049204053 0.0013736263736263735 0.0 0.0
0.0 0.021707670043415343 0.0013736263736263735 0.0 0.0
0.0 0.028943560057887122 0.0013736263736263735 0.0 0.0
0.0028208744710860366 0.813314037626628 0.1675824175824176 0.0 0.0
0.0 0.024602026049204053 0.0 0.0 0.0
0.0 0.020260492040520984 0.0 0.0 0.0
0.0 0.03183791606367583 0.0 0.0 0.0
0.0 0.020260492040520984 0.0013736263736263735 0.0 0.0
0.0 0.6005788712011577 0.2884615384615385 0.0 0.0
0.0 0.02604920405209841 0.0 0.0 0.0
0.0 0.02604920405209841 0.0 0.0 0.0
0.0 0.027496382054992764 0.0 0.0 0.0
0.0 0.024602026049204053 0.0 0.0 0.001366120218579235
0.0 0.027496382054992764 0.0 0.0 0.0
0.0014104372355430183 0.027496382054992764 0.0 0.0 0.001366120218579235
0.0 0.018813314037626625 0.0 0.0 0.0
0.0 0.023154848046309694 0.0 0.0 0.0
0.0 0.027496382054992764 0.0 0.0 0.0
0.0 0.030390738060781478 0.0 0.0 0.0
0.0 0.6324167872648335 0.3076923076923077 0.002747252747252747 0.0
0.0 0.5759768451519537 0.3282967032967033 0.0013736263736263735 0.0
0.0014104372355430183 0.5803183791606368 0.28571428571428575 0.0013736263736263735 0.0
0.0 0.5687409551374819 0.2912087912087912 0.0013736263736263735 0.0
0.0 0.5745296671490594 0.2925824175824176 0.002747252747252747 0.0
0.0 0.5672937771345875 0.28983516483516486 0.0 0.0
0.0 0.5441389290882779 0.27609890109890106 0.0 0.0
0.0014104372355430183 0.5282199710564399 0.28571428571428575 0.005494505494505494 0.0
0.0 0.593342981186686 0.3118131868131868 0.0 0.0
0.0 0.6237337192474675 0.27884615384615385 0.0 0.0
0.0 0.5470332850940666 0.26785714285714285 0.002747252747252747 0.0
0.0014104372355430183 0.6005788712011577 0.2774725274725275 0.0 0.0
0.0 0.5701881331403762 0.30082417582417587 0.0 0.0
0.0 0.6063675832127352 0.28708791208791207 0.0 0.001366120218579235
0.0014104372355430183 0.5528219971056441 0.28434065934065933 0.002747252747252747 0.0
0.0014104372355430183 0.5557163531114327 0.2967032967032967 0.0 0.0
0.0014104372355430183 0.5383502170767004 0.25137362637362637 0.0 0.0
0.0 0.5716353111432706 0.2912087912087912 0.0013736263736263735 0.0
0.0 0.5991316931982633 0.2980769230769231 0.0013736263736263735 0.0
0.0 0.5918958031837915 0.2486263736263736 0.0013736263736263735 0.0
0.0 0.5412445730824891 0.25 0.0 0.0
0.0014104372355430183 0.5890014471780028 0.27197802197802196 0.002747252747252747 0.0
0.0 0.5036179450072359 0.2541208791208791 0.0013736263736263735 0.0
0.0 0.573082489146165 0.30082417582417587 0.0 0.0
0.0 0.516642547033285 0.29532967032967034 0.0 0.0
0.0 0.5238784370477569 0.2733516483516484 0.0 0.0
0.0 0.5282199710564399 0.2445054945054945 0.0 0.0
0.004231311706629055 0.5470332850940666 0.23763736263736265 0.0 0.0
0.0 0.5108538350217077 0.25961538461538464 0.0013736263736263735 0.001366120218579235
0.0014104372355430183 0.5412445730824891 0.27884615384615385 0.0 0.0
0.0014104372355430183 0.5542691751085383 0.2087912087912088 0.0 0.0
0.0 0.5354558610709117 0.21565934065934064 0.0 0.0
0.0014104372355430183 0.4992764109985528 0.2403846153846154 0.002747252747252747 0.0
0.0 0.5311143270622286 0.23763736263736265 0.0013736263736263735 0.0
0.0 0.5369030390738061 0.21978021978021978 0.0 0.0
0.0 0.47756874095513746 0.1991758241758242 0.0 0.0
0.0 0.5354558610709117 0.24175824175824176 0.0013736263736263735 0.0
0.0 0.5065123010130246 0.1936813186813187 0.0013736263736263735 0.0
0.0014104372355430183 0.5383502170767004 0.2239010989010989 0.002747252747252747 0.0
0.0 0.5180897250361794 0.21565934065934064 0.002747252747252747 0.0
0.0 0.5238784370477569 0.19505494505494506 0.0013736263736263735 0.001366120218579235
0.0 0.5224312590448625 0.22664835164835165 0.0 0.0
0.0 0.5021707670043416 0.19780219780219782 0.0 0.0
0.0 0.4963820549927641 0.2087912087912088 0.0 0.0
0.0014104372355430183 0.5108538350217077 0.18956043956043955 0.0 0.0
0.0 0.5151953690303908 0.20054945054945053 0.0013736263736263735 0.0
0.0014104372355430183 0.5050651230101303 0.18406593406593408 0.0013736263736263735 0.0
0.0 0.5267727930535456 0.16895604395604397 0.002747252747252747 0.0
0.0 0.5180897250361794 0.19642857142857142 0.002747252747252747 0.0
0.0014104372355430183 0.45875542691751087 0.1813186813186813 0.0013736263736263735 0.0
0.0 0.5050651230101303 0.19505494505494506 0.0013736263736263735 0.0
0.0014104372355430183 0.5094066570188133 0.2239010989010989 0.002747252747252747 0.0
0.0014104372355430183 0.4905933429811866 0.18956043956043955 0.0013736263736263735 0.0
0.0014104372355430183 0.4905933429811866 0.17445054945054944 0.002747252747252747 0.0
0.0 0.48769898697539793 0.18818681318681318 0.0013736263736263735 0.0
0.0 0.48769898697539793 0.1607142857142857 0.0013736263736263735 0.0
0.0 0.4848046309696093 0.1717032967032967 0.0 0.0
0.0 0.4891461649782923 0.17032967032967034 0.0 0.0
0.0 0.4891461649782923 0.15247252747252749 0.0013736263736263735 0.0
0.0014104372355430183 0.5224312590448625 0.18543956043956045 0.0 0.0
0.0 0.4963820549927641 0.1662087912087912 0.0013736263736263735 0.0
0.0 0.48335745296671495 0.14972527472527472 0.0 0.0
0.0014104372355430183 0.4804630969609262 0.13736263736263737 0.002747252747252747 0.0
0.0 0.45875542691751087 0.17032967032967034 0.0 0.0
0.0 0.4558610709117221 0.14148351648351648 0.0 0.001366120218579235
0.0 0.46309696092619396 0.12912087912087913 0.0013736263736263735 0.0
0.0 0.48335745296671495 0.15521978021978022 0.0 0.0
0.0 0.4645441389290883 0.1401098901098901 0.0013736263736263735 0.0
0.0 0.4544138929088278 0.1565934065934066 0.0013736263736263735 0.0
0.0028208744710860366 0.45730824891461647 0.1510989010989011 0.0 0.0
0.0 0.46309696092619396 0.1346153846153846 0.0013736263736263735 0.0
0.0 0.45730824891461647 0.13324175824175824 0.0013736263736263735 0.0
0.0014104372355430183 0.4703328509406657 0.15934065934065933 0.0013736263736263735 0.0
0.0014104372355430183 0.4688856729377714 0.11538461538461538 0.0013736263736263735 0.0
0.0 0.43415340086830684 0.11538461538461538 0.002747252747252747 0.0
0.0 0.45007235890014474 0.14285714285714288 0.0013736263736263735 0.0
0.0014104372355430183 0.47901591895803186 0.13324175824175824 0.0013736263736263735 0.0
0.0014104372355430183 0.46164978292329956 0.1346153846153846 0.0 0.0
0.0 0.47756874095513746 0.12362637362637363 0.0 0.0
0.0014104372355430183 0.42981186685962375 0.11538461538461538 0.0013736263736263735 0.0
0.0 0.44573082489146165 0.11126373626373627 0.0013736263736263735 0.0
0.0 0.43704775687409547 0.11813186813186813 0.0 0.0
0.0 0.4486251808972504 0.12637362637362637 0.002747252747252747 0.0
0.0014104372355430183 0.41678726483357453 0.10027472527472527 0.0 0.0
0.0 0.4515195369030391 0.10576923076923077 0.002747252747252747 0.0
0.0 0.4384949348769899 0.08653846153846154 0.0 0.0
0.0014104372355430183 0.43415340086830684 0.07692307692307693 0.0 0.0
0.0 0.4356005788712011 0.07417582417582418 0.0 0.0
0.0 0.4356005788712011 0.09203296703296704 0.0013736263736263735 0.0
0.0 0.42547033285094066 0.09615384615384616 0.0 0.0
0.0 0.38205499276411004 0.08516483516483517 0.0 0.0
0.0 0.4109985528219971 0.10714285714285714 0.0 0.0
0.0014104372355430183 0.4153400868306802 0.0782967032967033 0.0013736263736263735 0.0
0.0 0.4196816208393632 0.07554945054945054 0.0013736263736263735 0.0
0.0014104372355430183 0.42257597684515197 0.08516483516483517 0.0 0.0
0.0 0.3878437047756874 0.06043956043956044 0.0013736263736263735 0.0
0.0 0.40086830680173663 0.07417582417582418 0.0 0.0
0.0 0.4240231548480463 0.07692307692307693 0.0 0.0
0.0014104372355430183 0.426917510853835 0.09203296703296704 0.0013736263736263735 0.0
