11.758620689655173 18.862068965517242 16.75 9.62962962962963 11.185185185185185
10.172413793103447 18.896551724137932 16.57142857142857 11.481481481481481 9.25925925925926
9.965517241379311 17.310344827586206 16.57142857142857 11.296296296296296 9.296296296296296
10.655172413793103 17.75862068965517 18.17857142857143 10.62962962962963 10.407407407407407
10.310344827586206 19.0 17.642857142857146 10.777777777777779 9.444444444444445
9.896551724137932 19.17241379310345 17.142857142857142 11.333333333333334 9.851851851851851
9.275862068965516 18.482758620689655 15.75 10.37037037037037 8.925925925925926
10.068965517241379 17.724137931034484 14.928571428571429 9.444444444444445 9.481481481481481
9.827586206896552 18.620689655172413 15.392857142857142 11.851851851851851 9.0
10.137931034482758 19.551724137931036 16.285714285714285 9.25925925925926 8.925925925925926
9.206896551724137 19.586206896551722 16.25 11.185185185185185 10.74074074074074
9.586206896551724 18.724137931034484 16.678571428571427 11.407407407407408 9.814814814814815
10.0 18.620689655172413 18.03571428571429 9.481481481481481 9.37037037037037
9.10344827586207 18.551724137931032 15.428571428571429 11.222222222222221 7.555555555555556
10.310344827586206 17.586206896551726 15.571428571428571 9.592592592592592 9.296296296296296
10.206896551724139 19.379310344827587 15.607142857142858 9.703703703703704 9.518518518518519
10.689655172413792 17.586206896551726 16.107142857142858 10.296296296296296 10.074074074074074
10.448275862068964 18.17241379310345 16.57142857142857 9.222222222222221 9.333333333333334
10.448275862068964 18.93103448275862 14.642857142857142 10.222222222222223 9.074074074074074
9.448275862068966 17.310344827586206 16.678571428571427 9.962962962962964 9.37037037037037
11.827586206896552 19.620689655172413 16.357142857142858 9.333333333333334 8.88888888888889
9.827586206896552 18.79310344827586 15.928571428571427 10.185185185185187 9.555555555555555
10.89655172413793 20.344827586206893 15.392857142857142 10.814814814814815 10.148148148148147
9.413793103448276 20.689655172413794 15.535714285714286 10.962962962962962 9.25925925925926
9.482758620689655 19.17241379310345 16.07142857142857 9.37037037037037 10.481481481481483
10.586206896551724 18.24137931034483 15.357142857142858 11.148148148148149 9.851851851851851
10.172413793103447 17.20689655172414 16.5 8.666666666666666 10.444444444444443
9.896551724137932 18.310344827586206 15.535714285714286 11.185185185185185 9.962962962962964
10.068965517241379 18.0 15.392857142857142 11.185185185185185 8.777777777777779
10.758620689655173 19.24137931034483 16.642857142857142 10.962962962962962 10.222222222222223
9.655172413793103 20.724137931034484 17.67857142857143 10.296296296296296 9.222222222222221
8.827586206896552 19.482758620689655 15.714285714285715 10.407407407407407 9.074074074074074
11.275862068965516 17.689655172413794 15.392857142857142 10.444444444444443 8.37037037037037
9.86206896551724 16.413793103448278 16.678571428571427 9.925925925925927 7.407407407407407
10.793103448275863 20.06896551724138 15.785714285714285 9.925925925925927 8.962962962962962
9.0 17.482758620689655 17.285714285714285 10.148148148148147 10.777777777777779
10.517241379310345 17.724137931034484 16.0 10.814814814814815 9.666666666666668
11.310344827586206 18.0 14.928571428571429 10.11111111111111 9.074074074074074
9.931034482758621 18.17241379310345 15.928571428571427 8.555555555555555 9.703703703703704
10.206896551724139 19.0 15.428571428571429 10.185185185185187 9.962962962962964
9.620689655172415 18.896551724137932 15.571428571428571 10.407407407407407 9.185185185185185
10.586206896551724 19.931034482758623 17.75 9.925925925925927 10.185185185185187
9.689655172413794 18.79310344827586 16.392857142857142 10.148148148148147 9.333333333333334
9.655172413793103 19.448275862068964 15.857142857142858 10.296296296296296 9.74074074074074
8.655172413793103 19.24137931034483 17.25 9.592592592592592 9.444444444444445
10.724137931034482 18.034482758620687 16.535714285714285 9.925925925925927 10.703703703703702
9.724137931034482 19.17241379310345 16.25 9.814814814814815 8.592592592592593
9.655172413793103 18.20689655172414 16.5 9.962962962962964 8.74074074074074
9.724137931034482 19.620689655172413 16.357142857142858 10.962962962962962 9.0
10.275862068965518 18.620689655172413 15.928571428571427 9.962962962962964 9.25925925925926
9.586206896551724 19.75862068965517 16.392857142857142 8.518518518518519 10.0
10.586206896551724 19.03448275862069 14.857142857142858 10.407407407407407 9.851851851851851
10.206896551724139 18.06896551724138 15.964285714285715 10.851851851851853 10.11111111111111
10.448275862068964 17.82758620689655 14.571428571428571 9.777777777777777 9.25925925925926
10.206896551724139 20.137931034482758 15.142857142857144 11.148148148148149 8.185185185185185
10.551724137931036 16.275862068965516 15.642857142857142 8.814814814814815 8.62962962962963
10.655172413793103 17.75862068965517 15.821428571428573 9.222222222222221 8.962962962962962
10.724137931034482 18.862068965517242 16.07142857142857 10.814814814814815 8.777777777777779
9.06896551724138 18.862068965517242 14.964285714285715 10.333333333333334 8.444444444444443
9.724137931034482 18.93103448275862 16.214285714285715 10.333333333333334 9.148148148148149
10.689655172413792 19.482758620689655 15.285714285714286 9.851851851851851 8.88888888888889
11.10344827586207 18.689655172413794 15.535714285714286 10.444444444444443 9.481481481481481
8.827586206896552 17.79310344827586 15.607142857142858 10.407407407407407 10.444444444444443
9.344827586206897 18.034482758620687 15.428571428571429 10.11111111111111 9.37037037037037
9.172413793103448 19.27586206896552 16.0 10.88888888888889 8.222222222222223
10.620689655172415 19.344827586206897 17.67857142857143 9.814814814814815 10.037037037037036
10.448275862068964 18.20689655172414 15.214285714285715 10.296296296296296 9.185185185185185
9.344827586206897 18.24137931034483 15.535714285714286 9.592592592592592 8.518518518518519
9.620689655172415 18.24137931034483 15.928571428571427 10.962962962962962 9.74074074074074
10.413793103448276 17.551724137931036 16.107142857142858 9.74074074074074 9.962962962962964
9.275862068965516 17.724137931034484 14.535714285714285 9.888888888888888 9.481481481481481
10.517241379310345 18.586206896551722 14.357142857142856 11.333333333333334 9.62962962962963
9.827586206896552 19.96551724137931 16.214285714285715 10.11111111111111 9.333333333333334
11.06896551724138 18.586206896551722 16.142857142857142 11.074074074074074 10.11111111111111
9.655172413793103 20.137931034482758 15.785714285714285 10.925925925925926 9.518518518518519
11.241379310344827 19.24137931034483 16.75 12.185185185185187 9.777777777777777
10.586206896551724 17.620689655172416 16.0 9.296296296296296 8.88888888888889
10.0 19.413793103448278 15.321428571428571 10.444444444444443 9.0
9.517241379310345 20.344827586206893 17.392857142857142 8.592592592592593 9.185185185185185
10.379310344827585 18.655172413793107 16.785714285714285 9.74074074074074 8.62962962962963
10.137931034482758 18.17241379310345 16.82142857142857 10.777777777777779 9.148148148148149
10.275862068965518 19.551724137931036 16.642857142857142 9.592592592592592 9.592592592592592
11.241379310344827 17.82758620689655 16.428571428571427 9.777777777777777 9.444444444444445
9.448275862068966 17.275862068965516 15.428571428571429 11.148148148148149 9.296296296296296
10.413793103448276 19.0 16.357142857142858 10.88888888888889 9.814814814814815
9.379310344827587 17.379310344827584 17.357142857142854 9.814814814814815 9.37037037037037
10.068965517241379 17.655172413793103 15.357142857142858 11.222222222222221 9.25925925925926
10.172413793103447 19.72413793103448 16.357142857142858 10.407407407407407 9.666666666666668
9.931034482758621 20.655172413793103 15.714285714285715 11.185185185185185 8.962962962962962
10.137931034482758 17.689655172413794 16.392857142857142 9.666666666666668 9.962962962962964
10.689655172413792 19.413793103448278 14.214285714285714 10.666666666666666 8.333333333333334
9.86206896551724 18.20689655172414 15.428571428571429 9.74074074074074 9.814814814814815
10.586206896551724 18.034482758620687 16.0 9.333333333333334 8.148148148148147
9.517241379310345 19.206896551724135 16.0 10.592592592592593 9.222222222222221
9.482758620689655 18.379310344827587 16.71428571428571 10.666666666666666 9.518518518518519
10.724137931034482 17.93103448275862 15.285714285714286 10.851851851851853 9.222222222222221
10.517241379310345 17.89655172413793 16.785714285714285 10.777777777777779 8.592592592592593
10.137931034482758 19.96551724137931 16.57142857142857 11.11111111111111 9.333333333333334
10.551724137931036 17.862068965517242 16.392857142857142 10.518518518518519 9.62962962962963
10.068965517241379 18.689655172413794 17.0 10.444444444444443 9.222222222222221
10.0 19.379310344827587 15.107142857142858 10.518518518518519 10.0
11.172413793103448 9.896551724137932 10.178571428571429 10.296296296296296 9.703703703703704
10.448275862068964 9.689655172413794 10.357142857142856 9.814814814814815 10.962962962962962
10.724137931034482 9.310344827586206 10.678571428571427 9.777777777777777 10.925925925925926
10.96551724137931 10.827586206896552 9.321428571428571 11.962962962962964 9.37037037037037
9.241379310344827 18.82758620689655 15.714285714285715 10.962962962962962 8.148148148148147
9.758620689655173 11.206896551724137 9.607142857142858 10.148148148148147 10.296296296296296
10.448275862068964 10.137931034482758 10.0 10.592592592592593 9.222222222222221
9.827586206896552 11.0 12.071428571428571 10.592592592592593 10.037037037037036
11.034482758620689 10.03448275862069 9.892857142857142 10.518518518518519 9.962962962962964
10.379310344827585 15.172413793103448 18.28571428571429 10.407407407407407 8.407407407407407
10.413793103448276 9.724137931034482 9.428571428571429 10.88888888888889 10.962962962962962
9.827586206896552 9.551724137931034 11.035714285714286 10.62962962962963 10.148148148148147
10.413793103448276 11.344827586206897 9.785714285714286 10.11111111111111 10.518518518518519
10.241379310344827 10.379310344827585 11.857142857142858 9.666666666666668 11.296296296296296
10.413793103448276 18.24137931034483 16.214285714285715 10.592592592592593 11.407407407407408
9.517241379310345 10.206896551724139 11.321428571428571 9.518518518518519 10.777777777777779
10.724137931034482 10.551724137931036 10.214285714285714 9.888888888888888 10.296296296296296
10.89655172413793 10.310344827586206 9.714285714285714 10.444444444444443 11.666666666666668
10.517241379310345 11.0 11.285714285714286 10.62962962962963 9.74074074074074
10.10344827586207 17.137931034482758 18.321428571428573 9.925925925925927 9.703703703703704
10.137931034482758 8.96551724137931 11.678571428571429 10.037037037037036 10.518518518518519
10.275862068965518 9.413793103448276 10.964285714285715 10.592592592592593 9.444444444444445
11.241379310344827 10.10344827586207 10.25 10.037037037037036 9.703703703703704
10.172413793103447 9.517241379310345 9.964285714285714 10.62962962962963 11.407407407407408
10.655172413793103 11.0 11.035714285714286 11.11111111111111 10.518518518518519
9.827586206896552 11.241379310344827 9.321428571428571 10.037037037037036 10.74074074074074
10.241379310344827 9.827586206896552 10.821428571428573 10.37037037037037 9.444444444444445
9.137931034482758 10.551724137931036 10.535714285714285 10.074074074074074 11.11111111111111
9.413793103448276 9.86206896551724 9.464285714285715 10.518518518518519 9.481481481481481
9.965517241379311 9.896551724137932 10.535714285714285 9.37037037037037 10.62962962962963
9.86206896551724 18.0 17.821428571428573 10.88888888888889 9.481481481481481
9.689655172413794 15.379310344827587 19.107142857142858 10.555555555555555 9.25925925925926
10.206896551724139 14.862068965517242 18.25 11.481481481481481 10.88888888888889
10.068965517241379 17.96551724137931 18.571428571428573 10.814814814814815 9.518518518518519
11.689655172413794 15.275862068965516 16.678571428571427 11.185185185185185 8.74074074074074
10.758620689655173 16.03448275862069 18.75 10.037037037037036 9.851851851851851
9.896551724137932 16.03448275862069 19.0 10.481481481481483 8.185185185185185
9.827586206896552 17.482758620689655 18.892857142857142 8.777777777777779 9.814814814814815
10.172413793103447 15.586206896551724 16.32142857142857 9.74074074074074 9.333333333333334
8.862068965517242 16.517241379310345 17.92857142857143 10.518518518518519 9.185185185185185
9.10344827586207 15.10344827586207 18.964285714285715 10.62962962962963 9.518518518518519
9.965517241379311 16.79310344827586 18.53571428571429 12.296296296296296 9.074074074074074
9.931034482758621 15.172413793103448 18.28571428571429 10.222222222222223 9.851851851851851
10.517241379310345 17.862068965517242 18.142857142857142 11.25925925925926 10.0
10.241379310344827 16.413793103448278 18.92857142857143 11.222222222222221 8.481481481481483
10.517241379310345 15.793103448275863 17.428571428571427 11.444444444444445 9.444444444444445
10.172413793103447 17.03448275862069 19.17857142857143 10.814814814814815 9.296296296296296
9.758620689655173 15.620689655172413 17.178571428571427 10.0 9.666666666666668
9.86206896551724 14.75862068965517 19.678571428571427 9.888888888888888 10.074074074074074
8.89655172413793 15.896551724137932 18.67857142857143 12.666666666666666 8.74074074074074
10.0 16.75862068965517 17.857142857142858 11.592592592592592 9.518518518518519
10.275862068965518 15.551724137931034 16.357142857142858 11.037037037037036 9.037037037037038
8.241379310344827 15.517241379310345 18.5 10.592592592592593 9.074074074074074
8.758620689655173 16.0 17.607142857142858 10.518518518518519 9.185185185185185
10.586206896551724 15.827586206896553 19.642857142857142 11.11111111111111 9.925925925925927
9.241379310344827 16.03448275862069 18.03571428571429 10.074074074074074 9.037037037037038
9.551724137931034 16.241379310344826 18.071428571428573 10.555555555555555 9.592592592592592
10.137931034482758 15.896551724137932 19.357142857142858 9.888888888888888 8.962962962962962
10.620689655172415 16.89655172413793 18.214285714285715 10.962962962962962 8.851851851851851
10.586206896551724 15.862068965517242 17.714285714285715 10.11111111111111 9.777777777777777
9.517241379310345 18.344827586206897 18.107142857142858 10.962962962962962 9.777777777777777
9.965517241379311 16.482758620689655 17.285714285714285 9.925925925925927 9.703703703703704
10.03448275862069 16.620689655172413 18.5 9.592592592592592 8.88888888888889
9.793103448275861 15.931034482758621 18.571428571428573 10.74074074074074 9.888888888888888
9.689655172413794 17.862068965517242 16.785714285714285 10.185185185185187 9.962962962962964
10.793103448275863 16.103448275862068 18.821428571428573 10.518518518518519 9.592592592592592
10.413793103448276 17.413793103448274 18.53571428571429 9.888888888888888 10.444444444444443
10.89655172413793 15.206896551724137 18.67857142857143 9.925925925925927 10.555555555555555
9.724137931034482 14.448275862068964 18.28571428571429 11.703703703703704 9.962962962962964
11.275862068965516 16.03448275862069 18.607142857142858 8.88888888888889 9.37037037037037
9.241379310344827 16.482758620689655 17.67857142857143 10.25925925925926 10.296296296296296
11.379310344827587 16.103448275862068 17.428571428571427 10.62962962962963 8.74074074074074
10.482758620689657 16.689655172413794 18.5 10.88888888888889 9.888888888888888
9.689655172413794 16.03448275862069 17.142857142857142 11.11111111111111 9.296296296296296
9.758620689655173 17.482758620689655 17.428571428571427 10.925925925925926 9.518518518518519
9.586206896551724 16.655172413793103 18.571428571428573 10.62962962962963 10.148148148148147
10.379310344827585 15.413793103448276 18.321428571428573 10.703703703703702 10.814814814814815
10.344827586206897 15.620689655172413 16.892857142857142 10.962962962962962 9.037037037037038
10.241379310344827 16.86206896551724 17.535714285714285 11.037037037037036 9.555555555555555
10.413793103448276 16.241379310344826 17.642857142857146 11.481481481481481 8.592592592592593
8.413793103448276 15.965517241379311 18.321428571428573 9.444444444444445 8.481481481481483
9.724137931034482 14.413793103448276 17.642857142857146 11.555555555555555 8.814814814814815
10.482758620689657 15.896551724137932 18.17857142857143 10.185185185185187 9.74074074074074
9.620689655172415 15.310344827586206 16.285714285714285 11.62962962962963 9.555555555555555
10.724137931034482 15.448275862068966 18.964285714285715 11.333333333333334 9.407407407407408
10.137931034482758 16.413793103448278 17.0 11.25925925925926 9.481481481481481
11.137931034482758 17.03448275862069 16.25 10.777777777777779 9.888888888888888
11.034482758620689 15.75862068965517 19.607142857142858 11.148148148148149 10.222222222222223
8.689655172413792 17.93103448275862 18.785714285714285 11.703703703703704 9.814814814814815
10.03448275862069 16.344827586206897 18.67857142857143 11.296296296296296 7.962962962962964
9.965517241379311 14.827586206896552 18.5 10.407407407407407 9.444444444444445
10.827586206896552 16.275862068965516 16.785714285714285 10.666666666666666 9.814814814814815
9.0 16.689655172413794 19.607142857142858 11.11111111111111 9.37037037037037
10.0 17.551724137931036 19.0 10.555555555555555 10.407407407407407
9.206896551724137 16.310344827586206 17.67857142857143 11.074074074074074 9.851851851851851
10.379310344827585 16.482758620689655 18.642857142857142 9.777777777777777 10.074074074074074
8.89655172413793 16.82758620689655 17.857142857142858 11.814814814814815 9.62962962962963
9.482758620689655 18.620689655172413 18.03571428571429 10.222222222222223 8.88888888888889
8.068965517241379 17.75862068965517 18.0 9.703703703703704 10.0
10.793103448275863 17.06896551724138 18.5 10.407407407407407 10.518518518518519
10.827586206896552 16.310344827586206 17.964285714285715 10.74074074074074 9.074074074074074
9.793103448275861 16.344827586206897 20.07142857142857 11.148148148148149 8.666666666666666
9.344827586206897 18.034482758620687 19.678571428571427 9.962962962962964 9.925925925925927
9.965517241379311 14.89655172413793 18.107142857142858 11.814814814814815 10.25925925925926
9.758620689655173 16.689655172413794 17.857142857142858 11.555555555555555 8.925925925925926
8.931034482758621 16.413793103448278 18.92857142857143 11.11111111111111 10.444444444444443
10.482758620689657 15.10344827586207 19.321428571428573 11.185185185185185 8.518518518518519
10.0 16.655172413793103 18.392857142857142 10.222222222222223 8.925925925925926
9.724137931034482 16.655172413793103 17.714285714285715 9.925925925925927 8.777777777777779
9.586206896551724 17.413793103448274 17.75 9.777777777777777 8.777777777777779
10.862068965517242 16.275862068965516 18.03571428571429 10.814814814814815 9.37037037037037
9.517241379310345 17.620689655172416 18.642857142857142 9.925925925925927 10.74074074074074
9.172413793103448 16.206896551724135 18.607142857142858 10.703703703703702 11.0
10.724137931034482 18.17241379310345 18.67857142857143 10.962962962962962 9.777777777777777
9.482758620689655 15.551724137931034 18.714285714285715 10.555555555555555 9.148148148148149
9.965517241379311 16.275862068965516 17.75 10.37037037037037 10.703703703703702
9.896551724137932 16.89655172413793 18.92857142857143 10.74074074074074 9.962962962962964
10.448275862068964 16.931034482758623 18.607142857142858 10.62962962962963 9.74074074074074
9.551724137931034 17.06896551724138 18.25 10.074074074074074 9.296296296296296
10.206896551724139 16.06896551724138 18.357142857142858 11.148148148148149 9.925925925925927
10.275862068965518 16.86206896551724 19.428571428571427 11.592592592592592 10.481481481481483
9.896551724137932 16.17241379310345 19.75 12.25925925925926 9.62962962962963
9.758620689655173 17.689655172413794 17.5 11.592592592592592 8.703703703703702
10.172413793103447 15.448275862068966 17.892857142857146 11.851851851851851 10.25925925925926
10.03448275862069 17.241379310344826 18.0 11.444444444444445 9.444444444444445
10.344827586206897 16.413793103448278 18.821428571428573 10.37037037037037 10.333333333333334
10.482758620689657 16.517241379310345 18.357142857142858 11.814814814814815 8.11111111111111
9.06896551724138 15.965517241379311 18.5 11.148148148148149 10.25925925925926
11.310344827586206 17.655172413793103 17.714285714285715 11.185185185185185 9.444444444444445
