70.66666666666667 69.92857142857142 71.26666666666667 71.92857142857143 73.80000000000001
73.66666666666667 71.35714285714286 70.4 72.0 73.1
73.66666666666667 71.85714285714286 72.0 70.42857142857143 73.3
72.83333333333333 70.85714285714286 71.06666666666666 72.0 72.3
71.91666666666667 72.35714285714286 69.86666666666666 72.64285714285715 74.39999999999999
72.5 72.14285714285715 70.66666666666667 73.07142857142857 71.9
72.5 72.71428571428572 71.06666666666666 71.78571428571429 72.5
72.91666666666667 72.78571428571429 71.46666666666667 73.07142857142857 73.0
72.5 70.85714285714286 70.2 70.78571428571429 72.3
72.91666666666667 72.92857142857143 70.0 72.71428571428572 71.9
71.58333333333333 71.78571428571429 71.8 72.57142857142857 72.1
73.25 72.57142857142857 71.66666666666667 72.64285714285715 74.39999999999999
74.08333333333333 71.64285714285715 71.73333333333333 72.42857142857143 72.8
71.66666666666667 71.85714285714286 70.86666666666666 71.71428571428572 72.7
70.75 70.35714285714286 71.46666666666667 70.57142857142858 72.6
71.91666666666667 71.78571428571429 70.13333333333334 71.21428571428572 71.8
72.66666666666667 70.71428571428572 70.66666666666667 71.64285714285715 73.3
73.33333333333333 71.35714285714286 70.26666666666667 72.85714285714286 73.2
72.83333333333333 72.35714285714286 72.73333333333333 72.64285714285715 73.80000000000001
70.91666666666667 71.42857142857143 69.8 71.92857142857143 72.8
71.0 70.57142857142858 70.0 70.78571428571429 73.3
69.66666666666667 69.92857142857142 69.8 71.07142857142858 71.1
72.58333333333333 70.57142857142858 70.0 71.21428571428572 72.1
72.58333333333333 70.5 69.8 72.71428571428572 72.6
71.83333333333333 71.28571428571429 71.0 72.64285714285715 71.7
72.16666666666667 70.5 69.73333333333333 72.35714285714286 72.1
72.66666666666667 71.35714285714286 70.86666666666666 72.28571428571429 73.2
71.41666666666667 71.14285714285715 70.8 71.57142857142858 72.2
72.08333333333333 71.71428571428572 70.86666666666666 72.35714285714286 72.3
72.08333333333333 72.42857142857143 71.6 73.64285714285715 74.2
73.58333333333333 73.35714285714286 73.0 73.35714285714286 75.89999999999999
73.08333333333333 72.0 71.6 73.21428571428572 74.2
71.16666666666667 71.0 70.93333333333334 71.42857142857143 71.9
74.0 72.5 70.8 72.5 73.4
72.5 71.64285714285715 71.46666666666667 72.14285714285715 72.8
74.0 72.71428571428572 71.8 72.14285714285715 74.5
72.08333333333333 72.14285714285715 71.66666666666667 72.5 73.5
70.91666666666667 70.21428571428571 69.8 70.92857142857143 71.0
73.41666666666667 72.21428571428572 71.86666666666666 73.35714285714286 74.2
72.25 71.28571428571429 71.06666666666666 71.71428571428572 72.3
73.08333333333333 73.42857142857143 72.0 73.21428571428572 75.1
73.33333333333333 71.92857142857143 71.66666666666667 72.57142857142857 73.6
71.16666666666667 71.0 70.46666666666667 70.5 72.7
72.91666666666667 71.35714285714286 70.66666666666667 71.78571428571429 72.5
72.08333333333333 71.64285714285715 70.66666666666667 71.28571428571429 72.3
72.25 70.64285714285715 70.73333333333333 72.85714285714286 72.3
72.25 71.14285714285715 71.06666666666666 72.42857142857143 72.6
73.83333333333333 71.64285714285715 72.13333333333333 73.71428571428572 74.0
72.16666666666667 70.5 71.4 72.35714285714286 72.1
73.83333333333333 72.28571428571429 73.13333333333333 74.0 75.6
71.75 72.21428571428572 71.13333333333334 71.64285714285715 72.8
72.0 71.85714285714286 71.06666666666666 71.92857142857143 73.5
71.66666666666667 71.5 71.53333333333333 73.42857142857143 73.80000000000001
72.75 73.21428571428572 72.2 73.07142857142857 73.7
72.08333333333333 71.5 71.2 71.14285714285715 73.4
74.25 73.35714285714286 72.8 73.21428571428572 73.89999999999999
71.58333333333333 69.92857142857142 69.86666666666666 71.07142857142858 72.4
73.58333333333333 71.78571428571429 72.46666666666667 72.5 74.39999999999999
71.91666666666667 71.78571428571429 71.0 71.85714285714286 73.6
73.66666666666667 71.35714285714286 72.13333333333333 72.35714285714286 74.39999999999999
72.66666666666667 71.5 73.06666666666666 72.64285714285715 73.1
72.25 72.5 71.93333333333334 72.35714285714286 73.6
72.66666666666667 71.0 71.33333333333333 71.5 73.89999999999999
72.5 69.57142857142857 71.0 72.0 74.1
73.83333333333333 72.85714285714286 72.66666666666667 74.14285714285715 75.30000000000001
72.66666666666667 70.64285714285715 71.2 72.78571428571429 74.39999999999999
74.08333333333333 72.57142857142857 73.0 73.28571428571429 73.5
72.33333333333333 70.28571428571428 70.06666666666666 72.42857142857143 73.4
72.5 69.92857142857142 71.6 71.92857142857143 71.3
71.66666666666667 70.07142857142857 71.13333333333334 72.07142857142858 72.0
73.25 71.28571428571429 71.66666666666667 72.78571428571429 74.5
72.33333333333333 71.64285714285715 70.13333333333334 73.64285714285715 74.7
71.83333333333333 70.0 70.13333333333334 72.14285714285715 73.0
73.08333333333333 70.64285714285715 71.2 72.42857142857143 72.3
71.91666666666667 69.78571428571428 70.13333333333334 71.35714285714286 72.0
72.58333333333333 71.35714285714286 72.0 72.92857142857143 75.5
73.0 71.14285714285715 69.93333333333334 72.0 74.30000000000001
71.41666666666667 70.71428571428572 69.46666666666667 71.5 73.0
73.66666666666667 71.0 70.6 71.92857142857143 73.6
71.83333333333333 70.42857142857143 71.0 71.5 72.8
74.25 71.21428571428572 70.0 73.35714285714286 74.0
72.58333333333333 68.71428571428571 69.53333333333333 70.64285714285715 72.2
72.5 71.28571428571429 71.33333333333333 73.5 73.3
72.5 70.14285714285714 70.8 73.28571428571429 72.1
71.16666666666667 70.64285714285715 69.26666666666667 72.78571428571429 73.7
73.0 71.28571428571429 71.66666666666667 72.42857142857143 73.7
72.75 70.28571428571428 71.73333333333333 72.07142857142858 73.0
72.33333333333333 70.35714285714286 71.8 73.5 74.0
73.91666666666667 71.07142857142858 71.4 73.07142857142857 74.7
71.5 70.5 70.4 71.14285714285715 73.6
72.16666666666667 71.0 71.53333333333333 72.57142857142857 72.0
73.33333333333333 71.14285714285715 72.4 73.35714285714286 75.2
71.41666666666667 71.0 71.46666666666667 73.14285714285715 73.7
72.25 71.0 71.73333333333333 72.42857142857143 73.0
71.91666666666667 70.21428571428571 71.86666666666666 72.57142857142857 74.6
74.08333333333333 69.5 71.0 72.35714285714286 73.4
73.16666666666667 70.42857142857143 70.46666666666667 73.21428571428572 74.2
74.0 70.78571428571429 70.86666666666666 72.85714285714286 74.2
73.41666666666667 70.07142857142857 70.46666666666667 71.71428571428572 73.7
73.58333333333333 69.57142857142857 70.66666666666667 72.92857142857143 73.4
73.25 70.71428571428572 71.06666666666666 73.28571428571429 72.7
66.16666666666667 66.28571428571428 64.19999999999999 65.14285714285714 64.9
66.0 66.21428571428571 66.33333333333333 65.64285714285714 65.9
65.33333333333333 65.5 66.46666666666665 65.71428571428571 66.60000000000001
66.0 65.35714285714286 65.46666666666667 65.14285714285714 67.3
72.25 68.07142857142857 69.86666666666666 71.64285714285715 71.9
67.41666666666667 66.85714285714285 67.13333333333334 66.78571428571428 65.69999999999999
67.75 67.42857142857143 67.2 66.35714285714285 66.10000000000001
65.83333333333333 65.35714285714286 65.66666666666667 65.78571428571428 65.60000000000001
66.16666666666667 66.14285714285714 65.13333333333334 65.85714285714285 65.5
69.75 69.64285714285714 69.26666666666667 71.64285714285715 73.3
66.5 66.78571428571428 65.73333333333333 65.78571428571428 66.69999999999999
66.33333333333333 66.64285714285714 66.06666666666666 66.92857142857143 68.0
66.58333333333333 65.28571428571428 64.93333333333332 66.35714285714285 65.60000000000001
65.66666666666667 65.07142857142857 66.73333333333333 67.35714285714285 67.10000000000001
73.08333333333333 70.14285714285714 71.2 73.28571428571429 73.3
67.66666666666667 65.5 64.8 65.28571428571428 66.0
66.33333333333333 65.71428571428571 65.86666666666667 65.07142857142857 65.5
64.58333333333334 65.71428571428571 63.46666666666667 64.5 64.8
66.16666666666667 67.28571428571428 65.26666666666667 67.35714285714285 66.5
72.25 71.21428571428572 71.2 73.64285714285715 74.5
67.0 66.0 67.0 67.07142857142857 67.0
66.16666666666667 65.85714285714285 64.93333333333332 65.35714285714286 66.8
66.58333333333333 65.78571428571428 65.73333333333333 66.28571428571428 67.10000000000001
66.75 65.85714285714285 66.46666666666665 65.5 64.8
68.75 68.35714285714285 67.6 66.57142857142857 66.69999999999999
66.16666666666667 66.07142857142857 66.33333333333333 65.92857142857143 65.10000000000001
66.41666666666667 66.21428571428571 65.8 66.71428571428571 65.4
67.25 66.57142857142857 65.93333333333332 66.64285714285714 66.8
67.83333333333333 66.57142857142857 66.8 66.28571428571428 66.10000000000001
67.16666666666667 68.35714285714285 67.26666666666667 67.42857142857143 67.9
71.08333333333333 69.78571428571428 69.86666666666666 72.64285714285715 73.4
71.83333333333333 70.0 71.13333333333334 72.57142857142857 73.6
72.25 70.64285714285715 69.2 71.78571428571429 73.80000000000001
72.08333333333333 71.5 70.8 72.85714285714286 74.6
69.16666666666667 69.78571428571428 68.73333333333332 70.57142857142858 71.8
71.33333333333333 70.0 69.66666666666667 71.92857142857143 73.7
71.0 70.0 68.93333333333334 73.0 73.6
70.66666666666667 71.78571428571429 69.86666666666666 73.71428571428572 74.0
71.91666666666667 69.78571428571428 68.93333333333334 72.07142857142858 73.2
72.33333333333333 72.21428571428572 70.93333333333334 74.21428571428572 75.80000000000001
70.33333333333333 69.28571428571428 68.93333333333334 71.28571428571429 72.5
73.08333333333333 70.64285714285715 68.6 71.92857142857143 73.4
71.66666666666667 71.14285714285715 69.13333333333334 71.5 74.2
71.25 69.21428571428571 67.13333333333334 71.35714285714286 72.1
73.08333333333333 71.35714285714286 69.13333333333334 73.57142857142857 75.39999999999999
71.33333333333333 70.92857142857143 68.33333333333333 72.07142857142858 74.30000000000001
71.25 70.92857142857143 68.2 70.92857142857143 72.8
71.58333333333333 71.28571428571429 67.8 73.28571428571429 75.2
72.0 71.0 67.6 72.5 74.1
72.25 70.78571428571429 67.73333333333333 72.42857142857143 73.80000000000001
73.91666666666667 70.85714285714286 67.6 72.42857142857143 74.89999999999999
73.66666666666667 70.57142857142858 68.33333333333333 72.57142857142857 72.4
71.91666666666667 69.64285714285714 65.66666666666667 73.21428571428572 75.1
72.08333333333333 70.28571428571428 65.33333333333333 71.64285714285715 74.7
72.08333333333333 70.5 64.73333333333333 71.78571428571429 74.2
71.75 70.78571428571429 64.60000000000001 73.14285714285715 75.2
72.5 70.07142857142857 64.53333333333333 71.5 72.9
70.75 69.28571428571428 63.06666666666666 71.85714285714286 73.2
71.91666666666667 68.71428571428571 63.6 71.78571428571429 74.2
73.41666666666667 70.28571428571428 65.0 74.64285714285715 75.30000000000001
72.08333333333333 70.28571428571428 63.46666666666667 73.78571428571429 73.7
72.16666666666667 69.14285714285714 60.733333333333334 72.0 75.6
71.16666666666667 69.07142857142857 60.733333333333334 71.92857142857143 74.39999999999999
74.0 69.78571428571428 61.400000000000006 71.71428571428572 74.7
71.16666666666667 69.14285714285714 60.199999999999996 72.07142857142858 73.80000000000001
73.66666666666667 69.35714285714285 57.93333333333334 72.85714285714286 76.0
72.33333333333333 69.64285714285714 57.86666666666666 72.85714285714286 75.39999999999999
72.33333333333333 68.57142857142857 56.4 72.78571428571429 75.1
70.91666666666667 68.78571428571428 55.13333333333333 72.21428571428572 74.39999999999999
73.0 69.14285714285714 55.53333333333333 72.35714285714286 73.80000000000001
74.33333333333333 68.57142857142857 54.53333333333334 72.92857142857143 76.89999999999999
72.08333333333333 68.42857142857142 52.400000000000006 72.92857142857143 76.1
73.75 68.5 52.0 74.0 76.39999999999999
72.91666666666667 70.07142857142857 53.8 74.71428571428572 75.7
72.16666666666667 67.92857142857143 50.8 72.5 75.5
72.75 67.71428571428571 48.666666666666664 72.35714285714286 75.80000000000001
72.83333333333333 67.42857142857143 48.2 73.35714285714286 76.0
73.5 67.07142857142857 48.06666666666667 72.42857142857143 74.7
72.66666666666667 65.92857142857143 45.8 71.35714285714286 73.80000000000001
73.25 66.85714285714285 44.0 74.35714285714286 76.39999999999999
75.41666666666667 67.64285714285714 43.06666666666667 74.78571428571429 77.3
73.16666666666667 66.07142857142857 40.93333333333334 73.21428571428572 76.0
72.83333333333333 65.5 38.93333333333334 73.21428571428572 75.6
73.08333333333333 65.42857142857143 36.333333333333336 72.21428571428572 76.30000000000001
72.75 65.35714285714286 36.266666666666666 73.71428571428572 77.39999999999999
72.75 63.78571428571428 31.666666666666668 72.71428571428572 77.39999999999999
72.91666666666667 64.5 33.46666666666667 73.42857142857143 77.2
73.5 63.57142857142857 30.8 72.0 75.7
72.33333333333333 61.92857142857143 27.799999999999997 71.92857142857143 75.89999999999999
73.91666666666667 63.42857142857143 29.533333333333335 73.85714285714286 77.7
75.33333333333333 64.28571428571428 27.400000000000002 73.21428571428572 78.10000000000001
71.41666666666667 61.35714285714286 25.4 71.64285714285715 77.60000000000001
72.75 63.28571428571429 22.4 73.0 78.2
74.08333333333333 61.142857142857146 21.466666666666665 73.64285714285715 77.8
74.5 60.35714285714286 19.26666666666667 73.42857142857143 77.39999999999999
76.0 62.0 20.533333333333335 74.28571428571429 79.69999999999999
74.66666666666667 61.07142857142857 17.6 74.14285714285715 78.7
74.0 59.5 14.4 73.71428571428572 78.8
74.0 57.71428571428571 12.133333333333333 71.64285714285715 79.39999999999999
75.41666666666667 57.57142857142857 11.666666666666668 74.21428571428572 79.69999999999999
75.08333333333333 57.0 11.0 73.92857142857143 78.60000000000001
74.16666666666667 55.64285714285714 8.066666666666666 72.5 79.5
74.66666666666667 56.857142857142854 8.866666666666667 72.71428571428572 79.60000000000001
74.83333333333333 56.785714285714285 8.6 74.0 79.39999999999999
75.25 55.92857142857143 8.066666666666666 72.57142857142857 80.3
75.75 55.64285714285714 7.466666666666667 72.57142857142857 81.4
75.41666666666667 55.142857142857146 7.066666666666666 73.78571428571429 80.5
74.66666666666667 54.0 5.2 71.71428571428572 79.3
75.91666666666666 55.142857142857146 5.866666666666667 73.85714285714286 80.9
76.41666666666666 55.0 4.933333333333333 72.78571428571429 80.4
74.41666666666667 51.78571428571429 3.933333333333333 71.28571428571429 78.89999999999999
76.58333333333334 52.785714285714285 4.0 73.0 80.9
74.41666666666667 50.07142857142857 3.066666666666667 71.0 79.60000000000001
76.66666666666666 52.57142857142858 3.933333333333333 74.07142857142857 83.6
75.83333333333334 52.142857142857146 3.2 72.0 80.5
75.08333333333333 51.07142857142858 3.3333333333333335 72.64285714285715 80.4
76.5 50.92857142857143 3.4666666666666663 72.57142857142857 82.4
75.08333333333333 49.785714285714285 3.2 70.85714285714286 81.0
75.66666666666666 50.0 2.2666666666666666 71.35714285714286 82.5
76.66666666666666 50.57142857142857 2.6666666666666665 71.0 81.9
76.08333333333334 49.785714285714285 2.9333333333333336 71.5 80.9
75.66666666666666 48.57142857142857 2.533333333333333 70.92857142857143 81.69999999999999
76.25 48.5 2.6666666666666665 71.14285714285715 81.5
76.66666666666666 48.64285714285714 2.4666666666666663 71.57142857142858 81.3
76.08333333333334 47.714285714285715 2.4666666666666663 71.28571428571429 80.9
76.91666666666666 48.07142857142857 2.0 70.35714285714286 81.69999999999999
75.0 47.07142857142857 1.7333333333333332 69.5 81.0
77.16666666666666 49.42857142857142 1.8 71.71428571428572 83.4
77.5 47.857142857142854 1.9333333333333333 72.35714285714286 83.3
