32935.000 -0.400 -0.400 0.242
32936.000 -0.400 -0.331 0.389
32937.000 -0.400 -0.262 0.199
32938.000 -0.400 -0.192 0.373
32939.000 -0.400 -0.123 0.015
32940.000 -0.400 -0.054 0.410
32941.000 -0.400 0.015 0.171
32942.000 -0.400 0.085 0.299
32943.000 -0.400 0.154 0.137
32944.000 -0.400 0.223 0.407
32945.000 -0.400 0.292 0.170
32946.000 -0.400 0.362 0.078
32947.000 -0.400 0.431 0.445
32948.000 -0.331 -0.400 0.223
32949.000 -0.331 -0.331 0.387
32950.000 -0.331 -0.262 0.276
32951.000 -0.331 -0.192 0.121
32952.000 -0.331 -0.123 0.132
32953.000 -0.331 -0.054 0.184
32954.000 -0.331 0.015 0.215
32955.000 -0.331 0.085 0.302
32956.000 -0.331 0.154 0.226
32957.000 -0.331 0.223 0.127
32958.000 -0.331 0.292 0.387
32959.000 -0.331 0.362 0.327
32960.000 -0.331 0.431 0.067
32961.000 -0.262 -0.400 0.009
32962.000 -0.262 -0.331 0.337
32963.000 -0.262 -0.262 0.364
32964.000 -0.262 -0.192 0.381
32965.000 -0.262 -0.123 0.176
32966.000 -0.262 -0.054 0.220
32967.000 -0.262 0.015 0.001
32968.000 -0.262 0.085 0.023
32969.000 -0.262 0.154 0.014
32970.000 -0.262 0.223 0.107
32971.000 -0.262 0.292 0.368
32972.000 -0.262 0.362 0.159
32973.000 -0.262 0.431 0.401
32974.000 -0.192 -0.400 0.435
32975.000 -0.192 -0.331 0.038
32976.000 -0.192 -0.262 0.364
32977.000 -0.192 -0.192 0.273
32978.000 -0.192 -0.123 0.407
32979.000 -0.192 -0.054 0.341
32980.000 -0.192 0.015 0.373
32981.000 -0.192 0.085 0.301
32982.000 -0.192 0.154 0.245
32983.000 -0.192 0.223 0.167
32984.000 -0.192 0.292 0.088
32985.000 -0.192 0.362 0.441
32986.000 -0.192 0.431 0.381
32987.000 -0.123 -0.400 0.491
32988.000 -0.123 -0.331 0.289
32989.000 -0.123 -0.262 0.116
32990.000 -0.123 -0.192 0.367
32991.000 -0.123 -0.123 0.494
32992.000 -0.123 -0.054 0.081
32993.000 -0.123 0.015 0.255
32994.000 -0.123 0.085 0.039
32995.000 -0.123 0.154 0.113
32996.000 -0.123 0.223 0.111
32997.000 -0.123 0.292 0.198
32998.000 -0.123 0.362 0.474
32999.000 -0.123 0.431 0.466
33000.000 -0.054 -0.400 0.484
33001.000 -0.054 -0.331 0.002
33002.000 -0.054 -0.262 0.109
33003.000 -0.054 -0.192 0.225
33004.000 -0.054 -0.123 0.389
33005.000 -0.054 -0.054 0.375
33006.000 -0.054 0.015 0.001
33007.000 -0.054 0.085 0.058
33008.000 -0.054 0.154 0.093
33009.000 -0.054 0.223 0.292
33010.000 -0.054 0.292 0.157
33011.000 -0.054 0.362 0.148
33012.000 -0.054 0.431 0.013
33013.000 0.015 -0.400 0.397
33014.000 0.015 -0.331 0.184
33015.000 0.015 -0.262 0.057
33016.000 0.015 -0.192 0.086
33017.000 0.015 -0.123 0.063
33018.000 0.015 -0.054 0.454
33019.000 0.015 0.015 0.437
33020.000 0.015 0.085 0.163
33021.000 0.015 0.154 0.406
33022.000 0.015 0.223 0.491
33023.000 0.015 0.292 0.375
33024.000 0.015 0.362 0.069
33025.000 0.015 0.431 0.214
33026.000 0.085 -0.331 0.377
33027.000 0.085 -0.262 0.463
33028.000 0.085 -0.192 0.454
33029.000 0.085 -0.123 0.000
33030.000 0.085 -0.054 0.301
33031.000 0.085 0.015 0.289
33032.000 0.085 0.085 0.117
33033.000 0.085 0.154 0.338
33034.000 0.085 0.223 0.152
33035.000 0.085 0.292 0.345
33036.000 0.085 0.362 0.229
33037.000 0.085 0.431 0.294
33038.000 0.154 -0.400 0.105
33039.000 0.154 -0.331 0.333
33040.000 0.154 -0.262 0.101
33041.000 0.154 -0.192 0.302
33042.000 0.154 -0.123 0.033
33043.000 0.154 -0.054 0.052
33044.000 0.154 0.015 0.156
33045.000 0.154 0.085 0.216
33046.000 0.154 0.154 0.276
33047.000 0.154 0.223 0.009
33048.000 0.154 0.292 0.320
33049.000 0.154 0.362 0.431
33050.000 0.154 0.431 0.459
33051.000 0.223 -0.400 0.140
33052.000 0.223 -0.331 0.037
33053.000 0.223 -0.262 0.446
33054.000 0.223 -0.192 0.277
33055.000 0.223 -0.123 0.168
33056.000 0.223 -0.054 0.115
33057.000 0.223 0.015 0.385
33058.000 0.223 0.085 0.161
33059.000 0.223 0.154 0.276
33060.000 0.223 0.223 0.218
33061.000 0.223 0.292 0.337
33062.000 0.223 0.362 0.175
33063.000 0.223 0.431 0.398
33064.000 0.292 -0.400 0.068
33065.000 0.292 -0.331 0.140
33066.000 0.292 -0.262 0.362
33067.000 0.292 -0.192 0.486
33068.000 0.292 -0.123 0.193
33069.000 0.292 -0.054 0.409
33070.000 0.292 0.015 0.114
33071.000 0.292 0.085 0.087
33072.000 0.292 0.154 0.259
33073.000 0.292 0.223 0.422
33074.000 0.292 0.292 0.202
33075.000 0.292 0.362 0.104
33076.000 0.292 0.431 0.358
33077.000 0.362 -0.400 0.261
33078.000 0.362 -0.331 0.430
33079.000 0.362 -0.262 0.044
33080.000 0.362 -0.192 0.480
33081.000 0.362 -0.123 0.211
33082.000 0.362 -0.054 0.082
33083.000 0.362 0.015 0.317
33084.000 0.362 0.085 0.105
33085.000 0.362 0.154 0.445
33086.000 0.362 0.223 0.458
33087.000 0.362 0.292 0.281
33088.000 0.362 0.362 0.084
33089.000 0.362 0.431 0.208
33090.000 0.431 -0.400 0.402
33091.000 0.431 -0.331 0.496
33092.000 0.431 -0.262 0.355
33093.000 0.431 -0.192 0.447
33094.000 0.431 -0.123 0.083
33095.000 0.431 -0.054 0.354
33096.000 0.431 0.015 0.192
33097.000 0.431 0.085 0.460
33098.000 0.431 0.154 0.429
33099.000 0.431 0.223 0.453
33100.000 0.431 0.292 0.155
33101.000 0.431 0.362 0.308
33102.000 0.431 0.431 0.320
