0.0 0.18274853801169588 0.03765690376569038 0.0 0.0
0.001451378809869376 0.13742690058479534 0.059972105997210604 0.0 0.0
0.001451378809869376 0.13596491228070176 0.04323570432357043 0.0 0.0
0.002902757619738752 0.19590643274853803 0.08228730822873082 0.0 0.0
0.0 0.15789473684210525 0.04323570432357043 0.0 0.0
0.002902757619738752 0.17251461988304095 0.044630404463040445 0.0 0.0
0.0 0.13157894736842105 0.029288702928870293 0.0 0.0
0.0 0.10964912280701755 0.05299860529986053 0.0029895366218236174 0.0013440860215053762
0.0043541364296081275 0.1842105263157895 0.05439330543933055 0.0 0.0
0.001451378809869376 0.10964912280701755 0.06415620641562064 0.0014947683109118087 0.0
0.001451378809869376 0.15789473684210525 0.06136680613668061 0.0014947683109118087 0.0013440860215053762
0.0 0.16812865497076024 0.06555090655509066 0.0014947683109118087 0.0
0.002902757619738752 0.16666666666666666 0.058577405857740586 0.0 0.0
0.001451378809869376 0.16812865497076024 0.040446304044630406 0.0014947683109118087 0.0
0.002902757619738752 0.20029239766081872 0.06555090655509066 0.004484304932735426 0.0
0.0043541364296081275 0.16666666666666666 0.040446304044630406 0.0 0.0
0.0043541364296081275 0.1564327485380117 0.05160390516039052 0.0014947683109118087 0.0
0.002902757619738752 0.18859649122807018 0.040446304044630406 0.0014947683109118087 0.0
0.005805515239477504 0.19736842105263158 0.03765690376569038 0.0 0.0
0.0 0.18567251461988304 0.057182705718270575 0.0 0.0
0.002902757619738752 0.20906432748538012 0.04741980474198047 0.0014947683109118087 0.0
0.002902757619738752 0.20321637426900585 0.06415620641562064 0.0029895366218236174 0.0
0.001451378809869376 0.21637426900584794 0.04741980474198047 0.0 0.0
0.001451378809869376 0.22514619883040934 0.05578800557880056 0.0 0.0
0.001451378809869376 0.2324561403508772 0.057182705718270575 0.0014947683109118087 0.0
0.001451378809869376 0.22807017543859648 0.06555090655509066 0.0 0.0
0.002902757619738752 0.1564327485380117 0.0697350069735007 0.0 0.0
0.0 0.2105263157894737 0.06136680613668061 0.0 0.0
0.002902757619738752 0.23538011695906433 0.06276150627615064 0.0014947683109118087 0.0
0.001451378809869376 0.22660818713450293 0.06276150627615064 0.0 0.0
0.0043541364296081275 0.24853801169590642 0.05578800557880056 0.004484304932735426 0.0
0.0 0.2412280701754386 0.05578800557880056 0.0 0.0
0.002902757619738752 0.22514619883040934 0.06276150627615064 0.0014947683109118087 0.0
0.001451378809869376 0.2807017543859649 0.07670850767085076 0.0014947683109118087 0.0
0.005805515239477504 0.24853801169590642 0.07391910739191074 0.0 0.0
0.001451378809869376 0.2719298245614035 0.0683403068340307 0.0014947683109118087 0.0
0.0 0.28362573099415206 0.040446304044630406 0.0 0.0013440860215053762
0.002902757619738752 0.31432748538011696 0.0683403068340307 0.0 0.0
0.001451378809869376 0.28654970760233917 0.0697350069735007 0.0 0.0
0.0 0.347953216374269 0.0794979079497908 0.0014947683109118087 0.0
0.001451378809869376 0.3055555555555555 0.06694560669456066 0.0014947683109118087 0.0
0.0043541364296081275 0.27923976608187134 0.09065550906555091 0.0 0.0
0.0 0.3406432748538012 0.05578800557880056 0.0 0.0
0.0 0.34941520467836257 0.07252440725244072 0.0 0.0
0.002902757619738752 0.3538011695906433 0.08089260808926081 0.0014947683109118087 0.0
0.001451378809869376 0.3406432748538012 0.09344490934449094 0.0 0.0
0.002902757619738752 0.3713450292397661 0.06136680613668061 0.0014947683109118087 0.0
0.001451378809869376 0.4619883040935673 0.099023709902371 0.0 0.0
0.0043541364296081275 0.4605263157894737 0.07810320781032079 0.0 0.0
0.001451378809869376 0.44298245614035087 0.09344490934449094 0.0 0.0
0.0043541364296081275 0.4122807017543859 0.06415620641562064 0.0 0.0013440860215053762
0.002902757619738752 0.41520467836257313 0.08089260808926081 0.0014947683109118087 0.0
0.0043541364296081275 0.5263157894736842 0.08786610878661089 0.0 0.0
0.0 0.5029239766081872 0.08089260808926081 0.0 0.0
0.002902757619738752 0.4517543859649123 0.06415620641562064 0.0 0.0
0.0 0.45614035087719296 0.1101813110181311 0.0014947683109118087 0.0
0.0 0.52046783625731 0.08368200836820085 0.0 0.0
0.001451378809869376 0.5818713450292398 0.10599721059972106 0.0014947683109118087 0.0
0.001451378809869376 0.5614035087719298 0.10739191073919106 0.0 0.0013440860215053762
0.002902757619738752 0.5833333333333334 0.09623430962343096 0.0 0.0
0.0043541364296081275 0.6023391812865497 0.09623430962343096 0.0 0.0
0.002902757619738752 0.6242690058479532 0.12273361227336121 0.0 0.0
0.001451378809869376 0.5921052631578948 0.09065550906555091 0.0 0.0
0.0043541364296081275 0.672514619883041 0.12552301255230128 0.0 0.0
0.0 0.7514619883040935 0.1366806136680614 0.0 0.0
0.002902757619738752 0.7675438596491229 0.11157601115760112 0.0 0.0
0.0 0.7207602339181287 0.08368200836820085 0.0 0.0
0.0 0.7690058479532164 0.10739191073919106 0.0014947683109118087 0.0
0.002902757619738752 0.7894736842105263 0.11854951185495119 0.0 0.0
0.002902757619738752 0.7777777777777777 0.1087866108786611 0.0014947683109118087 0.0
0.0 0.8055555555555556 0.10460251046025104 0.0 0.0
0.001451378809869376 0.8084795321637427 0.12133891213389121 0.0 0.0
0.0 0.8450292397660818 0.1087866108786611 0.0014947683109118087 0.0
0.002902757619738752 0.8523391812865497 0.1394700139470014 0.0029895366218236174 0.0
0.001451378809869376 1.0087719298245614 0.12412831241283125 0.0014947683109118087 0.0
0.0043541364296081275 0.9283625730994152 0.12831241283124128 0.0 0.0
0.001451378809869376 1.0292397660818713 0.1506276150627615 0.0014947683109118087 0.0
0.001451378809869376 0.9707602339181287 0.1366806136680614 0.0 0.0
0.002902757619738752 1.087719298245614 0.15760111576011157 0.0 0.0
0.0 1.0423976608187133 0.13807531380753138 0.0 0.0013440860215053762
0.002902757619738752 1.1023391812865497 0.15341701534170152 0.0 0.0
0.0 1.1885964912280702 0.18688981868898188 0.0 0.0
0.001451378809869376 1.1359649122807016 0.16596931659693168 0.0014947683109118087 0.0
0.002902757619738752 1.1330409356725146 0.1589958158995816 0.0 0.0
0.008708272859216255 1.2017543859649122 0.18270571827057183 0.0 0.0
0.001451378809869376 1.2207602339181285 0.15341701534170152 0.0 0.0013440860215053762
0.0043541364296081275 1.219298245614035 0.1701534170153417 0.0 0.0
0.0 1.25 0.15481171548117154 0.0014947683109118087 0.0
0.001451378809869376 1.2792397660818713 0.1799163179916318 0.0 0.0
0.001451378809869376 1.3157894736842104 0.15202231520223153 0.0014947683109118087 0.0
0.002902757619738752 1.3771929824561402 0.16596931659693168 0.0 0.0
0.001451378809869376 1.3830409356725146 0.16596931659693168 0.0014947683109118087 0.0
0.0043541364296081275 1.4166666666666667 0.1701534170153417 0.0014947683109118087 0.0
0.0 1.4269005847953216 0.19386331938633192 0.0014947683109118087 0.0
0.001451378809869376 1.492690058479532 0.1896792189679219 0.0 0.0013440860215053762
0.001451378809869376 1.469298245614035 0.2287308228730823 0.0029895366218236174 0.0
0.001451378809869376 1.533625730994152 0.20920502092050208 0.0 0.0
0.002902757619738752 1.5847953216374269 0.18131101813110181 0.0 0.0
0.002902757619738752 1.628654970760234 0.2287308228730823 0.0014947683109118087 0.0
0.001451378809869376 1.6973684210526316 0.19246861924686193 0.0 0.0
0.0043541364296081275 1.7046783625730995 0.18688981868898188 0.0 0.0
0.0 0.11403508771929824 0.0041841004184100415 0.0 0.0
0.0 0.15058479532163743 0.009762900976290099 0.0 0.0
0.0 0.13450292397660818 0.015341701534170152 0.0 0.0
0.0 0.13742690058479534 0.00697350069735007 0.0 0.0
0.002902757619738752 1.8128654970760234 0.25523012552301255 0.0 0.0
0.0 0.15497076023391812 0.00697350069735007 0.0 0.0
0.0 0.13742690058479534 0.005578800557880056 0.0 0.0
0.0 0.14619883040935672 0.00697350069735007 0.0 0.0
0.0 0.16812865497076024 0.016736401673640166 0.0 0.0
0.001451378809869376 1.4415204678362574 0.37796373779637377 0.0 0.0
0.0 0.15058479532163743 0.00697350069735007 0.0 0.0
0.0 0.1286549707602339 0.005578800557880056 0.0 0.0
0.0 0.14035087719298245 0.008368200836820083 0.0 0.0
0.0 0.11842105263157894 0.011157601115760111 0.0 0.0
0.002902757619738752 1.8698830409356726 0.23430962343096234 0.0014947683109118087 0.0
0.0 0.13157894736842105 0.00697350069735007 0.0 0.0013440860215053762
0.0 0.1301169590643275 0.012552301255230125 0.0 0.0
0.0 0.14473684210526316 0.008368200836820083 0.0 0.0026881720430107525
0.0 0.14473684210526316 0.008368200836820083 0.0 0.0
0.0 1.3494152046783627 0.37517433751743373 0.0 0.0013440860215053762
0.0 0.1257309941520468 0.008368200836820083 0.0014947683109118087 0.0
0.0 0.13450292397660818 0.009762900976290099 0.0 0.0
0.0 0.11549707602339182 0.008368200836820083 0.0 0.0
0.0 0.14327485380116958 0.008368200836820083 0.0 0.0
0.0 0.15935672514619884 0.019525801952580198 0.0 0.0
0.0 0.13596491228070176 0.01394700139470014 0.0 0.0
0.0 0.09649122807017543 0.002789400278940028 0.0 0.0
0.001451378809869376 0.1652046783625731 0.01394700139470014 0.0 0.0
0.0 0.11549707602339182 0.009762900976290099 0.0 0.0
0.0 0.10380116959064328 0.008368200836820083 0.0 0.0
0.001451378809869376 1.3961988304093567 0.37517433751743373 0.0 0.0
0.0 1.4342105263157896 0.32496513249651326 0.0014947683109118087 0.0
0.001451378809869376 1.304093567251462 0.3389121338912134 0.0 0.0
0.0 1.407894736842105 0.35564853556485354 0.0029895366218236174 0.0
0.0 1.2792397660818713 0.3458856345885634 0.0014947683109118087 0.0
0.0 1.3728070175438596 0.3277545327754533 0.0 0.0
0.001451378809869376 1.3801169590643276 0.39330543933054396 0.004484304932735426 0.0
0.0 1.3333333333333333 0.3807531380753138 0.0014947683109118087 0.0
0.0 1.3961988304093567 0.31520223152022314 0.0014947683109118087 0.0
0.0 1.3874269005847952 0.35704323570432356 0.0014947683109118087 0.0
0.0 1.3289473684210527 0.34867503486750345 0.0 0.0
0.0 1.4064327485380117 0.36401673640167365 0.0029895366218236174 0.0
0.001451378809869376 1.3567251461988303 0.3305439330543933 0.0 0.0
0.001451378809869376 1.2967836257309941 0.30264993026499304 0.0 0.0
0.0 1.404970760233918 0.3403068340306834 0.0014947683109118087 0.0
0.001451378809869376 1.4181286549707601 0.30962343096234307 0.0029895366218236174 0.0
0.0 1.3099415204678362 0.31241283124128316 0.0014947683109118087 0.0
0.0 1.2967836257309941 0.37377963737796377 0.0014947683109118087 0.0
0.0 1.3523391812865497 0.35704323570432356 0.0 0.0
0.0 1.280701754385965 0.30264993026499304 0.0 0.0
0.0 1.3596491228070176 0.301255230125523 0.0014947683109118087 0.0013440860215053762
0.0 1.3084795321637428 0.2663877266387727 0.0014947683109118087 0.0
0.002902757619738752 1.4035087719298245 0.36541143654114366 0.0029895366218236174 0.0
0.001451378809869376 1.394736842105263 0.34309623430962344 0.0014947683109118087 0.0
0.0 1.2821637426900585 0.33193863319386335 0.0 0.0
0.002902757619738752 1.3304093567251463 0.3458856345885634 0.0014947683109118087 0.0
0.0 1.304093567251462 0.298465829846583 0.0 0.0
0.0 1.3172514619883042 0.3333333333333333 0.0 0.0
0.001451378809869376 1.3157894736842104 0.3082287308228731 0.0 0.0
0.0 1.2894736842105263 0.2789400278940028 0.0029895366218236174 0.0
0.0 1.3435672514619883 0.32914923291492326 0.0014947683109118087 0.0
0.0 1.3523391812865497 0.298465829846583 0.0029895366218236174 0.0
0.0 1.2865497076023393 0.29986052998605295 0.0014947683109118087 0.0
0.0 1.3435672514619883 0.3110181311018131 0.0 0.0
0.001451378809869376 1.2953216374269005 0.28312412831241285 0.0014947683109118087 0.0
0.0 1.381578947368421 0.28312412831241285 0.0014947683109118087 0.0
0.0 1.2748538011695907 0.25523012552301255 0.0 0.0
0.002902757619738752 1.3523391812865497 0.28312412831241285 0.0014947683109118087 0.0
0.0 1.2573099415204678 0.25104602510460255 0.0 0.0
0.0 1.2748538011695907 0.2775453277545328 0.0014947683109118087 0.0
0.0 1.3245614035087718 0.2845188284518828 0.0029895366218236174 0.0
0.002902757619738752 1.260233918128655 0.30404463040446306 0.0014947683109118087 0.0
0.001451378809869376 1.3260233918128654 0.29707112970711297 0.0014947683109118087 0.0
0.0 1.2923976608187133 0.2468619246861925 0.0 0.0
0.001451378809869376 1.2558479532163744 0.2608089260808926 0.0029895366218236174 0.0
0.0 1.3084795321637428 0.26359832635983266 0.0014947683109118087 0.0
0.001451378809869376 1.2704678362573099 0.25383542538354253 0.0029895366218236174 0.0
0.002902757619738752 1.2690058479532165 0.2482566248256625 0.0014947683109118087 0.0
0.0 1.2704678362573099 0.24546722454672243 0.0014947683109118087 0.0
0.0 1.223684210526316 0.23988842398884241 0.0 0.0
0.0 1.2850877192982455 0.2663877266387727 0.0014947683109118087 0.0
0.0 1.2514619883040936 0.23430962343096234 0.0 0.0
0.002902757619738752 1.2923976608187133 0.25104602510460255 0.0 0.0
0.0 1.223684210526316 0.2105997210599721 0.0014947683109118087 0.0
0.001451378809869376 1.2543859649122808 0.22733612273361228 0.0029895366218236174 0.0
0.0 1.1900584795321636 0.18131101813110181 0.0029895366218236174 0.0
0.001451378809869376 1.293859649122807 0.2105997210599721 0.0 0.0
0.002902757619738752 1.2704678362573099 0.1910739191073919 0.0 0.0013440860215053762
0.0 1.2383040935672516 0.20920502092050208 0.0014947683109118087 0.0
0.001451378809869376 1.2280701754385965 0.23570432357043236 0.0014947683109118087 0.0
0.0 1.144736842105263 0.21478382147838213 0.0014947683109118087 0.0
0.0 1.213450292397661 0.1882845188284519 0.0014947683109118087 0.0
0.0 1.2251461988304093 0.19525801952580193 0.0014947683109118087 0.0
0.0 1.1973684210526316 0.2105997210599721 0.0029895366218236174 0.0
0.001451378809869376 1.2178362573099415 0.18549511854951187 0.0 0.0
0.002902757619738752 1.1301169590643276 0.198047419804742 0.0 0.0
0.001451378809869376 1.198830409356725 0.17433751743375173 0.0 0.0
0.001451378809869376 1.1710526315789476 0.17433751743375173 0.0014947683109118087 0.0
0.0 1.192982456140351 0.16178521617852162 0.004484304932735426 0.0
0.001451378809869376 1.182748538011696 0.15620641562064158 0.0 0.0
0.0 1.2251461988304093 0.18410041841004182 0.0014947683109118087 0.0
0.0 1.1900584795321636 0.18410041841004182 0.0014947683109118087 0.0
0.0 1.2032163742690059 0.1799163179916318 0.0014947683109118087 0.0
0.0 1.1345029239766082 0.1701534170153417 0.0029895366218236174 0.0013440860215053762
0.0 1.1754385964912282 0.15620641562064158 0.0 0.0
0.0 1.1067251461988303 0.14086471408647142 0.0 0.0
0.0 1.1023391812865497 0.1366806136680614 0.0029895366218236174 0.0
0.0 1.131578947368421 0.12552301255230128 0.0 0.0
0.0 1.1476608187134503 0.1492329149232915 0.0 0.0
0.0 1.1885964912280702 0.1297071129707113 0.0014947683109118087 0.0
0.001451378809869376 1.1432748538011697 0.1366806136680614 0.0014947683109118087 0.0013440860215053762
0.0 1.0804093567251463 0.14644351464435149 0.0 0.0
0.0 1.1184210526315788 0.1297071129707113 0.0014947683109118087 0.0
0.001451378809869376 1.1374269005847952 0.1394700139470014 0.0029895366218236174 0.0
0.0 1.095029239766082 0.1422594142259414 0.0 0.0
0.0 1.1052631578947367 0.13389121338912133 0.0 0.0
0.0 1.131578947368421 0.12133891213389121 0.0014947683109118087 0.0
0.0 1.095029239766082 0.12133891213389121 0.0 0.0013440860215053762
0.0 1.1432748538011697 0.11715481171548117 0.0 0.0
0.001451378809869376 1.087719298245614 0.12412831241283125 0.0 0.0
0.001451378809869376 1.1008771929824561 0.1366806136680614 0.0 0.0
0.0 1.043859649122807 0.12691771269177127 0.0014947683109118087 0.0
0.0 1.0833333333333333 0.10739191073919106 0.0014947683109118087 0.0
0.0 1.0657894736842104 0.12412831241283125 0.0014947683109118087 0.0
0.001451378809869376 1.0716374269005848 0.1297071129707113 0.0014947683109118087 0.0
0.0 1.0628654970760234 0.1101813110181311 0.0 0.0
0.001451378809869376 1.0263157894736843 0.11715481171548117 0.0 0.0
0.0 1.0584795321637428 0.11576011157601115 0.0 0.0
0.0 1.0321637426900585 0.1101813110181311 0.0014947683109118087 0.0
