0.0 0.16301169590643275 0.044630404463040445 0.0 0.0
0.002902757619738752 0.125 0.06415620641562064 0.0007473841554559044 0.0
0.001451378809869376 0.11915204678362573 0.039051603905160395 0.0 0.0
0.002902757619738752 0.16812865497076024 0.07461645746164575 0.0007473841554559044 0.0
0.0 0.13450292397660818 0.045327754532775454 0.0 0.0
0.002902757619738752 0.16228070175438597 0.04114365411436541 0.0 0.0
0.0 0.1257309941520468 0.042538354253835425 0.0007473841554559044 0.0
0.0 0.09722222222222221 0.04741980474198047 0.0014947683109118087 0.0006720430107526881
0.0021770682148040637 0.1695906432748538 0.05578800557880056 0.0 0.0
0.000725689404934688 0.11038011695906433 0.056485355648535567 0.0014947683109118087 0.0
0.0021770682148040637 0.14912280701754388 0.06206415620641562 0.0014947683109118087 0.0006720430107526881
0.000725689404934688 0.14108187134502922 0.06345885634588563 0.0014947683109118087 0.0
0.00362844702467344 0.1513157894736842 0.06136680613668061 0.0 0.0
0.000725689404934688 0.14473684210526316 0.0397489539748954 0.0014947683109118087 0.0
0.0021770682148040637 0.15935672514619884 0.05439330543933055 0.002242152466367713 0.0
0.0021770682148040637 0.15716374269005848 0.04393305439330544 0.0007473841554559044 0.0
0.0021770682148040637 0.14546783625730994 0.0502092050209205 0.0007473841554559044 0.0
0.001451378809869376 0.17470760233918128 0.04672245467224547 0.0007473841554559044 0.0
0.00362844702467344 0.1732456140350877 0.03835425383542538 0.0 0.0
0.001451378809869376 0.14546783625730994 0.05299860529986053 0.0 0.0
0.0021770682148040637 0.17690058479532164 0.0495118549511855 0.0007473841554559044 0.0
0.0021770682148040637 0.17982456140350878 0.05509065550906555 0.0014947683109118087 0.0
0.00362844702467344 0.17763157894736845 0.039051603905160395 0.0 0.0
0.001451378809869376 0.19005847953216373 0.05369595536959553 0.0 0.0
0.000725689404934688 0.1842105263157895 0.05439330543933055 0.0007473841554559044 0.0
0.002902757619738752 0.18786549707602337 0.05788005578800558 0.0007473841554559044 0.0
0.002902757619738752 0.13230994152046785 0.059972105997210604 0.0007473841554559044 0.0
0.000725689404934688 0.15570175438596492 0.05090655509065551 0.0 0.0006720430107526881
0.001451378809869376 0.17763157894736845 0.05509065550906555 0.0007473841554559044 0.0
0.001451378809869376 0.1842105263157895 0.05578800557880056 0.0007473841554559044 0.0
0.0021770682148040637 0.18859649122807018 0.045327754532775454 0.0029895366218236174 0.0
0.0 0.17470760233918128 0.057182705718270575 0.0 0.0
0.0021770682148040637 0.17470760233918128 0.05578800557880056 0.0007473841554559044 0.0
0.000725689404934688 0.2046783625730994 0.06485355648535565 0.0007473841554559044 0.0
0.00362844702467344 0.179093567251462 0.06136680613668061 0.0 0.0
0.00362844702467344 0.19590643274853803 0.057182705718270575 0.0014947683109118087 0.0
0.001451378809869376 0.19298245614035087 0.0397489539748954 0.0 0.0006720430107526881
0.001451378809869376 0.2244152046783626 0.06206415620641562 0.0 0.0
0.001451378809869376 0.19517543859649122 0.05439330543933055 0.002242152466367713 0.0
0.001451378809869376 0.25 0.059972105997210604 0.0007473841554559044 0.0
0.001451378809869376 0.20321637426900585 0.056485355648535567 0.002242152466367713 0.0
0.00362844702467344 0.20321637426900585 0.06624825662482565 0.0 0.0
0.0 0.2185672514619883 0.04672245467224547 0.0 0.0
0.001451378809869376 0.2412280701754386 0.05788005578800558 0.0 0.0
0.0021770682148040637 0.24926900584795325 0.06764295676429567 0.0007473841554559044 0.0
0.0021770682148040637 0.22149122807017543 0.0697350069735007 0.0007473841554559044 0.0
0.002902757619738752 0.25511695906432746 0.048814504881450484 0.0014947683109118087 0.0
0.001451378809869376 0.2960526315789474 0.07391910739191074 0.0007473841554559044 0.0
0.00362844702467344 0.29239766081871343 0.07322175732217574 0.0 0.0
0.002902757619738752 0.2989766081871345 0.0697350069735007 0.0 0.0
0.0021770682148040637 0.2529239766081871 0.056485355648535567 0.0007473841554559044 0.0006720430107526881
0.0021770682148040637 0.26388888888888884 0.059972105997210604 0.0029895366218236174 0.0
0.0021770682148040637 0.3194444444444445 0.07182705718270571 0.0 0.0
0.0 0.30701754385964913 0.06624825662482565 0.0007473841554559044 0.0
0.001451378809869376 0.277046783625731 0.05578800557880056 0.0 0.0
0.001451378809869376 0.2726608187134503 0.0801952580195258 0.0014947683109118087 0.0
0.000725689404934688 0.3296783625730994 0.06345885634588563 0.0007473841554559044 0.0
0.000725689404934688 0.34868421052631576 0.07322175732217574 0.0014947683109118087 0.0006720430107526881
0.0021770682148040637 0.33771929824561403 0.07043235704323571 0.0007473841554559044 0.0006720430107526881
0.0021770682148040637 0.35014619883040937 0.0697350069735007 0.0007473841554559044 0.0
0.002902757619738752 0.3574561403508772 0.0711297071129707 0.0 0.0
0.001451378809869376 0.3698830409356725 0.09135285913528592 0.0007473841554559044 0.0006720430107526881
0.000725689404934688 0.34283625730994155 0.059972105997210604 0.0007473841554559044 0.0006720430107526881
0.0050798258345428155 0.40058479532163743 0.08577405857740586 0.0 0.0
0.000725689404934688 0.4298245614035088 0.09274755927475593 0.0007473841554559044 0.0006720430107526881
0.001451378809869376 0.45321637426900585 0.07461645746164575 0.0 0.0006720430107526881
0.0 0.4130116959064328 0.05578800557880056 0.0014947683109118087 0.0
0.000725689404934688 0.4517543859649123 0.0801952580195258 0.0007473841554559044 0.0
0.002902757619738752 0.445906432748538 0.07880055788005579 0.0 0.0
0.002902757619738752 0.4444444444444445 0.0801952580195258 0.0007473841554559044 0.0
0.001451378809869376 0.4649122807017544 0.07461645746164575 0.0007473841554559044 0.0
0.001451378809869376 0.4546783625730994 0.08437935843793584 0.0 0.0
0.0 0.472953216374269 0.07391910739191074 0.0014947683109118087 0.0
0.0043541364296081275 0.47514619883040937 0.08647140864714085 0.0029895366218236174 0.0
0.001451378809869376 0.5665204678362573 0.08716875871687586 0.0007473841554559044 0.0
0.00362844702467344 0.5241228070175439 0.08786610878661089 0.0 0.0
0.001451378809869376 0.5650584795321638 0.10390516039051605 0.0029895366218236174 0.0
0.001451378809869376 0.5358187134502924 0.09135285913528592 0.0007473841554559044 0.0
0.001451378809869376 0.6089181286549707 0.10111576011157601 0.0 0.0
0.0 0.5752923976608187 0.0885634588563459 0.0007473841554559044 0.0006720430107526881
0.0021770682148040637 0.6067251461988304 0.09553695955369595 0.0007473841554559044 0.0
0.000725689404934688 0.6666666666666666 0.1206415620641562 0.0 0.0
0.0021770682148040637 0.611842105263158 0.1094839609483961 0.0007473841554559044 0.0
0.002902757619738752 0.6220760233918129 0.10320781032078104 0.0007473841554559044 0.0
0.0050798258345428155 0.6549707602339181 0.13110181311018132 0.0 0.0
0.000725689404934688 0.6513157894736842 0.10320781032078104 0.0007473841554559044 0.0006720430107526881
0.002902757619738752 0.6783625730994152 0.11645746164574616 0.0 0.0
0.001451378809869376 0.6805555555555556 0.09762900976290097 0.0007473841554559044 0.0
0.002902757619738752 0.7068713450292398 0.11506276150627615 0.0 0.0
0.0021770682148040637 0.7054093567251463 0.09065550906555091 0.0007473841554559044 0.0
0.0021770682148040637 0.739766081871345 0.10320781032078104 0.0007473841554559044 0.0006720430107526881
0.001451378809869376 0.7331871345029239 0.10320781032078104 0.0014947683109118087 0.0
0.00362844702467344 0.7624269005847953 0.10669456066945607 0.0007473841554559044 0.0
0.000725689404934688 0.7646198830409356 0.11506276150627615 0.002242152466367713 0.0
0.001451378809869376 0.8033625730994152 0.11576011157601115 0.0 0.0006720430107526881
0.001451378809869376 0.7792397660818714 0.14853556485355648 0.0014947683109118087 0.0
0.000725689404934688 0.8106725146198831 0.12761506276150628 0.0 0.0
0.001451378809869376 0.8304093567251463 0.11715481171548117 0.0 0.0
0.0043541364296081275 0.8654970760233918 0.14295676429567644 0.0007473841554559044 0.0
0.0021770682148040637 0.8896198830409356 0.11785216178521618 0.0 0.0
0.0043541364296081275 0.9042397660818714 0.12273361227336121 0.0007473841554559044 0.0
0.0 0.05774853801169591 0.0020920502092050207 0.0 0.0
0.0 0.07529239766081872 0.004881450488145049 0.0 0.0
0.000725689404934688 0.06725146198830409 0.007670850767085076 0.0 0.0
0.0 0.06871345029239767 0.003486750348675035 0.0 0.0006720430107526881
0.001451378809869376 0.9605263157894737 0.14993026499302647 0.0 0.0
0.0 0.07748538011695906 0.003486750348675035 0.0 0.0
0.0 0.06871345029239767 0.002789400278940028 0.0 0.0
0.000725689404934688 0.07309941520467836 0.003486750348675035 0.0 0.0
0.0 0.08406432748538012 0.008368200836820083 0.0 0.0
0.001451378809869376 0.7419590643274854 0.2663877266387727 0.0014947683109118087 0.0
0.0 0.07529239766081872 0.003486750348675035 0.0007473841554559044 0.0
0.0 0.06505847953216375 0.002789400278940028 0.0 0.0
0.0 0.07017543859649122 0.0041841004184100415 0.0 0.0
0.0 0.059941520467836254 0.005578800557880056 0.0 0.0
0.002902757619738752 0.9795321637426899 0.13737796373779637 0.0007473841554559044 0.0
0.0 0.06578947368421052 0.003486750348675035 0.0 0.0006720430107526881
0.0 0.06505847953216375 0.006276150627615063 0.0 0.0
0.0 0.07236842105263158 0.0041841004184100415 0.0 0.0013440860215053762
0.0 0.07236842105263158 0.0041841004184100415 0.0 0.0
0.0 0.6980994152046783 0.25034867503486746 0.0 0.0006720430107526881
0.0 0.0628654970760234 0.0041841004184100415 0.0007473841554559044 0.0
0.0 0.06725146198830409 0.004881450488145049 0.0 0.0
0.0 0.05774853801169591 0.0041841004184100415 0.0 0.0
0.0 0.07163742690058479 0.0041841004184100415 0.0 0.0
0.0 0.07967836257309942 0.009762900976290099 0.0 0.0
0.0 0.06798245614035088 0.00697350069735007 0.0 0.0
0.0 0.04824561403508772 0.001394700139470014 0.0 0.0
0.000725689404934688 0.08260233918128655 0.00697350069735007 0.0 0.0
0.0 0.05774853801169591 0.004881450488145049 0.0 0.0
0.0 0.05190058479532164 0.0041841004184100415 0.0 0.0013440860215053762
0.001451378809869376 0.7149122807017544 0.25523012552301255 0.0 0.0
0.0 0.7426900584795322 0.22245467224546722 0.0007473841554559044 0.0
0.000725689404934688 0.6703216374269007 0.23430962343096234 0.002242152466367713 0.0
0.0 0.7244152046783625 0.25034867503486746 0.002242152466367713 0.0
0.0 0.6535087719298246 0.2384937238493724 0.0014947683109118087 0.0
0.0 0.7039473684210525 0.23221757322175735 0.0007473841554559044 0.0
0.001451378809869376 0.7185672514619883 0.2824267782426778 0.003736920777279522 0.0
0.001451378809869376 0.6827485380116959 0.2670850767085077 0.002242152466367713 0.0
0.000725689404934688 0.7134502923976608 0.23779637377963736 0.0014947683109118087 0.0
0.000725689404934688 0.716374269005848 0.2608089260808926 0.0014947683109118087 0.0
0.0 0.6827485380116959 0.26220362622036264 0.0007473841554559044 0.0
0.000725689404934688 0.7317251461988304 0.29288702928870297 0.002242152466367713 0.0
0.0021770682148040637 0.7010233918128655 0.27475592747559274 0.0014947683109118087 0.0
0.001451378809869376 0.668859649122807 0.2629009762900976 0.0007473841554559044 0.0
0.0 0.722953216374269 0.3089260808926081 0.0029895366218236174 0.0006720430107526881
0.000725689404934688 0.7346491228070176 0.29707112970711297 0.002242152466367713 0.0
0.0 0.6717836257309941 0.2887029288702929 0.0007473841554559044 0.0
0.000725689404934688 0.6695906432748538 0.3633193863319386 0.0014947683109118087 0.0
0.000725689404934688 0.6951754385964912 0.36750348675034866 0.0014947683109118087 0.0
0.0 0.6637426900584796 0.3368200836820084 0.0014947683109118087 0.0
0.000725689404934688 0.7090643274853801 0.3528591352859135 0.0007473841554559044 0.0006720430107526881
0.0 0.6761695906432749 0.34239888423988846 0.0014947683109118087 0.0
0.002902757619738752 0.7266081871345029 0.4337517433751743 0.0052316890881913295 0.0
0.000725689404934688 0.7266081871345029 0.4476987447698745 0.003736920777279522 0.0
0.0 0.6622807017543859 0.45327754532775455 0.0029895366218236174 0.0
0.0021770682148040637 0.6849415204678363 0.47629009762900976 0.0029895366218236174 0.0
0.0 0.6695906432748538 0.42398884239888424 0.0 0.0
0.0 0.6842105263157895 0.4825662482566248 0.002242152466367713 0.0
0.000725689404934688 0.6842105263157895 0.4923291492329149 0.0 0.0
0.0 0.6703216374269007 0.4839609483960949 0.0029895366218236174 0.0
0.0 0.6922514619883041 0.5543933054393305 0.0007473841554559044 0.0
0.0 0.7046783625730993 0.6122733612273361 0.003736920777279522 0.0
0.0 0.6769005847953217 0.5983263598326359 0.0014947683109118087 0.0
0.0 0.6937134502923976 0.6687587168758717 0.0014947683109118087 0.0
0.000725689404934688 0.6717836257309941 0.6659693165969317 0.0029895366218236174 0.0
0.0 0.7266081871345029 0.7294281729428173 0.0029895366218236174 0.0
0.0 0.6673976608187134 0.7496513249651325 0.0007473841554559044 0.0
0.001451378809869376 0.6988304093567251 0.7942817294281729 0.003736920777279522 0.0
0.0 0.6586257309941521 0.8075313807531381 0.0014947683109118087 0.0
0.0 0.6586257309941521 0.8793584379358439 0.003736920777279522 0.0
0.0 0.6951754385964912 0.9037656903765691 0.0052316890881913295 0.0
0.001451378809869376 0.6600877192982456 0.982566248256625 0.0052316890881913295 0.0
0.000725689404934688 0.6980994152046783 1.002092050209205 0.0029895366218236174 0.0
0.000725689404934688 0.6834795321637427 0.9769874476987448 0.003736920777279522 0.0
0.000725689404934688 0.6600877192982456 1.0718270571827055 0.0052316890881913295 0.0
0.0 0.6915204678362573 1.1624825662482567 0.003736920777279522 0.0
0.000725689404934688 0.6776315789473684 1.1324965132496514 0.009715994020926757 0.0
0.0021770682148040637 0.6754385964912281 1.1422594142259415 0.007473841554559044 0.0
0.000725689404934688 0.6842105263157895 1.2566248256624826 0.004484304932735426 0.0
0.0 0.6608187134502924 1.294979079497908 0.008221225710014948 0.0
0.001451378809869376 0.7039473684210525 1.398186889818689 0.008221225710014948 0.0
0.0 0.6922514619883041 1.4609483960948395 0.008968609865470852 0.0
0.002902757619738752 0.7258771929824561 1.5467224546722456 0.009715994020926757 0.0
0.000725689404934688 0.668859649122807 1.5613668061366806 0.008968609865470852 0.0
0.000725689404934688 0.7039473684210525 1.6408647140864716 0.009715994020926757 0.0
0.0 0.6571637426900584 1.693165969316597 0.014947683109118088 0.0
0.001451378809869376 0.7192982456140351 1.7440725244072524 0.011210762331838564 0.0
0.001451378809869376 0.7134502923976608 1.794281729428173 0.012705530642750373 0.0006720430107526881
0.0 0.7010233918128655 1.8612273361227336 0.014200298953662182 0.0
0.000725689404934688 0.6937134502923976 1.907252440725244 0.01868460388639761 0.0
0.0 0.6535087719298246 1.9225941422594142 0.016442451420029897 0.0006720430107526881
0.0 0.6966374269005848 1.9456066945606696 0.017937219730941704 0.0
0.000725689404934688 0.7141812865497076 2.118549511854951 0.017189835575485802 0.0
0.0 0.702485380116959 2.221757322175732 0.019431988041853514 0.0
0.000725689404934688 0.7346491228070176 2.319386331938633 0.020926756352765318 0.0
0.0021770682148040637 0.6849415204678363 2.3682008368200838 0.021674140508221224 0.0
0.0021770682148040637 0.7192982456140351 2.430962343096234 0.023168908819133034 0.0
0.000725689404934688 0.7156432748538012 2.5822873082287305 0.026158445440956652 0.0
0.0 0.736842105263158 2.721757322175732 0.026905829596412557 0.0
0.0021770682148040637 0.7390350877192983 2.771966527196653 0.028400597907324365 0.0006720430107526881
0.0 0.7902046783625731 2.905857740585774 0.030642750373692077 0.0
0.0 0.7631578947368421 3.00697350069735 0.03139013452914798 0.0
0.0 0.7616959064327485 3.092747559274756 0.034379671150971604 0.0
0.000725689404934688 0.7353801169590642 3.103207810320781 0.033632286995515695 0.0006720430107526881
0.0 0.7602339181286549 3.198744769874477 0.033632286995515695 0.0
0.0 0.7317251461988304 3.275453277545328 0.035127055306427506 0.0
0.0 0.7390350877192983 3.399581589958159 0.03886397608370703 0.0
0.000725689404934688 0.7741228070175439 3.482566248256625 0.03961136023916293 0.0
0.0 0.7887426900584795 3.575313807531381 0.042600896860986545 0.0
0.000725689404934688 0.8114035087719298 3.566945606694561 0.041853512705530636 0.0
0.001451378809869376 0.8128654970760234 3.8221757322175733 0.044095665171898356 0.0013440860215053762
0.000725689404934688 0.7828947368421052 3.957461645746165 0.04633781763826607 0.0
0.000725689404934688 0.8128654970760234 4.023012552301255 0.05007473841554559 0.0
0.000725689404934688 0.8252923976608187 4.087866108786611 0.051569506726457395 0.0
0.0 0.8267543859649122 4.249651324965132 0.051569506726457395 0.0
0.0 0.841374269005848 4.2133891213389125 0.053064275037369206 0.0006720430107526881
0.000725689404934688 0.8830409356725146 4.338912133891213 0.05829596412556054 0.0
0.0 0.8464912280701755 4.443514644351464 0.05455904334828102 0.0006720430107526881
0.0 0.8969298245614035 4.527196652719666 0.05680119581464873 0.0
0.000725689404934688 0.8786549707602339 4.510460251046025 0.06053811659192825 0.0
0.000725689404934688 0.9071637426900584 4.718270571827057 0.06726457399103139 0.0
0.0 0.8910818713450293 4.814504881450488 0.0695067264573991 0.0
0.0 0.9159356725146198 4.854951185495119 0.07100149476831091 0.0
0.0 0.9247076023391814 4.954672245467225 0.07174887892376682 0.0
0.000725689404934688 0.9437134502923976 5.099721059972106 0.07324364723467863 0.0006720430107526881
0.0 0.9488304093567251 5.00278940027894 0.07698056801195814 0.0
0.000725689404934688 0.9283625730994152 5.116457461645746 0.07399103139013452 0.0
0.0 0.9736842105263158 5.298465829846584 0.08146487294469357 0.0
0.0 0.9736842105263158 5.292189679218968 0.08071748878923768 0.0
