17.0 33.833333333333336 27.5 17.833333333333332 16.333333333333332
13.833333333333332 37.5 30.5 14.666666666666666 12.5
17.833333333333332 33.166666666666664 28.166666666666668 17.166666666666668 12.0
16.333333333333332 33.333333333333336 27.333333333333336 18.333333333333332 11.333333333333334
16.0 32.833333333333336 29.5 17.5 14.833333333333334
17.5 32.833333333333336 28.333333333333332 18.833333333333332 9.5
16.0 33.0 28.833333333333332 14.833333333333334 15.333333333333332
16.5 33.666666666666664 29.333333333333332 17.666666666666668 14.0
17.166666666666668 32.666666666666664 29.5 15.833333333333334 12.333333333333334
16.833333333333332 30.166666666666668 29.333333333333332 16.0 12.166666666666666
14.833333333333334 35.166666666666664 28.5 14.0 12.5
18.0 34.666666666666664 28.833333333333332 14.666666666666666 13.5
18.166666666666668 32.0 26.666666666666668 18.333333333333332 14.5
16.333333333333332 30.666666666666664 28.5 16.5 12.666666666666666
15.166666666666666 35.0 31.333333333333332 15.666666666666666 14.333333333333334
14.333333333333334 36.0 28.166666666666668 15.5 9.833333333333332
16.666666666666668 35.0 28.666666666666668 13.166666666666666 14.166666666666666
14.333333333333334 34.666666666666664 30.0 16.0 12.333333333333334
17.666666666666668 34.166666666666664 30.666666666666664 17.5 13.5
17.833333333333332 33.0 27.333333333333336 18.0 13.833333333333332
13.833333333333332 34.166666666666664 30.666666666666664 14.333333333333334 14.666666666666666
17.5 31.166666666666664 33.166666666666664 16.833333333333332 10.0
15.0 34.5 26.166666666666668 14.833333333333334 12.833333333333334
14.166666666666666 30.833333333333336 27.0 17.666666666666668 14.166666666666666
17.333333333333332 32.666666666666664 28.833333333333332 17.0 12.0
15.333333333333332 32.5 27.5 15.0 12.0
15.833333333333334 32.33333333333333 26.166666666666668 14.166666666666666 15.166666666666666
16.666666666666668 33.166666666666664 30.666666666666664 16.333333333333332 14.333333333333334
19.0 32.833333333333336 32.5 17.5 11.0
15.333333333333332 34.333333333333336 34.333333333333336 15.333333333333332 13.833333333333332
17.5 32.0 31.0 17.833333333333332 14.0
17.0 32.0 31.666666666666668 17.5 13.5
16.166666666666664 30.666666666666664 30.333333333333332 16.666666666666668 13.166666666666666
18.833333333333332 32.5 29.833333333333332 16.166666666666664 13.5
15.333333333333332 33.0 28.333333333333332 14.333333333333334 11.5
16.166666666666664 33.333333333333336 32.0 17.0 13.5
18.0 34.5 28.833333333333332 14.666666666666666 13.166666666666666
15.5 36.0 27.333333333333336 14.166666666666666 12.666666666666666
17.833333333333332 34.333333333333336 31.5 17.0 14.333333333333334
14.5 34.5 30.333333333333332 14.833333333333334 15.666666666666666
18.666666666666668 33.833333333333336 30.166666666666668 15.666666666666666 15.0
18.0 34.166666666666664 30.0 14.833333333333334 13.0
15.166666666666666 32.833333333333336 31.333333333333332 17.0 12.833333333333334
15.833333333333334 32.666666666666664 29.0 15.833333333333334 9.833333333333332
16.0 34.333333333333336 29.0 14.833333333333334 13.833333333333332
17.166666666666668 32.16666666666667 27.666666666666664 16.5 10.0
17.5 33.333333333333336 29.0 14.833333333333334 14.166666666666666
17.0 35.166666666666664 29.833333333333332 20.833333333333332 13.5
17.0 34.833333333333336 29.666666666666668 18.5 13.666666666666668
20.5 34.0 31.666666666666668 13.833333333333332 15.333333333333332
19.833333333333336 31.5 31.666666666666668 16.0 12.833333333333334
15.833333333333334 33.666666666666664 28.333333333333332 16.833333333333332 14.5
16.666666666666668 32.16666666666667 30.5 17.833333333333332 14.0
16.5 32.666666666666664 27.666666666666664 17.333333333333332 9.666666666666668
18.0 32.5 30.0 14.833333333333334 12.333333333333334
16.333333333333332 34.5 27.833333333333336 18.166666666666668 14.0
14.833333333333334 34.0 32.0 12.666666666666666 12.5
17.666666666666668 34.5 28.166666666666668 16.333333333333332 14.166666666666666
16.666666666666668 30.333333333333332 30.5 17.166666666666668 14.5
17.666666666666668 32.16666666666667 28.666666666666668 15.666666666666666 12.0
17.833333333333332 32.16666666666667 30.333333333333332 14.833333333333334 13.0
17.166666666666668 33.833333333333336 30.5 13.5 14.333333333333334
16.166666666666664 33.833333333333336 28.0 17.333333333333332 14.5
15.333333333333332 33.833333333333336 28.666666666666668 15.666666666666666 13.0
15.833333333333334 34.833333333333336 29.5 18.0 14.5
17.833333333333332 31.333333333333332 33.0 13.166666666666666 12.666666666666666
15.5 32.666666666666664 29.5 15.666666666666666 12.666666666666666
15.333333333333332 33.666666666666664 27.833333333333336 15.333333333333332 16.833333333333332
17.166666666666668 30.666666666666664 27.0 15.166666666666666 14.166666666666666
19.166666666666664 32.16666666666667 27.666666666666664 18.5 14.166666666666666
18.0 31.666666666666668 31.333333333333332 12.166666666666666 14.166666666666666
14.166666666666666 34.5 32.33333333333333 14.666666666666666 10.666666666666666
16.333333333333332 32.833333333333336 30.166666666666668 17.333333333333332 13.166666666666666
17.166666666666668 33.5 26.5 14.666666666666666 11.5
19.166666666666664 34.0 30.166666666666668 15.833333333333334 14.5
16.5 32.33333333333333 31.666666666666668 17.0 15.666666666666666
14.833333333333334 35.333333333333336 28.5 16.833333333333332 14.666666666666666
13.833333333333332 32.16666666666667 30.333333333333332 18.0 14.5
16.833333333333332 33.0 32.5 16.166666666666664 13.333333333333334
17.166666666666668 35.0 29.166666666666668 14.333333333333334 14.166666666666666
15.666666666666666 31.5 30.0 17.166666666666668 14.833333333333334
15.666666666666666 30.666666666666664 28.666666666666668 12.0 12.833333333333334
16.666666666666668 29.166666666666668 32.16666666666667 15.0 13.666666666666668
17.5 32.16666666666667 30.833333333333336 18.0 11.666666666666668
15.666666666666666 31.333333333333332 29.5 17.833333333333332 14.5
16.5 34.0 31.166666666666664 15.833333333333334 14.333333333333334
17.5 32.16666666666667 30.166666666666668 19.166666666666664 12.666666666666666
15.833333333333334 31.0 29.5 14.5 13.666666666666668
16.166666666666664 33.0 31.166666666666664 15.333333333333332 11.166666666666666
17.333333333333332 34.5 30.5 16.666666666666668 13.833333333333332
17.0 31.833333333333332 28.0 15.5 12.666666666666666
17.666666666666668 31.166666666666664 31.166666666666664 18.5 14.0
16.5 33.5 28.0 17.5 15.333333333333332
15.833333333333334 32.16666666666667 31.0 17.5 14.166666666666666
17.333333333333332 32.833333333333336 27.5 16.5 15.166666666666666
16.5 36.333333333333336 32.16666666666667 16.5 15.166666666666666
17.5 32.33333333333333 30.166666666666668 15.5 11.666666666666668
15.0 33.0 29.333333333333332 16.5 13.666666666666668
14.833333333333334 34.333333333333336 30.333333333333332 15.833333333333334 11.166666666666666
17.833333333333332 33.5 29.166666666666668 16.666666666666668 15.0
17.333333333333332 33.0 27.5 17.0 10.666666666666666
13.0 17.666666666666668 15.333333333333332 13.0 13.666666666666668
13.166666666666666 12.833333333333334 17.5 12.666666666666666 16.0
13.166666666666666 15.5 15.833333333333334 15.666666666666666 17.5
16.166666666666664 14.333333333333334 14.833333333333334 14.333333333333334 15.666666666666666
18.166666666666668 33.0 29.833333333333332 16.833333333333332 10.666666666666666
16.833333333333332 16.333333333333332 14.833333333333334 14.166666666666666 17.833333333333332
13.666666666666668 15.333333333333332 14.166666666666666 13.5 12.5
15.333333333333332 13.166666666666666 15.0 14.0 16.0
13.5 13.666666666666668 17.166666666666668 13.166666666666666 17.166666666666668
18.833333333333332 27.166666666666664 31.333333333333332 16.333333333333332 14.166666666666666
15.666666666666666 15.5 13.5 13.166666666666666 16.333333333333332
15.0 15.333333333333332 18.333333333333332 17.5 15.0
15.166666666666666 15.0 16.0 14.833333333333334 14.833333333333334
15.666666666666666 13.833333333333332 14.166666666666666 14.166666666666666 15.833333333333334
18.166666666666668 33.5 27.666666666666664 17.666666666666668 13.0
13.666666666666668 13.166666666666666 14.5 14.5 14.333333333333334
14.333333333333334 16.333333333333332 14.5 14.666666666666666 13.666666666666668
12.5 13.666666666666668 16.333333333333332 15.0 15.333333333333332
17.833333333333332 15.0 17.5 15.833333333333334 16.666666666666668
15.5 28.833333333333332 34.0 17.166666666666668 14.333333333333334
14.333333333333334 14.166666666666666 15.166666666666666 14.5 13.666666666666668
13.166666666666666 14.0 17.5 15.666666666666666 14.833333333333334
13.5 13.333333333333334 18.166666666666668 16.0 16.833333333333332
15.333333333333332 14.833333333333334 16.166666666666664 14.666666666666666 12.5
17.0 18.5 14.0 14.166666666666666 14.0
15.833333333333334 14.5 14.166666666666666 16.0 15.833333333333334
15.333333333333332 13.333333333333334 13.666666666666668 16.0 11.166666666666666
14.333333333333334 15.5 16.833333333333332 16.5 15.5
15.0 16.333333333333332 13.5 17.5 13.666666666666668
15.0 17.666666666666668 16.0 14.333333333333334 13.5
14.5 27.0 34.5 17.833333333333332 10.0
18.5 27.833333333333336 31.833333333333332 16.333333333333332 15.666666666666666
17.333333333333332 27.333333333333336 32.666666666666664 16.0 14.333333333333334
18.333333333333332 26.166666666666668 36.166666666666664 14.833333333333334 14.0
14.5 27.833333333333336 34.0 13.333333333333334 14.166666666666666
16.5 29.166666666666668 33.5 18.166666666666668 14.666666666666666
16.666666666666668 27.666666666666664 29.833333333333332 16.5 15.0
16.666666666666668 26.666666666666668 33.166666666666664 18.333333333333332 13.333333333333334
17.166666666666668 30.333333333333332 31.666666666666668 17.0 13.166666666666666
14.0 28.333333333333332 35.833333333333336 17.833333333333332 16.0
16.333333333333332 26.666666666666668 32.16666666666667 16.666666666666668 13.333333333333334
16.666666666666668 27.5 32.16666666666667 15.666666666666666 13.166666666666666
16.5 27.5 33.166666666666664 17.833333333333332 14.5
13.666666666666668 29.0 33.833333333333336 16.5 13.833333333333332
16.0 27.833333333333336 37.83333333333333 18.5 13.333333333333334
17.166666666666668 26.5 37.0 16.166666666666664 12.5
15.0 28.666666666666668 31.666666666666668 15.166666666666666 16.166666666666664
16.833333333333332 28.666666666666668 31.5 19.333333333333336 16.0
13.666666666666668 30.333333333333332 31.333333333333332 17.166666666666668 12.166666666666666
15.0 29.666666666666668 35.666666666666664 18.166666666666668 13.166666666666666
14.833333333333334 26.833333333333336 34.166666666666664 19.166666666666664 12.5
15.0 28.5 31.666666666666668 17.666666666666668 13.333333333333334
13.833333333333332 26.666666666666668 34.0 17.5 13.666666666666668
16.333333333333332 27.0 32.833333333333336 17.166666666666668 15.166666666666666
12.666666666666666 25.5 34.5 18.5 14.833333333333334
15.666666666666666 30.166666666666668 34.333333333333336 16.833333333333332 10.666666666666666
13.666666666666668 32.5 31.333333333333332 16.666666666666668 12.833333333333334
15.166666666666666 28.5 35.5 17.0 14.833333333333334
16.5 30.5 32.33333333333333 15.833333333333334 12.5
14.833333333333334 31.0 32.833333333333336 18.333333333333332 15.5
13.166666666666666 27.666666666666664 35.833333333333336 16.166666666666664 12.833333333333334
13.833333333333332 32.666666666666664 33.833333333333336 17.333333333333332 13.0
17.333333333333332 27.333333333333336 38.5 16.833333333333332 12.5
18.833333333333332 26.833333333333336 34.666666666666664 14.166666666666666 13.166666666666666
15.0 28.333333333333332 34.666666666666664 14.333333333333334 13.0
17.333333333333332 30.5 34.333333333333336 18.0 12.833333333333334
16.833333333333332 26.333333333333332 34.833333333333336 19.833333333333336 11.166666666666666
16.0 27.333333333333336 39.5 16.666666666666668 14.166666666666666
13.166666666666666 28.5 37.666666666666664 18.333333333333332 13.833333333333332
15.166666666666666 29.333333333333332 37.333333333333336 16.5 13.666666666666668
14.5 33.666666666666664 36.0 18.0 13.666666666666668
17.333333333333332 28.0 39.0 17.5 14.5
14.833333333333334 29.333333333333332 40.0 17.833333333333332 13.166666666666666
16.166666666666664 29.666666666666668 39.83333333333333 19.333333333333336 12.333333333333334
17.5 29.833333333333332 36.333333333333336 17.0 14.5
16.833333333333332 26.666666666666668 38.66666666666667 15.333333333333332 14.166666666666666
15.333333333333332 28.0 40.0 17.0 11.0
14.166666666666666 30.833333333333336 36.5 16.833333333333332 11.833333333333332
17.0 30.333333333333332 40.5 16.333333333333332 14.333333333333334
14.5 28.166666666666668 41.666666666666664 20.333333333333332 12.666666666666666
14.166666666666666 31.333333333333332 42.0 17.833333333333332 11.666666666666668
14.833333333333334 33.166666666666664 39.33333333333333 15.666666666666666 12.0
15.666666666666666 31.166666666666664 38.83333333333333 17.5 12.0
15.833333333333334 28.0 44.5 17.0 13.166666666666666
15.333333333333332 28.833333333333332 45.333333333333336 16.833333333333332 10.666666666666666
14.833333333333334 32.16666666666667 41.0 17.0 13.666666666666668
16.0 28.833333333333332 45.5 15.166666666666666 12.166666666666666
16.0 29.5 42.333333333333336 17.666666666666668 11.333333333333334
12.833333333333334 32.16666666666667 44.333333333333336 16.666666666666668 10.666666666666666
17.166666666666668 31.166666666666664 44.333333333333336 18.0 12.333333333333334
12.833333333333334 31.166666666666664 44.0 18.833333333333332 12.833333333333334
14.0 28.166666666666668 46.66666666666667 19.166666666666664 14.166666666666666
12.5 30.666666666666664 46.5 18.666666666666668 10.333333333333334
12.166666666666666 32.33333333333333 45.83333333333333 17.166666666666668 12.0
15.833333333333334 29.0 43.0 16.333333333333332 12.0
15.333333333333332 32.5 45.0 17.5 13.333333333333334
13.5 31.5 48.333333333333336 15.333333333333332 12.666666666666666
13.333333333333334 30.5 48.833333333333336 19.166666666666664 10.5
14.666666666666666 27.333333333333336 50.333333333333336 20.333333333333332 15.166666666666666
14.0 31.0 47.16666666666667 21.166666666666668 11.833333333333332
13.333333333333334 32.16666666666667 48.16666666666667 20.333333333333332 11.333333333333334
14.833333333333334 28.833333333333332 49.166666666666664 16.0 12.333333333333334
15.0 32.0 52.0 17.333333333333332 11.666666666666668
16.666666666666668 30.5 50.666666666666664 20.0 13.0
14.833333333333334 30.666666666666664 49.166666666666664 19.0 11.666666666666668
17.666666666666668 31.0 51.5 17.0 13.833333333333332
16.5 34.166666666666664 50.5 16.166666666666664 12.0
14.0 30.5 48.666666666666664 17.5 10.333333333333334
18.333333333333332 32.833333333333336 52.5 17.0 13.333333333333334
16.0 31.166666666666664 50.333333333333336 18.5 10.333333333333334
12.833333333333334 33.833333333333336 51.833333333333336 19.166666666666664 9.333333333333334
14.833333333333334 33.333333333333336 52.333333333333336 19.666666666666664 10.333333333333334
14.0 29.333333333333332 52.166666666666664 18.333333333333332 10.5
17.166666666666668 31.0 52.5 21.5 13.0
13.833333333333332 34.333333333333336 52.166666666666664 19.0 12.0
14.833333333333334 30.333333333333332 54.33333333333333 17.666666666666668 8.0
15.166666666666666 34.166666666666664 54.83333333333333 17.5 11.666666666666668
13.333333333333334 31.5 50.333333333333336 18.666666666666668 10.333333333333334
14.5 32.666666666666664 54.16666666666667 17.833333333333332 11.166666666666666
17.333333333333332 35.0 51.5 16.166666666666664 11.666666666666668
15.0 35.666666666666664 51.833333333333336 17.666666666666668 11.666666666666668
12.333333333333334 33.5 53.66666666666667 17.666666666666668 12.0
17.166666666666668 31.666666666666668 52.666666666666664 16.5 12.0
14.5 35.166666666666664 53.333333333333336 20.666666666666668 10.0
13.333333333333334 36.666666666666664 52.0 19.833333333333336 9.833333333333332
13.333333333333334 32.33333333333333 53.0 18.0 12.333333333333334
10.833333333333334 32.833333333333336 52.0 18.333333333333332 12.666666666666666
15.0 36.166666666666664 53.5 19.0 13.333333333333334
13.833333333333332 32.5 53.333333333333336 20.833333333333332 10.333333333333334
