10.96551724137931 19.769230769230766 15.321428571428571 9.719999999999999 8.407407407407407
10.10344827586207 17.69230769230769 15.642857142857142 8.76 9.481481481481481
10.551724137931036 18.692307692307693 16.0 10.44 10.62962962962963
10.551724137931036 18.76923076923077 14.071428571428571 11.16 8.703703703703702
10.413793103448276 18.153846153846153 14.5 10.959999999999999 9.074074074074074
10.655172413793103 19.615384615384613 15.178571428571429 10.24 8.481481481481483
10.413793103448276 20.115384615384613 14.464285714285714 10.6 9.148148148148149
9.06896551724138 19.03846153846154 16.785714285714285 10.92 9.962962962962964
9.448275862068966 19.230769230769234 15.285714285714286 10.88 8.88888888888889
9.517241379310345 20.346153846153847 16.25 9.0 9.185185185185185
9.620689655172415 17.80769230769231 14.75 10.28 9.25925925925926
10.03448275862069 19.57692307692308 15.535714285714286 11.24 10.851851851851853
10.586206896551724 19.42307692307692 15.892857142857142 10.64 9.37037037037037
9.310344827586206 19.269230769230766 14.464285714285714 9.639999999999999 9.481481481481481
11.137931034482758 18.384615384615383 15.821428571428573 9.08 8.814814814814815
10.241379310344827 19.884615384615387 16.607142857142858 9.96 9.222222222222221
11.413793103448276 18.076923076923077 16.5 9.28 9.407407407407408
10.172413793103447 18.576923076923077 15.214285714285715 9.76 9.037037037037038
12.310344827586206 18.384615384615383 15.642857142857142 8.959999999999999 8.74074074074074
9.724137931034482 18.346153846153847 15.714285714285715 9.36 9.074074074074074
10.172413793103447 19.0 14.928571428571429 10.48 9.148148148148149
10.448275862068964 19.923076923076923 15.535714285714286 10.36 10.037037037037036
9.724137931034482 20.5 16.25 10.36 10.444444444444443
10.724137931034482 20.0 16.892857142857142 10.52 8.851851851851851
10.96551724137931 20.961538461538463 16.892857142857142 10.56 9.962962962962964
9.517241379310345 18.96153846153846 15.75 10.6 8.962962962962962
11.10344827586207 21.923076923076923 17.5 10.36 9.0
10.655172413793103 19.615384615384613 15.678571428571427 10.84 8.88888888888889
10.586206896551724 19.96153846153846 15.178571428571429 9.84 9.481481481481481
11.448275862068966 19.57692307692308 15.892857142857142 10.120000000000001 8.11111111111111
10.413793103448276 18.807692307692307 16.928571428571427 9.799999999999999 9.037037037037038
10.10344827586207 19.269230769230766 14.214285714285714 10.040000000000001 9.888888888888888
11.586206896551724 18.192307692307693 15.785714285714285 9.56 8.592592592592593
10.689655172413792 18.653846153846153 15.321428571428571 10.4 10.296296296296296
10.10344827586207 19.346153846153847 16.357142857142858 11.0 9.851851851851851
10.586206896551724 19.153846153846153 16.32142857142857 10.200000000000001 8.703703703703702
10.689655172413792 18.038461538461537 16.678571428571427 9.799999999999999 9.777777777777777
9.275862068965516 20.153846153846153 14.857142857142858 10.08 9.148148148148149
9.172413793103448 18.346153846153847 15.142857142857144 10.36 9.666666666666668
9.448275862068966 19.0 15.964285714285715 10.4 9.925925925925927
9.931034482758621 20.307692307692307 16.178571428571427 10.040000000000001 8.222222222222223
11.10344827586207 20.76923076923077 15.964285714285715 10.24 8.185185185185185
10.655172413793103 21.461538461538463 14.714285714285715 9.28 9.037037037037038
9.827586206896552 18.923076923076923 16.46428571428571 9.04 9.407407407407408
9.896551724137932 19.384615384615387 15.214285714285715 9.799999999999999 9.148148148148149
9.620689655172415 19.384615384615387 15.464285714285715 10.040000000000001 9.296296296296296
11.413793103448276 18.346153846153847 16.928571428571427 10.319999999999999 10.962962962962962
9.896551724137932 18.307692307692307 15.785714285714285 9.92 9.074074074074074
10.793103448275863 18.76923076923077 15.714285714285715 11.04 9.11111111111111
10.03448275862069 18.23076923076923 15.678571428571427 10.92 10.25925925925926
10.793103448275863 20.76923076923077 17.07142857142857 9.440000000000001 9.037037037037038
9.724137931034482 20.03846153846154 14.107142857142856 10.040000000000001 9.962962962962964
10.517241379310345 18.923076923076923 16.214285714285715 10.200000000000001 9.481481481481481
10.344827586206897 20.692307692307693 14.285714285714285 9.92 10.037037037037036
9.551724137931034 19.346153846153847 16.785714285714285 11.08 9.851851851851851
10.137931034482758 19.192307692307693 17.535714285714285 9.68 9.148148148148149
10.724137931034482 20.26923076923077 15.321428571428571 10.200000000000001 9.148148148148149
9.793103448275861 19.115384615384613 15.821428571428573 8.68 8.925925925925926
9.586206896551724 19.0 15.25 10.319999999999999 9.962962962962964
10.89655172413793 19.53846153846154 16.928571428571427 9.56 8.666666666666666
10.862068965517242 19.03846153846154 14.642857142857142 11.440000000000001 10.518518518518519
10.241379310344827 21.153846153846153 15.357142857142858 9.28 9.814814814814815
10.89655172413793 19.692307692307693 15.928571428571427 10.52 8.518518518518519
9.86206896551724 21.461538461538463 16.535714285714285 9.2 9.296296296296296
10.758620689655173 19.57692307692308 15.607142857142858 11.12 10.074074074074074
11.620689655172415 20.46153846153846 16.07142857142857 10.36 9.25925925925926
9.827586206896552 20.115384615384613 16.82142857142857 10.28 9.296296296296296
10.0 17.115384615384617 15.928571428571427 10.319999999999999 8.88888888888889
9.551724137931034 20.0 14.821428571428573 10.959999999999999 9.222222222222221
10.10344827586207 21.115384615384617 15.428571428571429 10.120000000000001 8.703703703703702
9.827586206896552 19.42307692307692 17.178571428571427 11.84 8.703703703703702
10.172413793103447 19.42307692307692 14.642857142857142 10.56 9.703703703703704
10.206896551724139 20.576923076923077 17.035714285714285 9.4 9.851851851851851
10.0 20.615384615384617 16.285714285714285 10.040000000000001 9.0
9.724137931034482 20.03846153846154 16.142857142857142 10.64 9.407407407407408
11.10344827586207 19.076923076923077 15.178571428571429 10.8 8.444444444444443
10.827586206896552 17.653846153846157 15.928571428571427 10.120000000000001 9.222222222222221
11.0 21.423076923076923 15.964285714285715 10.92 9.703703703703704
11.551724137931034 19.692307692307693 14.964285714285715 8.48 10.666666666666666
11.137931034482758 19.5 15.0 10.319999999999999 9.888888888888888
10.931034482758621 18.307692307692307 15.857142857142858 9.799999999999999 9.037037037037038
10.275862068965518 19.230769230769234 15.357142857142858 10.24 10.11111111111111
9.482758620689655 20.346153846153847 15.321428571428571 9.639999999999999 9.148148148148149
9.931034482758621 19.42307692307692 15.464285714285715 11.2 8.666666666666666
10.89655172413793 17.80769230769231 16.142857142857142 11.48 9.666666666666668
10.793103448275863 20.76923076923077 15.75 10.24 9.851851851851851
9.448275862068966 20.73076923076923 14.642857142857142 10.44 8.703703703703702
10.137931034482758 17.69230769230769 16.928571428571427 11.84 9.25925925925926
9.482758620689655 18.884615384615387 15.464285714285715 11.12 9.888888888888888
10.344827586206897 19.0 15.178571428571429 10.36 10.777777777777779
10.137931034482758 19.346153846153847 14.821428571428573 10.120000000000001 9.25925925925926
10.827586206896552 19.192307692307693 15.464285714285715 10.72 10.0
10.655172413793103 19.384615384615387 17.714285714285715 10.72 10.222222222222223
9.724137931034482 18.846153846153847 18.107142857142858 10.4 9.074074074074074
9.310344827586206 17.961538461538463 13.714285714285714 9.76 9.62962962962963
10.448275862068964 19.076923076923077 16.214285714285715 11.08 9.333333333333334
10.448275862068964 21.115384615384617 15.035714285714286 10.24 10.074074074074074
10.655172413793103 20.153846153846153 15.25 9.719999999999999 9.333333333333334
10.655172413793103 19.42307692307692 14.392857142857142 9.92 9.333333333333334
11.793103448275861 18.96153846153846 16.57142857142857 11.4 8.666666666666666
9.793103448275861 19.384615384615387 16.035714285714285 11.04 10.333333333333334
10.517241379310345 10.5 11.5 11.4 9.925925925925927
10.344827586206897 10.576923076923077 10.5 9.96 10.25925925925926
10.827586206896552 9.192307692307692 9.857142857142858 9.799999999999999 10.962962962962962
10.0 10.384615384615385 9.714285714285714 8.88 10.407407407407407
9.86206896551724 20.53846153846154 16.107142857142858 11.32 8.962962962962962
10.10344827586207 9.115384615384615 11.321428571428571 11.440000000000001 10.481481481481483
9.275862068965516 10.26923076923077 9.5 10.48 10.296296296296296
9.03448275862069 10.384615384615385 9.357142857142858 9.799999999999999 9.888888888888888
9.827586206896552 10.846153846153845 10.0 9.4 10.814814814814815
9.517241379310345 16.384615384615383 16.428571428571427 9.24 9.25925925925926
10.172413793103447 10.307692307692308 11.071428571428571 10.4 9.444444444444445
10.482758620689657 10.653846153846155 9.178571428571429 10.120000000000001 9.851851851851851
10.0 9.961538461538462 11.357142857142858 10.88 11.444444444444445
9.931034482758621 10.5 10.357142857142856 10.68 9.925925925925927
10.03448275862069 17.0 16.5 11.2 9.851851851851851
11.034482758620689 11.615384615384617 9.214285714285715 9.16 10.925925925925926
10.551724137931036 9.307692307692308 9.071428571428571 9.520000000000001 9.185185185185185
9.379310344827587 10.461538461538462 10.178571428571429 10.4 10.25925925925926
11.413793103448276 9.115384615384615 9.5 10.88 10.333333333333334
8.96551724137931 14.961538461538462 16.642857142857142 11.08 9.777777777777777
9.689655172413794 11.153846153846153 10.357142857142856 10.72 10.925925925925926
10.482758620689657 10.846153846153845 9.357142857142858 11.4 9.666666666666668
9.86206896551724 9.692307692307693 10.214285714285714 10.4 9.925925925925927
9.448275862068966 10.884615384615385 10.321428571428571 10.84 9.333333333333334
11.448275862068966 10.576923076923077 10.535714285714285 11.08 10.666666666666666
11.344827586206897 8.653846153846155 11.178571428571429 9.799999999999999 9.444444444444445
10.310344827586206 10.23076923076923 10.821428571428573 9.92 9.851851851851851
9.965517241379311 10.5 11.142857142857144 10.16 9.962962962962964
10.344827586206897 10.346153846153847 11.428571428571429 10.4 10.25925925925926
11.172413793103448 10.923076923076923 10.821428571428573 11.0 11.444444444444445
11.172413793103448 17.961538461538463 18.0 10.24 9.592592592592592
10.379310344827585 16.23076923076923 19.214285714285715 11.68 9.407407407407408
10.482758620689657 17.923076923076923 16.46428571428571 10.88 9.888888888888888
10.827586206896552 15.730769230769232 17.78571428571429 10.84 8.962962962962962
10.724137931034482 16.692307692307693 17.535714285714285 11.16 8.518518518518519
9.620689655172415 16.961538461538463 18.92857142857143 9.32 8.74074074074074
10.655172413793103 18.076923076923077 18.464285714285715 11.28 10.37037037037037
9.448275862068966 17.461538461538463 16.892857142857142 12.120000000000001 10.037037037037036
10.068965517241379 17.076923076923077 17.035714285714285 10.28 8.814814814814815
9.965517241379311 16.307692307692307 19.17857142857143 10.44 9.25925925925926
10.03448275862069 16.03846153846154 18.28571428571429 10.8 8.148148148148147
9.620689655172415 17.153846153846153 16.892857142857142 10.36 9.481481481481481
10.310344827586206 15.692307692307693 17.821428571428573 10.52 9.0
11.517241379310345 17.653846153846157 17.5 11.719999999999999 9.25925925925926
10.172413793103447 17.5 17.357142857142854 9.68 10.074074074074074
10.89655172413793 17.384615384615383 16.46428571428571 11.32 8.037037037037036
10.310344827586206 14.807692307692308 18.5 10.76 9.851851851851851
10.517241379310345 17.615384615384617 17.75 11.16 9.37037037037037
9.965517241379311 18.192307692307693 16.785714285714285 9.84 9.962962962962964
9.793103448275861 15.807692307692307 17.67857142857143 10.08 8.518518518518519
9.758620689655173 17.73076923076923 18.785714285714285 10.44 9.444444444444445
8.448275862068964 16.846153846153847 17.285714285714285 10.16 8.555555555555555
10.206896551724139 18.576923076923077 19.107142857142858 11.719999999999999 10.037037037037036
10.482758620689657 16.53846153846154 16.75 11.6 9.925925925925927
9.586206896551724 17.26923076923077 16.535714285714285 10.16 9.25925925925926
10.379310344827585 17.884615384615383 17.821428571428573 11.16 8.481481481481483
9.827586206896552 17.23076923076923 16.357142857142858 11.0 9.037037037037038
10.758620689655173 16.384615384615383 18.142857142857142 10.88 9.407407407407408
9.758620689655173 18.423076923076923 18.214285714285715 10.88 8.222222222222223
9.86206896551724 16.846153846153847 17.714285714285715 9.84 9.888888888888888
11.10344827586207 16.807692307692307 18.464285714285715 11.719999999999999 9.888888888888888
10.137931034482758 17.423076923076923 17.964285714285715 9.68 9.592592592592592
10.413793103448276 17.19230769230769 17.892857142857146 10.64 8.444444444444443
9.586206896551724 17.153846153846153 17.5 10.16 9.074074074074074
10.310344827586206 17.461538461538463 19.142857142857142 10.44 8.481481481481483
10.344827586206897 19.230769230769234 17.67857142857143 10.92 9.148148148148149
9.896551724137932 17.615384615384617 17.25 9.799999999999999 9.185185185185185
9.206896551724137 17.153846153846153 17.285714285714285 10.36 8.481481481481483
9.379310344827587 17.26923076923077 18.28571428571429 9.68 10.777777777777779
10.517241379310345 16.923076923076923 16.5 11.16 9.74074074074074
10.482758620689657 17.846153846153847 17.67857142857143 9.76 10.666666666666666
10.068965517241379 18.96153846153846 17.964285714285715 10.84 9.444444444444445
10.586206896551724 17.153846153846153 18.107142857142858 10.200000000000001 9.962962962962964
10.448275862068964 17.461538461538463 18.17857142857143 10.36 9.444444444444445
9.758620689655173 18.692307692307693 15.642857142857142 11.32 9.74074074074074
10.344827586206897 18.0 17.714285714285715 8.959999999999999 8.814814814814815
10.03448275862069 17.538461538461537 18.357142857142858 10.84 8.518518518518519
10.241379310344827 17.26923076923077 16.46428571428571 9.56 9.814814814814815
11.241379310344827 17.26923076923077 18.607142857142858 9.92 9.851851851851851
10.517241379310345 17.19230769230769 16.928571428571427 9.4 8.592592592592593
9.586206896551724 15.692307692307693 18.107142857142858 10.36 10.555555555555555
10.689655172413792 16.76923076923077 16.142857142857142 9.36 9.11111111111111
9.137931034482758 18.23076923076923 17.07142857142857 11.48 8.74074074074074
10.068965517241379 17.0 17.607142857142858 11.520000000000001 10.037037037037036
9.206896551724137 15.846153846153847 18.714285714285715 10.36 9.592592592592592
9.172413793103448 17.076923076923077 16.0 10.28 9.592592592592592
10.10344827586207 17.26923076923077 16.785714285714285 10.28 9.333333333333334
10.206896551724139 17.384615384615383 18.25 12.040000000000001 9.037037037037038
10.172413793103447 16.46153846153846 19.714285714285715 9.799999999999999 9.777777777777777
10.172413793103447 16.73076923076923 17.21428571428571 9.68 9.962962962962964
10.655172413793103 17.346153846153843 18.0 10.040000000000001 9.703703703703704
9.344827586206897 18.0 17.178571428571427 10.24 9.148148148148149
9.965517241379311 15.923076923076922 18.392857142857142 10.200000000000001 9.074074074074074
9.0 17.76923076923077 16.428571428571427 10.72 10.148148148148147
9.586206896551724 17.346153846153843 18.25 9.24 10.37037037037037
9.931034482758621 16.961538461538463 17.57142857142857 10.4 10.148148148148147
10.482758620689657 17.923076923076923 16.892857142857142 9.799999999999999 9.185185185185185
10.068965517241379 17.69230769230769 17.392857142857142 11.28 10.074074074074074
9.413793103448276 16.307692307692307 18.17857142857143 11.520000000000001 9.0
10.344827586206897 18.384615384615383 18.607142857142858 11.719999999999999 9.11111111111111
10.137931034482758 17.923076923076923 17.78571428571429 11.76 9.555555555555555
10.310344827586206 17.384615384615383 18.892857142857142 10.84 10.333333333333334
9.137931034482758 18.0 18.142857142857142 12.16 9.62962962962963
10.206896551724139 16.5 18.357142857142858 11.96 7.851851851851851
10.413793103448276 18.26923076923077 17.21428571428571 11.2 9.037037037037038
11.06896551724138 17.576923076923077 17.0 10.28 10.518518518518519
10.551724137931036 16.653846153846153 17.535714285714285 10.959999999999999 10.851851851851853
10.0 17.76923076923077 18.714285714285715 10.88 9.925925925925927
10.655172413793103 17.538461538461537 17.821428571428573 12.28 9.11111111111111
9.793103448275861 16.76923076923077 16.07142857142857 11.84 7.9259259259259265
9.448275862068966 16.961538461538463 16.32142857142857 10.64 8.555555555555555
10.413793103448276 17.384615384615383 18.0 11.16 9.481481481481481
10.206896551724139 17.5 16.857142857142858 12.200000000000001 8.851851851851851
10.96551724137931 16.923076923076923 17.78571428571429 10.319999999999999 9.074074074074074
9.827586206896552 16.115384615384613 17.46428571428571 11.719999999999999 8.407407407407407
10.96551724137931 17.961538461538463 18.785714285714285 10.8 8.925925925925926
9.86206896551724 18.384615384615383 17.75 11.08 9.333333333333334
9.586206896551724 17.30769230769231 17.46428571428571 9.92 9.481481481481481
9.413793103448276 18.23076923076923 17.642857142857146 10.48 9.962962962962964
10.413793103448276 17.076923076923077 18.0 10.68 9.0
10.655172413793103 16.923076923076923 16.07142857142857 10.64 8.0
9.10344827586207 17.961538461538463 17.5 11.96 10.333333333333334
8.89655172413793 15.692307692307693 17.892857142857146 11.24 9.444444444444445
10.068965517241379 18.23076923076923 18.071428571428573 10.16 8.62962962962963
9.931034482758621 17.153846153846153 16.71428571428571 11.04 9.037037037037038
9.448275862068966 19.115384615384613 18.107142857142858 11.24 10.703703703703702
10.0 17.846153846153847 20.428571428571427 10.36 9.666666666666668
9.551724137931034 17.30769230769231 17.92857142857143 11.08 9.925925925925927
10.827586206896552 19.192307692307693 19.464285714285715 11.04 9.592592592592592
