32634.000 -0.500 -0.500
32635.000 -0.500 -0.444
32636.000 -0.500 -0.389
32637.000 -0.500 -0.333
32638.000 -0.500 -0.278
32639.000 -0.500 -0.222
32640.000 -0.500 -0.167
32641.000 -0.500 -0.111
32642.000 -0.500 -0.056
32643.000 -0.500 0.000
32644.000 -0.500 0.056
32645.000 -0.500 0.111
32646.000 -0.500 0.167
32647.000 -0.500 0.222
32648.000 -0.500 0.278
32649.000 -0.500 0.333
32650.000 -0.500 0.389
32651.000 -0.500 0.444
32652.000 -0.444 -0.500
32653.000 -0.444 -0.444
32654.000 -0.444 -0.389
32655.000 -0.444 -0.333
32656.000 -0.444 -0.278
32657.000 -0.444 -0.222
32658.000 -0.444 -0.167
32659.000 -0.444 -0.111
32660.000 -0.444 -0.056
32661.000 -0.444 0.000
32662.000 -0.444 0.056
32663.000 -0.444 0.222
32664.000 -0.444 0.333
32665.000 -0.444 0.389
32666.000 -0.444 0.444
32667.000 -0.389 -0.500
32668.000 -0.389 -0.444
32669.000 -0.389 -0.389
32670.000 -0.389 -0.333
32671.000 -0.389 -0.278
32672.000 -0.389 -0.222
32673.000 -0.389 -0.167
32674.000 -0.389 -0.111
32675.000 -0.389 -0.056
32676.000 -0.389 0.000
32677.000 -0.389 0.056
32678.000 -0.389 0.111
32679.000 -0.389 0.167
32680.000 -0.389 0.222
32681.000 -0.389 0.278
32682.000 -0.389 0.333
32683.000 -0.389 0.444
32684.000 -0.333 -0.500
32685.000 -0.333 -0.444
32686.000 -0.333 -0.333
32687.000 -0.333 -0.278
32688.000 -0.333 -0.222
32689.000 -0.333 -0.167
32690.000 -0.333 -0.111
32691.000 -0.333 -0.056
32692.000 -0.333 0.000
32693.000 -0.333 0.056
32694.000 -0.333 0.111
32695.000 -0.333 0.167
32696.000 -0.333 0.222
32697.000 -0.333 0.278
32698.000 -0.333 0.333
32699.000 -0.333 0.389
32700.000 -0.333 0.444
32701.000 -0.278 -0.500
32702.000 -0.278 -0.444
32703.000 -0.278 -0.389
32704.000 -0.278 -0.333
32705.000 -0.278 -0.278
32706.000 -0.278 -0.222
32707.000 -0.278 -0.167
32708.000 -0.278 -0.111
32709.000 -0.278 -0.056
32710.000 -0.278 0.000
32711.000 -0.278 0.056
32712.000 -0.278 0.111
32713.000 -0.278 0.167
32714.000 -0.278 0.222
32715.000 -0.278 0.278
32716.000 -0.278 0.333
32717.000 -0.278 0.389
32718.000 -0.278 0.444
32719.000 -0.222 -0.500
32720.000 -0.222 -0.444
32721.000 -0.222 -0.389
32722.000 -0.222 -0.333
32723.000 -0.222 -0.278
32724.000 -0.222 -0.222
32725.000 -0.222 -0.167
32726.000 -0.222 -0.111
32727.000 -0.222 -0.056
32728.000 -0.222 0.000
32729.000 -0.222 0.056
32730.000 -0.222 0.111
32731.000 -0.222 0.167
32732.000 -0.222 0.222
32733.000 -0.222 0.278
32734.000 -0.222 0.333
32735.000 -0.222 0.389
32736.000 -0.222 0.444
32737.000 -0.167 -0.500
32738.000 -0.167 -0.444
32739.000 -0.167 -0.389
32740.000 -0.167 -0.333
32741.000 -0.167 -0.278
32742.000 -0.167 -0.222
32743.000 -0.167 -0.111
32744.000 -0.167 -0.056
32745.000 -0.167 0.000
32746.000 -0.167 0.056
32747.000 -0.167 0.111
32748.000 -0.167 0.167
32749.000 -0.167 0.222
32750.000 -0.167 0.333
32751.000 -0.167 0.444
32752.000 -0.111 -0.500
32753.000 -0.111 -0.444
32754.000 -0.111 -0.389
32755.000 -0.111 -0.333
32756.000 -0.111 -0.278
32757.000 -0.111 -0.222
32758.000 -0.111 -0.167
32759.000 -0.111 -0.111
32760.000 -0.111 -0.056
32761.000 -0.111 0.000
32762.000 -0.111 0.056
32763.000 -0.111 0.111
32764.000 -0.111 0.167
32765.000 -0.111 0.222
32766.000 -0.111 0.278
32767.000 -0.111 0.333
32768.000 -0.111 0.389
32769.000 -0.111 0.444
32770.000 -0.056 -0.500
32771.000 -0.056 -0.444
32772.000 -0.056 -0.389
32773.000 -0.056 -0.333
32774.000 -0.056 -0.278
32775.000 -0.056 -0.222
32776.000 -0.056 -0.167
32777.000 -0.056 -0.111
32778.000 -0.056 -0.056
32779.000 -0.056 0.000
32780.000 -0.056 0.056
32781.000 -0.056 0.111
32782.000 -0.056 0.167
32783.000 -0.056 0.222
32784.000 -0.056 0.278
32785.000 -0.056 0.333
32786.000 -0.056 0.389
32787.000 -0.056 0.444
32788.000 0.000 -0.500
32789.000 0.000 -0.333
32790.000 0.000 -0.278
32791.000 0.000 -0.222
32792.000 0.000 -0.167
32793.000 0.000 -0.111
32794.000 0.000 -0.056
32795.000 0.000 0.000
32796.000 0.000 0.056
32797.000 0.000 0.111
32798.000 0.000 0.167
32799.000 0.000 0.222
32800.000 0.000 0.278
32801.000 0.000 0.333
32802.000 0.000 0.389
32803.000 0.000 0.444
32804.000 0.056 -0.500
32805.000 0.056 -0.444
32806.000 0.056 -0.333
32807.000 0.056 -0.278
32808.000 0.056 -0.222
32809.000 0.056 -0.167
32810.000 0.056 -0.111
32811.000 0.056 -0.056
32812.000 0.056 0.000
32813.000 0.056 0.056
32814.000 0.056 0.111
32815.000 0.056 0.167
32816.000 0.056 0.222
32817.000 0.056 0.278
32818.000 0.056 0.333
32819.000 0.056 0.389
32820.000 0.056 0.444
32821.000 0.111 -0.500
32822.000 0.111 -0.444
32823.000 0.111 -0.389
32824.000 0.111 -0.278
32825.000 0.111 -0.222
32826.000 0.111 -0.167
32827.000 0.111 -0.111
32828.000 0.111 -0.056
32829.000 0.111 0.000
32830.000 0.111 0.056
32831.000 0.111 0.111
32832.000 0.111 0.222
32833.000 0.111 0.278
32834.000 0.111 0.333
32835.000 0.111 0.389
32836.000 0.111 0.444
32837.000 0.167 -0.500
32838.000 0.167 -0.444
32839.000 0.167 -0.389
32840.000 0.167 -0.333
32841.000 0.167 -0.278
32842.000 0.167 -0.222
32843.000 0.167 -0.167
32844.000 0.167 -0.056
32845.000 0.167 0.000
32846.000 0.167 0.056
32847.000 0.167 0.111
32848.000 0.167 0.167
32849.000 0.167 0.222
32850.000 0.167 0.278
32851.000 0.167 0.333
32852.000 0.167 0.389
32853.000 0.167 0.444
32854.000 0.222 -0.500
32855.000 0.222 -0.444
32856.000 0.222 -0.389
32857.000 0.222 -0.333
32858.000 0.222 -0.222
32859.000 0.222 -0.167
32860.000 0.222 -0.111
32861.000 0.222 -0.056
32862.000 0.222 0.000
32863.000 0.222 0.056
32864.000 0.222 0.111
32865.000 0.222 0.167
32866.000 0.222 0.222
32867.000 0.222 0.278
32868.000 0.222 0.333
32869.000 0.222 0.389
32870.000 0.222 0.444
32871.000 0.278 -0.500
32872.000 0.278 -0.444
32873.000 0.278 -0.389
32874.000 0.278 -0.333
32875.000 0.278 -0.278
32876.000 0.278 -0.222
32877.000 0.278 -0.167
32878.000 0.278 -0.111
32879.000 0.278 -0.056
32880.000 0.278 0.000
32881.000 0.278 0.056
32882.000 0.278 0.111
32883.000 0.278 0.222
32884.000 0.278 0.278
32885.000 0.278 0.389
32886.000 0.278 0.444
32887.000 0.333 -0.500
32888.000 0.333 -0.389
32889.000 0.333 -0.333
32890.000 0.333 -0.278
32891.000 0.333 -0.222
32892.000 0.333 -0.167
32893.000 0.333 -0.111
32894.000 0.333 -0.056
32895.000 0.333 0.000
32896.000 0.333 0.056
32897.000 0.333 0.111
32898.000 0.333 0.167
32899.000 0.333 0.222
32900.000 0.333 0.278
32901.000 0.333 0.333
32902.000 0.389 -0.500
32903.000 0.389 -0.444
32904.000 0.389 -0.389
32905.000 0.389 -0.333
32906.000 0.389 -0.278
32907.000 0.389 -0.167
32908.000 0.389 -0.111
32909.000 0.389 -0.056
32910.000 0.389 0.056
32911.000 0.389 0.111
32912.000 0.389 0.167
32913.000 0.389 0.222
32914.000 0.389 0.278
32915.000 0.389 0.333
32916.000 0.389 0.389
32917.000 0.389 0.444
32918.000 0.444 -0.500
32919.000 0.444 -0.444
32920.000 0.444 -0.389
32921.000 0.444 -0.333
32922.000 0.444 -0.278
32923.000 0.444 -0.222
32924.000 0.444 -0.167
32925.000 0.444 -0.111
32926.000 0.444 -0.056
32927.000 0.444 0.000
32928.000 0.444 0.111
32929.000 0.444 0.167
32930.000 0.444 0.222
32931.000 0.444 0.278
32932.000 0.444 0.333
32933.000 0.444 0.389
