0.0013831258644536654 0.13958333333333334 0.04093959731543624 0.0007225433526011561 0.0007342143906020558
0.0006915629322268327 0.11666666666666667 0.06577181208053691 0.0007225433526011561 0.0
0.0013831258644536654 0.14166666666666666 0.052348993288590606 0.0 0.0
0.0006915629322268327 0.12152777777777778 0.05100671140939597 0.0 0.0
0.0 0.16597222222222222 0.05771812080536912 0.0007225433526011561 0.0
0.0006915629322268327 0.15625 0.04496644295302013 0.0 0.0
0.0006915629322268327 0.1375 0.06577181208053691 0.0007225433526011561 0.0
0.0013831258644536654 0.14027777777777778 0.05906040268456376 0.0007225433526011561 0.0
0.0013831258644536654 0.16805555555555557 0.04832214765100671 0.0021676300578034684 0.0
0.003457814661134163 0.175 0.05503355704697987 0.0014450867052023123 0.0
0.0013831258644536654 0.11805555555555557 0.052348993288590606 0.0007225433526011561 0.0
0.0 0.13958333333333334 0.0436241610738255 0.0 0.0
0.003457814661134163 0.1513888888888889 0.05100671140939597 0.0 0.0
0.0006915629322268327 0.16666666666666666 0.03758389261744966 0.0 0.0
0.0013831258644536654 0.17152777777777778 0.062416107382550344 0.0007225433526011561 0.0
0.0013831258644536654 0.19444444444444442 0.06375838926174497 0.0 0.0
0.002074688796680498 0.1673611111111111 0.05167785234899329 0.0014450867052023123 0.0
0.0006915629322268327 0.12847222222222224 0.05838926174496645 0.0 0.0
0.0 0.1798611111111111 0.06979865771812081 0.0 0.0
0.0 0.15833333333333333 0.06308724832214765 0.0 0.0
0.0027662517289073307 0.19305555555555556 0.056375838926174496 0.0007225433526011561 0.0007342143906020558
0.0006915629322268327 0.16041666666666668 0.05100671140939597 0.0021676300578034684 0.0
0.0006915629322268327 0.2013888888888889 0.050335570469798654 0.0 0.0
0.0006915629322268327 0.175 0.05503355704697987 0.0 0.0
0.004149377593360996 0.18055555555555555 0.0651006711409396 0.0007225433526011561 0.0
0.0006915629322268327 0.1625 0.05436241610738255 0.0007225433526011561 0.0
0.0013831258644536654 0.17222222222222222 0.05100671140939597 0.0 0.0
0.0013831258644536654 0.1875 0.059731543624161075 0.0 0.0
0.0013831258644536654 0.15416666666666665 0.05906040268456376 0.0007225433526011561 0.0
0.0013831258644536654 0.14166666666666666 0.04429530201342282 0.0 0.0
0.002074688796680498 0.19652777777777777 0.05704697986577181 0.0 0.0
0.0027662517289073307 0.18194444444444446 0.05771812080536912 0.0014450867052023123 0.0
0.003457814661134163 0.18958333333333333 0.05100671140939597 0.0 0.0
0.0027662517289073307 0.18333333333333335 0.04697986577181208 0.0 0.0
0.0027662517289073307 0.2048611111111111 0.053691275167785234 0.0 0.0
0.0 0.2125 0.04563758389261745 0.0007225433526011561 0.0
0.002074688796680498 0.18888888888888888 0.06711409395973154 0.0014450867052023123 0.0
0.0006915629322268327 0.22222222222222224 0.06040268456375839 0.0 0.0
0.002074688796680498 0.1951388888888889 0.05704697986577181 0.0 0.0
0.0027662517289073307 0.1875 0.06174496644295302 0.0007225433526011561 0.0
0.0 0.24583333333333332 0.05302013422818792 0.0 0.0
0.0013831258644536654 0.23055555555555554 0.0738255033557047 0.0007225433526011561 0.0
0.0013831258644536654 0.23194444444444445 0.05771812080536912 0.0014450867052023123 0.0
0.0013831258644536654 0.26875 0.05570469798657718 0.0 0.0007342143906020558
0.002074688796680498 0.25277777777777777 0.06174496644295302 0.0007225433526011561 0.0
0.0013831258644536654 0.24444444444444444 0.05570469798657718 0.0 0.0
0.0006915629322268327 0.24583333333333332 0.052348993288590606 0.0014450867052023123 0.0
0.0013831258644536654 0.2791666666666667 0.06912751677852348 0.0014450867052023123 0.0
0.0 0.2881944444444444 0.05838926174496645 0.0 0.0
0.0027662517289073307 0.2909722222222222 0.06912751677852348 0.0014450867052023123 0.0
0.0013831258644536654 0.26805555555555555 0.05436241610738255 0.0014450867052023123 0.0
0.002074688796680498 0.31180555555555556 0.04899328859060403 0.0 0.0
0.0 0.2875 0.06979865771812081 0.0 0.0007342143906020558
0.0006915629322268327 0.27708333333333335 0.05436241610738255 0.0 0.0
0.002074688796680498 0.31875000000000003 0.06912751677852348 0.0014450867052023123 0.0
0.002074688796680498 0.2965277777777778 0.052348993288590606 0.0007225433526011561 0.0
0.002074688796680498 0.2861111111111111 0.07248322147651007 0.0 0.0
0.0 0.29027777777777775 0.07785234899328859 0.0007225433526011561 0.0
0.0006915629322268327 0.3083333333333333 0.06442953020134227 0.0 0.0
0.0 0.37916666666666665 0.07114093959731543 0.0007225433526011561 0.0
0.002074688796680498 0.3236111111111111 0.05436241610738255 0.0007225433526011561 0.0
0.002074688796680498 0.36458333333333337 0.08120805369127516 0.0 0.0
0.0027662517289073307 0.34375 0.06577181208053691 0.0 0.0
0.0013831258644536654 0.4145833333333333 0.08389261744966442 0.0007225433526011561 0.0
0.0013831258644536654 0.3694444444444444 0.07852348993288591 0.0014450867052023123 0.0
0.0013831258644536654 0.3729166666666667 0.061073825503355696 0.0 0.0
0.0006915629322268327 0.375 0.06912751677852348 0.0 0.0007342143906020558
0.0 0.38333333333333336 0.07114093959731543 0.0007225433526011561 0.0
0.004149377593360996 0.40555555555555556 0.08120805369127516 0.0 0.0
0.002074688796680498 0.4041666666666667 0.08993288590604026 0.0 0.0
0.0006915629322268327 0.41041666666666665 0.07785234899328859 0.0007225433526011561 0.0
0.002074688796680498 0.4520833333333333 0.08187919463087248 0.0 0.0
0.0013831258644536654 0.45555555555555555 0.087248322147651 0.0014450867052023123 0.0
0.002074688796680498 0.4451388888888889 0.06845637583892618 0.0007225433526011561 0.0
0.0013831258644536654 0.46875 0.06979865771812081 0.0007225433526011561 0.0
0.002074688796680498 0.4361111111111111 0.07651006711409396 0.0007225433526011561 0.0
0.0006915629322268327 0.46944444444444444 0.07852348993288591 0.0007225433526011561 0.0
0.002074688796680498 0.48680555555555555 0.0865771812080537 0.0021676300578034684 0.0
0.0013831258644536654 0.44722222222222224 0.08389261744966442 0.0 0.0
0.0006915629322268327 0.5166666666666667 0.08523489932885905 0.0007225433526011561 0.0
0.0013831258644536654 0.5152777777777778 0.08120805369127516 0.0 0.0
0.005532503457814661 0.5236111111111111 0.09060402684563759 0.0007225433526011561 0.0
0.003457814661134163 0.525 0.08993288590604026 0.0 0.0
0.0027662517289073307 0.5861111111111111 0.08523489932885905 0.0007225433526011561 0.0
0.0006915629322268327 0.5520833333333334 0.09798657718120805 0.0007225433526011561 0.0
0.004149377593360996 0.5854166666666667 0.10134228187919464 0.0 0.0
0.0013831258644536654 0.5743055555555555 0.09731543624161074 0.0 0.0
0.002074688796680498 0.6041666666666667 0.1167785234899329 0.0007225433526011561 0.0007342143906020558
0.0 0.6104166666666666 0.08791946308724832 0.0 0.0
0.0013831258644536654 0.6048611111111112 0.11006711409395974 0.0 0.0
0.0013831258644536654 0.6777777777777778 0.09798657718120805 0.0014450867052023123 0.0
0.002074688796680498 0.6576388888888889 0.13355704697986576 0.0 0.0
0.003457814661134163 0.6819444444444445 0.12751677852348994 0.0007225433526011561 0.0
0.004149377593360996 0.6708333333333333 0.1342281879194631 0.0021676300578034684 0.0
0.0006915629322268327 0.7041666666666666 0.1087248322147651 0.0007225433526011561 0.0007342143906020558
0.002074688796680498 0.7097222222222223 0.12214765100671139 0.0007225433526011561 0.0
0.0013831258644536654 0.7354166666666666 0.11610738255033558 0.0 0.0007342143906020558
0.0006915629322268327 0.7159722222222222 0.12483221476510069 0.0 0.0
0.0006915629322268327 0.7458333333333333 0.1174496644295302 0.0007225433526011561 0.0
0.0013831258644536654 0.7743055555555556 0.12080536912751678 0.0014450867052023123 0.0
0.002074688796680498 0.7875 0.12818791946308725 0.0 0.0007342143906020558
0.0 0.06597222222222221 0.0 0.0 0.0
0.0006915629322268327 0.05972222222222222 0.0 0.0 0.0
0.0006915629322268327 0.05972222222222222 0.0 0.0 0.0
0.0 0.06805555555555555 0.0 0.0007225433526011561 0.0
0.0006915629322268327 0.7826388888888889 0.12818791946308725 0.0007225433526011561 0.0007342143906020558
0.0 0.06597222222222221 0.0006711409395973154 0.0 0.0
0.0 0.05694444444444444 0.0 0.0007225433526011561 0.0014684287812041115
0.0006915629322268327 0.0638888888888889 0.0 0.0 0.0
0.0006915629322268327 0.06041666666666667 0.0 0.0 0.0
0.0006915629322268327 0.6006944444444445 0.2342281879194631 0.0028901734104046246 0.0
0.0 0.06319444444444444 0.0 0.0 0.0007342143906020558
0.0 0.06527777777777778 0.0 0.0 0.0
0.0 0.05972222222222222 0.0 0.0 0.0007342143906020558
0.0 0.0638888888888889 0.0 0.0 0.0
0.0 0.8069444444444445 0.14899328859060404 0.0 0.0
0.0 0.06805555555555555 0.0 0.0 0.0
0.0 0.0638888888888889 0.0006711409395973154 0.0 0.0
0.0 0.06319444444444444 0.0 0.0 0.0
0.0 0.06180555555555556 0.0006711409395973154 0.0 0.0
0.0 0.5736111111111111 0.26174496644295303 0.0007225433526011561 0.0
0.0006915629322268327 0.057638888888888885 0.0 0.0 0.0007342143906020558
0.0 0.06180555555555556 0.0 0.0007225433526011561 0.0
0.0 0.06875 0.0 0.0 0.0
0.0 0.06736111111111111 0.0 0.0 0.0007342143906020558
0.0 0.07222222222222222 0.0 0.0007225433526011561 0.0
0.0 0.05694444444444444 0.0 0.0 0.0
0.0 0.06458333333333334 0.0006711409395973154 0.0 0.0
0.0 0.06944444444444445 0.0 0.0 0.0
0.0 0.0638888888888889 0.0 0.0007225433526011561 0.0
0.0 0.05694444444444444 0.0006711409395973154 0.0 0.0
0.0 0.6062500000000001 0.23154362416107382 0.0028901734104046246 0.0
0.0006915629322268327 0.5923611111111111 0.23825503355704697 0.0014450867052023123 0.0007342143906020558
0.0006915629322268327 0.5777777777777777 0.24295302013422818 0.0007225433526011561 0.0
0.0 0.6062500000000001 0.2342281879194631 0.0014450867052023123 0.0
0.0 0.5715277777777777 0.2644295302013423 0.0014450867052023123 0.0
0.0006915629322268327 0.5881944444444445 0.2120805369127517 0.0 0.0
0.0006915629322268327 0.5694444444444444 0.25973154362416107 0.0021676300578034684 0.0
0.0013831258644536654 0.6020833333333334 0.2389261744966443 0.0 0.0
0.0006915629322268327 0.5736111111111111 0.24496644295302014 0.0007225433526011561 0.0
0.0006915629322268327 0.5701388888888889 0.29194630872483224 0.0036127167630057803 0.0007342143906020558
0.0 0.6027777777777779 0.2892617449664429 0.0021676300578034684 0.0
0.0 0.5812499999999999 0.22818791946308725 0.0007225433526011561 0.0
0.0 0.5534722222222223 0.24563758389261747 0.0028901734104046246 0.0
0.0 0.5645833333333334 0.26644295302013427 0.0 0.0007342143906020558
0.0006915629322268327 0.59375 0.28456375838926173 0.0014450867052023123 0.0
0.0006915629322268327 0.5777777777777777 0.28053691275167786 0.0014450867052023123 0.0
0.0 0.5597222222222222 0.2684563758389262 0.0007225433526011561 0.0
0.002074688796680498 0.5819444444444444 0.3208053691275168 0.0014450867052023123 0.0
0.0006915629322268327 0.5972222222222222 0.32818791946308723 0.0007225433526011561 0.0
0.0 0.5763888888888888 0.35436241610738256 0.004335260115606937 0.0
0.0 0.5770833333333333 0.3006711409395973 0.0014450867052023123 0.0
0.0 0.5465277777777778 0.3416107382550336 0.0014450867052023123 0.0
0.0 0.5736111111111111 0.3838926174496644 0.0021676300578034684 0.0
0.0 0.5777777777777777 0.37852348993288587 0.0014450867052023123 0.0007342143906020558
0.0 0.5576388888888889 0.38993288590604025 0.0021676300578034684 0.0
0.0006915629322268327 0.5611111111111111 0.4228187919463087 0.0036127167630057803 0.0
0.0 0.5604166666666667 0.4348993288590604 0.0014450867052023123 0.0
0.0006915629322268327 0.5673611111111111 0.4664429530201342 0.0007225433526011561 0.0
0.0013831258644536654 0.5909722222222222 0.4583892617449664 0.0021676300578034684 0.0
0.0013831258644536654 0.5576388888888889 0.5120805369127517 0.0014450867052023123 0.0
0.0006915629322268327 0.579861111111111 0.5375838926174497 0.0028901734104046246 0.0
0.0 0.5763888888888888 0.5483221476510067 0.0014450867052023123 0.0
0.0 0.5527777777777778 0.5859060402684564 0.0007225433526011561 0.0
0.0013831258644536654 0.5444444444444444 0.6127516778523491 0.0007225433526011561 0.0
0.0 0.5826388888888889 0.623489932885906 0.0028901734104046246 0.0
0.0006915629322268327 0.5576388888888889 0.6496644295302013 0.0007225433526011561 0.0
0.0013831258644536654 0.5701388888888889 0.6838926174496643 0.0021676300578034684 0.0
0.0013831258644536654 0.5923611111111111 0.7570469798657717 0.0021676300578034684 0.0
0.0 0.5923611111111111 0.7624161073825504 0.0021676300578034684 0.0
0.0013831258644536654 0.5368055555555555 0.7630872483221477 0.0007225433526011561 0.0
0.0006915629322268327 0.5701388888888889 0.8194630872483222 0.0007225433526011561 0.0
0.0013831258644536654 0.5951388888888889 0.8570469798657718 0.0007225433526011561 0.0
0.0 0.5729166666666666 0.9308724832214765 0.0014450867052023123 0.0
0.0 0.5520833333333334 0.9604026845637584 0.0007225433526011561 0.0
0.0013831258644536654 0.5833333333333334 1.0181208053691275 0.004335260115606937 0.0
0.0 0.5506944444444445 1.0107382550335569 0.0007225433526011561 0.0
0.0 0.5583333333333333 1.1140939597315436 0.0007225433526011561 0.0
0.0006915629322268327 0.5555555555555556 1.0845637583892618 0.0 0.0
0.0006915629322268327 0.5465277777777778 1.1503355704697986 0.0014450867052023123 0.0
0.0006915629322268327 0.5569444444444445 1.2161073825503355 0.0021676300578034684 0.0
0.0006915629322268327 0.5708333333333333 1.1979865771812082 0.0 0.0
0.0 0.5763888888888888 1.202013422818792 0.0028901734104046246 0.0007342143906020558
0.0 0.5590277777777778 1.2879194630872481 0.0028901734104046246 0.0
0.0006915629322268327 0.5631944444444444 1.2939597315436242 0.0014450867052023123 0.0
0.0 0.5708333333333333 1.2328859060402684 0.0014450867052023123 0.0
0.0006915629322268327 0.5555555555555556 1.2503355704697985 0.0 0.0
0.0 0.5590277777777778 1.3033557046979865 0.0014450867052023123 0.0
0.0013831258644536654 0.5458333333333333 1.3248322147651006 0.0014450867052023123 0.0
0.0 0.5229166666666667 1.2281879194630871 0.0028901734104046246 0.0
0.0 0.55 1.2691275167785234 0.0014450867052023123 0.0
0.0 0.5472222222222223 1.2456375838926175 0.0021676300578034684 0.0007342143906020558
0.0013831258644536654 0.5326388888888889 1.3080536912751677 0.0007225433526011561 0.0
0.0006915629322268327 0.5840277777777778 1.3845637583892616 0.0007225433526011561 0.0
0.0 0.575 1.3496644295302014 0.0021676300578034684 0.0007342143906020558
0.002074688796680498 0.5659722222222223 1.3912751677852349 0.0014450867052023123 0.0
0.0 0.5409722222222222 1.3738255033557047 0.0021676300578034684 0.0
0.0 0.5819444444444444 1.3865771812080536 0.0 0.0
0.0006915629322268327 0.575 1.361744966442953 0.0014450867052023123 0.0
0.0006915629322268327 0.5618055555555556 1.3134228187919461 0.0036127167630057803 0.0
0.002074688796680498 0.5805555555555555 1.3671140939597315 0.0014450867052023123 0.0
0.0 0.5583333333333333 1.2966442953020134 0.0007225433526011561 0.0
0.0 0.5729166666666666 1.4436241610738254 0.0036127167630057803 0.0
0.0 0.5673611111111111 1.421476510067114 0.0014450867052023123 0.0
0.0 0.5673611111111111 1.4248322147651007 0.0021676300578034684 0.0
0.0 0.5861111111111111 1.4120805369127516 0.0007225433526011561 0.0
0.0006915629322268327 0.5534722222222223 1.3919463087248323 0.0014450867052023123 0.0
0.0 0.5812499999999999 1.3724832214765101 0.0014450867052023123 0.0
0.0006915629322268327 0.5291666666666667 1.4275167785234901 0.0021676300578034684 0.0
0.0 0.5694444444444444 1.4442953020134228 0.0 0.0
0.0027662517289073307 0.5458333333333333 1.406040268456376 0.0021676300578034684 0.0
0.0013831258644536654 0.5930555555555556 1.4228187919463087 0.0021676300578034684 0.0
0.0006915629322268327 0.5972222222222222 1.3993288590604027 0.0021676300578034684 0.0
0.0006915629322268327 0.54375 1.4604026845637583 0.0014450867052023123 0.0
0.0006915629322268327 0.5625 1.4046979865771811 0.0014450867052023123 0.0
0.0 0.5625 1.412751677852349 0.0007225433526011561 0.0
0.0013831258644536654 0.54375 1.3758389261744965 0.0014450867052023123 0.0
0.0006915629322268327 0.5631944444444444 1.4664429530201342 0.0 0.0
0.0 0.55 1.4046979865771811 0.0014450867052023123 0.0
0.0006915629322268327 0.6020833333333334 1.4322147651006711 0.0007225433526011561 0.0
0.0006915629322268327 0.5486111111111112 1.3859060402684564 0.0014450867052023123 0.0
0.0 0.5673611111111111 1.4187919463087248 0.0021676300578034684 0.0
0.0006915629322268327 0.5965277777777778 1.4355704697986578 0.0014450867052023123 0.0
0.0013831258644536654 0.5513888888888889 1.446979865771812 0.0014450867052023123 0.0007342143906020558
0.0013831258644536654 0.5909722222222222 1.4140939597315436 0.0014450867052023123 0.0
0.0 0.6027777777777779 1.431543624161074 0.0021676300578034684 0.0
0.0 0.5875 1.4093959731543624 0.0007225433526011561 0.0
0.0 0.5354166666666667 1.3919463087248323 0.0021676300578034684 0.0
0.0 0.5833333333333334 1.4375838926174496 0.0028901734104046246 0.0007342143906020558
0.0013831258644536654 0.5708333333333333 1.3979865771812081 0.0014450867052023123 0.0
