71.84615384615385 71.25 72.46666666666667 74.14285714285715 73.28571428571429
70.6923076923077 70.33333333333333 71.93333333333334 73.85714285714286 72.64285714285715
70.92307692307692 69.58333333333333 71.53333333333333 73.28571428571429 71.21428571428572
71.38461538461539 71.0 71.53333333333333 73.21428571428572 72.35714285714286
71.07692307692308 70.58333333333333 70.2 72.35714285714286 72.42857142857143
71.3076923076923 71.16666666666667 72.13333333333333 74.35714285714286 73.35714285714286
71.76923076923076 71.58333333333333 71.2 74.78571428571429 71.78571428571429
70.53846153846153 70.5 70.4 73.5 72.28571428571429
70.23076923076924 70.25 70.4 71.57142857142858 71.14285714285715
71.23076923076924 71.0 71.06666666666666 73.71428571428572 72.57142857142857
69.53846153846153 68.91666666666667 70.66666666666667 72.71428571428572 71.28571428571429
70.84615384615385 71.16666666666667 72.8 73.21428571428572 73.0
71.07692307692308 70.58333333333333 70.66666666666667 73.0 72.07142857142858
70.3076923076923 69.41666666666667 70.53333333333333 72.0 72.07142857142858
71.0 71.08333333333333 71.46666666666667 73.71428571428572 71.92857142857143
73.53846153846153 72.08333333333333 73.13333333333333 74.92857142857143 74.35714285714286
71.84615384615385 69.41666666666667 70.8 73.5 72.21428571428572
69.3076923076923 68.83333333333333 70.6 71.14285714285715 71.07142857142858
69.61538461538463 68.83333333333333 69.8 71.35714285714286 71.21428571428572
71.23076923076924 70.75 71.0 73.92857142857143 72.64285714285715
72.38461538461539 70.83333333333333 71.2 73.92857142857143 73.78571428571429
71.0 68.66666666666667 71.0 72.28571428571429 70.78571428571429
70.46153846153847 71.5 71.66666666666667 73.0 71.92857142857143
70.3076923076923 68.75 70.73333333333333 72.78571428571429 72.07142857142858
71.15384615384615 70.91666666666667 72.4 74.07142857142857 71.42857142857143
72.0 70.91666666666667 73.80000000000001 74.21428571428572 73.42857142857143
72.6923076923077 71.41666666666667 73.0 74.42857142857143 73.14285714285715
71.15384615384615 71.16666666666667 72.4 73.0 72.5
71.61538461538461 70.58333333333333 71.46666666666667 74.07142857142857 72.85714285714286
70.92307692307692 70.58333333333333 70.13333333333334 73.57142857142857 72.78571428571429
70.92307692307692 70.16666666666667 70.53333333333333 72.85714285714286 71.64285714285715
72.07692307692308 71.75 72.0 75.0 72.28571428571429
70.07692307692308 67.5 70.26666666666667 71.71428571428572 70.92857142857143
71.3076923076923 69.5 71.26666666666667 73.0 72.64285714285715
71.6923076923077 70.33333333333333 72.2 74.35714285714286 73.0
70.3076923076923 69.83333333333333 70.8 72.21428571428572 72.21428571428572
71.3076923076923 68.58333333333333 69.06666666666666 72.64285714285715 72.21428571428572
73.76923076923077 72.08333333333333 72.66666666666667 74.71428571428572 73.85714285714286
71.53846153846153 70.41666666666667 72.4 73.5 72.35714285714286
70.15384615384615 69.16666666666667 70.2 72.42857142857143 72.64285714285715
72.0 71.41666666666667 72.06666666666666 74.71428571428572 73.14285714285715
71.3076923076923 68.66666666666667 71.4 72.71428571428572 71.78571428571429
71.3076923076923 71.16666666666667 72.4 74.14285714285715 73.35714285714286
69.6923076923077 70.16666666666667 69.66666666666667 72.42857142857143 71.35714285714286
71.15384615384615 70.33333333333333 70.4 73.35714285714286 72.0
71.92307692307692 70.25 73.06666666666666 74.57142857142857 73.21428571428572
71.38461538461539 70.41666666666667 70.86666666666666 73.14285714285715 72.71428571428572
69.6923076923077 69.33333333333333 69.46666666666667 71.85714285714286 70.85714285714286
71.46153846153847 69.0 70.26666666666667 72.64285714285715 72.42857142857143
71.92307692307692 71.33333333333333 71.53333333333333 74.21428571428572 73.0
71.6923076923077 71.16666666666667 72.93333333333334 74.35714285714286 72.07142857142858
71.46153846153847 69.25 69.93333333333334 72.85714285714286 72.14285714285715
71.46153846153847 71.16666666666667 72.13333333333333 74.21428571428572 72.64285714285715
71.15384615384615 71.08333333333333 72.06666666666666 73.21428571428572 73.14285714285715
70.61538461538463 69.75 72.13333333333333 72.85714285714286 70.42857142857143
71.84615384615385 71.75 73.06666666666666 74.21428571428572 72.71428571428572
70.38461538461537 68.58333333333333 70.33333333333333 72.21428571428572 70.71428571428572
71.38461538461539 69.58333333333333 69.33333333333333 73.5 72.71428571428572
71.38461538461539 70.58333333333333 73.2 74.21428571428572 72.92857142857143
71.07692307692308 69.25 71.2 73.28571428571429 72.07142857142858
71.38461538461539 68.75 71.6 74.14285714285715 72.64285714285715
72.3076923076923 69.58333333333333 71.26666666666667 73.21428571428572 73.21428571428572
71.38461538461539 69.83333333333333 70.2 72.64285714285715 71.64285714285715
71.3076923076923 69.41666666666667 71.4 72.92857142857143 72.57142857142857
71.53846153846153 69.5 72.13333333333333 73.14285714285715 72.71428571428572
71.0 70.5 71.8 73.85714285714286 72.78571428571429
71.23076923076924 69.16666666666667 71.33333333333333 73.78571428571429 71.07142857142858
71.76923076923076 69.91666666666667 71.6 73.64285714285715 72.21428571428572
70.3076923076923 70.0 70.86666666666666 73.85714285714286 73.0
70.6923076923077 70.25 70.8 72.78571428571429 72.28571428571429
70.46153846153847 68.41666666666667 70.86666666666666 73.64285714285715 72.57142857142857
72.6923076923077 68.66666666666667 72.06666666666666 74.14285714285715 73.64285714285715
70.6923076923077 69.08333333333333 70.06666666666666 72.85714285714286 71.42857142857143
70.46153846153847 69.25 71.4 73.85714285714286 73.07142857142857
72.92307692307692 71.66666666666667 72.86666666666666 74.35714285714286 73.35714285714286
71.53846153846153 69.0 71.2 74.0 72.0
70.38461538461537 70.5 71.46666666666667 72.78571428571429 73.85714285714286
72.53846153846153 70.5 73.4 74.92857142857143 73.92857142857143
70.76923076923076 71.25 71.93333333333334 73.57142857142857 71.85714285714286
71.0 70.16666666666667 71.6 73.0 72.35714285714286
70.46153846153847 69.16666666666667 70.46666666666667 74.28571428571429 72.0
71.3076923076923 69.08333333333333 70.06666666666666 72.57142857142857 72.14285714285715
71.92307692307692 69.0 70.73333333333333 73.5 72.0
71.76923076923076 72.25 70.93333333333334 73.71428571428572 72.92857142857143
71.92307692307692 70.41666666666667 72.06666666666666 73.92857142857143 72.07142857142858
70.46153846153847 69.91666666666667 70.86666666666666 73.35714285714286 72.57142857142857
72.38461538461539 70.83333333333333 71.13333333333334 74.28571428571429 73.28571428571429
71.6923076923077 69.25 71.13333333333334 73.0 73.21428571428572
73.46153846153847 71.33333333333333 71.86666666666666 74.78571428571429 73.5
71.84615384615385 69.41666666666667 71.4 74.5 72.92857142857143
71.0 69.66666666666667 69.73333333333333 72.21428571428572 72.14285714285715
70.38461538461537 69.25 70.66666666666667 72.0 70.5
71.0 69.0 71.66666666666667 73.92857142857143 72.21428571428572
71.23076923076924 69.0 70.53333333333333 73.57142857142857 72.35714285714286
71.61538461538461 68.66666666666667 70.46666666666667 72.57142857142857 71.28571428571429
71.84615384615385 69.33333333333333 71.73333333333333 72.35714285714286 71.64285714285715
72.38461538461539 69.66666666666667 70.73333333333333 73.0 72.57142857142857
70.15384615384615 68.66666666666667 69.86666666666666 72.78571428571429 72.35714285714286
72.76923076923077 70.58333333333333 72.06666666666666 74.64285714285715 73.5
72.3076923076923 70.91666666666667 71.86666666666666 74.35714285714286 72.5
70.53846153846153 68.33333333333333 70.2 72.14285714285715 71.14285714285715
65.61538461538461 66.33333333333333 64.86666666666667 66.21428571428571 66.0
66.53846153846153 66.66666666666667 66.73333333333333 66.42857142857143 66.21428571428571
65.53846153846153 67.5 66.66666666666667 66.14285714285714 66.57142857142857
64.46153846153845 65.33333333333333 65.06666666666666 64.85714285714286 65.92857142857143
72.61538461538461 70.25 71.26666666666667 75.5 73.07142857142857
66.84615384615385 67.08333333333333 65.8 66.07142857142857 66.85714285714285
66.84615384615385 67.16666666666667 66.4 67.5 67.35714285714285
65.46153846153845 66.83333333333333 66.46666666666665 67.07142857142857 67.14285714285714
66.0 65.91666666666667 64.93333333333332 65.85714285714285 66.14285714285714
70.3076923076923 70.75 70.46666666666667 73.92857142857143 71.92857142857143
65.84615384615384 64.91666666666666 64.8 64.07142857142857 65.85714285714285
67.15384615384615 66.25 66.4 66.42857142857143 66.85714285714285
65.84615384615384 65.33333333333333 66.53333333333333 66.21428571428571 66.71428571428571
67.07692307692308 66.91666666666667 66.13333333333334 68.21428571428571 66.71428571428571
70.84615384615385 69.83333333333333 71.33333333333333 72.28571428571429 72.14285714285715
66.84615384615385 65.25 66.33333333333333 67.21428571428571 66.64285714285714
66.53846153846153 66.25 65.46666666666667 65.71428571428571 66.71428571428571
65.53846153846153 66.25 64.93333333333332 65.71428571428571 65.0
65.61538461538461 65.58333333333333 66.13333333333334 66.85714285714285 66.0
69.61538461538463 70.66666666666667 69.13333333333334 73.42857142857143 71.21428571428572
66.23076923076923 65.41666666666667 65.19999999999999 66.07142857142857 66.0
65.07692307692308 65.41666666666667 66.33333333333333 65.21428571428571 66.71428571428571
66.6923076923077 66.66666666666667 67.73333333333333 66.85714285714285 65.78571428571428
67.07692307692308 66.08333333333333 65.53333333333333 66.35714285714285 66.28571428571428
66.46153846153847 66.25 65.46666666666667 66.07142857142857 66.35714285714285
67.46153846153847 66.0 65.66666666666667 66.78571428571428 66.64285714285714
66.61538461538461 65.83333333333333 67.13333333333334 66.85714285714285 67.0
66.3076923076923 66.66666666666667 65.8 66.28571428571428 66.5
65.0 65.5 65.4 64.78571428571428 65.28571428571428
65.15384615384616 65.66666666666667 65.06666666666666 65.92857142857143 65.21428571428571
72.53846153846153 72.0 70.33333333333333 74.28571428571429 73.5
70.46153846153847 71.66666666666667 71.26666666666667 74.0 72.5
71.15384615384615 71.0 70.46666666666667 73.64285714285715 73.0
69.07692307692308 69.5 69.46666666666667 73.0 71.21428571428572
70.92307692307692 72.5 71.53333333333333 74.92857142857143 72.71428571428572
70.92307692307692 70.0 68.53333333333333 73.07142857142857 71.78571428571429
70.61538461538463 71.0 69.86666666666666 74.14285714285715 72.0
68.61538461538461 70.25 67.86666666666667 71.85714285714286 71.21428571428572
72.61538461538461 71.83333333333333 70.26666666666667 74.35714285714286 72.0
70.76923076923076 70.41666666666667 68.6 73.57142857142857 72.21428571428572
70.23076923076924 68.83333333333333 68.6 73.35714285714286 71.07142857142858
70.0 70.08333333333333 68.2 73.14285714285715 71.42857142857143
69.92307692307692 70.91666666666667 68.8 73.64285714285715 71.5
71.23076923076924 71.33333333333333 69.06666666666666 74.07142857142857 73.07142857142857
70.46153846153847 69.75 67.13333333333334 72.57142857142857 71.71428571428572
72.07692307692308 71.25 69.26666666666667 74.35714285714286 74.42857142857143
70.0 70.66666666666667 69.73333333333333 72.57142857142857 73.21428571428572
69.61538461538463 68.75 67.46666666666665 72.57142857142857 71.78571428571429
69.61538461538463 71.25 68.4 73.21428571428572 72.14285714285715
70.23076923076924 69.91666666666667 67.66666666666667 73.78571428571429 71.57142857142858
72.15384615384615 70.25 66.93333333333334 74.07142857142857 73.21428571428572
70.23076923076924 69.91666666666667 66.4 73.92857142857143 71.71428571428572
69.53846153846153 68.0 65.66666666666667 71.71428571428572 71.14285714285715
71.38461538461539 69.33333333333333 65.0 74.28571428571429 73.42857142857143
71.07692307692308 69.0 66.4 72.64285714285715 72.0
72.46153846153847 71.16666666666667 64.73333333333333 74.64285714285715 72.57142857142857
72.15384615384615 71.5 63.733333333333334 75.0 73.42857142857143
70.15384615384615 68.58333333333333 62.6 73.07142857142857 72.35714285714286
70.84615384615385 70.91666666666667 63.6 74.0 72.57142857142857
70.38461538461537 69.41666666666667 60.199999999999996 72.92857142857143 72.42857142857143
70.53846153846153 69.08333333333333 62.86666666666667 73.64285714285715 72.42857142857143
70.07692307692308 68.33333333333333 60.93333333333333 71.92857142857143 72.0
70.38461538461537 68.58333333333333 59.46666666666667 72.42857142857143 73.5
70.53846153846153 67.08333333333333 58.93333333333333 72.14285714285715 72.42857142857143
72.46153846153847 69.0 57.6 73.42857142857143 72.85714285714286
70.6923076923077 67.91666666666667 56.266666666666666 72.14285714285715 72.21428571428572
71.84615384615385 69.5 55.199999999999996 73.42857142857143 72.92857142857143
69.92307692307692 67.58333333333333 55.33333333333333 72.28571428571429 72.64285714285715
70.6923076923077 67.25 54.266666666666666 72.85714285714286 72.78571428571429
71.61538461538461 69.16666666666667 53.266666666666666 72.92857142857143 72.92857142857143
71.38461538461539 68.33333333333333 49.86666666666666 73.5 73.71428571428572
72.53846153846153 67.16666666666667 48.13333333333333 74.21428571428572 72.5
71.23076923076924 66.25 45.6 74.07142857142857 73.57142857142857
72.23076923076924 67.5 46.13333333333333 75.14285714285714 74.35714285714286
71.61538461538461 66.91666666666667 44.4 75.0 73.71428571428572
73.38461538461539 66.75 43.266666666666666 74.57142857142857 75.07142857142857
71.76923076923076 67.75 39.46666666666666 74.42857142857143 73.78571428571429
70.92307692307692 64.66666666666666 37.0 72.5 73.14285714285715
72.3076923076923 64.0 34.733333333333334 74.0 75.28571428571429
72.61538461538461 63.333333333333336 32.266666666666666 73.64285714285715 75.5
72.07692307692308 64.66666666666666 32.2 73.85714285714286 75.85714285714286
70.84615384615385 62.666666666666664 29.8 72.85714285714286 74.28571428571429
72.92307692307692 64.66666666666666 30.133333333333336 74.78571428571429 75.57142857142857
73.15384615384615 64.75 27.333333333333336 74.42857142857143 75.92857142857143
73.61538461538461 62.25 23.400000000000002 73.71428571428572 76.57142857142857
73.38461538461539 62.916666666666664 20.6 73.64285714285715 75.64285714285714
73.53846153846153 61.41666666666667 17.866666666666667 72.35714285714286 75.14285714285714
74.53846153846153 60.5 17.4 73.28571428571429 76.28571428571429
73.07692307692308 62.0 17.333333333333332 75.07142857142857 76.78571428571429
74.76923076923077 60.0 13.666666666666668 73.0 76.21428571428572
74.3076923076923 59.083333333333336 13.333333333333334 73.78571428571429 76.5
74.15384615384616 57.916666666666664 10.866666666666667 73.92857142857143 77.07142857142857
74.38461538461539 59.333333333333336 11.266666666666666 74.14285714285715 77.35714285714286
74.92307692307692 57.25 10.466666666666667 74.14285714285715 77.42857142857143
73.0 56.333333333333336 8.8 73.21428571428572 76.35714285714286
75.53846153846155 56.25 8.333333333333334 74.78571428571429 78.64285714285714
75.23076923076923 55.25 6.0 74.85714285714286 78.78571428571429
74.76923076923077 54.66666666666667 5.6 73.42857142857143 78.5
74.0 52.25 4.666666666666667 72.5 78.78571428571429
73.0 51.666666666666664 4.533333333333333 72.14285714285715 76.71428571428572
74.46153846153847 50.75 5.533333333333334 72.64285714285715 78.07142857142857
75.0 50.416666666666664 4.466666666666667 72.92857142857143 78.21428571428571
74.46153846153847 50.416666666666664 3.933333333333333 73.57142857142857 78.42857142857143
74.92307692307692 50.166666666666664 3.6666666666666665 72.28571428571429 77.78571428571429
73.92307692307692 49.416666666666664 3.6 71.92857142857143 77.07142857142857
74.92307692307692 49.5 2.7333333333333334 71.57142857142858 77.42857142857143
75.92307692307692 49.0 2.6666666666666665 72.64285714285715 78.71428571428571
75.3076923076923 49.25 2.4 72.21428571428572 77.5
75.3076923076923 49.583333333333336 2.6666666666666665 72.78571428571429 79.71428571428571
74.38461538461539 46.33333333333333 1.8666666666666667 71.07142857142858 78.57142857142857
74.07692307692308 47.66666666666667 2.2666666666666666 71.42857142857143 77.5
74.6923076923077 47.83333333333333 1.8 71.0 79.0
75.76923076923077 47.08333333333333 1.4666666666666668 71.35714285714286 78.78571428571429
74.6923076923077 46.58333333333333 1.2666666666666666 70.5 78.71428571428571
76.53846153846155 47.25 1.6666666666666667 72.14285714285715 78.85714285714286
76.0 45.91666666666667 1.9333333333333333 72.42857142857143 78.78571428571429
74.53846153846153 46.33333333333333 1.2 70.85714285714286 77.57142857142857
75.76923076923077 47.91666666666667 1.0666666666666667 71.35714285714286 79.35714285714286
75.3076923076923 46.91666666666667 1.5333333333333334 70.92857142857143 78.57142857142857
76.92307692307693 47.5 2.0 73.28571428571429 80.35714285714286
74.46153846153847 47.0 1.6 70.71428571428572 77.5
75.46153846153845 47.0 1.3333333333333333 71.78571428571429 79.35714285714286
76.92307692307693 46.75 1.5333333333333334 72.64285714285715 79.0
75.0 45.5 1.3333333333333333 71.0 77.64285714285714
76.3076923076923 46.58333333333333 1.5333333333333334 71.42857142857143 78.57142857142857
75.76923076923077 46.25 1.6 71.14285714285715 78.64285714285714
76.23076923076923 45.66666666666667 1.0 72.14285714285715 78.57142857142857
74.38461538461539 45.75 1.2 71.64285714285715 78.42857142857143
74.15384615384616 46.91666666666667 1.6 71.57142857142858 77.71428571428571
