32935.000 -0.400 -0.400 0.423
32936.000 -0.400 -0.331 0.151
32937.000 -0.400 -0.262 0.144
32938.000 -0.400 -0.192 0.047
32939.000 -0.400 -0.123 0.496
32940.000 -0.400 -0.054 0.194
32941.000 -0.400 0.015 0.177
32942.000 -0.400 0.085 0.055
32943.000 -0.400 0.154 0.048
32944.000 -0.400 0.223 0.077
32945.000 -0.400 0.292 0.123
32946.000 -0.400 0.362 0.121
32947.000 -0.400 0.431 0.398
32948.000 -0.331 -0.400 0.245
32949.000 -0.331 -0.331 0.091
32950.000 -0.331 -0.262 0.198
32951.000 -0.331 -0.192 0.413
32952.000 -0.331 -0.123 0.340
32953.000 -0.331 -0.054 0.148
32954.000 -0.331 0.015 0.158
32955.000 -0.331 0.085 0.273
32956.000 -0.331 0.154 0.171
32957.000 -0.331 0.223 0.086
32958.000 -0.331 0.292 0.109
32959.000 -0.331 0.362 0.158
32960.000 -0.331 0.431 0.013
32961.000 -0.262 -0.400 0.049
32962.000 -0.262 -0.331 0.289
32963.000 -0.262 -0.262 0.489
32964.000 -0.262 -0.192 0.045
32965.000 -0.262 -0.123 0.428
32966.000 -0.262 -0.054 0.101
32967.000 -0.262 0.015 0.027
32968.000 -0.262 0.085 0.254
32969.000 -0.262 0.154 0.296
32970.000 -0.262 0.223 0.314
32971.000 -0.262 0.292 0.281
32972.000 -0.262 0.362 0.236
32973.000 -0.192 -0.400 0.122
32974.000 -0.192 -0.331 0.481
32975.000 -0.192 -0.262 0.281
32976.000 -0.192 -0.192 0.382
32977.000 -0.192 -0.123 0.455
32978.000 -0.192 -0.054 0.190
32979.000 -0.192 0.015 0.381
32980.000 -0.192 0.085 0.357
32981.000 -0.192 0.154 0.006
32982.000 -0.192 0.223 0.152
32983.000 -0.192 0.292 0.372
32984.000 -0.192 0.362 0.319
32985.000 -0.192 0.431 0.494
32986.000 -0.123 -0.400 0.054
32987.000 -0.123 -0.331 0.463
32988.000 -0.123 -0.262 0.125
32989.000 -0.123 -0.192 0.292
32990.000 -0.123 -0.123 0.396
32991.000 -0.123 -0.054 0.165
32992.000 -0.123 0.015 0.138
32993.000 -0.123 0.085 0.263
32994.000 -0.123 0.154 0.200
32995.000 -0.123 0.223 0.188
32996.000 -0.123 0.292 0.024
32997.000 -0.123 0.362 0.277
32998.000 -0.123 0.431 0.127
32999.000 -0.054 -0.400 0.078
33000.000 -0.054 -0.331 0.277
33001.000 -0.054 -0.262 0.367
33002.000 -0.054 -0.192 0.465
33003.000 -0.054 -0.123 0.305
33004.000 -0.054 -0.054 0.395
33005.000 -0.054 0.015 0.165
33006.000 -0.054 0.085 0.133
33007.000 -0.054 0.154 0.459
33008.000 -0.054 0.223 0.159
33009.000 -0.054 0.292 0.160
33010.000 -0.054 0.362 0.192
33011.000 -0.054 0.431 0.366
33012.000 0.015 -0.400 0.044
33013.000 0.015 -0.331 0.367
33014.000 0.015 -0.262 0.185
33015.000 0.015 -0.192 0.206
33016.000 0.015 -0.123 0.457
33017.000 0.015 -0.054 0.453
33018.000 0.015 0.015 0.335
33019.000 0.015 0.085 0.100
33020.000 0.015 0.154 0.344
33021.000 0.015 0.223 0.112
33022.000 0.015 0.292 0.128
33023.000 0.015 0.362 0.219
33024.000 0.015 0.431 0.070
33025.000 0.085 -0.400 0.058
33026.000 0.085 -0.331 0.111
33027.000 0.085 -0.262 0.321
33028.000 0.085 -0.192 0.046
33029.000 0.085 -0.123 0.320
33030.000 0.085 -0.054 0.197
33031.000 0.085 0.015 0.401
33032.000 0.085 0.085 0.043
33033.000 0.085 0.154 0.086
33034.000 0.085 0.223 0.258
33035.000 0.085 0.292 0.308
33036.000 0.085 0.362 0.027
33037.000 0.085 0.431 0.319
33038.000 0.154 -0.400 0.245
33039.000 0.154 -0.331 0.227
33040.000 0.154 -0.262 0.039
33041.000 0.154 -0.192 0.476
33042.000 0.154 -0.123 0.407
33043.000 0.154 -0.054 0.451
33044.000 0.154 0.015 0.081
33045.000 0.154 0.085 0.045
33046.000 0.154 0.154 0.460
33047.000 0.154 0.223 0.265
33048.000 0.154 0.292 0.023
33049.000 0.154 0.362 0.417
33050.000 0.154 0.431 0.138
33051.000 0.223 -0.400 0.430
33052.000 0.223 -0.331 0.496
33053.000 0.223 -0.262 0.288
33054.000 0.223 -0.192 0.437
33055.000 0.223 -0.123 0.420
33056.000 0.223 -0.054 0.443
33057.000 0.223 0.015 0.412
33058.000 0.223 0.085 0.426
33059.000 0.223 0.154 0.442
33060.000 0.223 0.223 0.327
33061.000 0.223 0.292 0.490
33062.000 0.223 0.362 0.081
33063.000 0.223 0.431 0.226
33064.000 0.292 -0.400 0.017
33065.000 0.292 -0.331 0.294
33066.000 0.292 -0.262 0.235
33067.000 0.292 -0.192 0.110
33068.000 0.292 -0.123 0.075
33069.000 0.292 -0.054 0.081
33070.000 0.292 0.015 0.434
33071.000 0.292 0.085 0.142
33072.000 0.292 0.154 0.308
33073.000 0.292 0.223 0.157
33074.000 0.292 0.292 0.369
33075.000 0.292 0.362 0.228
33076.000 0.292 0.431 0.389
33077.000 0.362 -0.400 0.007
33078.000 0.362 -0.331 0.139
33079.000 0.362 -0.262 0.206
33080.000 0.362 -0.192 0.265
33081.000 0.362 -0.123 0.336
33082.000 0.362 -0.054 0.257
33083.000 0.362 0.015 0.474
33084.000 0.362 0.085 0.228
33085.000 0.362 0.154 0.456
33086.000 0.362 0.223 0.392
33087.000 0.362 0.292 0.056
33088.000 0.362 0.362 0.446
33089.000 0.362 0.431 0.004
33090.000 0.431 -0.400 0.161
33091.000 0.431 -0.331 0.395
33092.000 0.431 -0.262 0.346
33093.000 0.431 -0.192 0.273
33094.000 0.431 -0.123 0.418
33095.000 0.431 -0.054 0.199
33096.000 0.431 0.015 0.200
33097.000 0.431 0.085 0.123
33098.000 0.431 0.154 0.052
33099.000 0.431 0.223 0.177
33100.000 0.431 0.292 0.342
33101.000 0.431 0.362 0.029
33102.000 0.431 0.431 0.050
