0.0 0.1768901569186876 0.05798969072164948 0.0 0.0
0.000697350069735007 0.16547788873038516 0.05541237113402062 0.000697350069735007 0.000646830530401035
0.0020920502092050207 0.16262482168330955 0.045747422680412375 0.0 0.000646830530401035
0.000697350069735007 0.1276747503566334 0.05347938144329897 0.0 0.0
0.001394700139470014 0.1783166904422254 0.05412371134020618 0.0 0.0
0.0 0.16405135520684735 0.06378865979381444 0.000697350069735007 0.0
0.001394700139470014 0.16048502139800283 0.05670103092783505 0.003486750348675035 0.0
0.0 0.16405135520684735 0.08054123711340207 0.0 0.0
0.0 0.14621968616262482 0.06443298969072166 0.000697350069735007 0.0
0.001394700139470014 0.16547788873038516 0.043814432989690726 0.0 0.000646830530401035
0.000697350069735007 0.17261055634807418 0.06443298969072166 0.0 0.0
0.0 0.15477888730385164 0.05927835051546392 0.0 0.0
0.000697350069735007 0.16833095577746077 0.05025773195876288 0.0 0.0
0.0 0.18188302425106992 0.05025773195876288 0.000697350069735007 0.0
0.000697350069735007 0.16333808844507844 0.05798969072164948 0.000697350069735007 0.0
0.0 0.20042796005706134 0.06314432989690721 0.0020920502092050207 0.0
0.0 0.18616262482168333 0.05798969072164948 0.0 0.0
0.001394700139470014 0.18045649072753212 0.05605670103092783 0.0 0.0
0.0 0.16690442225392296 0.0625 0.000697350069735007 0.0
0.001394700139470014 0.1761768901569187 0.05734536082474227 0.0 0.0
0.0 0.16690442225392296 0.06507731958762886 0.000697350069735007 0.0
0.0 0.2154065620542083 0.0779639175257732 0.001394700139470014 0.0
0.001394700139470014 0.15406562054208275 0.05927835051546392 0.0 0.0
0.0020920502092050207 0.18616262482168333 0.08762886597938145 0.000697350069735007 0.0
0.001394700139470014 0.1718972895863053 0.05541237113402062 0.0 0.000646830530401035
0.0 0.16476462196861624 0.061855670103092786 0.000697350069735007 0.0
0.001394700139470014 0.16119828815977175 0.05412371134020618 0.0 0.0
0.0 0.18330955777460772 0.0663659793814433 0.0 0.0
0.000697350069735007 0.18830242510699 0.061211340206185565 0.0 0.0
0.0 0.1925820256776034 0.0625 0.000697350069735007 0.0
0.000697350069735007 0.16975748930099857 0.05670103092783505 0.0 0.0
0.0 0.1875891583452211 0.06894329896907216 0.001394700139470014 0.0
0.000697350069735007 0.18616262482168333 0.07152061855670104 0.000697350069735007 0.0
0.000697350069735007 0.19828815977175462 0.0663659793814433 0.0 0.0
0.001394700139470014 0.16690442225392296 0.059922680412371136 0.000697350069735007 0.0
0.000697350069735007 0.22182596291012838 0.051546391752577324 0.000697350069735007 0.000646830530401035
0.0020920502092050207 0.23680456490727533 0.06958762886597938 0.0 0.0
0.000697350069735007 0.21754636233951496 0.08891752577319587 0.000697350069735007 0.0
0.000697350069735007 0.21611982881597716 0.06829896907216496 0.000697350069735007 0.0
0.0 0.2282453637660485 0.059922680412371136 0.000697350069735007 0.0
0.0 0.21326676176890158 0.06894329896907216 0.001394700139470014 0.0
0.001394700139470014 0.23609129814550642 0.05798969072164948 0.0 0.0
0.0020920502092050207 0.2710413694721826 0.06765463917525774 0.001394700139470014 0.000646830530401035
0.0 0.23751783166904422 0.06765463917525774 0.000697350069735007 0.000646830530401035
0.000697350069735007 0.23537803138373753 0.07087628865979381 0.001394700139470014 0.0
0.0 0.23109843081312412 0.06378865979381444 0.0020920502092050207 0.0
0.000697350069735007 0.25106990014265335 0.0740979381443299 0.0 0.0
0.001394700139470014 0.2689015691868759 0.08505154639175257 0.000697350069735007 0.0
0.001394700139470014 0.26176890156918686 0.08247422680412371 0.0 0.0
0.0 0.2931526390870185 0.08634020618556701 0.0 0.0
0.000697350069735007 0.2817403708987161 0.061855670103092786 0.000697350069735007 0.0
0.000697350069735007 0.2781740370898716 0.08054123711340207 0.0 0.0
0.000697350069735007 0.28316690442225395 0.07538659793814433 0.0 0.0
0.000697350069735007 0.2796005706134094 0.09407216494845361 0.000697350069735007 0.0
0.000697350069735007 0.29457917261055633 0.08054123711340207 0.0 0.0
0.000697350069735007 0.2810271041369472 0.08634020618556701 0.001394700139470014 0.0
0.001394700139470014 0.31811697574893005 0.09278350515463916 0.0 0.0
0.000697350069735007 0.34736091298145505 0.10115979381443299 0.0 0.0
0.001394700139470014 0.340941512125535 0.08891752577319587 0.000697350069735007 0.0
0.0 0.29885877318116977 0.08505154639175257 0.000697350069735007 0.0
0.0020920502092050207 0.3437945791726106 0.09600515463917526 0.0 0.0
0.001394700139470014 0.37089871611982883 0.10695876288659795 0.0020920502092050207 0.0
0.0 0.3716119828815977 0.09213917525773196 0.0 0.0
0.000697350069735007 0.34022824536376606 0.10244845360824742 0.0 0.0
0.000697350069735007 0.4308131241084166 0.10115979381443299 0.000697350069735007 0.0
0.000697350069735007 0.46005706134094154 0.11018041237113402 0.0 0.000646830530401035
0.001394700139470014 0.3930099857346648 0.08505154639175257 0.0020920502092050207 0.000646830530401035
0.0 0.43152639087018546 0.0895618556701031 0.000697350069735007 0.0
0.0 0.43152639087018546 0.09600515463917526 0.000697350069735007 0.0
0.001394700139470014 0.3958630527817404 0.09600515463917526 0.0 0.0
0.001394700139470014 0.4907275320970043 0.11533505154639176 0.001394700139470014 0.0
0.001394700139470014 0.5185449358059914 0.11533505154639176 0.000697350069735007 0.0
0.0020920502092050207 0.43651925820256776 0.10824742268041236 0.0 0.000646830530401035
0.000697350069735007 0.456490727532097 0.09536082474226805 0.0 0.0
0.001394700139470014 0.44436519258202567 0.10438144329896906 0.0 0.0
0.0020920502092050207 0.5271041369472182 0.11662371134020619 0.0 0.0
0.000697350069735007 0.4843081312410842 0.09729381443298969 0.0 0.0
0.001394700139470014 0.5656205420827389 0.10695876288659795 0.000697350069735007 0.0
0.000697350069735007 0.5442225392296719 0.10502577319587629 0.001394700139470014 0.0
0.0 0.535663338088445 0.12371134020618557 0.000697350069735007 0.0
0.001394700139470014 0.5534950071326676 0.11146907216494846 0.001394700139470014 0.0
0.001394700139470014 0.5699001426533524 0.11275773195876289 0.000697350069735007 0.0
0.001394700139470014 0.5813124108416549 0.11662371134020619 0.0 0.0
0.0 0.6069900142653352 0.12048969072164949 0.001394700139470014 0.0
0.0 0.5592011412268189 0.10760309278350516 0.0 0.000646830530401035
0.0020920502092050207 0.5905848787446505 0.1211340206185567 0.0 0.000646830530401035
0.000697350069735007 0.5970042796005706 0.1211340206185567 0.000697350069735007 0.000646830530401035
0.001394700139470014 0.608416547788873 0.11984536082474227 0.0 0.0
0.001394700139470014 0.666904422253923 0.12177835051546392 0.0 0.0
0.0020920502092050207 0.6512125534950072 0.14626288659793812 0.000697350069735007 0.000646830530401035
0.001394700139470014 0.6990014265335236 0.1533505154639175 0.001394700139470014 0.0
0.001394700139470014 0.681169757489301 0.1359536082474227 0.0 0.000646830530401035
0.0 0.6747503566333809 0.1301546391752577 0.000697350069735007 0.0
0.0 0.7225392296718973 0.15270618556701032 0.0 0.0
0.0 0.7310984308131241 0.13853092783505153 0.000697350069735007 0.000646830530401035
0.0 0.7325249643366619 0.13402061855670103 0.0 0.000646830530401035
0.0 0.7218259629101285 0.148840206185567 0.000697350069735007 0.0
0.0 0.7453637660485022 0.13466494845360824 0.001394700139470014 0.0
0.000697350069735007 0.7617689015691869 0.13917525773195877 0.001394700139470014 0.0
0.000697350069735007 0.7746077032810271 0.12177835051546392 0.000697350069735007 0.0
0.001394700139470014 0.8045649072753209 0.13724226804123713 0.000697350069735007 0.0
0.0 0.04065620542082739 0.0032216494845360827 0.0 0.0
0.0 0.043509272467902996 0.009664948453608246 0.000697350069735007 0.0
0.0 0.05135520684736091 0.012886597938144331 0.0 0.0
0.0 0.04136947218259629 0.008376288659793814 0.0 0.0
0.000697350069735007 0.8223965763195435 0.16301546391752578 0.000697350069735007 0.0
0.0 0.0477888730385164 0.007087628865979381 0.0 0.0
0.0 0.043509272467902996 0.007087628865979381 0.0 0.0
0.0 0.05064194008559201 0.009020618556701032 0.0 0.0
0.0 0.049215406562054205 0.010309278350515464 0.0 0.0
0.0 0.6019971469329529 0.2467783505154639 0.0020920502092050207 0.0
0.0 0.03566333808844508 0.005154639175257732 0.000697350069735007 0.0
0.0 0.037089871611982884 0.010953608247422681 0.0 0.0
0.0 0.03922967189728959 0.008376288659793814 0.0 0.0
0.0 0.049215406562054205 0.009020618556701032 0.0 0.0
0.000697350069735007 0.8473609129814551 0.16623711340206185 0.0 0.0
0.0 0.04992867332382311 0.011597938144329896 0.000697350069735007 0.000646830530401035
0.0 0.04992867332382311 0.008376288659793814 0.0 0.0
0.000697350069735007 0.037803138373751786 0.007731958762886598 0.0 0.0
0.0 0.05563480741797432 0.011597938144329896 0.0 0.000646830530401035
0.0020920502092050207 0.579172610556348 0.26804123711340205 0.001394700139470014 0.0
0.0 0.03922967189728959 0.01481958762886598 0.0 0.0
0.0 0.049215406562054205 0.0064432989690721655 0.0 0.0
0.000697350069735007 0.04136947218259629 0.010309278350515464 0.0 0.0
0.0 0.049215406562054205 0.007087628865979381 0.0 0.0
0.0 0.0456490727532097 0.009020618556701032 0.0 0.0
0.000697350069735007 0.05706134094151213 0.012886597938144331 0.0 0.0
0.0 0.0456490727532097 0.009664948453608246 0.0 0.000646830530401035
0.0 0.05848787446504993 0.011597938144329896 0.0 0.0
0.0 0.0477888730385164 0.012242268041237113 0.0 0.0
0.0 0.0470756062767475 0.008376288659793814 0.000697350069735007 0.0
0.000697350069735007 0.5670470756062768 0.27641752577319584 0.001394700139470014 0.0
0.0 0.6476462196861625 0.2545103092783505 0.002789400278940028 0.0
0.000697350069735007 0.6526390870185449 0.25322164948453607 0.001394700139470014 0.0
0.0 0.5805991440798858 0.2731958762886598 0.001394700139470014 0.0
0.000697350069735007 0.6012838801711841 0.22744845360824742 0.0020920502092050207 0.000646830530401035
0.0 0.5977175463623395 0.26095360824742264 0.0 0.0
0.0 0.5877318116975749 0.3021907216494846 0.001394700139470014 0.0
0.0020920502092050207 0.608416547788873 0.29317010309278346 0.001394700139470014 0.0
0.000697350069735007 0.5627674750356633 0.27963917525773196 0.002789400278940028 0.0
0.0 0.5955777460770328 0.3028350515463918 0.001394700139470014 0.0
0.001394700139470014 0.5870185449358061 0.3009020618556701 0.0 0.0
0.0 0.579172610556348 0.306701030927835 0.001394700139470014 0.0
0.0 0.5848787446504993 0.3170103092783505 0.001394700139470014 0.0
0.000697350069735007 0.5520684736091298 0.2802835051546392 0.0 0.000646830530401035
0.0 0.5634807417974322 0.28930412371134023 0.000697350069735007 0.0
0.0 0.5991440798858774 0.29832474226804123 0.001394700139470014 0.0
0.000697350069735007 0.5770328102710414 0.34664948453608246 0.000697350069735007 0.0
0.0020920502092050207 0.5520684736091298 0.3131443298969072 0.000697350069735007 0.0
0.0 0.608416547788873 0.35502577319587625 0.0041841004184100415 0.0
0.0 0.6019971469329529 0.3756443298969072 0.000697350069735007 0.0
0.0 0.6019971469329529 0.38724226804123707 0.000697350069735007 0.0
0.000697350069735007 0.5748930099857347 0.38724226804123707 0.001394700139470014 0.0
0.0 0.5706134094151213 0.3911082474226804 0.0020920502092050207 0.000646830530401035
0.0 0.5663338088445079 0.43105670103092786 0.000697350069735007 0.0
0.000697350069735007 0.6069900142653352 0.3788659793814433 0.000697350069735007 0.0
0.0 0.5691868758915835 0.46391752577319584 0.000697350069735007 0.0
0.001394700139470014 0.5827389443651926 0.4845360824742268 0.000697350069735007 0.0
0.001394700139470014 0.615549215406562 0.49935567010309273 0.0 0.0
0.0 0.5784593437945792 0.5025773195876289 0.0 0.0
0.0 0.5834522111269614 0.61340206185567 0.001394700139470014 0.0
0.000697350069735007 0.5713266761768901 0.5521907216494846 0.002789400278940028 0.0
0.001394700139470014 0.5770328102710414 0.5753865979381443 0.000697350069735007 0.0
0.0 0.5955777460770328 0.6204896907216495 0.001394700139470014 0.0
0.000697350069735007 0.5499286733238231 0.6501288659793815 0.000697350069735007 0.000646830530401035
0.000697350069735007 0.5449358059914408 0.7454896907216495 0.0 0.0
0.0 0.5627674750356633 0.7770618556701031 0.000697350069735007 0.0
0.0 0.5770328102710414 0.8479381443298969 0.001394700139470014 0.000646830530401035
0.0 0.5691868758915835 0.8092783505154639 0.0020920502092050207 0.0
0.0 0.5756062767475036 0.8807989690721649 0.000697350069735007 0.0
0.000697350069735007 0.557774607703281 0.9014175257731959 0.0 0.0
0.000697350069735007 0.55848787446505 0.9871134020618556 0.0020920502092050207 0.0
0.000697350069735007 0.5955777460770328 1.074742268041237 0.0 0.0
0.000697350069735007 0.6105563480741798 1.1630154639175259 0.0020920502092050207 0.0
0.000697350069735007 0.5649072753209701 1.2474226804123711 0.000697350069735007 0.0
0.000697350069735007 0.5406562054208274 1.2686855670103092 0.000697350069735007 0.0
0.000697350069735007 0.5691868758915835 1.3376288659793816 0.000697350069735007 0.0
0.000697350069735007 0.557774607703281 1.3756443298969072 0.001394700139470014 0.0
0.0 0.5998573466476462 1.4774484536082475 0.000697350069735007 0.0
0.0 0.6255349500713266 1.5850515463917527 0.001394700139470014 0.0
0.0 0.5777460770328102 1.6623711340206186 0.0020920502092050207 0.0
0.000697350069735007 0.5670470756062768 1.7010309278350515 0.001394700139470014 0.000646830530401035
0.0 0.5691868758915835 1.7280927835051547 0.001394700139470014 0.0
0.0 0.5691868758915835 1.821520618556701 0.000697350069735007 0.000646830530401035
0.000697350069735007 0.5656205420827389 1.913659793814433 0.0 0.000646830530401035
0.0020920502092050207 0.594151212553495 1.9909793814432992 0.0 0.0
0.0 0.6312410841654779 2.154639175257732 0.000697350069735007 0.0
0.0 0.5891583452211127 2.19909793814433 0.001394700139470014 0.0
0.000697350069735007 0.5777460770328102 2.2783505154639174 0.0 0.0
0.0 0.5948644793152639 2.320876288659794 0.000697350069735007 0.0
0.0 0.6426533523537804 2.44909793814433 0.002789400278940028 0.0
0.0 0.6176890156918687 2.547036082474227 0.0020920502092050207 0.0
0.0 0.6169757489300999 2.7248711340206184 0.000697350069735007 0.0
0.000697350069735007 0.6340941512125535 2.7280927835051547 0.000697350069735007 0.0
0.0 0.5763195435092725 2.8563144329896906 0.001394700139470014 0.0
0.0 0.6048502139800286 2.9426546391752577 0.0 0.0
0.0 0.6512125534950072 3.1739690721649487 0.001394700139470014 0.0
0.0 0.6683309557774607 3.330541237113402 0.0 0.0
0.0 0.6469329529243937 3.4149484536082473 0.000697350069735007 0.0
0.001394700139470014 0.6804564907275321 3.59729381443299 0.0 0.0
0.0 0.659058487874465 3.6778350515463916 0.0 0.0
0.0 0.6804564907275321 3.6842783505154637 0.001394700139470014 0.0
0.0 0.6512125534950072 3.8253865979381443 0.001394700139470014 0.0
0.001394700139470014 0.6954350927246791 3.951675257731959 0.0020920502092050207 0.0
0.000697350069735007 0.7203994293865905 4.03479381443299 0.000697350069735007 0.0
0.0 0.6847360912981455 4.108247422680412 0.000697350069735007 0.0
0.001394700139470014 0.6954350927246791 4.286726804123711 0.0 0.0
0.000697350069735007 0.7139800285306704 4.230025773195877 0.000697350069735007 0.0
0.000697350069735007 0.723965763195435 4.434278350515464 0.0 0.0
0.000697350069735007 0.7310984308131241 4.503865979381443 0.000697350069735007 0.0
0.0 0.7425106990014265 4.566365979381444 0.000697350069735007 0.0
0.000697350069735007 0.7303851640513552 4.553479381443299 0.0 0.0
0.000697350069735007 0.7738944365192583 4.672036082474227 0.000697350069735007 0.0
0.0 0.7546362339514978 4.668170103092784 0.000697350069735007 0.0
0.000697350069735007 0.7724679029957204 4.867912371134021 0.000697350069735007 0.0
0.0 0.7639087018544936 4.839561855670103 0.000697350069735007 0.0
0.0 0.7724679029957204 4.7590206185567006 0.000697350069735007 0.0
0.000697350069735007 0.7796005706134094 4.8118556701030935 0.000697350069735007 0.0
0.000697350069735007 0.7838801711840229 5.02319587628866 0.001394700139470014 0.0
0.000697350069735007 0.8145506419400855 5.045747422680412 0.0020920502092050207 0.0
0.0 0.7631954350927247 4.949742268041237 0.000697350069735007 0.0
0.0 0.7653352353780314 4.986469072164949 0.000697350069735007 0.0
0.0 0.7917261055634808 5.02319587628866 0.000697350069735007 0.0
0.0 0.75320970042796 5.065721649484536 0.0 0.000646830530401035
0.0 0.7731811697574893 4.947164948453609 0.000697350069735007 0.0
0.0 0.7453637660485022 4.9368556701030935 0.0 0.0
0.000697350069735007 0.7710413694721826 4.956185567010309 0.0 0.0
0.0 0.7674750356633381 5.018041237113402 0.000697350069735007 0.00129366106080207
0.0 0.7881597717546361 4.94201030927835 0.0 0.000646830530401035
0.000697350069735007 0.7496433666191156 4.9375 0.001394700139470014 0.000646830530401035
