31900.000 -0.500 -0.500
31901.000 -0.500 -0.423
31902.000 -0.500 -0.385
31903.000 -0.500 -0.346
31904.000 -0.500 -0.308
31905.000 -0.500 -0.269
31906.000 -0.500 -0.231
31907.000 -0.500 -0.192
31908.000 -0.500 -0.154
31909.000 -0.500 -0.115
31910.000 -0.500 -0.077
31911.000 -0.500 -0.038
31912.000 -0.500 0.000
31913.000 -0.500 0.038
31914.000 -0.500 0.077
31915.000 -0.500 0.115
31916.000 -0.500 0.154
31917.000 -0.500 0.192
31918.000 -0.500 0.269
31919.000 -0.500 0.308
31920.000 -0.500 0.346
31921.000 -0.500 0.385
31922.000 -0.500 0.423
31923.000 -0.462 -0.500
31924.000 -0.462 -0.423
31925.000 -0.462 -0.385
31926.000 -0.462 -0.346
31927.000 -0.462 -0.308
31928.000 -0.462 -0.269
31929.000 -0.462 -0.231
31930.000 -0.462 -0.192
31931.000 -0.462 -0.154
31932.000 -0.462 -0.115
31933.000 -0.462 -0.077
31934.000 -0.462 -0.038
31935.000 -0.462 0.000
31936.000 -0.462 0.038
31937.000 -0.462 0.115
31938.000 -0.462 0.154
31939.000 -0.462 0.192
31940.000 -0.462 0.231
31941.000 -0.462 0.269
31942.000 -0.462 0.308
31943.000 -0.462 0.346
31944.000 -0.462 0.385
31945.000 -0.462 0.423
31946.000 -0.462 0.462
31947.000 -0.423 -0.500
31948.000 -0.423 -0.462
31949.000 -0.423 -0.423
31950.000 -0.423 -0.385
31951.000 -0.423 -0.308
31952.000 -0.423 -0.269
31953.000 -0.423 -0.231
31954.000 -0.423 -0.192
31955.000 -0.423 -0.154
31956.000 -0.423 -0.115
31957.000 -0.423 -0.077
31958.000 -0.423 -0.038
31959.000 -0.423 0.000
31960.000 -0.423 0.038
31961.000 -0.423 0.077
31962.000 -0.423 0.115
31963.000 -0.423 0.154
31964.000 -0.423 0.192
31965.000 -0.423 0.231
31966.000 -0.423 0.269
31967.000 -0.423 0.308
31968.000 -0.423 0.346
31969.000 -0.423 0.385
31970.000 -0.423 0.423
31971.000 -0.423 0.462
31972.000 -0.385 -0.500
31973.000 -0.385 -0.462
31974.000 -0.385 -0.423
31975.000 -0.385 -0.385
31976.000 -0.385 -0.346
31977.000 -0.385 -0.308
31978.000 -0.385 -0.269
31979.000 -0.385 -0.231
31980.000 -0.385 -0.192
31981.000 -0.385 -0.154
31982.000 -0.385 -0.115
31983.000 -0.385 -0.038
31984.000 -0.385 0.000
31985.000 -0.385 0.038
31986.000 -0.385 0.077
31987.000 -0.385 0.115
31988.000 -0.385 0.154
31989.000 -0.385 0.192
31990.000 -0.385 0.231
31991.000 -0.385 0.269
31992.000 -0.385 0.308
31993.000 -0.385 0.346
31994.000 -0.385 0.385
31995.000 -0.385 0.423
31996.000 -0.385 0.462
31997.000 -0.346 -0.500
31998.000 -0.346 -0.462
31999.000 -0.346 -0.423
32000.000 -0.346 -0.385
32001.000 -0.346 -0.346
32002.000 -0.346 -0.308
32003.000 -0.346 -0.269
32004.000 -0.346 -0.192
32005.000 -0.346 -0.154
32006.000 -0.346 -0.115
32007.000 -0.346 -0.077
32008.000 -0.346 -0.038
32009.000 -0.346 0.000
32010.000 -0.346 0.038
32011.000 -0.346 0.077
32012.000 -0.346 0.115
32013.000 -0.346 0.154
32014.000 -0.346 0.192
32015.000 -0.346 0.231
32016.000 -0.346 0.269
32017.000 -0.346 0.308
32018.000 -0.346 0.346
32019.000 -0.346 0.385
32020.000 -0.346 0.423
32021.000 -0.346 0.462
32022.000 -0.308 -0.500
32023.000 -0.308 -0.462
32024.000 -0.308 -0.423
32025.000 -0.308 -0.385
32026.000 -0.308 -0.346
32027.000 -0.308 -0.308
32028.000 -0.308 -0.269
32029.000 -0.308 -0.231
32030.000 -0.308 -0.154
32031.000 -0.308 -0.115
32032.000 -0.308 -0.077
32033.000 -0.308 -0.038
32034.000 -0.308 0.000
32035.000 -0.308 0.038
32036.000 -0.308 0.115
32037.000 -0.308 0.154
32038.000 -0.308 0.192
32039.000 -0.308 0.269
32040.000 -0.308 0.308
32041.000 -0.308 0.346
32042.000 -0.308 0.385
32043.000 -0.308 0.423
32044.000 -0.308 0.462
32045.000 -0.269 -0.462
32046.000 -0.269 -0.423
32047.000 -0.269 -0.385
32048.000 -0.269 -0.346
32049.000 -0.269 -0.308
32050.000 -0.269 -0.269
32051.000 -0.269 -0.231
32052.000 -0.269 -0.192
32053.000 -0.269 -0.154
32054.000 -0.269 -0.115
32055.000 -0.269 -0.077
32056.000 -0.269 -0.038
32057.000 -0.269 0.000
32058.000 -0.269 0.038
32059.000 -0.269 0.077
32060.000 -0.269 0.115
32061.000 -0.269 0.154
32062.000 -0.269 0.192
32063.000 -0.269 0.231
32064.000 -0.269 0.346
32065.000 -0.269 0.385
32066.000 -0.269 0.423
32067.000 -0.269 0.462
32068.000 -0.231 -0.500
32069.000 -0.231 -0.462
32070.000 -0.231 -0.423
32071.000 -0.231 -0.385
32072.000 -0.231 -0.346
32073.000 -0.231 -0.308
32074.000 -0.231 -0.269
32075.000 -0.231 -0.231
32076.000 -0.231 -0.192
32077.000 -0.231 -0.154
32078.000 -0.231 -0.115
32079.000 -0.231 -0.038
32080.000 -0.231 0.000
32081.000 -0.231 0.038
32082.000 -0.231 0.077
32083.000 -0.231 0.115
32084.000 -0.231 0.154
32085.000 -0.231 0.192
32086.000 -0.231 0.231
32087.000 -0.231 0.269
32088.000 -0.231 0.308
32089.000 -0.231 0.346
32090.000 -0.231 0.385
32091.000 -0.231 0.462
32092.000 -0.192 -0.500
32093.000 -0.192 -0.462
32094.000 -0.192 -0.423
32095.000 -0.192 -0.346
32096.000 -0.192 -0.308
32097.000 -0.192 -0.269
32098.000 -0.192 -0.231
32099.000 -0.192 -0.192
32100.000 -0.192 -0.154
32101.000 -0.192 -0.115
32102.000 -0.192 -0.038
32103.000 -0.192 0.000
32104.000 -0.192 0.038
32105.000 -0.192 0.077
32106.000 -0.192 0.115
32107.000 -0.192 0.154
32108.000 -0.192 0.192
32109.000 -0.192 0.231
32110.000 -0.192 0.269
32111.000 -0.192 0.308
32112.000 -0.192 0.346
32113.000 -0.192 0.385
32114.000 -0.192 0.423
32115.000 -0.192 0.462
32116.000 -0.154 -0.500
32117.000 -0.154 -0.462
32118.000 -0.154 -0.423
32119.000 -0.154 -0.385
32120.000 -0.154 -0.346
32121.000 -0.154 -0.308
32122.000 -0.154 -0.269
32123.000 -0.154 -0.231
32124.000 -0.154 -0.192
32125.000 -0.154 -0.154
32126.000 -0.154 -0.115
32127.000 -0.154 -0.077
32128.000 -0.154 -0.038
32129.000 -0.154 0.000
32130.000 -0.154 0.038
32131.000 -0.154 0.077
32132.000 -0.154 0.115
32133.000 -0.154 0.154
32134.000 -0.154 0.192
32135.000 -0.154 0.308
32136.000 -0.154 0.346
32137.000 -0.154 0.385
32138.000 -0.154 0.423
32139.000 -0.154 0.462
32140.000 -0.115 -0.500
32141.000 -0.115 -0.462
32142.000 -0.115 -0.423
32143.000 -0.115 -0.385
32144.000 -0.115 -0.346
32145.000 -0.115 -0.308
32146.000 -0.115 -0.269
32147.000 -0.115 -0.231
32148.000 -0.115 -0.192
32149.000 -0.115 -0.154
32150.000 -0.115 -0.115
32151.000 -0.115 -0.077
32152.000 -0.115 -0.038
32153.000 -0.115 0.000
32154.000 -0.115 0.038
32155.000 -0.115 0.077
32156.000 -0.115 0.115
32157.000 -0.115 0.154
32158.000 -0.115 0.192
32159.000 -0.115 0.231
32160.000 -0.115 0.269
32161.000 -0.115 0.308
32162.000 -0.115 0.346
32163.000 -0.115 0.385
32164.000 -0.115 0.423
32165.000 -0.115 0.462
32166.000 -0.077 -0.500
32167.000 -0.077 -0.462
32168.000 -0.077 -0.385
32169.000 -0.077 -0.346
32170.000 -0.077 -0.308
32171.000 -0.077 -0.269
32172.000 -0.077 -0.231
32173.000 -0.077 -0.192
32174.000 -0.077 -0.154
32175.000 -0.077 -0.115
32176.000 -0.077 -0.077
32177.000 -0.077 -0.038
32178.000 -0.077 0.000
32179.000 -0.077 0.038
32180.000 -0.077 0.077
32181.000 -0.077 0.115
32182.000 -0.077 0.154
32183.000 -0.077 0.192
32184.000 -0.077 0.231
32185.000 -0.077 0.269
32186.000 -0.077 0.308
32187.000 -0.077 0.346
32188.000 -0.077 0.385
32189.000 -0.077 0.423
32190.000 -0.077 0.462
32191.000 -0.038 -0.500
32192.000 -0.038 -0.462
32193.000 -0.038 -0.423
32194.000 -0.038 -0.385
32195.000 -0.038 -0.346
32196.000 -0.038 -0.308
32197.000 -0.038 -0.269
32198.000 -0.038 -0.231
32199.000 -0.038 -0.192
32200.000 -0.038 -0.154
32201.000 -0.038 -0.115
32202.000 -0.038 -0.077
32203.000 -0.038 -0.038
32204.000 -0.038 0.038
32205.000 -0.038 0.077
32206.000 -0.038 0.115
32207.000 -0.038 0.154
32208.000 -0.038 0.192
32209.000 -0.038 0.231
32210.000 -0.038 0.269
32211.000 -0.038 0.346
32212.000 -0.038 0.385
32213.000 -0.038 0.423
32214.000 -0.038 0.462
32215.000 0.000 -0.500
32216.000 0.000 -0.462
32217.000 0.000 -0.423
32218.000 0.000 -0.385
32219.000 0.000 -0.346
32220.000 0.000 -0.308
32221.000 0.000 -0.269
32222.000 0.000 -0.231
32223.000 0.000 -0.192
32224.000 0.000 -0.154
32225.000 0.000 -0.115
32226.000 0.000 -0.077
32227.000 0.000 -0.038
32228.000 0.000 0.000
32229.000 0.000 0.038
32230.000 0.000 0.077
32231.000 0.000 0.115
32232.000 0.000 0.154
32233.000 0.000 0.192
32234.000 0.000 0.231
32235.000 0.000 0.269
32236.000 0.000 0.308
32237.000 0.000 0.346
32238.000 0.000 0.385
32239.000 0.000 0.423
32240.000 0.000 0.462
32241.000 0.038 -0.500
32242.000 0.038 -0.462
32243.000 0.038 -0.423
32244.000 0.038 -0.385
32245.000 0.038 -0.346
32246.000 0.038 -0.308
32247.000 0.038 -0.269
32248.000 0.038 -0.231
32249.000 0.038 -0.192
32250.000 0.038 -0.154
32251.000 0.038 -0.115
32252.000 0.038 -0.077
32253.000 0.038 0.000
32254.000 0.038 0.038
32255.000 0.038 0.077
32256.000 0.038 0.115
32257.000 0.038 0.154
32258.000 0.038 0.192
32259.000 0.038 0.231
32260.000 0.038 0.269
32261.000 0.038 0.308
32262.000 0.038 0.346
32263.000 0.038 0.385
32264.000 0.038 0.423
32265.000 0.038 0.462
32266.000 0.077 -0.500
32267.000 0.077 -0.462
32268.000 0.077 -0.423
32269.000 0.077 -0.385
32270.000 0.077 -0.346
32271.000 0.077 -0.308
32272.000 0.077 -0.269
32273.000 0.077 -0.231
32274.000 0.077 -0.192
32275.000 0.077 -0.154
32276.000 0.077 -0.115
32277.000 0.077 -0.077
32278.000 0.077 -0.038
32279.000 0.077 0.000
32280.000 0.077 0.038
32281.000 0.077 0.077
32282.000 0.077 0.115
32283.000 0.077 0.154
32284.000 0.077 0.192
32285.000 0.077 0.231
32286.000 0.077 0.269
32287.000 0.077 0.308
32288.000 0.077 0.346
32289.000 0.077 0.385
32290.000 0.077 0.423
32291.000 0.077 0.462
32292.000 0.115 -0.500
32293.000 0.115 -0.462
32294.000 0.115 -0.423
32295.000 0.115 -0.385
32296.000 0.115 -0.346
32297.000 0.115 -0.192
32298.000 0.115 -0.154
32299.000 0.115 -0.115
32300.000 0.115 -0.077
32301.000 0.115 -0.038
32302.000 0.115 0.000
32303.000 0.115 0.038
32304.000 0.115 0.077
32305.000 0.115 0.115
32306.000 0.115 0.154
32307.000 0.115 0.192
32308.000 0.115 0.231
32309.000 0.115 0.269
32310.000 0.115 0.308
32311.000 0.115 0.423
32312.000 0.154 -0.500
32313.000 0.154 -0.462
32314.000 0.154 -0.423
32315.000 0.154 -0.385
32316.000 0.154 -0.346
32317.000 0.154 -0.308
32318.000 0.154 -0.269
32319.000 0.154 -0.231
32320.000 0.154 -0.192
32321.000 0.154 -0.154
32322.000 0.154 -0.115
32323.000 0.154 -0.077
32324.000 0.154 -0.038
32325.000 0.154 0.000
32326.000 0.154 0.038
32327.000 0.154 0.077
32328.000 0.154 0.115
32329.000 0.154 0.154
32330.000 0.154 0.192
32331.000 0.154 0.231
32332.000 0.154 0.269
32333.000 0.154 0.308
32334.000 0.154 0.385
32335.000 0.154 0.423
32336.000 0.154 0.462
32337.000 0.192 -0.500
32338.000 0.192 -0.462
32339.000 0.192 -0.385
32340.000 0.192 -0.346
32341.000 0.192 -0.308
32342.000 0.192 -0.269
32343.000 0.192 -0.231
32344.000 0.192 -0.192
32345.000 0.192 -0.154
32346.000 0.192 -0.115
32347.000 0.192 -0.077
32348.000 0.192 -0.038
32349.000 0.192 0.000
32350.000 0.192 0.038
32351.000 0.192 0.115
32352.000 0.192 0.154
32353.000 0.192 0.192
32354.000 0.192 0.231
32355.000 0.192 0.269
32356.000 0.192 0.308
32357.000 0.192 0.346
32358.000 0.192 0.385
32359.000 0.192 0.423
32360.000 0.192 0.462
32361.000 0.231 -0.500
32362.000 0.231 -0.462
32363.000 0.231 -0.423
32364.000 0.231 -0.385
32365.000 0.231 -0.346
32366.000 0.231 -0.308
32367.000 0.231 -0.269
32368.000 0.231 -0.231
32369.000 0.231 -0.192
32370.000 0.231 -0.154
32371.000 0.231 -0.115
32372.000 0.231 -0.077
32373.000 0.231 -0.038
32374.000 0.231 0.000
32375.000 0.231 0.038
32376.000 0.231 0.115
32377.000 0.231 0.154
32378.000 0.231 0.192
32379.000 0.231 0.231
32380.000 0.231 0.269
32381.000 0.231 0.308
32382.000 0.231 0.346
32383.000 0.231 0.385
32384.000 0.231 0.423
32385.000 0.231 0.462
32386.000 0.269 -0.500
32387.000 0.269 -0.462
32388.000 0.269 -0.423
32389.000 0.269 -0.385
32390.000 0.269 -0.346
32391.000 0.269 -0.308
32392.000 0.269 -0.269
32393.000 0.269 -0.231
32394.000 0.269 -0.192
32395.000 0.269 -0.154
32396.000 0.269 -0.115
32397.000 0.269 -0.077
32398.000 0.269 -0.038
32399.000 0.269 0.000
32400.000 0.269 0.038
32401.000 0.269 0.077
32402.000 0.269 0.115
32403.000 0.269 0.154
32404.000 0.269 0.192
32405.000 0.269 0.231
32406.000 0.269 0.269
32407.000 0.269 0.308
32408.000 0.269 0.346
32409.000 0.269 0.385
32410.000 0.269 0.423
32411.000 0.269 0.462
32412.000 0.308 -0.500
32413.000 0.308 -0.462
32414.000 0.308 -0.423
32415.000 0.308 -0.385
32416.000 0.308 -0.346
32417.000 0.308 -0.308
32418.000 0.308 -0.269
32419.000 0.308 -0.231
32420.000 0.308 -0.192
32421.000 0.308 -0.154
32422.000 0.308 -0.115
32423.000 0.308 -0.077
32424.000 0.308 -0.038
32425.000 0.308 0.000
32426.000 0.308 0.038
32427.000 0.308 0.077
32428.000 0.308 0.115
32429.000 0.308 0.154
32430.000 0.308 0.192
32431.000 0.308 0.231
32432.000 0.308 0.269
32433.000 0.308 0.308
32434.000 0.308 0.346
32435.000 0.308 0.385
32436.000 0.308 0.423
32437.000 0.308 0.462
32438.000 0.346 -0.500
32439.000 0.346 -0.462
32440.000 0.346 -0.423
32441.000 0.346 -0.385
32442.000 0.346 -0.346
32443.000 0.346 -0.308
32444.000 0.346 -0.269
32445.000 0.346 -0.231
32446.000 0.346 -0.192
32447.000 0.346 -0.154
32448.000 0.346 -0.115
32449.000 0.346 -0.077
32450.000 0.346 -0.038
32451.000 0.346 0.000
32452.000 0.346 0.038
32453.000 0.346 0.077
32454.000 0.346 0.154
32455.000 0.346 0.192
32456.000 0.346 0.231
32457.000 0.346 0.269
32458.000 0.346 0.308
32459.000 0.346 0.346
32460.000 0.346 0.385
32461.000 0.346 0.423
32462.000 0.346 0.462
32463.000 0.385 -0.500
32464.000 0.385 -0.462
32465.000 0.385 -0.423
32466.000 0.385 -0.385
32467.000 0.385 -0.346
32468.000 0.385 -0.308
32469.000 0.385 -0.269
32470.000 0.385 -0.231
32471.000 0.385 -0.192
32472.000 0.385 -0.154
32473.000 0.385 -0.115
32474.000 0.385 -0.077
32475.000 0.385 -0.038
32476.000 0.385 0.000
32477.000 0.385 0.038
32478.000 0.385 0.077
32479.000 0.385 0.115
32480.000 0.385 0.192
32481.000 0.385 0.231
32482.000 0.385 0.269
32483.000 0.385 0.308
32484.000 0.385 0.346
32485.000 0.385 0.385
32486.000 0.385 0.423
32487.000 0.423 -0.500
32488.000 0.423 -0.423
32489.000 0.423 -0.385
32490.000 0.423 -0.346
32491.000 0.423 -0.269
32492.000 0.423 -0.231
32493.000 0.423 -0.192
32494.000 0.423 -0.154
32495.000 0.423 -0.115
32496.000 0.423 -0.077
32497.000 0.423 -0.038
32498.000 0.423 0.000
32499.000 0.423 0.038
32500.000 0.423 0.077
32501.000 0.423 0.154
32502.000 0.423 0.192
32503.000 0.423 0.231
32504.000 0.423 0.269
32505.000 0.423 0.308
32506.000 0.423 0.346
32507.000 0.423 0.385
32508.000 0.423 0.423
32509.000 0.423 0.462
32510.000 0.462 -0.500
32511.000 0.462 -0.462
32512.000 0.462 -0.423
32513.000 0.462 -0.385
32514.000 0.462 -0.346
32515.000 0.462 -0.308
32516.000 0.462 -0.269
32517.000 0.462 -0.231
32518.000 0.462 -0.192
32519.000 0.462 -0.154
32520.000 0.462 -0.115
32521.000 0.462 -0.077
32522.000 0.462 -0.038
32523.000 0.462 0.000
32524.000 0.462 0.038
32525.000 0.462 0.077
32526.000 0.462 0.115
32527.000 0.462 0.154
32528.000 0.462 0.192
32529.000 0.462 0.231
32530.000 0.462 0.269
32531.000 0.462 0.308
32532.000 0.462 0.346
32533.000 0.462 0.385
32534.000 0.462 0.423
32535.000 0.462 0.462
