10.413793103448276 21.14814814814815 17.03225806451613 9.75 8.666666666666666
9.655172413793103 19.333333333333336 16.903225806451612 10.107142857142858 10.333333333333334
10.827586206896552 20.0 17.129032258064516 10.928571428571429 9.62962962962963
10.586206896551724 19.40740740740741 17.93548387096774 10.25 10.814814814814815
9.655172413793103 19.296296296296298 17.225806451612904 9.035714285714286 9.148148148148149
10.10344827586207 20.74074074074074 17.483870967741932 9.75 11.11111111111111
9.379310344827587 19.777777777777775 16.870967741935484 9.678571428571429 9.037037037037038
10.03448275862069 20.0 17.870967741935484 8.5 9.333333333333334
10.586206896551724 19.37037037037037 18.129032258064516 10.035714285714285 8.777777777777779
12.275862068965518 21.037037037037038 17.419354838709676 10.964285714285715 8.62962962962963
10.931034482758621 18.814814814814817 16.516129032258064 10.964285714285715 9.25925925925926
9.620689655172415 19.148148148148145 17.193548387096776 10.142857142857142 10.777777777777779
10.689655172413792 19.11111111111111 17.806451612903224 9.107142857142858 9.444444444444445
10.448275862068964 20.25925925925926 16.225806451612904 9.071428571428571 10.62962962962963
10.172413793103447 20.296296296296294 17.451612903225804 10.285714285714285 9.666666666666668
9.896551724137932 19.666666666666664 18.161290322580648 9.321428571428571 9.333333333333334
11.0 20.62962962962963 17.451612903225804 11.571428571428571 9.814814814814815
9.413793103448276 18.666666666666668 15.709677419354838 11.142857142857144 9.333333333333334
10.482758620689657 19.074074074074073 16.806451612903224 9.928571428571429 9.666666666666668
10.482758620689657 19.703703703703702 18.838709677419356 9.607142857142858 8.777777777777779
10.206896551724139 19.666666666666664 17.548387096774196 10.607142857142856 9.222222222222221
10.275862068965518 19.814814814814817 16.32258064516129 9.285714285714286 8.777777777777779
10.068965517241379 18.962962962962962 16.29032258064516 10.5 9.62962962962963
10.206896551724139 18.703703703703706 16.258064516129032 10.285714285714285 7.814814814814814
10.448275862068964 18.666666666666668 17.548387096774196 10.0 10.333333333333334
10.413793103448276 18.22222222222222 17.193548387096776 9.964285714285714 8.333333333333334
9.586206896551724 19.0 16.483870967741936 9.964285714285714 7.592592592592593
9.0 16.555555555555557 16.29032258064516 10.321428571428571 9.962962962962964
9.310344827586206 18.48148148148148 16.225806451612904 10.178571428571429 9.814814814814815
10.310344827586206 20.51851851851852 16.612903225806452 10.642857142857142 9.703703703703704
9.931034482758621 20.0 17.93548387096774 10.642857142857142 9.185185185185185
10.758620689655173 19.74074074074074 18.419354838709676 10.464285714285714 9.37037037037037
9.06896551724138 20.555555555555557 16.41935483870968 10.392857142857142 9.62962962962963
9.06896551724138 18.77777777777778 17.548387096774196 10.285714285714285 8.925925925925926
11.275862068965516 18.074074074074076 16.580645161290324 11.285714285714286 10.222222222222223
10.10344827586207 19.88888888888889 17.225806451612904 10.0 9.481481481481481
10.517241379310345 19.851851851851855 17.29032258064516 9.642857142857142 9.444444444444445
10.551724137931036 18.74074074074074 17.64516129032258 10.071428571428571 8.703703703703702
9.827586206896552 18.925925925925927 18.67741935483871 9.214285714285715 9.703703703703704
11.413793103448276 21.48148148148148 17.225806451612904 8.25 9.0
9.586206896551724 19.51851851851852 17.612903225806452 10.142857142857142 9.481481481481481
10.827586206896552 20.40740740740741 16.161290322580644 9.678571428571429 9.222222222222221
9.965517241379311 17.666666666666668 17.387096774193548 10.214285714285714 8.296296296296296
10.758620689655173 19.40740740740741 16.35483870967742 9.357142857142858 9.518518518518519
11.241379310344827 17.62962962962963 17.193548387096776 9.428571428571429 9.444444444444445
10.275862068965518 19.74074074074074 17.225806451612904 9.714285714285714 10.296296296296296
9.586206896551724 20.85185185185185 17.774193548387096 10.678571428571427 8.62962962962963
9.586206896551724 19.48148148148148 16.258064516129032 10.428571428571429 9.518518518518519
10.517241379310345 19.222222222222225 17.03225806451613 9.892857142857142 8.88888888888889
11.206896551724137 20.555555555555557 16.516129032258064 9.071428571428571 9.148148148148149
10.310344827586206 19.333333333333336 17.483870967741932 10.464285714285714 10.222222222222223
10.275862068965518 18.185185185185187 18.29032258064516 10.321428571428571 9.481481481481481
9.241379310344827 19.333333333333336 17.03225806451613 10.535714285714285 8.444444444444443
11.137931034482758 19.851851851851855 16.967741935483872 10.392857142857142 8.333333333333334
10.310344827586206 18.59259259259259 16.580645161290324 10.285714285714285 10.074074074074074
10.551724137931036 20.40740740740741 19.193548387096772 9.107142857142858 10.222222222222223
10.344827586206897 18.77777777777778 18.774193548387096 9.928571428571429 8.925925925925926
9.931034482758621 20.370370370370374 17.93548387096774 10.25 8.777777777777779
10.379310344827585 18.666666666666668 16.806451612903224 10.0 8.555555555555555
11.10344827586207 20.037037037037038 17.774193548387096 9.964285714285714 9.11111111111111
9.275862068965516 20.444444444444446 16.258064516129032 9.75 10.25925925925926
10.206896551724139 19.296296296296298 17.741935483870968 10.428571428571429 8.444444444444443
9.793103448275861 19.777777777777775 16.64516129032258 10.107142857142858 9.0
10.275862068965518 18.88888888888889 18.0 10.75 9.962962962962964
10.206896551724139 19.40740740740741 16.38709677419355 9.785714285714286 9.777777777777777
11.206896551724137 18.444444444444443 19.096774193548384 8.642857142857142 8.592592592592593
10.89655172413793 20.14814814814815 19.161290322580644 9.357142857142858 9.296296296296296
9.655172413793103 20.185185185185183 18.225806451612904 10.357142857142856 8.592592592592593
10.413793103448276 18.37037037037037 16.741935483870968 9.892857142857142 8.481481481481483
10.551724137931036 20.037037037037038 17.0 10.678571428571427 9.555555555555555
11.517241379310345 20.48148148148148 17.774193548387096 9.892857142857142 8.925925925925926
10.551724137931036 19.37037037037037 18.129032258064516 8.178571428571429 9.407407407407408
10.344827586206897 19.555555555555554 16.806451612903224 10.071428571428571 8.703703703703702
10.689655172413792 20.51851851851852 18.806451612903228 9.571428571428571 9.222222222222221
10.03448275862069 19.222222222222225 16.967741935483872 10.285714285714285 8.88888888888889
9.03448275862069 20.296296296296294 17.806451612903224 9.857142857142858 9.666666666666668
10.03448275862069 19.296296296296298 18.774193548387096 10.5 8.74074074074074
9.86206896551724 19.62962962962963 16.870967741935484 10.25 8.962962962962962
10.724137931034482 18.629629629629626 16.258064516129032 10.321428571428571 8.592592592592593
8.862068965517242 18.74074074074074 16.70967741935484 9.928571428571429 9.703703703703704
10.172413793103447 19.074074074074073 17.548387096774196 10.464285714285714 9.62962962962963
10.206896551724139 20.370370370370374 16.225806451612904 10.25 9.074074074074074
10.689655172413792 19.11111111111111 16.548387096774196 9.392857142857142 9.0
10.413793103448276 18.925925925925927 17.03225806451613 11.821428571428571 9.703703703703704
10.793103448275863 20.25925925925926 16.483870967741936 11.214285714285715 9.444444444444445
10.206896551724139 18.037037037037035 17.03225806451613 10.5 8.666666666666666
9.655172413793103 19.444444444444446 16.677419354838708 10.892857142857144 8.962962962962962
8.551724137931036 20.22222222222222 17.548387096774196 10.428571428571429 9.74074074074074
11.482758620689655 18.629629629629626 16.41935483870968 10.25 9.296296296296296
10.068965517241379 18.51851851851852 18.838709677419356 9.928571428571429 10.37037037037037
10.586206896551724 20.037037037037038 18.032258064516128 11.071428571428571 9.074074074074074
10.241379310344827 19.074074074074073 17.93548387096774 10.535714285714285 9.851851851851851
10.448275862068964 21.296296296296294 17.387096774193548 10.321428571428571 9.592592592592592
10.793103448275863 20.85185185185185 15.32258064516129 9.678571428571429 9.555555555555555
9.827586206896552 19.555555555555554 17.129032258064516 9.392857142857142 8.88888888888889
10.793103448275863 19.222222222222225 17.387096774193548 10.285714285714285 9.518518518518519
10.241379310344827 20.037037037037038 15.709677419354838 9.892857142857142 9.74074074074074
10.89655172413793 20.962962962962965 17.29032258064516 10.642857142857142 8.666666666666666
9.758620689655173 18.814814814814817 16.64516129032258 11.107142857142858 9.592592592592592
10.482758620689657 20.703703703703702 16.451612903225808 9.642857142857142 9.777777777777777
9.379310344827587 19.851851851851855 17.580645161290324 9.214285714285715 10.777777777777779
9.827586206896552 10.481481481481483 9.903225806451614 10.071428571428571 10.222222222222223
10.517241379310345 11.296296296296296 10.129032258064516 10.857142857142858 10.851851851851853
10.03448275862069 10.925925925925926 9.741935483870968 10.035714285714285 10.148148148148147
11.172413793103448 9.037037037037038 9.387096774193548 8.785714285714285 10.0
10.517241379310345 19.555555555555554 19.0 8.178571428571429 10.37037037037037
9.517241379310345 10.814814814814815 10.806451612903226 9.5 9.222222222222221
9.724137931034482 9.962962962962964 9.935483870967742 11.214285714285715 10.333333333333334
10.482758620689657 10.0 9.645161290322582 9.857142857142858 8.481481481481483
10.517241379310345 9.925925925925927 10.483870967741936 11.678571428571429 9.777777777777777
9.241379310344827 16.814814814814813 20.580645161290324 10.75 9.444444444444445
10.241379310344827 9.814814814814815 10.387096774193548 9.607142857142858 10.962962962962962
9.448275862068966 10.296296296296296 10.290322580645162 9.428571428571429 11.407407407407408
9.86206896551724 9.74074074074074 10.548387096774194 9.821428571428571 10.037037037037036
10.206896551724139 11.074074074074074 9.645161290322582 9.035714285714286 10.037037037037036
10.793103448275863 20.370370370370374 15.741935483870966 10.035714285714285 9.592592592592592
9.86206896551724 9.925925925925927 9.387096774193548 10.964285714285715 10.666666666666666
9.620689655172415 10.148148148148147 10.903225806451612 10.714285714285714 9.925925925925927
10.206896551724139 9.777777777777777 9.838709677419354 11.25 10.25925925925926
10.03448275862069 9.11111111111111 11.032258064516128 10.464285714285714 10.148148148148147
9.689655172413794 17.592592592592595 20.193548387096772 11.0 9.37037037037037
9.758620689655173 9.62962962962963 9.709677419354838 10.107142857142858 9.666666666666668
10.931034482758621 8.88888888888889 10.870967741935484 9.964285714285714 10.88888888888889
10.310344827586206 9.62962962962963 10.32258064516129 10.5 10.851851851851853
10.758620689655173 9.74074074074074 10.161290322580644 9.071428571428571 11.296296296296296
10.379310344827585 10.777777777777779 8.774193548387098 10.642857142857142 11.0
10.482758620689657 10.481481481481483 10.03225806451613 10.142857142857142 9.481481481481481
10.0 11.148148148148149 10.580645161290322 9.821428571428571 9.703703703703704
9.620689655172415 10.518518518518519 10.064516129032258 9.321428571428571 10.777777777777779
10.068965517241379 10.222222222222223 10.709677419354838 11.642857142857142 9.222222222222221
8.724137931034482 9.814814814814815 11.096774193548388 11.178571428571429 10.703703703703702
10.96551724137931 17.074074074074076 19.806451612903228 10.0 8.592592592592593
8.96551724137931 18.962962962962962 19.58064516129032 10.071428571428571 8.88888888888889
11.758620689655173 16.962962962962965 18.193548387096776 9.821428571428571 9.962962962962964
11.448275862068966 18.444444444444443 19.612903225806452 10.321428571428571 9.185185185185185
9.724137931034482 18.629629629629626 20.451612903225808 9.678571428571429 9.74074074074074
10.137931034482758 17.074074074074076 19.35483870967742 10.357142857142856 9.592592592592592
9.06896551724138 16.77777777777778 18.451612903225804 10.107142857142858 8.777777777777779
10.379310344827585 18.037037037037035 17.806451612903224 10.607142857142856 10.0
9.724137931034482 17.48148148148148 19.387096774193548 10.642857142857142 9.074074074074074
9.379310344827587 17.962962962962962 17.741935483870968 10.142857142857142 9.11111111111111
10.827586206896552 17.0 18.774193548387096 10.0 10.407407407407407
9.0 19.40740740740741 18.29032258064516 10.464285714285714 9.703703703703704
10.10344827586207 18.444444444444443 18.645161290322584 9.714285714285714 8.962962962962962
10.068965517241379 16.77777777777778 19.451612903225808 9.571428571428571 9.222222222222221
9.586206896551724 16.444444444444446 19.709677419354836 10.035714285714285 9.11111111111111
10.241379310344827 16.925925925925927 19.161290322580644 10.071428571428571 10.0
9.931034482758621 17.074074074074076 19.58064516129032 10.142857142857142 8.592592592592593
9.896551724137932 16.25925925925926 18.322580645161292 10.035714285714285 8.962962962962962
9.379310344827587 16.22222222222222 19.35483870967742 10.214285714285714 9.777777777777777
10.620689655172415 17.85185185185185 18.258064516129032 9.571428571428571 10.185185185185187
9.482758620689655 18.111111111111114 19.677419354838708 9.678571428571429 9.444444444444445
9.10344827586207 16.814814814814813 19.870967741935484 10.071428571428571 8.777777777777779
10.0 17.814814814814813 19.483870967741936 9.928571428571429 9.0
8.758620689655173 18.629629629629626 19.225806451612904 9.535714285714286 8.88888888888889
9.03448275862069 18.555555555555554 19.903225806451616 9.857142857142858 9.407407407407408
9.551724137931034 18.37037037037037 20.32258064516129 11.821428571428571 9.148148148148149
10.482758620689657 16.74074074074074 20.774193548387096 11.321428571428571 9.222222222222221
10.689655172413792 17.22222222222222 20.161290322580644 10.357142857142856 9.555555555555555
9.931034482758621 17.22222222222222 19.548387096774192 9.642857142857142 9.0
10.206896551724139 18.14814814814815 19.032258064516128 9.535714285714286 8.407407407407407
10.89655172413793 16.77777777777778 19.774193548387096 10.035714285714285 8.814814814814815
10.689655172413792 16.51851851851852 20.258064516129032 10.678571428571427 9.925925925925927
9.275862068965516 16.185185185185183 19.483870967741936 10.785714285714286 9.666666666666668
10.413793103448276 16.25925925925926 19.64516129032258 11.178571428571429 9.666666666666668
9.793103448275861 18.0 17.903225806451612 9.642857142857142 9.37037037037037
8.517241379310345 16.888888888888886 19.387096774193548 10.785714285714286 8.407407407407407
10.517241379310345 16.25925925925926 19.0 10.714285714285714 9.481481481481481
9.793103448275861 16.0 20.06451612903226 10.25 10.481481481481483
8.03448275862069 18.37037037037037 18.870967741935484 9.285714285714286 9.296296296296296
9.965517241379311 15.777777777777779 19.967741935483872 10.75 8.37037037037037
10.655172413793103 16.40740740740741 19.548387096774192 9.928571428571429 9.25925925925926
10.206896551724139 16.703703703703702 19.516129032258064 9.357142857142858 10.074074074074074
9.10344827586207 16.0 19.548387096774192 9.964285714285714 10.296296296296296
10.689655172413792 18.629629629629626 18.322580645161292 9.071428571428571 8.592592592592593
10.517241379310345 17.77777777777778 18.93548387096774 10.821428571428573 9.777777777777777
9.86206896551724 17.185185185185187 19.096774193548384 11.178571428571429 10.407407407407407
8.862068965517242 18.88888888888889 19.451612903225808 9.571428571428571 8.555555555555555
10.793103448275863 17.62962962962963 21.0 11.0 9.148148148148149
11.0 19.296296296296298 20.129032258064516 10.714285714285714 9.962962962962964
9.517241379310345 16.555555555555557 19.290322580645164 10.571428571428571 9.0
9.482758620689655 16.0 19.419354838709676 11.071428571428571 7.9259259259259265
10.10344827586207 18.185185185185187 19.483870967741936 10.535714285714285 9.37037037037037
10.931034482758621 17.88888888888889 19.548387096774192 8.964285714285715 8.666666666666666
10.0 17.407407407407405 19.64516129032258 10.928571428571429 9.851851851851851
10.448275862068964 16.333333333333332 18.096774193548388 11.0 8.555555555555555
8.517241379310345 16.814814814814813 19.290322580645164 11.0 9.296296296296296
10.586206896551724 17.48148148148148 19.129032258064516 10.0 9.555555555555555
10.655172413793103 16.74074074074074 19.451612903225808 10.821428571428573 8.518518518518519
10.413793103448276 18.25925925925926 18.903225806451612 11.714285714285714 8.925925925925926
10.586206896551724 18.074074074074076 19.032258064516128 10.607142857142856 9.222222222222221
9.620689655172415 17.962962962962962 20.806451612903224 10.892857142857144 9.222222222222221
10.724137931034482 17.962962962962962 19.193548387096772 12.071428571428571 8.814814814814815
9.86206896551724 18.37037037037037 20.161290322580644 10.321428571428571 9.777777777777777
9.310344827586206 16.555555555555557 19.290322580645164 10.464285714285714 9.74074074074074
10.620689655172415 18.666666666666668 21.32258064516129 9.571428571428571 9.592592592592592
9.965517241379311 16.888888888888886 19.096774193548384 10.892857142857144 9.148148148148149
9.620689655172415 16.62962962962963 20.0 10.571428571428571 8.481481481481483
10.068965517241379 16.888888888888886 21.03225806451613 10.714285714285714 10.444444444444443
8.862068965517242 16.703703703703702 19.870967741935484 11.857142857142858 9.592592592592592
9.758620689655173 17.0 20.0 10.821428571428573 9.925925925925927
10.413793103448276 18.074074074074076 20.516129032258064 10.428571428571429 9.11111111111111
9.551724137931034 17.25925925925926 18.096774193548388 9.857142857142858 10.296296296296296
9.482758620689655 16.14814814814815 19.709677419354836 11.035714285714286 9.185185185185185
10.793103448275863 17.185185185185187 20.548387096774196 9.892857142857142 9.592592592592592
8.89655172413793 15.481481481481481 19.967741935483872 11.642857142857142 9.481481481481481
8.758620689655173 16.333333333333332 20.0 10.928571428571429 9.703703703703704
9.06896551724138 18.037037037037035 18.838709677419356 10.535714285714285 9.0
10.137931034482758 16.74074074074074 19.58064516129032 11.535714285714286 8.518518518518519
8.551724137931036 17.37037037037037 20.967741935483872 10.0 9.74074074074074
10.379310344827585 17.925925925925924 17.548387096774196 10.571428571428571 9.481481481481481
9.586206896551724 16.51851851851852 18.870967741935484 10.5 9.851851851851851
10.0 16.333333333333332 20.451612903225808 9.5 9.296296296296296
9.724137931034482 18.14814814814815 19.935483870967744 9.821428571428571 9.148148148148149
9.586206896551724 17.185185185185187 20.741935483870968 11.642857142857142 8.148148148148147
9.620689655172415 19.222222222222225 20.41935483870968 12.035714285714285 8.62962962962963
9.965517241379311 17.444444444444443 20.70967741935484 10.5 9.592592592592592
9.793103448275861 16.333333333333332 20.29032258064516 11.714285714285714 9.074074074074074
9.620689655172415 16.888888888888886 20.29032258064516 9.821428571428571 9.851851851851851
9.03448275862069 16.962962962962965 21.32258064516129 10.214285714285714 8.148148148148147
10.03448275862069 17.962962962962962 19.548387096774192 11.142857142857144 8.962962962962962
11.206896551724137 16.0 19.419354838709676 12.071428571428571 8.703703703703702
10.689655172413792 16.888888888888886 20.161290322580644 10.892857142857144 9.444444444444445
10.03448275862069 15.88888888888889 18.645161290322584 11.571428571428571 9.296296296296296
9.206896551724137 16.22222222222222 19.774193548387096 11.071428571428571 9.333333333333334
8.89655172413793 18.185185185185187 19.548387096774192 11.035714285714286 10.444444444444443
10.551724137931036 18.25925925925926 19.0 9.678571428571429 10.555555555555555
8.379310344827585 17.037037037037038 18.93548387096774 10.535714285714285 10.814814814814815
10.448275862068964 17.407407407407405 19.806451612903228 10.321428571428571 10.333333333333334
9.620689655172415 18.74074074074074 19.677419354838708 9.607142857142858 9.444444444444445
