0.0 0.14094955489614244 0.0635538261997406 0.0014005602240896359 0.0
0.0 0.11127596439169139 0.06874189364461739 0.0 0.0
0.0 0.1572700296735905 0.07133592736705577 0.0 0.0
0.0 0.1201780415430267 0.05577172503242542 0.0 0.0
0.0 0.11869436201780416 0.0609597924773022 0.0 0.0014598540145985403
0.00273224043715847 0.1172106824925816 0.07263294422827497 0.0 0.0
0.0 0.13649851632047477 0.07263294422827497 0.0 0.0
0.0 0.14391691394658754 0.04798962386511024 0.0014005602240896359 0.0
0.0 0.12166172106824925 0.07003891050583658 0.0 0.0
0.0 0.16765578635014836 0.08560311284046693 0.0 0.0
0.0 0.1142433234421365 0.05058365758754864 0.0014005602240896359 0.0
0.0 0.11572700296735905 0.054474708171206226 0.0 0.0
0.0 0.13946587537091987 0.06874189364461739 0.0 0.0
0.0 0.14094955489614244 0.04928664072632944 0.0 0.0
0.0 0.12166172106824925 0.07522697795071336 0.0 0.0
0.0 0.129080118694362 0.054474708171206226 0.0014005602240896359 0.0
0.0 0.1320474777448071 0.07782101167315175 0.0 0.0
0.0 0.12314540059347182 0.05317769130998703 0.0 0.0
0.001366120218579235 0.12759643916913946 0.057068741893644616 0.0014005602240896359 0.0
0.0 0.142433234421365 0.07003891050583658 0.0 0.0
0.0 0.10682492581602375 0.062256809338521395 0.0 0.0
0.00273224043715847 0.13649851632047477 0.05058365758754864 0.0 0.0
0.001366120218579235 0.12166172106824925 0.062256809338521395 0.0014005602240896359 0.0
0.001366120218579235 0.11275964391691395 0.05317769130998703 0.0 0.0
0.001366120218579235 0.10979228486646884 0.07652399481193255 0.0 0.0
0.0 0.11572700296735905 0.06614785992217899 0.0 0.0
0.00273224043715847 0.11869436201780416 0.07392996108949416 0.0 0.0
0.0 0.14391691394658754 0.05317769130998703 0.0 0.0014598540145985403
0.001366120218579235 0.15133531157270028 0.08041504539559013 0.0 0.0
0.0 0.09643916913946587 0.05317769130998703 0.0 0.0
0.001366120218579235 0.1261127596439169 0.06874189364461739 0.0014005602240896359 0.0
0.0 0.15281899109792285 0.08171206225680934 0.0 0.0
0.0 0.13056379821958458 0.05317769130998703 0.0028011204481792717 0.0
0.001366120218579235 0.10979228486646884 0.04928664072632944 0.0028011204481792717 0.0
0.001366120218579235 0.11275964391691395 0.05577172503242542 0.0 0.0
0.0 0.1172106824925816 0.08690012970168612 0.0 0.0
0.0 0.1083086053412463 0.057068741893644616 0.0014005602240896359 0.0
0.0 0.10237388724035608 0.0635538261997406 0.0 0.0
0.0 0.10534124629080119 0.08560311284046693 0.0014005602240896359 0.0
0.001366120218579235 0.142433234421365 0.07392996108949416 0.0 0.0
0.0 0.14391691394658754 0.0674448767833982 0.0 0.0
0.0 0.15875370919881307 0.07392996108949416 0.0 0.0
0.0 0.1201780415430267 0.05836575875486381 0.0 0.0
0.001366120218579235 0.13056379821958458 0.07263294422827497 0.0028011204481792717 0.0
0.004098360655737705 0.1172106824925816 0.0920881971465629 0.0 0.0
0.0 0.13798219584569732 0.05058365758754864 0.0014005602240896359 0.0
0.00273224043715847 0.142433234421365 0.04798962386511024 0.0 0.0
0.0 0.10089020771513353 0.05836575875486381 0.0014005602240896359 0.0
0.0 0.12462908011869435 0.057068741893644616 0.0 0.0
0.001366120218579235 0.14094955489614244 0.0609597924773022 0.0 0.0
0.0 0.1543026706231454 0.05317769130998703 0.0 0.0
0.001366120218579235 0.12166172106824925 0.06614785992217899 0.0 0.0
0.0 0.10979228486646884 0.08171206225680934 0.0 0.0
0.0 0.12166172106824925 0.05836575875486381 0.0 0.0
0.0 0.13501483679525222 0.054474708171206226 0.0014005602240896359 0.0
0.0 0.11275964391691395 0.07003891050583658 0.0 0.0
0.0 0.09050445103857567 0.05836575875486381 0.0014005602240896359 0.0
0.001366120218579235 0.12314540059347182 0.057068741893644616 0.0 0.0014598540145985403
0.0 0.14391691394658754 0.057068741893644616 0.0014005602240896359 0.0
0.0 0.12462908011869435 0.03761348897535668 0.0014005602240896359 0.0
0.0 0.10237388724035608 0.06874189364461739 0.0014005602240896359 0.0014598540145985403
0.001366120218579235 0.1142433234421365 0.05058365758754864 0.0 0.0014598540145985403
0.0 0.15578635014836795 0.0635538261997406 0.0 0.0
0.001366120218579235 0.0771513353115727 0.038910505836575876 0.0014005602240896359 0.0
0.0 0.12166172106824925 0.08819714656290532 0.0 0.0
0.001366120218579235 0.09792284866468842 0.07133592736705577 0.0 0.0
0.0 0.09792284866468842 0.0635538261997406 0.0 0.0
0.0 0.12314540059347182 0.0635538261997406 0.0 0.0
0.0 0.09495548961424333 0.08949416342412451 0.0014005602240896359 0.0
0.0 0.10385756676557864 0.06874189364461739 0.0028011204481792717 0.0
0.0 0.10979228486646884 0.07133592736705577 0.0 0.0
0.001366120218579235 0.142433234421365 0.05577172503242542 0.0 0.0
0.0 0.07863501483679525 0.04798962386511024 0.0 0.0
0.001366120218579235 0.1083086053412463 0.04798962386511024 0.0 0.0
0.0 0.11127596439169139 0.0609597924773022 0.0 0.0
0.0 0.13946587537091987 0.05317769130998703 0.0 0.0
0.0 0.11275964391691395 0.05836575875486381 0.0014005602240896359 0.0
0.004098360655737705 0.1201780415430267 0.05966277561608301 0.004201680672268907 0.0
0.001366120218579235 0.09347181008902077 0.054474708171206226 0.0014005602240896359 0.0
0.001366120218579235 0.08605341246290801 0.04798962386511024 0.0 0.0
0.0 0.11127596439169139 0.03761348897535668 0.0 0.0
0.0 0.07863501483679525 0.05188067444876784 0.0 0.0
0.0 0.10089020771513353 0.04798962386511024 0.0 0.0014598540145985403
0.004098360655737705 0.09198813056379822 0.062256809338521395 0.0014005602240896359 0.0
0.0 0.10237388724035608 0.057068741893644616 0.0014005602240896359 0.0
0.0 0.13353115727002968 0.07263294422827497 0.0 0.0
0.0 0.09495548961424333 0.04539559014267185 0.0 0.0
0.001366120218579235 0.09347181008902077 0.062256809338521395 0.0 0.0
0.0 0.12759643916913946 0.07652399481193255 0.0 0.0
0.001366120218579235 0.1083086053412463 0.05577172503242542 0.0 0.0
0.0 0.1172106824925816 0.05188067444876784 0.0 0.0
0.0 0.11275964391691395 0.0609597924773022 0.0 0.0
0.0 0.1083086053412463 0.054474708171206226 0.0 0.0
0.0 0.1083086053412463 0.04928664072632944 0.0 0.0
0.001366120218579235 0.08753709198813056 0.07522697795071336 0.0 0.0
0.0 0.11572700296735905 0.0337224383916991 0.0 0.0
0.0 0.08753709198813056 0.04539559014267185 0.0 0.0
0.001366120218579235 0.13649851632047477 0.05966277561608301 0.0 0.0
0.0 0.1083086053412463 0.07263294422827497 0.0 0.0
0.0 0.09940652818991097 0.05836575875486381 0.0014005602240896359 0.0
0.0 0.10682492581602375 0.0635538261997406 0.0 0.0
0.0 0.0 0.0 0.0 0.0
0.0 0.0 0.0 0.0 0.0
0.0 0.0 0.0 0.0 0.0
0.001366120218579235 0.0 0.0 0.0 0.0
0.0 0.11572700296735905 0.05836575875486381 0.0 0.0
0.0 0.0 0.0 0.0 0.0
0.0 0.0 0.0 0.0 0.0
0.00273224043715847 0.0 0.0 0.0 0.0
0.0 0.0 0.0 0.0 0.0
0.0 0.037091988130563795 0.14137483787289234 0.0 0.0
0.0 0.0 0.0 0.0 0.0
0.0 0.0 0.0 0.0 0.0014598540145985403
0.0 0.0 0.0 0.0 0.0
0.0 0.0 0.0 0.0 0.0
0.0 0.08456973293768547 0.057068741893644616 0.0014005602240896359 0.0
0.0 0.0 0.0 0.0 0.0
0.0 0.0 0.0 0.0 0.0
0.0 0.0 0.0 0.0 0.0
0.001366120218579235 0.0 0.001297016861219196 0.0 0.0
0.0 0.03857566765578635 0.14915693904020752 0.0 0.0
0.0 0.0 0.0 0.0 0.0
0.0 0.0 0.0 0.0 0.0
0.0 0.0 0.0 0.0 0.0
0.0 0.001483679525222552 0.0 0.0 0.0
0.0 0.0 0.0 0.0 0.0
0.0 0.0 0.0 0.0 0.0
0.0 0.0 0.0 0.0014005602240896359 0.0
0.0 0.0 0.0 0.0 0.0
0.0 0.0 0.0 0.0 0.0
0.0 0.0 0.0 0.0 0.0
0.0 0.04302670623145401 0.1841763942931258 0.0028011204481792717 0.0
0.0 0.04599406528189911 0.14656290531776914 0.0 0.0
0.001366120218579235 0.032640949554896145 0.1569390402075227 0.0014005602240896359 0.0
0.0 0.04747774480712166 0.1504539559014267 0.0028011204481792717 0.0
0.0 0.0400593471810089 0.14915693904020752 0.0014005602240896359 0.0
0.0 0.04451038575667656 0.19844357976653698 0.0 0.0
0.0 0.025222551928783383 0.16342412451361868 0.0 0.0
0.0 0.04154302670623146 0.13359273670557717 0.0 0.0
0.001366120218579235 0.0400593471810089 0.1815823605706874 0.0 0.0
0.0 0.057863501483679525 0.19844357976653698 0.0028011204481792717 0.0
0.001366120218579235 0.05637982195845698 0.24124513618677043 0.0 0.0
0.0 0.06824925816023739 0.24513618677042803 0.0014005602240896359 0.0
0.001366120218579235 0.02967359050445104 0.25551232166018156 0.0028011204481792717 0.0
0.0 0.04599406528189911 0.2568093385214008 0.0028011204481792717 0.0
0.0 0.053412462908011875 0.29831387808041504 0.0014005602240896359 0.0
0.0 0.05192878338278932 0.33722438391699094 0.0 0.0
0.0 0.053412462908011875 0.33463035019455256 0.0 0.0
0.0 0.06083086053412463 0.3527885862516213 0.004201680672268907 0.0
0.001366120218579235 0.06528189910979229 0.2996108949416343 0.0014005602240896359 0.0
0.001366120218579235 0.06824925816023739 0.38910505836575876 0.0 0.0
0.0 0.07863501483679525 0.4383916990920882 0.0014005602240896359 0.0
0.001366120218579235 0.06083086053412463 0.44617380025940334 0.0 0.0
0.001366120218579235 0.07270029673590504 0.5071335927367056 0.0028011204481792717 0.0
0.0 0.09792284866468842 0.5343709468223087 0.0028011204481792717 0.0
0.0 0.08902077151335312 0.5680933852140078 0.0 0.0
0.0 0.08902077151335312 0.6303501945525292 0.0028011204481792717 0.0
0.0 0.07270029673590504 0.6407263294422828 0.0014005602240896359 0.0
0.0 0.10237388724035608 0.7496757457846952 0.0 0.0
0.0 0.10237388724035608 0.7782101167315175 0.0 0.0
0.0 0.10534124629080119 0.867704280155642 0.0 0.0
0.001366120218579235 0.09643916913946587 0.9740596627756161 0.0 0.0
0.0 0.12314540059347182 0.9909208819714657 0.0014005602240896359 0.0
0.001366120218579235 0.12166172106824925 1.1945525291828794 0.0 0.0
0.0 0.1201780415430267 1.1945525291828794 0.0028011204481792717 0.0
0.0 0.129080118694362 1.3307392996108949 0.0 0.0
0.0 0.12462908011869435 1.3307392996108949 0.0 0.0
0.0 0.13056379821958458 1.4669260700389106 0.0014005602240896359 0.0
0.0 0.13353115727002968 1.5149156939040207 0.004201680672268907 0.0
0.001366120218579235 0.1632047477744807 1.6536964980544746 0.0 0.0
0.0 0.15133531157270028 1.7431906614785992 0.0 0.0
0.0 0.17655786350148367 1.787289234760052 0.0 0.0
0.0 0.18397626112759644 1.8728923476005188 0.0 0.0
0.0 0.18397626112759644 1.9429312581063554 0.0014005602240896359 0.0
0.0 0.17655786350148367 1.9130998702983137 0.0 0.0
0.0 0.1884272997032641 2.098573281452659 0.0 0.0
0.0 0.21068249258160238 2.216601815823606 0.0 0.0
0.0 0.19287833827893175 2.2632944228274967 0.0014005602240896359 0.0
0.0 0.21216617210682492 2.345006485084306 0.0 0.0014598540145985403
0.0 0.228486646884273 2.62905317769131 0.0 0.0
0.001366120218579235 0.22106824925816024 2.5914396887159534 0.0 0.0014598540145985403
0.0 0.2492581602373887 2.8054474708171204 0.0 0.0
0.001366120218579235 0.2492581602373887 2.827496757457847 0.0 0.0
0.0 0.2685459940652819 2.90402075226978 0.0014005602240896359 0.0
0.0 0.24629080118694363 3.0713359273670555 0.0014005602240896359 0.0
0.0 0.23738872403560832 3.1725032425421533 0.0 0.0
0.001366120218579235 0.27596439169139464 3.360570687418936 0.0 0.0
0.001366120218579235 0.27596439169139464 3.3476005188067446 0.0014005602240896359 0.0
0.0 0.31008902077151335 3.599221789883268 0.0014005602240896359 0.0
0.001366120218579235 0.3130563798219585 3.734111543450065 0.0 0.0
0.0 0.314540059347181 3.987029831387808 0.0014005602240896359 0.0
0.0 0.30415430267062316 3.9662775616083006 0.0014005602240896359 0.0
0.001366120218579235 0.33382789317507416 4.252918287937743 0.0 0.0
0.0 0.34124629080118696 4.446173800259404 0.0014005602240896359 0.0
0.0 0.35311572700296734 4.616083009079118 0.0014005602240896359 0.0
0.00273224043715847 0.37388724035608306 4.830090791180286 0.0 0.0
0.0 0.3857566765578635 5.115434500648508 0.0014005602240896359 0.0
0.0 0.4094955489614243 5.260700389105058 0.0014005602240896359 0.0
0.0 0.41097922848664686 5.61348897535668 0.0 0.0
0.0 0.4391691394658754 5.586251621271076 0.0014005602240896359 0.0
0.0 0.4688427299703264 5.950713359273671 0.0 0.0
0.0 0.4629080118694362 6.33981841763943 0.0 0.0
0.001366120218579235 0.46439169139465875 6.699092088197147 0.0 0.0
0.001366120218579235 0.5089020771513353 6.9896238651102465 0.0014005602240896359 0.0
0.001366120218579235 0.5341246290801187 7.390402075226978 0.0 0.0
0.0 0.5296735905044511 7.464332036316472 0.0014005602240896359 0.0
0.0 0.5608308605341247 7.770428015564202 0.0014005602240896359 0.0
0.0 0.5949554896142434 8.03112840466926 0.0 0.0
0.0 0.6023738872403561 8.505836575875486 0.0014005602240896359 0.0
0.0 0.6483679525222551 8.819714656290532 0.0014005602240896359 0.0
0.0 0.6513353115727003 8.922178988326849 0.0 0.0
0.0 0.6706231454005934 9.184176394293127 0.0014005602240896359 0.0
0.0 0.701780415430267 9.495460440985733 0.0 0.0
0.0 0.728486646884273 9.96757457846952 0.0 0.0
0.0 0.7611275964391692 9.963683527885863 0.0 0.0
0.001366120218579235 0.7596439169139466 10.392996108949417 0.0028011204481792717 0.0
0.001366120218579235 0.811572700296736 11.03112840466926 0.0 0.0
0.0 0.7804154302670623 10.687418936446173 0.0 0.0
0.0 0.7596439169139466 10.648508430609597 0.0 0.0
0.0 0.8056379821958457 11.027237354085603 0.0014005602240896359 0.0
0.0 0.8175074183976261 10.964980544747082 0.0 0.0
0.0 0.8353115727002968 11.334630350194551 0.0 0.0
0.0 0.8338278931750741 11.251621271076523 0.0028011204481792717 0.0
0.0 0.827893175074184 11.313878080415046 0.0014005602240896359 0.0
0.00273224043715847 0.8323442136498517 11.335927367055772 0.0 0.0
0.0 0.8011869436201781 11.295719844357977 0.0 0.0
0.0 0.8427299703264095 11.271076523994813 0.0 0.0
0.0 0.8664688427299704 11.53177691309987 0.0014005602240896359 0.0
0.001366120218579235 0.8724035608308605 11.599221789883268 0.0 0.0
0.0 0.844213649851632 11.626459143968871 0.0 0.0
