16.5 26.8 27.400000000000002 16.0 13.5
14.333333333333334 27.2 26.8 13.666666666666668 13.666666666666668
14.666666666666666 28.8 26.8 13.5 14.666666666666666
11.333333333333334 28.0 25.0 15.166666666666666 14.5
16.666666666666668 28.6 31.8 12.333333333333334 14.5
14.166666666666666 26.0 26.8 18.333333333333332 11.833333333333332
15.166666666666666 28.0 27.2 13.833333333333332 11.666666666666668
14.333333333333334 27.0 29.8 14.333333333333334 14.333333333333334
11.833333333333332 26.8 24.8 15.166666666666666 13.666666666666668
16.5 30.0 31.0 15.0 11.833333333333332
17.666666666666668 30.0 26.200000000000003 17.5 9.666666666666668
14.0 26.4 27.2 13.166666666666666 11.0
14.5 27.799999999999997 26.599999999999998 14.666666666666666 12.5
14.833333333333334 27.599999999999998 26.0 14.666666666666666 14.5
15.666666666666666 28.400000000000002 25.8 13.5 15.166666666666666
14.0 33.6 29.2 13.333333333333334 13.166666666666666
12.166666666666666 28.0 30.200000000000003 14.166666666666666 12.333333333333334
15.166666666666666 28.400000000000002 29.0 17.5 13.166666666666666
14.666666666666666 29.6 29.6 18.0 12.833333333333334
15.5 30.0 31.2 13.833333333333332 13.833333333333332
15.0 30.4 24.2 19.0 13.833333333333332
14.5 33.0 28.8 14.166666666666666 16.166666666666664
12.833333333333334 26.4 27.400000000000002 14.333333333333334 15.5
17.333333333333332 28.2 30.0 15.0 12.666666666666666
15.833333333333334 28.0 28.2 16.0 14.666666666666666
14.666666666666666 29.0 29.6 15.5 13.0
14.166666666666666 23.8 26.4 15.0 13.666666666666668
13.5 26.599999999999998 28.2 17.333333333333332 12.0
14.5 29.2 26.8 15.0 14.833333333333334
14.666666666666666 29.4 29.4 16.5 14.0
12.0 28.8 26.200000000000003 15.5 14.333333333333334
17.833333333333332 27.2 30.4 13.833333333333332 15.166666666666666
14.833333333333334 31.2 24.400000000000002 15.833333333333334 13.5
15.0 26.0 29.6 15.833333333333334 15.166666666666666
12.5 27.400000000000002 25.2 14.666666666666666 14.166666666666666
14.666666666666666 29.0 28.8 14.666666666666666 14.0
15.0 26.599999999999998 27.799999999999997 15.5 13.5
15.833333333333334 26.8 31.4 17.0 14.5
18.0 24.8 30.8 14.666666666666666 14.166666666666666
14.166666666666666 28.6 29.4 16.0 14.0
16.0 27.2 29.6 16.333333333333332 13.833333333333332
14.0 25.6 28.6 15.333333333333332 14.166666666666666
15.0 28.400000000000002 26.599999999999998 11.666666666666668 13.333333333333334
15.666666666666666 28.400000000000002 27.0 13.166666666666666 13.0
14.5 29.0 28.6 13.666666666666668 13.0
14.5 28.8 29.2 13.5 13.666666666666668
13.833333333333332 34.0 28.8 16.333333333333332 15.166666666666666
15.666666666666666 26.8 28.400000000000002 17.5 13.0
15.666666666666666 28.8 29.2 13.0 12.833333333333334
14.333333333333334 29.0 28.8 16.833333333333332 10.666666666666666
14.833333333333334 29.2 27.599999999999998 15.333333333333332 10.166666666666666
14.5 28.8 27.599999999999998 14.666666666666666 14.333333333333334
13.333333333333334 29.2 25.4 17.333333333333332 15.166666666666666
13.666666666666668 30.0 27.0 16.5 15.333333333333332
15.333333333333332 27.799999999999997 28.400000000000002 15.166666666666666 11.333333333333334
16.666666666666668 24.6 26.200000000000003 15.166666666666666 14.5
15.666666666666666 26.0 27.599999999999998 13.5 11.5
16.833333333333332 24.8 25.2 17.0 14.5
15.333333333333332 26.8 25.0 14.5 13.333333333333334
14.0 27.0 28.400000000000002 15.333333333333332 15.0
13.166666666666666 29.2 26.599999999999998 15.166666666666666 13.666666666666668
15.833333333333334 25.0 28.6 16.5 13.5
16.166666666666664 27.400000000000002 25.4 19.166666666666664 16.5
15.833333333333334 28.2 24.8 15.833333333333334 14.166666666666666
13.333333333333334 27.400000000000002 28.400000000000002 16.166666666666664 14.666666666666666
12.666666666666666 30.599999999999998 27.0 15.0 16.5
14.5 25.4 28.6 16.833333333333332 14.333333333333334
13.833333333333332 27.0 30.4 16.666666666666668 15.333333333333332
12.166666666666666 26.8 29.6 14.833333333333334 13.833333333333332
19.166666666666664 30.8 28.0 15.666666666666666 14.666666666666666
14.666666666666666 27.599999999999998 27.2 16.833333333333332 11.833333333333332
16.166666666666664 29.4 26.8 14.5 12.166666666666666
14.5 27.599999999999998 29.0 16.5 12.166666666666666
16.5 26.599999999999998 30.4 14.833333333333334 9.5
14.166666666666666 27.0 28.6 14.166666666666666 13.666666666666668
14.333333333333334 28.6 29.2 15.166666666666666 13.666666666666668
13.833333333333332 29.4 25.4 14.666666666666666 12.5
12.5 29.2 29.8 12.5 14.666666666666666
17.333333333333332 26.8 28.400000000000002 15.5 12.333333333333334
16.833333333333332 28.8 28.400000000000002 14.666666666666666 13.666666666666668
15.5 28.0 28.0 14.333333333333334 13.0
14.666666666666666 27.799999999999997 30.200000000000003 13.5 13.0
12.666666666666666 25.0 27.0 16.666666666666668 14.5
19.166666666666664 25.8 26.200000000000003 13.0 13.166666666666666
13.5 29.8 28.6 13.5 14.166666666666666
15.833333333333334 28.6 29.0 13.666666666666668 15.333333333333332
13.5 26.8 30.200000000000003 11.833333333333332 13.5
14.166666666666666 27.2 30.8 13.0 10.833333333333334
13.833333333333332 25.8 29.0 14.166666666666666 11.333333333333334
14.166666666666666 27.0 29.0 17.166666666666668 10.833333333333334
13.333333333333334 29.2 29.0 12.333333333333334 12.333333333333334
16.5 27.799999999999997 27.0 16.5 11.5
15.666666666666666 28.0 28.0 16.5 13.0
14.833333333333334 26.200000000000003 27.0 15.333333333333332 15.666666666666666
15.5 23.400000000000002 29.8 16.166666666666664 12.5
15.0 28.0 26.0 16.5 14.666666666666666
16.333333333333332 30.8 26.4 14.666666666666666 14.833333333333334
15.333333333333332 28.400000000000002 29.0 16.833333333333332 12.666666666666666
17.166666666666668 26.8 27.599999999999998 14.833333333333334 12.833333333333334
15.666666666666666 28.8 27.0 15.833333333333334 10.5
12.833333333333334 29.4 28.8 14.0 15.333333333333332
17.666666666666668 13.4 14.6 15.666666666666666 16.333333333333332
14.0 19.2 12.200000000000001 13.833333333333332 16.0
14.5 15.4 14.200000000000001 14.833333333333334 17.666666666666668
14.5 15.8 13.6 16.333333333333332 13.166666666666666
15.0 25.8 29.6 14.0 12.666666666666666
16.333333333333332 13.799999999999999 15.8 15.0 15.333333333333332
14.666666666666666 15.6 16.2 15.666666666666666 17.833333333333332
15.833333333333334 13.799999999999999 15.4 16.833333333333332 17.0
12.0 16.2 13.6 14.833333333333334 16.166666666666664
14.5 24.2 36.0 17.5 14.0
13.333333333333334 15.4 14.200000000000001 15.5 15.833333333333334
13.333333333333334 15.0 18.2 17.0 15.5
18.166666666666668 17.2 12.6 15.0 14.5
14.166666666666666 13.2 16.8 17.0 16.333333333333332
15.5 30.0 26.200000000000003 16.166666666666664 13.666666666666668
14.333333333333334 17.2 14.8 17.5 14.666666666666666
15.0 13.799999999999999 13.799999999999999 15.666666666666666 16.333333333333332
16.166666666666664 16.2 12.200000000000001 15.666666666666666 14.166666666666666
14.0 13.6 16.8 14.833333333333334 15.166666666666666
13.833333333333332 23.8 34.2 17.0 12.666666666666666
17.5 15.2 15.8 15.0 16.833333333333332
14.166666666666666 17.2 14.4 15.333333333333332 16.833333333333332
14.5 18.2 14.6 13.833333333333332 15.0
17.0 16.2 16.2 15.5 17.333333333333332
14.166666666666666 14.8 16.2 16.666666666666668 15.833333333333334
14.0 16.8 16.6 15.166666666666666 16.833333333333332
15.5 15.2 14.4 19.166666666666664 14.0
16.333333333333332 16.6 13.2 17.0 17.0
16.833333333333332 18.4 13.4 18.166666666666668 15.5
14.833333333333334 13.2 14.8 14.5 14.166666666666666
12.666666666666666 22.8 34.8 17.833333333333332 12.666666666666666
15.0 24.6 33.4 14.0 12.0
15.0 25.6 32.599999999999994 16.5 14.333333333333334
15.333333333333332 27.2 35.4 14.5 15.333333333333332
12.833333333333334 23.2 34.0 16.833333333333332 13.5
15.666666666666666 23.0 32.2 17.833333333333332 13.833333333333332
14.166666666666666 27.2 28.6 17.0 13.166666666666666
11.166666666666666 26.599999999999998 33.2 16.333333333333332 13.833333333333332
14.0 27.400000000000002 33.0 16.833333333333332 15.166666666666666
15.5 27.799999999999997 32.0 15.5 12.166666666666666
14.166666666666666 22.599999999999998 34.0 14.833333333333334 15.333333333333332
15.666666666666666 25.4 30.0 18.5 13.833333333333332
15.0 26.8 31.8 16.333333333333332 13.5
14.833333333333334 23.8 32.599999999999994 15.333333333333332 14.0
12.833333333333334 24.400000000000002 30.200000000000003 16.833333333333332 14.666666666666666
15.833333333333334 26.599999999999998 31.0 15.5 13.5
13.0 23.0 34.0 15.666666666666666 12.833333333333334
15.333333333333332 23.0 29.8 15.333333333333332 14.166666666666666
11.666666666666668 26.4 33.4 18.666666666666668 11.333333333333334
14.666666666666666 24.2 34.2 16.666666666666668 15.333333333333332
15.166666666666666 23.599999999999998 32.0 18.166666666666668 14.666666666666666
14.166666666666666 29.2 31.8 14.5 14.833333333333334
14.666666666666666 22.599999999999998 31.8 14.166666666666666 15.5
11.333333333333334 25.0 32.4 16.5 12.666666666666666
12.5 27.2 35.2 17.0 12.666666666666666
15.0 25.0 34.2 14.666666666666666 13.5
14.0 26.0 35.6 17.0 13.0
15.166666666666666 26.8 32.800000000000004 14.5 14.833333333333334
14.166666666666666 24.400000000000002 35.0 16.0 10.666666666666666
12.666666666666666 22.4 35.0 16.5 12.333333333333334
12.0 26.599999999999998 38.0 16.833333333333332 9.833333333333332
17.5 24.8 34.6 15.166666666666666 12.166666666666666
13.666666666666668 26.0 36.0 16.5 14.666666666666666
15.0 29.8 32.599999999999994 15.333333333333332 13.166666666666666
17.333333333333332 26.4 34.0 16.5 10.833333333333334
13.833333333333332 25.4 35.0 14.833333333333334 12.0
11.833333333333332 25.6 35.6 14.0 13.0
17.333333333333332 26.8 35.6 15.0 12.333333333333334
13.833333333333332 24.8 36.6 17.333333333333332 10.833333333333334
13.333333333333334 27.400000000000002 36.2 18.166666666666668 14.0
12.833333333333334 29.0 36.6 17.333333333333332 12.166666666666666
13.666666666666668 26.0 36.4 15.833333333333334 14.333333333333334
14.833333333333334 25.8 37.6 16.5 14.166666666666666
13.833333333333332 27.599999999999998 37.6 14.666666666666666 15.333333333333332
14.833333333333334 25.2 37.400000000000006 18.833333333333332 12.666666666666666
14.833333333333334 24.400000000000002 42.4 17.0 12.666666666666666
13.666666666666668 26.200000000000003 38.6 16.166666666666664 12.333333333333334
14.5 25.8 42.2 15.0 11.0
14.333333333333334 27.0 38.800000000000004 16.333333333333332 13.333333333333334
13.5 30.200000000000003 35.8 14.833333333333334 14.5
11.833333333333332 27.799999999999997 42.0 15.333333333333332 13.333333333333334
13.5 28.6 39.800000000000004 17.333333333333332 13.333333333333334
14.166666666666666 29.4 41.0 12.666666666666666 10.166666666666666
12.666666666666666 25.4 40.4 13.833333333333332 12.166666666666666
9.166666666666666 30.8 40.0 13.333333333333334 13.166666666666666
13.666666666666668 28.400000000000002 41.8 14.333333333333334 12.666666666666666
14.0 28.8 43.2 13.666666666666668 12.5
13.5 30.0 41.4 15.833333333333334 10.5
14.666666666666666 30.0 40.4 14.333333333333334 15.5
13.166666666666666 27.2 43.4 17.833333333333332 10.833333333333334
13.0 29.0 47.0 13.333333333333334 11.5
12.0 26.8 46.0 15.0 12.0
16.5 32.2 44.4 18.166666666666668 10.666666666666666
15.666666666666666 25.2 42.4 16.333333333333332 13.0
13.333333333333334 29.8 43.4 15.833333333333334 10.333333333333334
14.333333333333334 32.2 44.2 17.666666666666668 12.5
18.0 32.800000000000004 46.4 14.166666666666666 12.0
15.333333333333332 30.0 47.4 19.0 10.166666666666666
13.0 28.6 45.8 19.0 14.166666666666666
13.166666666666666 26.200000000000003 44.2 16.5 12.333333333333334
12.5 31.8 47.0 19.0 12.0
14.833333333333334 26.200000000000003 45.400000000000006 15.833333333333334 11.666666666666668
12.666666666666666 29.4 48.2 15.666666666666666 9.333333333333334
11.666666666666668 33.4 46.6 16.666666666666668 13.5
14.166666666666666 32.0 47.800000000000004 15.833333333333334 10.333333333333334
14.166666666666666 30.0 45.400000000000006 17.333333333333332 9.0
14.333333333333334 33.6 48.0 14.666666666666666 12.666666666666666
13.0 31.6 48.800000000000004 16.333333333333332 10.5
10.0 28.8 51.2 19.333333333333336 12.666666666666666
14.5 31.2 47.4 18.333333333333332 14.333333333333334
15.166666666666666 31.0 50.6 16.0 7.833333333333333
13.833333333333332 31.2 50.0 17.333333333333332 9.666666666666668
13.0 32.0 48.599999999999994 16.166666666666664 12.166666666666666
11.0 32.800000000000004 47.800000000000004 17.166666666666668 10.5
13.333333333333334 29.0 50.2 16.5 10.666666666666666
12.333333333333334 31.2 50.8 17.833333333333332 11.5
15.0 35.4 52.6 15.666666666666666 9.666666666666668
14.833333333333334 32.0 47.0 19.166666666666664 11.833333333333332
12.666666666666666 31.8 49.8 18.5 14.333333333333334
15.0 32.800000000000004 49.4 16.5 10.333333333333334
14.0 32.599999999999994 49.8 16.333333333333332 11.166666666666666
13.833333333333332 33.0 49.4 20.833333333333332 13.333333333333334
14.0 28.2 51.6 17.833333333333332 12.5
12.0 34.4 49.8 20.0 11.833333333333332
13.333333333333334 31.8 48.0 15.0 11.5
16.833333333333332 29.8 47.0 14.333333333333334 11.833333333333332
15.333333333333332 30.8 51.8 17.0 10.666666666666666
15.166666666666666 34.6 50.6 12.5 11.166666666666666
12.166666666666666 31.6 50.8 19.833333333333336 10.833333333333334
