32935.000 -0.400 -0.400 0.402
32936.000 -0.400 -0.331 0.096
32937.000 -0.400 -0.262 0.196
32938.000 -0.400 -0.192 0.387
32939.000 -0.400 -0.123 0.130
32940.000 -0.400 -0.054 0.166
32941.000 -0.400 0.015 0.163
32942.000 -0.400 0.085 0.287
32943.000 -0.400 0.154 0.211
32944.000 -0.400 0.223 0.255
32945.000 -0.400 0.292 0.163
32946.000 -0.400 0.362 0.330
32947.000 -0.400 0.431 0.368
32948.000 -0.331 -0.400 0.040
32949.000 -0.331 -0.331 0.477
32950.000 -0.331 -0.262 0.310
32951.000 -0.331 -0.192 0.286
32952.000 -0.331 -0.123 0.167
32953.000 -0.331 -0.054 0.236
32954.000 -0.331 0.015 0.215
32955.000 -0.331 0.085 0.161
32956.000 -0.331 0.154 0.250
32957.000 -0.331 0.223 0.135
32958.000 -0.331 0.292 0.494
32959.000 -0.331 0.362 0.129
32960.000 -0.331 0.431 0.083
32961.000 -0.262 -0.400 0.498
32962.000 -0.262 -0.331 0.130
32963.000 -0.262 -0.262 0.428
32964.000 -0.262 -0.192 0.363
32965.000 -0.262 -0.123 0.378
32966.000 -0.262 -0.054 0.168
32967.000 -0.262 0.015 0.375
32968.000 -0.262 0.085 0.450
32969.000 -0.262 0.154 0.029
32970.000 -0.262 0.223 0.415
32971.000 -0.262 0.292 0.273
32972.000 -0.262 0.362 0.229
32973.000 -0.262 0.431 0.478
32974.000 -0.192 -0.400 0.024
32975.000 -0.192 -0.331 0.471
32976.000 -0.192 -0.262 0.433
32977.000 -0.192 -0.192 0.227
32978.000 -0.192 -0.123 0.396
32979.000 -0.192 -0.054 0.234
32980.000 -0.192 0.015 0.368
32981.000 -0.192 0.085 0.487
32982.000 -0.192 0.154 0.098
32983.000 -0.192 0.223 0.355
32984.000 -0.192 0.292 0.106
32985.000 -0.192 0.362 0.181
32986.000 -0.192 0.431 0.467
32987.000 -0.123 -0.400 0.396
32988.000 -0.123 -0.331 0.208
32989.000 -0.123 -0.262 0.195
32990.000 -0.123 -0.192 0.052
32991.000 -0.123 -0.123 0.127
32992.000 -0.123 -0.054 0.216
32993.000 -0.123 0.015 0.036
32994.000 -0.123 0.085 0.062
32995.000 -0.123 0.154 0.184
32996.000 -0.123 0.223 0.311
32997.000 -0.123 0.292 0.115
32998.000 -0.123 0.362 0.222
32999.000 -0.123 0.431 0.393
33000.000 -0.054 -0.400 0.365
33001.000 -0.054 -0.331 0.466
33002.000 -0.054 -0.262 0.166
33003.000 -0.054 -0.192 0.046
33004.000 -0.054 -0.123 0.471
33005.000 -0.054 -0.054 0.373
33006.000 -0.054 0.015 0.000
33007.000 -0.054 0.085 0.327
33008.000 -0.054 0.154 0.286
33009.000 -0.054 0.223 0.132
33010.000 -0.054 0.292 0.132
33011.000 -0.054 0.362 0.331
33012.000 -0.054 0.431 0.026
33013.000 0.015 -0.400 0.458
33014.000 0.015 -0.331 0.351
33015.000 0.015 -0.262 0.035
33016.000 0.015 -0.192 0.024
33017.000 0.015 -0.123 0.011
33018.000 0.015 -0.054 0.182
33019.000 0.015 0.015 0.268
33020.000 0.015 0.085 0.284
33021.000 0.015 0.154 0.198
33022.000 0.015 0.223 0.442
33023.000 0.015 0.292 0.389
33024.000 0.015 0.362 0.387
33025.000 0.015 0.431 0.111
33026.000 0.085 -0.400 0.132
33027.000 0.085 -0.331 0.253
33028.000 0.085 -0.262 0.047
33029.000 0.085 -0.192 0.153
33030.000 0.085 -0.123 0.498
33031.000 0.085 -0.054 0.093
33032.000 0.085 0.015 0.298
33033.000 0.085 0.085 0.386
33034.000 0.085 0.154 0.039
33035.000 0.085 0.223 0.194
33036.000 0.085 0.292 0.083
33037.000 0.085 0.362 0.443
33038.000 0.085 0.431 0.285
33039.000 0.154 -0.400 0.379
33040.000 0.154 -0.331 0.349
33041.000 0.154 -0.262 0.306
33042.000 0.154 -0.192 0.061
33043.000 0.154 -0.123 0.404
33044.000 0.154 -0.054 0.010
33045.000 0.154 0.015 0.387
33046.000 0.154 0.085 0.233
33047.000 0.154 0.154 0.418
33048.000 0.154 0.223 0.425
33049.000 0.154 0.292 0.193
33050.000 0.154 0.362 0.462
33051.000 0.154 0.431 0.161
33052.000 0.223 -0.400 0.466
33053.000 0.223 -0.331 0.086
33054.000 0.223 -0.262 0.227
33055.000 0.223 -0.192 0.155
33056.000 0.223 -0.123 0.179
33057.000 0.223 -0.054 0.352
33058.000 0.223 0.015 0.332
33059.000 0.223 0.085 0.407
33060.000 0.223 0.154 0.062
33061.000 0.223 0.223 0.319
33062.000 0.223 0.292 0.299
33063.000 0.223 0.362 0.422
33064.000 0.223 0.431 0.243
33065.000 0.292 -0.400 0.467
33066.000 0.292 -0.331 0.200
33067.000 0.292 -0.262 0.068
33068.000 0.292 -0.192 0.146
33069.000 0.292 -0.123 0.269
33070.000 0.292 -0.054 0.419
33071.000 0.292 0.015 0.448
33072.000 0.292 0.085 0.345
33073.000 0.292 0.154 0.325
33074.000 0.292 0.223 0.491
33075.000 0.292 0.292 0.024
33076.000 0.292 0.362 0.123
33077.000 0.292 0.431 0.021
33078.000 0.362 -0.400 0.422
33079.000 0.362 -0.331 0.211
33080.000 0.362 -0.262 0.377
33081.000 0.362 -0.192 0.021
33082.000 0.362 -0.123 0.273
33083.000 0.362 -0.054 0.402
33084.000 0.362 0.015 0.403
33085.000 0.362 0.085 0.230
33086.000 0.362 0.154 0.283
33087.000 0.362 0.223 0.481
33088.000 0.362 0.292 0.223
33089.000 0.362 0.362 0.357
33090.000 0.362 0.431 0.054
33091.000 0.431 -0.400 0.294
33092.000 0.431 -0.262 0.101
33093.000 0.431 -0.192 0.365
33094.000 0.431 -0.123 0.168
33095.000 0.431 -0.054 0.313
33096.000 0.431 0.015 0.480
33097.000 0.431 0.085 0.288
33098.000 0.431 0.154 0.222
33099.000 0.431 0.223 0.301
33100.000 0.431 0.292 0.155
33101.000 0.431 0.362 0.046
33102.000 0.431 0.431 0.430
