84.33333333333333 81.60000000000001 83.0 87.4 86.77777777777777
82.77777777777779 81.5 83.125 85.7 86.0
84.88888888888889 82.60000000000001 83.75 87.4 86.33333333333333
85.0 82.9 83.75 86.7 87.88888888888889
83.77777777777779 82.19999999999999 83.25 86.1 85.0
84.44444444444444 82.9 82.75 85.9 86.44444444444444
85.44444444444444 82.60000000000001 83.625 86.2 86.55555555555556
84.66666666666667 82.60000000000001 84.75 87.6 87.22222222222223
84.88888888888889 82.60000000000001 84.0 87.2 87.77777777777777
85.0 82.5 83.75 86.2 86.88888888888889
85.33333333333333 82.9 84.75 87.1 86.66666666666667
83.77777777777779 81.9 83.5 87.3 87.66666666666667
84.33333333333333 82.10000000000001 82.5 85.9 86.44444444444444
84.22222222222223 80.8 83.75 87.2 86.55555555555556
85.55555555555556 81.5 84.625 86.9 86.33333333333333
85.0 82.0 84.625 86.9 87.33333333333333
84.11111111111111 80.9 83.0 87.1 85.77777777777777
85.22222222222223 80.8 82.75 86.0 87.0
84.77777777777777 82.8 83.75 86.2 85.77777777777777
85.55555555555556 81.60000000000001 83.625 86.3 86.88888888888889
82.88888888888889 79.0 82.375 86.5 86.22222222222223
85.66666666666667 82.3 84.375 86.3 88.0
84.88888888888889 80.5 82.125 85.7 85.22222222222223
84.33333333333333 81.3 83.875 87.0 87.66666666666667
85.77777777777777 82.3 83.5 86.7 87.55555555555556
83.22222222222223 80.19999999999999 82.25 83.9 85.55555555555556
85.22222222222223 82.4 84.25 87.3 87.88888888888889
84.66666666666667 81.69999999999999 83.875 87.7 87.33333333333333
85.11111111111111 82.0 84.5 87.6 86.88888888888889
83.55555555555554 81.69999999999999 84.125 85.9 87.22222222222223
84.11111111111111 80.5 83.875 86.6 85.77777777777777
83.44444444444444 80.8 83.0 86.6 86.77777777777777
84.55555555555556 81.60000000000001 83.25 86.5 87.77777777777777
84.22222222222223 81.10000000000001 83.375 87.0 86.88888888888889
85.11111111111111 81.3 83.0 86.7 86.55555555555556
84.33333333333333 81.8 83.75 86.1 86.77777777777777
84.33333333333333 81.4 82.75 87.0 86.11111111111111
82.33333333333333 79.9 82.25 85.1 85.66666666666667
84.88888888888889 80.4 83.25 86.2 87.22222222222223
85.11111111111111 81.60000000000001 83.5 86.3 87.44444444444444
84.22222222222223 80.5 83.0 85.2 85.88888888888889
85.11111111111111 81.19999999999999 83.25 86.9 86.44444444444444
85.66666666666667 80.3 83.25 87.3 88.0
84.66666666666667 81.0 83.75 87.4 88.33333333333333
84.77777777777777 81.5 83.875 86.0 87.44444444444444
85.0 79.39999999999999 84.5 87.1 87.22222222222223
83.66666666666667 79.39999999999999 84.0 86.5 86.11111111111111
84.44444444444444 80.8 81.875 85.3 87.55555555555556
84.55555555555556 80.0 83.125 86.7 86.66666666666667
84.88888888888889 79.5 83.625 86.5 87.44444444444444
84.22222222222223 80.19999999999999 83.875 86.8 85.77777777777777
84.33333333333333 80.10000000000001 83.0 86.5 87.11111111111111
84.77777777777777 79.9 83.25 85.2 86.22222222222223
85.33333333333333 79.9 83.25 87.6 86.77777777777777
85.55555555555556 80.9 83.25 88.1 88.0
85.33333333333333 81.0 83.25 86.6 87.0
84.33333333333333 79.5 83.25 86.5 87.44444444444444
84.22222222222223 79.2 83.75 86.6 87.22222222222223
83.22222222222223 77.3 82.125 84.9 86.11111111111111
85.66666666666667 78.10000000000001 83.625 86.9 88.22222222222221
84.22222222222223 78.10000000000001 82.25 86.0 85.33333333333333
85.66666666666667 80.69999999999999 84.25 85.8 86.44444444444444
84.77777777777777 77.0 83.25 86.6 86.11111111111111
84.88888888888889 80.19999999999999 83.5 86.5 86.77777777777777
83.11111111111111 77.39999999999999 82.625 86.0 85.77777777777777
83.33333333333333 76.8 82.625 85.1 86.22222222222223
84.77777777777777 77.89999999999999 83.75 87.5 87.22222222222223
83.55555555555554 76.39999999999999 80.5 86.1 86.44444444444444
84.33333333333333 76.7 81.5 86.2 86.66666666666667
85.33333333333333 78.10000000000001 83.375 86.4 88.0
85.55555555555556 77.5 83.125 87.5 87.22222222222223
83.55555555555554 75.5 81.625 84.9 86.55555555555556
83.77777777777779 77.3 81.375 86.5 87.66666666666667
83.88888888888889 76.6 81.625 86.7 86.88888888888889
84.88888888888889 77.2 82.375 87.2 87.44444444444444
84.77777777777777 76.0 81.875 87.0 87.22222222222223
84.0 73.4 82.375 85.7 86.22222222222223
84.44444444444444 74.6 80.875 85.8 87.22222222222223
83.77777777777779 73.80000000000001 80.625 86.3 85.22222222222223
84.33333333333333 74.39999999999999 82.25 86.3 87.0
84.22222222222223 74.80000000000001 82.0 86.5 87.33333333333333
84.11111111111111 73.7 80.375 86.4 86.55555555555556
85.44444444444444 74.6 81.5 88.0 87.33333333333333
83.77777777777779 74.30000000000001 80.625 85.4 86.33333333333333
83.55555555555554 72.5 81.0 85.5 86.77777777777777
85.66666666666667 73.5 82.125 86.5 87.66666666666667
84.77777777777777 71.8 81.75 86.6 87.22222222222223
84.22222222222223 73.1 80.125 85.5 87.33333333333333
84.66666666666667 72.1 82.0 86.3 86.33333333333333
83.11111111111111 72.6 81.0 86.6 86.0
85.44444444444444 71.9 80.875 87.1 87.77777777777777
84.66666666666667 72.1 80.75 86.8 87.55555555555556
83.66666666666667 69.6 80.5 86.1 85.88888888888889
83.88888888888889 68.8 80.0 86.0 87.55555555555556
83.11111111111111 69.5 79.875 85.9 86.22222222222223
84.44444444444444 70.4 80.125 87.4 87.77777777777777
83.77777777777779 70.2 80.875 86.1 86.88888888888889
84.11111111111111 69.5 79.375 85.5 87.33333333333333
85.11111111111111 69.2 79.125 87.4 88.33333333333333
84.66666666666667 70.0 81.0 86.2 86.55555555555556
84.33333333333333 69.1 81.0 87.7 88.11111111111111
81.66666666666667 80.19999999999999 81.25 81.9 81.33333333333333
80.88888888888889 81.0 82.75 82.69999999999999 81.44444444444444
81.55555555555556 80.19999999999999 82.75 80.60000000000001 81.88888888888889
81.33333333333333 81.0 80.875 81.69999999999999 81.22222222222223
84.33333333333333 67.7 79.625 87.1 87.88888888888889
81.44444444444444 80.8 82.125 81.5 80.55555555555556
82.22222222222223 80.4 80.0 81.4 80.77777777777779
81.66666666666667 79.69999999999999 80.625 81.8 81.55555555555556
81.33333333333333 80.60000000000001 81.5 81.19999999999999 81.0
84.33333333333333 72.5 78.25 87.0 87.0
82.0 81.4 82.125 82.19999999999999 81.0
81.55555555555556 80.9 81.875 81.8 82.44444444444444
82.22222222222223 81.3 81.625 82.10000000000001 82.0
80.77777777777779 79.5 81.75 80.5 80.22222222222223
84.22222222222223 67.4 80.375 87.1 87.11111111111111
81.55555555555556 80.8 81.875 81.5 81.0
81.88888888888889 80.8 80.5 79.9 80.66666666666666
81.33333333333333 81.3 82.125 81.9 82.0
81.0 82.0 82.0 81.69999999999999 82.22222222222223
84.66666666666667 72.9 78.375 87.0 88.33333333333333
81.44444444444444 81.10000000000001 80.75 81.3 82.0
81.1111111111111 80.0 81.875 81.10000000000001 81.66666666666667
80.44444444444444 79.8 81.0 81.10000000000001 81.66666666666667
81.1111111111111 79.9 81.5 81.5 81.66666666666667
81.55555555555556 79.8 81.875 81.5 81.1111111111111
82.55555555555554 80.10000000000001 82.0 82.3 82.66666666666667
81.1111111111111 80.3 80.0 79.9 80.66666666666666
81.66666666666667 80.0 82.125 81.9 82.22222222222223
81.0 81.10000000000001 80.875 81.4 81.66666666666667
82.22222222222223 80.8 80.625 81.5 81.66666666666667
84.66666666666667 71.6 76.875 86.0 87.66666666666667
83.44444444444444 71.9 77.0 86.5 86.33333333333333
84.11111111111111 72.4 77.0 86.3 87.33333333333333
82.22222222222223 72.8 77.125 86.7 86.77777777777777
83.0 71.2 75.875 85.8 86.77777777777777
84.0 72.5 76.5 85.7 87.0
83.44444444444444 71.5 76.0 85.7 86.88888888888889
83.66666666666667 71.2 76.0 86.5 87.55555555555556
83.44444444444444 72.7 77.5 85.8 86.66666666666667
83.44444444444444 69.9 76.25 86.2 86.66666666666667
84.44444444444444 72.8 78.375 87.8 88.11111111111111
84.77777777777777 73.4 77.375 86.7 87.44444444444444
85.11111111111111 72.6 77.875 87.4 87.11111111111111
84.0 72.4 77.125 87.0 87.11111111111111
83.77777777777779 73.5 76.0 86.2 87.44444444444444
84.22222222222223 72.1 76.375 86.5 88.33333333333333
84.33333333333333 72.3 76.5 87.1 87.55555555555556
84.22222222222223 72.0 77.125 87.2 88.11111111111111
84.11111111111111 71.3 75.375 86.5 87.0
84.11111111111111 72.2 75.875 86.8 86.88888888888889
83.66666666666667 73.2 75.875 86.6 86.11111111111111
84.0 72.7 76.875 86.4 86.77777777777777
85.55555555555556 71.8 75.125 87.9 87.33333333333333
85.11111111111111 70.5 74.875 86.5 88.0
83.77777777777779 70.6 73.875 86.6 87.66666666666667
84.22222222222223 72.8 76.125 87.2 88.11111111111111
84.77777777777777 72.9 74.25 87.6 87.11111111111111
83.88888888888889 70.8 72.75 86.6 86.44444444444444
84.44444444444444 73.2 74.0 87.4 86.77777777777777
83.33333333333333 72.4 71.5 87.5 87.44444444444444
84.66666666666667 72.5 73.0 86.7 87.77777777777777
83.44444444444444 72.4 73.5 88.3 87.44444444444444
83.33333333333333 72.3 72.5 87.5 88.44444444444446
84.11111111111111 71.3 70.375 86.6 88.0
84.66666666666667 72.7 70.625 86.0 87.33333333333333
85.22222222222223 72.9 72.375 88.1 88.66666666666667
84.55555555555556 72.4 70.375 86.4 86.66666666666667
84.0 72.4 70.75 86.7 87.11111111111111
84.33333333333333 72.5 72.0 86.0 86.77777777777777
84.22222222222223 72.5 72.375 86.9 87.66666666666667
85.77777777777777 71.4 71.125 87.2 87.88888888888889
84.66666666666667 71.0 71.75 86.9 86.55555555555556
83.88888888888889 72.3 71.25 87.1 87.33333333333333
84.44444444444444 71.5 71.25 86.9 87.66666666666667
84.33333333333333 72.6 71.0 86.4 87.0
85.0 71.1 71.0 87.1 88.22222222222221
84.66666666666667 71.8 70.125 87.1 88.11111111111111
84.55555555555556 71.4 70.875 87.4 88.11111111111111
83.55555555555554 71.7 70.5 86.1 86.77777777777777
84.22222222222223 70.7 70.375 86.4 86.66666666666667
84.44444444444444 70.6 70.375 87.8 86.77777777777777
84.66666666666667 70.6 70.125 87.3 88.11111111111111
84.22222222222223 71.8 70.125 86.3 87.55555555555556
83.66666666666667 70.9 70.75 85.9 86.77777777777777
84.77777777777777 71.7 71.0 88.0 88.11111111111111
84.44444444444444 72.2 71.5 86.5 88.11111111111111
84.77777777777777 72.1 72.125 87.2 86.88888888888889
84.22222222222223 72.1 70.75 87.3 87.77777777777777
84.55555555555556 72.6 69.125 85.9 85.88888888888889
83.88888888888889 70.7 70.5 86.1 88.33333333333333
83.22222222222223 70.9 69.75 86.3 86.88888888888889
83.55555555555554 72.4 70.25 87.1 88.55555555555556
84.22222222222223 70.9 70.25 86.9 87.33333333333333
83.88888888888889 71.7 69.125 86.2 87.55555555555556
84.44444444444444 72.0 69.25 86.6 87.55555555555556
85.33333333333333 72.0 70.625 87.1 87.77777777777777
84.22222222222223 72.3 71.75 86.9 87.88888888888889
84.22222222222223 71.6 71.0 87.4 87.33333333333333
84.77777777777777 72.7 71.125 87.8 87.88888888888889
83.66666666666667 70.6 71.125 87.5 87.55555555555556
84.11111111111111 71.0 70.25 87.4 87.22222222222223
84.0 71.7 69.125 85.5 87.77777777777777
85.55555555555556 72.5 69.125 86.8 88.44444444444446
85.22222222222223 72.5 69.5 86.6 87.44444444444444
83.33333333333333 69.9 67.75 86.1 87.22222222222223
83.22222222222223 71.3 70.5 86.4 87.66666666666667
83.22222222222223 72.0 70.625 87.6 87.66666666666667
84.66666666666667 71.3 69.125 86.5 88.44444444444446
84.33333333333333 69.6 67.5 86.5 88.0
84.44444444444444 71.5 69.375 86.8 87.88888888888889
84.11111111111111 72.2 69.125 88.6 88.33333333333333
85.0 71.2 71.125 87.9 88.66666666666667
84.66666666666667 72.2 71.375 88.2 88.22222222222221
84.11111111111111 72.2 70.75 87.6 87.11111111111111
83.66666666666667 71.4 71.375 86.0 87.55555555555556
84.88888888888889 71.7 70.0 87.3 87.55555555555556
85.0 70.6 70.375 87.2 87.77777777777777
83.44444444444444 72.2 70.25 86.8 87.88888888888889
84.33333333333333 70.5 68.25 86.4 86.88888888888889
83.33333333333333 71.5 70.75 87.4 87.33333333333333
83.55555555555554 70.0 69.75 86.8 87.66666666666667
84.66666666666667 70.8 70.125 86.4 87.0
83.33333333333333 73.0 71.75 87.1 87.44444444444444
83.88888888888889 71.8 70.125 86.7 88.11111111111111
84.33333333333333 71.7 69.375 87.7 88.22222222222221
83.55555555555554 71.0 70.625 87.4 87.33333333333333
84.55555555555556 70.5 68.625 86.5 87.88888888888889
84.0 71.1 68.75 86.2 86.44444444444444
83.77777777777779 72.2 70.0 86.6 86.33333333333333
