0.0013850415512465374 0.1586021505376344 0.05678670360110803 0.0 0.0
0.0013850415512465374 0.10752688172043011 0.06509695290858726 0.0 0.0
0.0013850415512465374 0.10752688172043011 0.04709141274238227 0.0014641288433382138 0.0
0.0013850415512465374 0.1303763440860215 0.052631578947368425 0.0 0.0
0.0013850415512465374 0.13844086021505378 0.06786703601108032 0.0014641288433382138 0.0
0.0 0.12768817204301078 0.09279778393351801 0.0 0.0
0.0 0.14650537634408603 0.04709141274238227 0.0 0.0
0.0 0.14112903225806453 0.054016620498614956 0.0 0.0
0.0013850415512465374 0.13440860215053763 0.054016620498614956 0.0014641288433382138 0.0
0.0013850415512465374 0.11424731182795698 0.045706371191135735 0.0 0.0
0.004155124653739612 0.15188172043010753 0.05678670360110803 0.0 0.0
0.0013850415512465374 0.14919354838709675 0.06925207756232687 0.0 0.0
0.0013850415512465374 0.1922043010752688 0.07340720221606647 0.0 0.0
0.0013850415512465374 0.17473118279569894 0.07479224376731301 0.0 0.0
0.002770083102493075 0.18413978494623656 0.06925207756232687 0.0 0.0
0.0013850415512465374 0.15188172043010753 0.0595567867036011 0.0 0.0
0.0013850415512465374 0.1586021505376344 0.0817174515235457 0.0 0.0
0.0 0.1774193548387097 0.07894736842105263 0.0 0.0
0.0013850415512465374 0.16397849462365593 0.03878116343490305 0.0014641288433382138 0.0
0.002770083102493075 0.1814516129032258 0.052631578947368425 0.0 0.0
0.0013850415512465374 0.23790322580645162 0.07617728531855956 0.0 0.0
0.004155124653739612 0.20161290322580644 0.04293628808864266 0.0 0.0
0.0 0.21236559139784944 0.07617728531855956 0.0 0.0
0.0 0.20161290322580644 0.060941828254847646 0.0 0.0
0.0013850415512465374 0.1922043010752688 0.08587257617728532 0.0 0.0
0.0 0.2056451612903226 0.07617728531855956 0.0 0.0
0.0013850415512465374 0.21370967741935484 0.062326869806094184 0.0 0.0
0.0013850415512465374 0.19623655913978494 0.07479224376731301 0.0014641288433382138 0.0
0.004155124653739612 0.17473118279569894 0.06786703601108032 0.0 0.0
0.002770083102493075 0.19086021505376344 0.07202216066481995 0.0 0.0
0.0 0.21774193548387097 0.08448753462603878 0.0 0.0
0.0 0.22311827956989247 0.06786703601108032 0.0 0.0
0.0013850415512465374 0.21908602150537634 0.06786703601108032 0.0 0.0
0.002770083102493075 0.20967741935483872 0.0664819944598338 0.0014641288433382138 0.0
0.004155124653739612 0.2620967741935484 0.08033240997229917 0.0 0.0029197080291970805
0.0 0.24193548387096775 0.08448753462603878 0.0 0.0
0.0 0.23118279569892475 0.10526315789473685 0.0014641288433382138 0.0
0.0 0.2567204301075269 0.09695290858725761 0.0 0.0
0.0 0.2741935483870968 0.0886426592797784 0.0 0.0
0.0 0.25806451612903225 0.08448753462603878 0.0029282576866764276 0.0
0.002770083102493075 0.25806451612903225 0.07894736842105263 0.0 0.0
0.0 0.24059139784946237 0.08310249307479226 0.0 0.0
0.0013850415512465374 0.32526881720430106 0.0997229916897507 0.0 0.0
0.0013850415512465374 0.30510752688172044 0.07063711911357341 0.0 0.0
0.002770083102493075 0.24193548387096775 0.07479224376731301 0.0 0.0
0.0 0.2876344086021505 0.09556786703601108 0.0029282576866764276 0.0
0.0013850415512465374 0.3373655913978495 0.09141274238227147 0.0 0.0
0.0 0.3131720430107527 0.09141274238227147 0.0 0.0
0.002770083102493075 0.3346774193548387 0.09279778393351801 0.0014641288433382138 0.0
0.0013850415512465374 0.33870967741935487 0.09556786703601108 0.0 0.0
0.0013850415512465374 0.34274193548387094 0.10803324099722991 0.0014641288433382138 0.0
0.004155124653739612 0.3508064516129032 0.11772853185595568 0.0 0.0
0.0013850415512465374 0.32795698924731187 0.10526315789473685 0.0014641288433382138 0.0
0.0 0.33198924731182794 0.08587257617728532 0.0 0.0
0.0013850415512465374 0.3548387096774194 0.10249307479224376 0.0 0.0
0.0 0.4032258064516129 0.09833795013850416 0.0014641288433382138 0.0
0.006925207756232687 0.396505376344086 0.10110803324099724 0.0 0.0
0.0 0.3991935483870968 0.10664819944598339 0.0 0.0
0.002770083102493075 0.45564516129032256 0.1440443213296399 0.0 0.0
0.0 0.4731182795698925 0.12742382271468145 0.0 0.0
0.0 0.45026881720430106 0.12880886426592797 0.0014641288433382138 0.0
0.0013850415512465374 0.43010752688172044 0.11772853185595568 0.0014641288433382138 0.0
0.0 0.5067204301075269 0.13988919667590027 0.0014641288433382138 0.0
0.002770083102493075 0.4206989247311828 0.10803324099722991 0.0 0.0
0.002770083102493075 0.5188172043010753 0.12742382271468145 0.0014641288433382138 0.0
0.0013850415512465374 0.5376344086021505 0.1371191135734072 0.0 0.0
0.0013850415512465374 0.5685483870967742 0.1371191135734072 0.0 0.0
0.0 0.5524193548387097 0.15789473684210525 0.0 0.0
0.0013850415512465374 0.5295698924731184 0.13988919667590027 0.0 0.0
0.004155124653739612 0.5994623655913978 0.15373961218836565 0.0014641288433382138 0.0
0.002770083102493075 0.5954301075268817 0.18975069252077562 0.0 0.0
0.0 0.6182795698924731 0.16066481994459833 0.0014641288433382138 0.0
0.0 0.5604838709677419 0.1440443213296399 0.0029282576866764276 0.0
0.0013850415512465374 0.5940860215053764 0.1592797783933518 0.0 0.0
0.0 0.6451612903225806 0.1551246537396122 0.0 0.0
0.004155124653739612 0.7043010752688171 0.1745152354570637 0.0 0.0
0.0013850415512465374 0.7889784946236559 0.18282548476454294 0.0014641288433382138 0.0
0.002770083102493075 0.7231182795698924 0.1634349030470914 0.0014641288433382138 0.0
0.0 0.7580645161290323 0.18144044321329642 0.0029282576866764276 0.0
0.0 0.7204301075268817 0.18144044321329642 0.0029282576866764276 0.0
0.0 0.7836021505376345 0.20498614958448752 0.0 0.0
0.0 0.9032258064516129 0.2299168975069252 0.0 0.0
0.0 0.842741935483871 0.18144044321329642 0.0 0.0
0.0 0.7836021505376345 0.20083102493074792 0.0029282576866764276 0.0
0.0 0.9072580645161291 0.24238227146814406 0.0029282576866764276 0.0
0.0013850415512465374 0.8924731182795699 0.1994459833795014 0.0 0.0
0.0 0.9690860215053764 0.22714681440443213 0.0 0.0014598540145985403
0.0013850415512465374 0.9045698924731183 0.2451523545706371 0.0 0.0
0.0 0.9717741935483871 0.23545706371191136 0.0 0.0
0.0 1.0067204301075268 0.21329639889196678 0.0 0.0
0.0013850415512465374 1.0456989247311828 0.22714681440443213 0.0 0.0
0.002770083102493075 1.047043010752688 0.2077562326869806 0.0 0.0
0.0 1.099462365591398 0.2382271468144044 0.0 0.0
0.0 1.1922043010752688 0.25761772853185594 0.0 0.0
0.0 1.1196236559139785 0.23268698060941828 0.0014641288433382138 0.0
0.0013850415512465374 1.1653225806451615 0.2880886426592798 0.0 0.0
0.0013850415512465374 1.1639784946236558 0.23684210526315788 0.0029282576866764276 0.0
0.0013850415512465374 1.202956989247312 0.25761772853185594 0.0 0.0
0.0 1.2768817204301075 0.2742382271468144 0.0 0.0
0.0013850415512465374 1.1989247311827955 0.26038781163434904 0.0014641288433382138 0.0
0.0 1.3131720430107527 0.2659279778393352 0.0 0.0
0.0 0.0967741935483871 0.008310249307479225 0.0 0.0
0.0 0.07526881720430108 0.012465373961218837 0.0 0.0
0.0 0.07258064516129031 0.00554016620498615 0.0014641288433382138 0.0
0.0 0.07795698924731183 0.004155124653739612 0.0 0.0
0.0013850415512465374 1.364247311827957 0.27977839335180055 0.0014641288433382138 0.0
0.0 0.07526881720430108 0.006925207756232687 0.0 0.0
0.0 0.08064516129032258 0.0110803324099723 0.0 0.0
0.0 0.08064516129032258 0.00554016620498615 0.0 0.0
0.0 0.08602150537634408 0.008310249307479225 0.0014641288433382138 0.0
0.0 0.9435483870967742 0.39473684210526316 0.0 0.0
0.0 0.06720430107526881 0.002770083102493075 0.0 0.0
0.0 0.07795698924731183 0.009695290858725763 0.0014641288433382138 0.0014598540145985403
0.0 0.08736559139784947 0.002770083102493075 0.0 0.0
0.0 0.08602150537634408 0.012465373961218837 0.0 0.0
0.0 1.349462365591398 0.30055401662049863 0.0 0.0
0.0 0.06048387096774194 0.0 0.0 0.0
0.0 0.07795698924731183 0.009695290858725763 0.0014641288433382138 0.0
0.0 0.06989247311827956 0.004155124653739612 0.0 0.0
0.0 0.0739247311827957 0.008310249307479225 0.0 0.0
0.0 1.0120967741935483 0.43351800554016623 0.0 0.0
0.0 0.08064516129032258 0.013850415512465374 0.0 0.0
0.0 0.09543010752688172 0.006925207756232687 0.0 0.0014598540145985403
0.0 0.0793010752688172 0.006925207756232687 0.0 0.0
0.0 0.07795698924731183 0.0110803324099723 0.0 0.0
0.0 0.08467741935483872 0.004155124653739612 0.0 0.0
0.0 0.08602150537634408 0.002770083102493075 0.0 0.0
0.0 0.08198924731182797 0.009695290858725763 0.0 0.0014598540145985403
0.0 0.08736559139784947 0.0110803324099723 0.0 0.0
0.0 0.08333333333333333 0.008310249307479225 0.0 0.0
0.0 0.06720430107526881 0.00554016620498615 0.0 0.0
0.0 0.9475806451612904 0.4390581717451524 0.0014641288433382138 0.0
0.0 0.9811827956989246 0.4224376731301939 0.0029282576866764276 0.0
0.0 0.9637096774193549 0.44321329639889195 0.0029282576866764276 0.0
0.0 0.9583333333333333 0.4362880886426593 0.0014641288433382138 0.0
0.0 0.98252688172043 0.4903047091412742 0.004392386530014641 0.0
0.0013850415512465374 0.9583333333333333 0.40997229916897504 0.0014641288433382138 0.0
0.0013850415512465374 0.9637096774193549 0.4362880886426593 0.0029282576866764276 0.0
0.0 1.0134408602150538 0.4556786703601108 0.0 0.0
0.0013850415512465374 0.9865591397849464 0.39196675900277006 0.0 0.0
0.0 1.010752688172043 0.46675900277008314 0.0 0.0
0.0 0.9690860215053764 0.38642659279778396 0.0014641288433382138 0.0
0.0013850415512465374 0.924731182795699 0.3905817174515236 0.004392386530014641 0.0014598540145985403
0.0 0.9448924731182796 0.4224376731301939 0.0029282576866764276 0.0
0.0 1.0134408602150538 0.389196675900277 0.0029282576866764276 0.0
0.0 0.918010752688172 0.4224376731301939 0.0014641288433382138 0.0
0.0 0.9529569892473118 0.47368421052631576 0.0 0.0
0.0013850415512465374 0.9341397849462365 0.4210526315789474 0.0 0.0
0.0 0.967741935483871 0.3656509695290859 0.0 0.0
0.0013850415512465374 0.9798387096774193 0.4210526315789474 0.0014641288433382138 0.0
0.0013850415512465374 0.9946236559139785 0.40027700831024926 0.0 0.0
0.0 0.9099462365591398 0.38365650969529086 0.0014641288433382138 0.0
0.004155124653739612 0.9516129032258065 0.3753462603878116 0.004392386530014641 0.0
0.0 0.9556451612903225 0.40581717451523547 0.0 0.0
0.0 0.967741935483871 0.38781163434903043 0.005856515373352855 0.0
0.002770083102493075 0.9919354838709679 0.4113573407202216 0.004392386530014641 0.0
0.002770083102493075 0.9543010752688171 0.3559556786703601 0.0 0.0
0.0013850415512465374 0.967741935483871 0.40304709141274236 0.0 0.0
0.0013850415512465374 0.939516129032258 0.40166204986149584 0.0029282576866764276 0.0
0.002770083102493075 0.9368279569892473 0.3781163434903047 0.0 0.0
0.0 0.9596774193548387 0.3905817174515236 0.0 0.0
0.0 0.9368279569892473 0.3767313019390582 0.0014641288433382138 0.0
0.0013850415512465374 0.9314516129032258 0.3337950138504155 0.0014641288433382138 0.0
0.0 0.8776881720430108 0.3462603878116344 0.0014641288433382138 0.0
0.0013850415512465374 0.9516129032258065 0.38365650969529086 0.0 0.0
0.0 0.9112903225806451 0.37119113573407203 0.0 0.0
0.0 0.9341397849462365 0.33518005540166207 0.0014641288433382138 0.0
0.0 0.875 0.3476454293628809 0.0014641288433382138 0.0
0.0 0.9569892473118279 0.3961218836565097 0.0 0.0
0.0 0.9260752688172044 0.32963988919667586 0.0 0.0
0.0 0.9126344086021505 0.37119113573407203 0.0029282576866764276 0.0
0.0 0.9368279569892473 0.38781163434903043 0.0029282576866764276 0.0
0.002770083102493075 0.9314516129032258 0.3767313019390582 0.0029282576866764276 0.0
0.0013850415512465374 0.9059139784946237 0.33933518005540164 0.0014641288433382138 0.0
0.0 0.946236559139785 0.36011080332409967 0.0 0.0
0.0 0.9408602150537635 0.3448753462603878 0.0 0.0
0.0013850415512465374 0.939516129032258 0.3767313019390582 0.0 0.0
0.0013850415512465374 0.9516129032258065 0.36288088642659283 0.0014641288433382138 0.0
0.0 0.9260752688172044 0.35180055401662047 0.0 0.0
0.0 0.9126344086021505 0.3573407202216066 0.0 0.0
0.0 0.9637096774193549 0.37119113573407203 0.0014641288433382138 0.0
0.0 0.9690860215053764 0.40443213296398894 0.0029282576866764276 0.0
0.0 1.0255376344086022 0.39196675900277006 0.004392386530014641 0.0
0.0 0.8844086021505376 0.37257617728531855 0.004392386530014641 0.0
0.0 0.9529569892473118 0.3753462603878116 0.0 0.0
0.0013850415512465374 1.028225806451613 0.39196675900277006 0.0 0.0
0.0 0.9166666666666666 0.36288088642659283 0.0014641288433382138 0.0014598540145985403
0.0 0.9153225806451613 0.33102493074792244 0.0 0.0
0.0 0.9287634408602151 0.3739612188365651 0.0014641288433382138 0.0
0.0013850415512465374 0.8924731182795699 0.38227146814404434 0.0029282576866764276 0.0
0.0 0.9543010752688171 0.3448753462603878 0.0 0.0
0.0 0.9274193548387097 0.36980609418282545 0.0029282576866764276 0.0
0.0 0.9327956989247311 0.3448753462603878 0.004392386530014641 0.0
0.0 0.9731182795698924 0.31717451523545703 0.0029282576866764276 0.0
0.0013850415512465374 0.8884408602150539 0.37257617728531855 0.0029282576866764276 0.0
0.0 0.924731182795699 0.368421052631579 0.0014641288433382138 0.0
0.0 0.9287634408602151 0.2756232686980609 0.0 0.0
0.0 0.9233870967741936 0.36288088642659283 0.0 0.0
0.0 0.9489247311827957 0.34349030470914127 0.0 0.0
0.0 0.8561827956989247 0.30055401662049863 0.0 0.0
0.0013850415512465374 0.9758064516129031 0.31994459833795014 0.0029282576866764276 0.0
0.0 0.9287634408602151 0.3476454293628809 0.0 0.0
0.0 0.8938172043010753 0.3767313019390582 0.0 0.0
0.0013850415512465374 0.9502688172043011 0.37257617728531855 0.0 0.0
0.0 0.8763440860215054 0.3739612188365651 0.0029282576866764276 0.0
0.0013850415512465374 0.9986559139784946 0.38781163434903043 0.004392386530014641 0.0
0.002770083102493075 0.9475806451612904 0.3365650969529086 0.0014641288433382138 0.0
0.0 0.9193548387096774 0.368421052631579 0.005856515373352855 0.0
0.0 0.9610215053763441 0.368421052631579 0.0014641288433382138 0.0
0.0 0.9543010752688171 0.3476454293628809 0.0 0.0
0.0 0.9193548387096774 0.3379501385041551 0.005856515373352855 0.0
0.0 0.924731182795699 0.3781163434903047 0.0014641288433382138 0.0
0.0 0.9529569892473118 0.34210526315789475 0.0014641288433382138 0.0
0.002770083102493075 0.9112903225806451 0.3545706371191136 0.0029282576866764276 0.0
0.0013850415512465374 0.9744623655913978 0.3448753462603878 0.0014641288433382138 0.0
0.0 0.9301075268817205 0.3559556786703601 0.0029282576866764276 0.0
0.0 0.9865591397849464 0.36980609418282545 0.0 0.0014598540145985403
0.0 0.9798387096774193 0.314404432132964 0.0 0.0
0.0 0.9018817204301075 0.31301939058171746 0.0014641288433382138 0.0
0.0 0.9448924731182796 0.350415512465374 0.0014641288433382138 0.0
0.0 0.9852150537634408 0.3379501385041551 0.0 0.0
0.0 0.9959677419354839 0.35180055401662047 0.0014641288433382138 0.0
0.0 0.9448924731182796 0.3116343490304709 0.0014641288433382138 0.0
0.0013850415512465374 0.8508064516129031 0.3074792243767313 0.0014641288433382138 0.0
0.002770083102493075 0.868279569892473 0.34349030470914127 0.004392386530014641 0.0
0.0013850415512465374 1.0013440860215055 0.36011080332409967 0.0014641288433382138 0.0
0.0013850415512465374 0.9287634408602151 0.33518005540166207 0.0014641288433382138 0.0
0.0 0.9301075268817205 0.3490304709141274 0.0014641288433382138 0.0
0.0013850415512465374 0.9206989247311828 0.35318559556786705 0.0029282576866764276 0.0
0.0 0.8776881720430108 0.3365650969529086 0.0 0.0
