0.002077562326869806 0.14986559139784944 0.05678670360110803 0.0 0.0
0.0006925207756232687 0.11693548387096774 0.05609418282548477 0.0 0.0
0.0006925207756232687 0.09274193548387097 0.045706371191135735 0.0007320644216691069 0.0
0.002077562326869806 0.13172043010752688 0.052631578947368425 0.0007320644216691069 0.0
0.0006925207756232687 0.1297043010752688 0.05817174515235457 0.0007320644216691069 0.0
0.0 0.11760752688172044 0.07617728531855956 0.0 0.0
0.0 0.1364247311827957 0.046398891966759004 0.0 0.0
0.0 0.1377688172043011 0.055401662049861494 0.0007320644216691069 0.0
0.002077562326869806 0.135752688172043 0.055401662049861494 0.0014641288433382138 0.0
0.002077562326869806 0.11088709677419356 0.037396121883656507 0.0 0.0
0.002770083102493075 0.14448924731182794 0.05193905817174515 0.0 0.0
0.0013850415512465374 0.1350806451612903 0.05817174515235457 0.0 0.0
0.002770083102493075 0.16733870967741934 0.0595567867036011 0.0 0.0
0.0006925207756232687 0.1538978494623656 0.0574792243767313 0.0 0.0
0.002077562326869806 0.17271505376344087 0.0685595567867036 0.0007320644216691069 0.0
0.0013850415512465374 0.13911290322580644 0.053324099722991694 0.0 0.0
0.0013850415512465374 0.13978494623655913 0.06786703601108032 0.0 0.0
0.0006925207756232687 0.15793010752688172 0.0664819944598338 0.0 0.0
0.0006925207756232687 0.13844086021505378 0.04085872576177285 0.0007320644216691069 0.0
0.0013850415512465374 0.17137096774193547 0.054709141274238225 0.0007320644216691069 0.0
0.002077562326869806 0.1989247311827957 0.06786703601108032 0.0 0.0
0.0034626038781163434 0.17204301075268816 0.045706371191135735 0.0 0.0
0.0006925207756232687 0.16801075268817206 0.0574792243767313 0.0007320644216691069 0.0
0.0006925207756232687 0.16196236559139784 0.05817174515235457 0.0 0.0
0.0013850415512465374 0.14516129032258063 0.07686980609418283 0.0014641288433382138 0.0
0.0 0.15456989247311828 0.06163434903047092 0.0 0.0
0.0013850415512465374 0.18010752688172044 0.06163434903047092 0.0 0.0
0.002077562326869806 0.1586021505376344 0.05678670360110803 0.0014641288433382138 0.0
0.002770083102493075 0.14650537634408603 0.060941828254847646 0.0007320644216691069 0.0
0.0013850415512465374 0.16330645161290322 0.05886426592797784 0.0 0.0
0.0006925207756232687 0.17137096774193547 0.06578947368421052 0.0021961932650073207 0.0
0.0 0.16599462365591397 0.06024930747922438 0.0014641288433382138 0.0007299270072992701
0.0006925207756232687 0.15927419354838712 0.0595567867036011 0.0 0.0
0.002077562326869806 0.15927419354838712 0.04986149584487535 0.0007320644216691069 0.0
0.002077562326869806 0.1807795698924731 0.062326869806094184 0.0 0.0014598540145985403
0.0006925207756232687 0.17876344086021506 0.07063711911357341 0.0007320644216691069 0.0
0.0 0.17137096774193547 0.08310249307479226 0.0007320644216691069 0.0
0.002077562326869806 0.1875 0.06163434903047092 0.0007320644216691069 0.0
0.0006925207756232687 0.21438172043010753 0.07063711911357341 0.0014641288433382138 0.0
0.0013850415512465374 0.19018817204301075 0.07202216066481995 0.0021961932650073207 0.0
0.002770083102493075 0.19153225806451613 0.05609418282548477 0.0 0.0
0.0006925207756232687 0.16733870967741934 0.0664819944598338 0.0 0.0
0.002077562326869806 0.22647849462365593 0.07617728531855956 0.0007320644216691069 0.0
0.0013850415512465374 0.21505376344086022 0.06440443213296398 0.0 0.0
0.002770083102493075 0.16666666666666666 0.054709141274238225 0.0 0.0
0.0013850415512465374 0.20430107526881722 0.06786703601108032 0.0029282576866764276 0.0
0.002770083102493075 0.23051075268817203 0.06994459833795014 0.0 0.0
0.002077562326869806 0.20698924731182794 0.06994459833795014 0.0007320644216691069 0.0
0.002077562326869806 0.22715053763440862 0.07548476454293628 0.0007320644216691069 0.0
0.0013850415512465374 0.23857526881720428 0.0685595567867036 0.0 0.0
0.0013850415512465374 0.22446236559139784 0.06994459833795014 0.0007320644216691069 0.0
0.0048476454293628814 0.22849462365591397 0.08518005540166206 0.0007320644216691069 0.0
0.002770083102493075 0.20698924731182794 0.07479224376731301 0.0007320644216691069 0.0
0.0006925207756232687 0.21370967741935484 0.0664819944598338 0.0 0.0
0.0006925207756232687 0.22580645161290322 0.07340720221606647 0.0 0.0
0.0 0.2668010752688172 0.0685595567867036 0.0007320644216691069 0.0
0.0034626038781163434 0.25806451612903225 0.07409972299168975 0.0007320644216691069 0.0
0.0013850415512465374 0.25604838709677424 0.07409972299168975 0.0 0.0
0.0013850415512465374 0.2963709677419355 0.09210526315789475 0.0007320644216691069 0.0
0.0 0.2983870967741935 0.07686980609418283 0.0 0.0
0.0 0.26545698924731187 0.08310249307479226 0.0007320644216691069 0.0
0.0013850415512465374 0.26814516129032256 0.07548476454293628 0.0014641288433382138 0.0
0.0 0.31451612903225806 0.08933518005540166 0.0007320644216691069 0.0
0.002077562326869806 0.2506720430107527 0.07063711911357341 0.0 0.0
0.002077562326869806 0.3245967741935484 0.08725761772853186 0.0007320644216691069 0.0
0.0006925207756232687 0.3333333333333333 0.09556786703601108 0.0 0.0
0.0006925207756232687 0.33938172043010756 0.10110803324099724 0.0 0.0
0.002770083102493075 0.334005376344086 0.1018005540166205 0.0 0.0
0.002077562326869806 0.3299731182795699 0.09002770083102492 0.0007320644216691069 0.0
0.0034626038781163434 0.35551075268817206 0.09903047091412742 0.0007320644216691069 0.0
0.0013850415512465374 0.3622311827956989 0.12257617728531855 0.0014641288433382138 0.0
0.0 0.36626344086021506 0.1018005540166205 0.0007320644216691069 0.0
0.002077562326869806 0.3272849462365592 0.09903047091412742 0.0021961932650073207 0.0
0.0006925207756232687 0.34274193548387094 0.10318559556786704 0.0 0.0
0.0013850415512465374 0.3864247311827957 0.0997229916897507 0.0 0.0
0.002077562326869806 0.4139784946236559 0.11011080332409973 0.0 0.0
0.0013850415512465374 0.47110215053763443 0.12049861495844875 0.0007320644216691069 0.0
0.002077562326869806 0.4341397849462365 0.10526315789473685 0.0007320644216691069 0.0
0.0 0.4368279569892473 0.11634349030470914 0.0014641288433382138 0.0
0.0013850415512465374 0.41935483870967744 0.11357340720221606 0.0021961932650073207 0.0
0.0013850415512465374 0.4522849462365591 0.12742382271468145 0.0 0.0
0.0006925207756232687 0.5221774193548387 0.13850415512465375 0.0007320644216691069 0.0
0.0 0.4905913978494623 0.11565096952908588 0.0 0.0
0.0013850415512465374 0.42540322580645157 0.13088642659279778 0.0014641288433382138 0.0
0.0006925207756232687 0.5154569892473119 0.1433518005540166 0.0014641288433382138 0.0
0.0006925207756232687 0.5094086021505376 0.11980609418282549 0.0007320644216691069 0.0
0.0006925207756232687 0.5416666666666666 0.1329639889196676 0.0 0.0007299270072992701
0.0006925207756232687 0.49395161290322587 0.14542936288088643 0.0 0.0
0.0006925207756232687 0.543010752688172 0.1440443213296399 0.0 0.0
0.0006925207756232687 0.5631720430107526 0.12603878116343492 0.0 0.0
0.0013850415512465374 0.5853494623655915 0.14127423822714683 0.0 0.0
0.0013850415512465374 0.5705645161290323 0.12880886426592797 0.0 0.0
0.0013850415512465374 0.6081989247311828 0.1419667590027701 0.0 0.0
0.0006925207756232687 0.6559139784946237 0.14889196675900276 0.0 0.0
0.0006925207756232687 0.6081989247311828 0.1329639889196676 0.0014641288433382138 0.0
0.002077562326869806 0.6283602150537634 0.1641274238227147 0.0 0.0
0.0006925207756232687 0.6297043010752688 0.1350415512465374 0.0021961932650073207 0.0
0.002077562326869806 0.6424731182795699 0.1530470914127424 0.0007320644216691069 0.0
0.002770083102493075 0.6928763440860215 0.16481994459833793 0.0 0.0
0.0006925207756232687 0.6491935483870968 0.15373961218836565 0.0014641288433382138 0.0
0.0006925207756232687 0.7036290322580645 0.15858725761772852 0.0007320644216691069 0.0
0.0 0.04838709677419355 0.004155124653739612 0.0 0.0
0.0 0.03763440860215054 0.006232686980609419 0.0 0.0
0.0 0.03629032258064516 0.002770083102493075 0.0007320644216691069 0.0
0.0 0.038978494623655914 0.002077562326869806 0.0 0.0
0.002770083102493075 0.728494623655914 0.1530470914127424 0.0007320644216691069 0.0
0.0 0.03763440860215054 0.0034626038781163434 0.0 0.0
0.0 0.04032258064516129 0.00554016620498615 0.0 0.0
0.0 0.04032258064516129 0.002770083102493075 0.0 0.0
0.0 0.04301075268817204 0.004155124653739612 0.0007320644216691069 0.0007299270072992701
0.0 0.49798387096774194 0.2700831024930748 0.0 0.0
0.0 0.0342741935483871 0.0013850415512465374 0.0 0.0
0.0 0.0396505376344086 0.0048476454293628814 0.0007320644216691069 0.0007299270072992701
0.0 0.04435483870967742 0.0013850415512465374 0.0 0.0
0.0 0.04301075268817204 0.006232686980609419 0.0007320644216691069 0.0007299270072992701
0.0006925207756232687 0.726478494623656 0.175207756232687 0.0 0.0
0.0 0.03024193548387097 0.0 0.0 0.0
0.0 0.038978494623655914 0.0048476454293628814 0.0007320644216691069 0.0
0.0 0.03494623655913978 0.002077562326869806 0.0 0.0
0.0006925207756232687 0.03763440860215054 0.004155124653739612 0.0 0.0
0.0 0.5228494623655914 0.2832409972299169 0.0007320644216691069 0.0
0.0 0.04032258064516129 0.007617728531855956 0.0 0.0
0.0 0.04771505376344086 0.0034626038781163434 0.0 0.0007299270072992701
0.0 0.0396505376344086 0.0034626038781163434 0.0 0.0
0.0 0.038978494623655914 0.00554016620498615 0.0 0.0
0.0 0.04233870967741936 0.002077562326869806 0.0 0.0
0.0 0.04301075268817204 0.0013850415512465374 0.0 0.0
0.0 0.040994623655913984 0.0048476454293628814 0.0 0.0007299270072992701
0.0 0.043682795698924734 0.00554016620498615 0.0 0.0
0.0 0.041666666666666664 0.004155124653739612 0.0 0.0
0.0 0.033602150537634407 0.002770083102493075 0.0 0.0
0.0 0.5006720430107527 0.29570637119113574 0.0014641288433382138 0.0
0.0 0.5120967741935485 0.2853185595567867 0.0029282576866764276 0.0
0.0 0.502016129032258 0.29570637119113574 0.004392386530014641 0.0
0.0 0.4986559139784946 0.30055401662049863 0.0029282576866764276 0.0
0.0 0.5141129032258065 0.33518005540166207 0.0029282576866764276 0.0
0.0006925207756232687 0.4993279569892473 0.2880886426592798 0.0014641288433382138 0.0
0.0013850415512465374 0.49529569892473124 0.29085872576177285 0.0014641288433382138 0.0
0.0013850415512465374 0.5275537634408601 0.34349030470914127 0.0029282576866764276 0.0
0.0006925207756232687 0.5107526881720431 0.27285318559556787 0.0 0.0
0.0 0.5349462365591398 0.33448753462603875 0.0007320644216691069 0.0
0.0006925207756232687 0.5147849462365591 0.2721606648199446 0.0014641288433382138 0.0
0.0006925207756232687 0.47849462365591394 0.2894736842105263 0.0021961932650073207 0.0007299270072992701
0.0 0.4905913978494623 0.3116343490304709 0.0021961932650073207 0.0
0.0 0.5268817204301075 0.2950138504155125 0.0036603221083455345 0.0
0.0 0.47916666666666663 0.32617728531855955 0.0014641288433382138 0.0
0.0 0.5040322580645161 0.39473684210526316 0.0 0.0
0.0006925207756232687 0.48790322580645157 0.36011080332409967 0.0021961932650073207 0.0
0.0 0.5087365591397849 0.33448753462603875 0.0 0.0
0.0006925207756232687 0.5127688172043011 0.3753462603878116 0.0007320644216691069 0.0
0.002077562326869806 0.521505376344086 0.3760387811634349 0.0014641288433382138 0.0
0.0 0.47715053763440857 0.35249307479224373 0.0021961932650073207 0.0
0.002770083102493075 0.4966397849462366 0.3753462603878116 0.004392386530014641 0.0
0.0 0.5073924731182795 0.40581717451523547 0.0021961932650073207 0.0
0.0 0.5120967741935485 0.445983379501385 0.004392386530014641 0.0
0.0013850415512465374 0.5241935483870968 0.4868421052631579 0.0029282576866764276 0.0
0.0013850415512465374 0.5047043010752688 0.4342105263157895 0.0 0.0
0.0013850415512465374 0.5073924731182795 0.4868421052631579 0.0007320644216691069 0.0
0.0013850415512465374 0.4966397849462366 0.528393351800554 0.0029282576866764276 0.0
0.0013850415512465374 0.5033602150537634 0.5325484764542936 0.0014641288433382138 0.0007299270072992701
0.0 0.5067204301075269 0.6142659279778393 0.0007320644216691069 0.0
0.0 0.49596774193548393 0.5955678670360111 0.0007320644216691069 0.0
0.0006925207756232687 0.49798387096774194 0.5907202216066482 0.0021961932650073207 0.0
0.0 0.4690860215053763 0.6295013850415513 0.0021961932650073207 0.0
0.0006925207756232687 0.5174731182795699 0.6814404432132964 0.0 0.0
0.0 0.47916666666666663 0.7181440443213297 0.0 0.0
0.0006925207756232687 0.49798387096774194 0.6835180055401663 0.0021961932650073207 0.0
0.0006925207756232687 0.46370967741935487 0.6655124653739612 0.0014641288433382138 0.0
0.0 0.519489247311828 0.7271468144044322 0.0021961932650073207 0.0
0.0006925207756232687 0.5033602150537634 0.6378116343490305 0.0 0.0007299270072992701
0.0 0.49529569892473124 0.7146814404432132 0.0021961932650073207 0.0
0.0 0.5080645161290323 0.7326869806094183 0.0014641288433382138 0.0
0.0013850415512465374 0.502016129032258 0.693213296398892 0.0021961932650073207 0.0
0.0006925207756232687 0.4845430107526882 0.7105263157894738 0.0007320644216691069 0.0
0.0 0.5107526881720431 0.7403047091412742 0.0007320644216691069 0.0
0.0006925207756232687 0.49731182795698925 0.7153739612188366 0.0007320644216691069 0.0
0.0013850415512465374 0.49798387096774194 0.7472299168975068 0.0014641288433382138 0.0
0.0006925207756232687 0.5080645161290323 0.7389196675900277 0.0014641288433382138 0.0
0.0 0.49529569892473124 0.7188365650969529 0.0007320644216691069 0.0
0.0013850415512465374 0.49529569892473124 0.7278393351800554 0.0021961932650073207 0.0
0.0 0.5174731182795699 0.7174515235457064 0.0014641288433382138 0.0
0.0 0.521505376344086 0.7638504155124655 0.0014641288433382138 0.0
0.0006925207756232687 0.5631720430107526 0.7707756232686981 0.0029282576866764276 0.0
0.0 0.47715053763440857 0.7513850415512465 0.0021961932650073207 0.0
0.0006925207756232687 0.5201612903225806 0.7153739612188366 0.0014641288433382138 0.0
0.002077562326869806 0.5584677419354839 0.7430747922437673 0.0 0.0
0.0013850415512465374 0.48857526881720426 0.7299168975069251 0.0014641288433382138 0.0007299270072992701
0.0006925207756232687 0.48790322580645157 0.7202216066481993 0.0007320644216691069 0.0
0.0 0.49529569892473124 0.7728531855955679 0.0014641288433382138 0.0
0.0013850415512465374 0.47580645161290325 0.7832409972299168 0.0029282576866764276 0.0
0.002077562326869806 0.5127688172043011 0.7686980609418282 0.0 0.0
0.0006925207756232687 0.4986559139784946 0.7894736842105263 0.0029282576866764276 0.0
0.0 0.5026881720430108 0.7555401662049862 0.004392386530014641 0.0
0.0 0.5241935483870968 0.7333795013850416 0.0036603221083455345 0.0
0.0013850415512465374 0.4764784946236559 0.7991689750692521 0.0029282576866764276 0.0
0.0013850415512465374 0.49529569892473124 0.7562326869806094 0.0014641288433382138 0.0
0.0 0.4966397849462366 0.6897506925207756 0.0021961932650073207 0.0
0.0 0.49529569892473124 0.78601108033241 0.0029282576866764276 0.0
0.0006925207756232687 0.5100806451612903 0.7520775623268698 0.0007320644216691069 0.0
0.0 0.46102150537634407 0.6793628808864266 0.0007320644216691069 0.0
0.0006925207756232687 0.5241935483870968 0.7707756232686981 0.0021961932650073207 0.0
0.0 0.5053763440860215 0.8088642659279779 0.0007320644216691069 0.0
0.0013850415512465374 0.48924731182795694 0.8663434903047091 0.0 0.0
0.0006925207756232687 0.5107526881720431 0.8393351800554016 0.0 0.0
0.0 0.4838709677419355 0.8213296398891966 0.0021961932650073207 0.0
0.0006925207756232687 0.5396505376344086 0.8573407202216067 0.004392386530014641 0.0
0.0013850415512465374 0.5161290322580645 0.7908587257617729 0.0021961932650073207 0.0
0.0006925207756232687 0.4926075268817204 0.8150969529085873 0.0029282576866764276 0.0
0.0 0.5174731182795699 0.8448753462603878 0.0007320644216691069 0.0
0.0006925207756232687 0.5141129032258065 0.8393351800554016 0.0 0.0
0.0006925207756232687 0.5 0.8344875346260389 0.0036603221083455345 0.0
0.0006925207756232687 0.5026881720430108 0.8393351800554016 0.0007320644216691069 0.0
0.0 0.5208333333333334 0.804016620498615 0.0021961932650073207 0.0
0.0013850415512465374 0.4986559139784946 0.8247922437673131 0.0021961932650073207 0.0
0.0006925207756232687 0.5356182795698925 0.7984764542936288 0.0007320644216691069 0.0
0.0006925207756232687 0.49596774193548393 0.7950138504155124 0.0014641288433382138 0.0
0.0 0.5362903225806451 0.8372576177285318 0.0021961932650073207 0.0007299270072992701
0.0 0.5268817204301075 0.7846260387811634 0.0021961932650073207 0.0
0.0 0.47916666666666663 0.7749307479224377 0.0021961932650073207 0.0
0.0006925207756232687 0.5147849462365591 0.8192520775623269 0.0021961932650073207 0.0
0.0 0.5423387096774194 0.8123268698060941 0.0007320644216691069 0.0007299270072992701
0.0 0.5510752688172044 0.7915512465373962 0.0014641288433382138 0.0007299270072992701
0.0 0.5181451612903226 0.7714681440443214 0.0021961932650073207 0.0007299270072992701
0.0006925207756232687 0.4623655913978495 0.7652354570637119 0.0014641288433382138 0.0
0.0013850415512465374 0.46706989247311825 0.7867036011080333 0.0021961932650073207 0.0
0.0013850415512465374 0.5362903225806451 0.8407202216066482 0.0014641288433382138 0.0007299270072992701
0.0006925207756232687 0.5060483870967741 0.8109418282548476 0.0021961932650073207 0.0
0.0006925207756232687 0.5013440860215054 0.8303324099722992 0.0014641288433382138 0.0
0.0006925207756232687 0.4966397849462366 0.8005540166204985 0.0021961932650073207 0.0
0.0006925207756232687 0.4724462365591398 0.8081717451523546 0.0 0.0
