0.002770083102493075 0.14112903225806453 0.05678670360110803 0.0 0.0
0.0 0.12634408602150538 0.04709141274238227 0.0 0.0
0.0 0.07795698924731183 0.0443213296398892 0.0 0.0
0.002770083102493075 0.13306451612903228 0.052631578947368425 0.0014641288433382138 0.0
0.0 0.12096774193548387 0.048476454293628804 0.0 0.0
0.0 0.10752688172043011 0.0595567867036011 0.0 0.0
0.0 0.12634408602150538 0.045706371191135735 0.0 0.0
0.0 0.13440860215053763 0.05678670360110803 0.0014641288433382138 0.0
0.002770083102493075 0.1370967741935484 0.05678670360110803 0.0014641288433382138 0.0
0.002770083102493075 0.10752688172043011 0.029085872576177285 0.0 0.0
0.0013850415512465374 0.1370967741935484 0.04709141274238227 0.0 0.0
0.0013850415512465374 0.12096774193548387 0.04709141274238227 0.0 0.0
0.004155124653739612 0.1424731182795699 0.045706371191135735 0.0 0.0
0.0 0.13306451612903228 0.04016620498614958 0.0 0.0
0.0013850415512465374 0.16129032258064516 0.06786703601108032 0.0014641288433382138 0.0
0.0013850415512465374 0.12634408602150538 0.04709141274238227 0.0 0.0
0.0013850415512465374 0.12096774193548387 0.054016620498614956 0.0 0.0
0.0013850415512465374 0.13844086021505378 0.054016620498614956 0.0 0.0
0.0 0.11290322580645161 0.04293628808864266 0.0 0.0
0.0 0.16129032258064516 0.05678670360110803 0.0014641288433382138 0.0
0.002770083102493075 0.15994623655913978 0.0595567867036011 0.0 0.0
0.002770083102493075 0.1424731182795699 0.048476454293628804 0.0 0.0
0.0013850415512465374 0.12365591397849464 0.03878116343490305 0.0014641288433382138 0.0
0.0013850415512465374 0.12231182795698924 0.055401662049861494 0.0 0.0
0.0013850415512465374 0.09811827956989247 0.06786703601108032 0.0029282576866764276 0.0
0.0 0.10349462365591397 0.04709141274238227 0.0 0.0
0.0013850415512465374 0.14650537634408603 0.060941828254847646 0.0 0.0
0.002770083102493075 0.12096774193548387 0.03878116343490305 0.0014641288433382138 0.0
0.0013850415512465374 0.11827956989247312 0.054016620498614956 0.0014641288433382138 0.0
0.0 0.135752688172043 0.045706371191135735 0.0 0.0
0.0013850415512465374 0.125 0.04709141274238227 0.004392386530014641 0.0
0.0 0.10887096774193548 0.052631578947368425 0.0029282576866764276 0.0014598540145985403
0.0 0.09946236559139784 0.05124653739612188 0.0 0.0
0.0013850415512465374 0.10887096774193548 0.0332409972299169 0.0 0.0
0.0 0.09946236559139784 0.0443213296398892 0.0 0.0
0.0013850415512465374 0.11559139784946237 0.05678670360110803 0.0014641288433382138 0.0
0.0 0.11155913978494623 0.060941828254847646 0.0 0.0
0.004155124653739612 0.11827956989247312 0.026315789473684213 0.0014641288433382138 0.0
0.0013850415512465374 0.15456989247311828 0.052631578947368425 0.0029282576866764276 0.0
0.002770083102493075 0.12231182795698924 0.0595567867036011 0.0014641288433382138 0.0
0.002770083102493075 0.125 0.0332409972299169 0.0 0.0
0.0013850415512465374 0.09408602150537634 0.04986149584487535 0.0 0.0
0.002770083102493075 0.12768817204301078 0.052631578947368425 0.0014641288433382138 0.0
0.0013850415512465374 0.125 0.05817174515235457 0.0 0.0
0.002770083102493075 0.0913978494623656 0.03462603878116344 0.0 0.0
0.002770083102493075 0.12096774193548387 0.04016620498614958 0.0029282576866764276 0.0
0.004155124653739612 0.12365591397849464 0.048476454293628804 0.0 0.0
0.004155124653739612 0.10080645161290322 0.048476454293628804 0.0014641288433382138 0.0
0.0013850415512465374 0.11962365591397849 0.05817174515235457 0.0 0.0
0.0013850415512465374 0.13844086021505378 0.04155124653739613 0.0 0.0
0.0013850415512465374 0.10618279569892472 0.03185595567867036 0.0 0.0
0.00554016620498615 0.10618279569892472 0.052631578947368425 0.0014641288433382138 0.0
0.004155124653739612 0.08602150537634408 0.0443213296398892 0.0 0.0
0.0013850415512465374 0.09543010752688172 0.04709141274238227 0.0 0.0
0.0 0.0967741935483871 0.0443213296398892 0.0 0.0
0.0 0.1303763440860215 0.03878116343490305 0.0 0.0
0.0 0.11962365591397849 0.04709141274238227 0.0014641288433382138 0.0
0.002770083102493075 0.11290322580645161 0.04155124653739613 0.0 0.0
0.0 0.1370967741935484 0.04016620498614958 0.0014641288433382138 0.0
0.0 0.12365591397849464 0.026315789473684213 0.0 0.0
0.0 0.08064516129032258 0.037396121883656507 0.0 0.0
0.0013850415512465374 0.10618279569892472 0.0332409972299169 0.0014641288433382138 0.0
0.0 0.12231182795698924 0.03878116343490305 0.0 0.0
0.0013850415512465374 0.08064516129032258 0.0332409972299169 0.0 0.0
0.0013850415512465374 0.1303763440860215 0.04709141274238227 0.0 0.0
0.0 0.12903225806451613 0.054016620498614956 0.0 0.0
0.0 0.11021505376344086 0.06509695290858726 0.0 0.0
0.00554016620498615 0.11559139784946237 0.045706371191135735 0.0 0.0
0.002770083102493075 0.1303763440860215 0.04016620498614958 0.0014641288433382138 0.0
0.002770083102493075 0.11155913978494623 0.0443213296398892 0.0 0.0
0.0 0.12903225806451613 0.055401662049861494 0.0029282576866764276 0.0
0.0 0.11424731182795698 0.04293628808864266 0.0 0.0
0.004155124653739612 0.09408602150537634 0.054016620498614956 0.0014641288433382138 0.0
0.0 0.0913978494623656 0.04709141274238227 0.0 0.0
0.002770083102493075 0.12768817204301078 0.0443213296398892 0.0 0.0
0.0 0.12365591397849464 0.045706371191135735 0.0 0.0
0.0013850415512465374 0.1532258064516129 0.05817174515235457 0.0 0.0
0.0013850415512465374 0.14516129032258063 0.04709141274238227 0.0 0.0
0.0 0.11559139784946237 0.05124653739612188 0.0 0.0
0.002770083102493075 0.11827956989247312 0.045706371191135735 0.0014641288433382138 0.0
0.002770083102493075 0.12096774193548387 0.04986149584487535 0.0 0.0
0.0013850415512465374 0.14112903225806453 0.04709141274238227 0.0014641288433382138 0.0
0.0 0.13844086021505378 0.04986149584487535 0.0 0.0
0.002770083102493075 0.06720430107526881 0.060941828254847646 0.0 0.0
0.0013850415512465374 0.12365591397849464 0.0443213296398892 0.0 0.0
0.0 0.12634408602150538 0.04016620498614958 0.0014641288433382138 0.0
0.0013850415512465374 0.11424731182795698 0.03878116343490305 0.0 0.0
0.0 0.08333333333333333 0.045706371191135735 0.0 0.0
0.0013850415512465374 0.11424731182795698 0.052631578947368425 0.0 0.0
0.0013850415512465374 0.11962365591397849 0.03878116343490305 0.0 0.0
0.0013850415512465374 0.125 0.055401662049861494 0.0 0.0
0.0 0.09408602150537634 0.04986149584487535 0.0 0.0
0.002770083102493075 0.11693548387096774 0.045706371191135735 0.0 0.0
0.0013850415512465374 0.11962365591397849 0.04016620498614958 0.0 0.0
0.0013850415512465374 0.0967741935483871 0.0332409972299169 0.0014641288433382138 0.0
0.002770083102493075 0.0913978494623656 0.04016620498614958 0.0 0.0
0.0 0.09543010752688172 0.0332409972299169 0.0014641288433382138 0.0
0.002770083102493075 0.08198924731182797 0.048476454293628804 0.0014641288433382138 0.0
0.00554016620498615 0.10887096774193548 0.055401662049861494 0.0 0.0
0.0 0.09946236559139784 0.04709141274238227 0.0014641288433382138 0.0
0.0013850415512465374 0.09408602150537634 0.05124653739612188 0.0014641288433382138 0.0
0.0 0.0 0.0 0.0 0.0
0.0 0.0 0.0 0.0 0.0
0.0 0.0 0.0 0.0 0.0
0.0 0.0 0.0 0.0 0.0
0.004155124653739612 0.09274193548387097 0.026315789473684213 0.0 0.0
0.0 0.0 0.0 0.0 0.0
0.0 0.0 0.0 0.0 0.0
0.0 0.0 0.0 0.0 0.0
0.0 0.0 0.0 0.0 0.0014598540145985403
0.0 0.05241935483870968 0.14542936288088643 0.0 0.0
0.0 0.0013440860215053762 0.0 0.0 0.0
0.0 0.0013440860215053762 0.0 0.0 0.0
0.0 0.0013440860215053762 0.0 0.0 0.0
0.0 0.0 0.0 0.0014641288433382138 0.0014598540145985403
0.0013850415512465374 0.10349462365591397 0.04986149584487535 0.0 0.0
0.0 0.0 0.0 0.0 0.0
0.0 0.0 0.0 0.0 0.0
0.0 0.0 0.0 0.0 0.0
0.0013850415512465374 0.0013440860215053762 0.0 0.0 0.0
0.0 0.033602150537634407 0.1329639889196676 0.0014641288433382138 0.0
0.0 0.0 0.0013850415512465374 0.0 0.0
0.0 0.0 0.0 0.0 0.0
0.0 0.0 0.0 0.0 0.0
0.0 0.0 0.0 0.0 0.0
0.0 0.0 0.0 0.0 0.0
0.0 0.0 0.0 0.0 0.0
0.0 0.0 0.0 0.0 0.0
0.0 0.0 0.0 0.0 0.0
0.0 0.0 0.0 0.0 0.0
0.0 0.0 0.0 0.0 0.0
0.0 0.053763440860215055 0.15235457063711913 0.0014641288433382138 0.0
0.0 0.04301075268817204 0.1481994459833795 0.0029282576866764276 0.0
0.0 0.04032258064516129 0.1481994459833795 0.005856515373352855 0.0
0.0 0.038978494623655914 0.16481994459833793 0.004392386530014641 0.0
0.0 0.0456989247311828 0.18005540166204984 0.0014641288433382138 0.0
0.0 0.04032258064516129 0.1662049861495845 0.0014641288433382138 0.0
0.0013850415512465374 0.026881720430107527 0.14542936288088643 0.0 0.0
0.002770083102493075 0.041666666666666664 0.23130193905817176 0.005856515373352855 0.0
0.0 0.03494623655913978 0.15373961218836565 0.0 0.0
0.0 0.05913978494623656 0.20221606648199447 0.0014641288433382138 0.0
0.0013850415512465374 0.06048387096774194 0.15789473684210525 0.0014641288433382138 0.0
0.0 0.03225806451612903 0.1883656509695291 0.0 0.0
0.0 0.03629032258064516 0.20083102493074792 0.0014641288433382138 0.0
0.0 0.04032258064516129 0.20083102493074792 0.004392386530014641 0.0
0.0 0.04032258064516129 0.2299168975069252 0.0014641288433382138 0.0
0.0 0.05510752688172043 0.3157894736842105 0.0 0.0
0.0 0.041666666666666664 0.29916897506925205 0.004392386530014641 0.0
0.0 0.04973118279569892 0.3033240997229917 0.0 0.0
0.0 0.0456989247311828 0.32963988919667586 0.0 0.0
0.002770083102493075 0.04838709677419355 0.35180055401662047 0.0029282576866764276 0.0
0.0 0.04435483870967742 0.32132963988919666 0.0029282576866764276 0.0
0.0013850415512465374 0.041666666666666664 0.3753462603878116 0.004392386530014641 0.0
0.0 0.05913978494623656 0.40581717451523547 0.004392386530014641 0.0
0.0 0.056451612903225805 0.5041551246537397 0.0029282576866764276 0.0
0.0 0.056451612903225805 0.5623268698060941 0.0014641288433382138 0.0
0.0 0.05510752688172043 0.5124653739612188 0.0 0.0
0.0013850415512465374 0.04704301075268817 0.5706371191135734 0.0014641288433382138 0.0
0.0013850415512465374 0.053763440860215055 0.6551246537396123 0.0029282576866764276 0.0
0.0 0.06989247311827956 0.6869806094182825 0.0029282576866764276 0.0014598540145985403
0.0 0.053763440860215055 0.8379501385041551 0.0014641288433382138 0.0
0.0 0.05510752688172043 0.814404432132964 0.0 0.0
0.0 0.06451612903225806 0.8476454293628809 0.0029282576866764276 0.0
0.0 0.06048387096774194 0.9127423822714682 0.0029282576866764276 0.0
0.0 0.08333333333333333 0.9792243767313019 0.0 0.0
0.0 0.04704301075268817 1.0650969529085872 0.0 0.0
0.0013850415512465374 0.06182795698924732 1.0318559556786704 0.0029282576866764276 0.0
0.0013850415512465374 0.05241935483870968 0.9833795013850415 0.0014641288433382138 0.0
0.0 0.08198924731182797 1.0581717451523547 0.004392386530014641 0.0
0.0013850415512465374 0.08064516129032258 0.945983379501385 0.0 0.0014598540145985403
0.0 0.07795698924731183 1.0581717451523547 0.0014641288433382138 0.0
0.0 0.0793010752688172 1.0775623268698062 0.0 0.0
0.0 0.07258064516129031 1.0096952908587258 0.0014641288433382138 0.0
0.0 0.06317204301075269 1.0817174515235457 0.0 0.0
0.0 0.07526881720430108 1.1204986149584486 0.0014641288433382138 0.0
0.0013850415512465374 0.053763440860215055 1.0858725761772852 0.0014641288433382138 0.0
0.0013850415512465374 0.056451612903225805 1.1177285318559558 0.0029282576866764276 0.0
0.0 0.06451612903225806 1.1149584487534627 0.0014641288433382138 0.0
0.0 0.06451612903225806 1.0858725761772852 0.0014641288433382138 0.0
0.002770083102493075 0.07795698924731183 1.0983379501385042 0.004392386530014641 0.0
0.0 0.07123655913978495 1.0637119113573408 0.0014641288433382138 0.0
0.0 0.0739247311827957 1.1232686980609419 0.0 0.0
0.0013850415512465374 0.10080645161290322 1.1495844875346262 0.0014641288433382138 0.0
0.0 0.06989247311827956 1.1301939058171746 0.0 0.0
0.0013850415512465374 0.08736559139784947 1.0554016620498614 0.0029282576866764276 0.0
0.002770083102493075 0.08870967741935484 1.0941828254847645 0.0 0.0
0.002770083102493075 0.06048387096774194 1.0969529085872576 0.0014641288433382138 0.0
0.0013850415512465374 0.06048387096774194 1.1094182825484764 0.0014641288433382138 0.0
0.0 0.06182795698924732 1.1717451523545706 0.0014641288433382138 0.0
0.0013850415512465374 0.05913978494623656 1.1842105263157896 0.0029282576866764276 0.0
0.004155124653739612 0.07123655913978495 1.1925207756232685 0.0 0.0
0.0013850415512465374 0.06989247311827956 1.209141274238227 0.0029282576866764276 0.0
0.0 0.07258064516129031 1.1662049861495845 0.004392386530014641 0.0
0.0 0.07526881720430108 1.1495844875346262 0.004392386530014641 0.0
0.0013850415512465374 0.06451612903225806 1.2257617728531855 0.0029282576866764276 0.0
0.002770083102493075 0.06586021505376344 1.1440443213296398 0.0014641288433382138 0.0
0.0 0.06451612903225806 1.1038781163434903 0.004392386530014641 0.0
0.0 0.06720430107526881 1.209141274238227 0.005856515373352855 0.0
0.0013850415512465374 0.07123655913978495 1.1606648199445984 0.0014641288433382138 0.0
0.0 0.06586021505376344 1.0581717451523547 0.0014641288433382138 0.0
0.0 0.07258064516129031 1.221606648199446 0.0014641288433382138 0.0
0.0 0.08198924731182797 1.2700831024930748 0.0014641288433382138 0.0
0.002770083102493075 0.08467741935483872 1.3559556786703602 0.0 0.0
0.0 0.07123655913978495 1.3060941828254848 0.0 0.0
0.0 0.0913978494623656 1.2686980609418281 0.0014641288433382138 0.0
0.0 0.08064516129032258 1.3268698060941828 0.004392386530014641 0.0
0.0 0.08467741935483872 1.245152354570637 0.0029282576866764276 0.0
0.0013850415512465374 0.06586021505376344 1.2617728531855954 0.0 0.0
0.0 0.0739247311827957 1.3213296398891967 0.0 0.0
0.0013850415512465374 0.0739247311827957 1.3310249307479225 0.0 0.0
0.0013850415512465374 0.08064516129032258 1.3310249307479225 0.0014641288433382138 0.0
0.0013850415512465374 0.08064516129032258 1.3005540166204985 0.0 0.0
0.0 0.08870967741935484 1.265927977839335 0.0029282576866764276 0.0
0.0 0.08602150537634408 1.2950138504155126 0.0014641288433382138 0.0
0.0 0.0967741935483871 1.2520775623268698 0.0 0.0
0.0013850415512465374 0.06182795698924732 1.234072022160665 0.0 0.0
0.0 0.08602150537634408 1.3047091412742382 0.004392386530014641 0.0
0.0 0.0739247311827957 1.254847645429363 0.004392386530014641 0.0
0.0 0.056451612903225805 1.236842105263158 0.0029282576866764276 0.0
0.0013850415512465374 0.08467741935483872 1.2880886426592797 0.0029282576866764276 0.0
0.0 0.09946236559139784 1.2867036011080333 0.0014641288433382138 0.0014598540145985403
0.0 0.10618279569892472 1.2313019390581716 0.0014641288433382138 0.0014598540145985403
0.0 0.0913978494623656 1.2313019390581716 0.0029282576866764276 0.0014598540145985403
0.0 0.0739247311827957 1.2229916897506925 0.0014641288433382138 0.0
0.0 0.06586021505376344 1.2299168975069252 0.0 0.0
0.0013850415512465374 0.07123655913978495 1.3213296398891967 0.0014641288433382138 0.0014598540145985403
0.0 0.08333333333333333 1.2867036011080333 0.0029282576866764276 0.0
0.0013850415512465374 0.07258064516129031 1.311634349030471 0.0014641288433382138 0.0
0.0 0.07258064516129031 1.2479224376731302 0.0014641288433382138 0.0
0.0013850415512465374 0.06720430107526881 1.2797783933518005 0.0 0.0
