73.42857142857143 71.07692307692308 72.8125 73.92307692307692 74.0
71.71428571428572 68.53846153846153 71.1875 72.0 73.0
72.78571428571429 69.23076923076924 72.0 74.07692307692308 75.08333333333333
71.64285714285715 70.23076923076924 71.9375 72.15384615384615 72.91666666666667
71.85714285714286 68.61538461538461 71.75 73.61538461538461 73.66666666666667
73.78571428571429 70.6923076923077 73.5625 74.76923076923077 74.25
72.42857142857143 68.0 71.0 72.0 72.25
73.0 69.46153846153847 72.0 73.3076923076923 74.25
73.28571428571429 68.84615384615385 71.625 73.76923076923077 74.66666666666667
73.0 69.53846153846153 72.5 73.38461538461539 74.08333333333333
73.64285714285715 69.23076923076924 72.125 73.46153846153847 75.41666666666667
72.35714285714286 68.61538461538461 71.3125 73.23076923076923 73.0
71.85714285714286 69.23076923076924 71.75 72.3076923076923 72.91666666666667
72.71428571428572 69.84615384615385 71.5 72.6923076923077 72.66666666666667
71.78571428571429 69.0 70.8125 72.53846153846153 72.33333333333333
72.71428571428572 70.15384615384615 71.5 72.92307692307692 73.58333333333333
74.28571428571429 70.61538461538463 72.25 73.76923076923077 73.66666666666667
73.07142857142857 68.92307692307692 72.0625 73.61538461538461 73.83333333333333
71.71428571428572 69.6923076923077 71.8125 73.07692307692308 74.41666666666667
72.71428571428572 68.46153846153847 70.8125 73.76923076923077 73.25
72.92857142857143 69.76923076923076 71.5 74.07692307692308 73.66666666666667
72.78571428571429 70.53846153846153 71.9375 72.76923076923077 73.41666666666667
72.85714285714286 69.6923076923077 70.6875 72.6923076923077 72.25
73.5 70.3076923076923 72.625 73.07692307692308 74.08333333333333
72.64285714285715 69.6923076923077 72.0625 73.23076923076923 74.5
71.78571428571429 69.3076923076923 72.0 73.3076923076923 73.75
72.35714285714286 70.38461538461537 72.3125 74.07692307692308 75.16666666666667
71.71428571428572 70.3076923076923 72.5 72.84615384615385 73.5
73.92857142857143 69.3076923076923 71.0625 72.38461538461539 72.5
72.92857142857143 70.0 71.5625 73.07692307692308 72.58333333333333
73.07142857142857 70.76923076923076 72.5625 73.53846153846153 73.0
72.57142857142857 70.23076923076924 72.0 72.46153846153847 73.33333333333333
71.85714285714286 70.3076923076923 71.5625 72.38461538461539 72.75
72.85714285714286 69.84615384615385 71.75 73.46153846153847 73.33333333333333
72.85714285714286 68.23076923076924 70.9375 72.0 72.25
72.71428571428572 69.84615384615385 71.375 72.6923076923077 73.75
72.42857142857143 69.15384615384615 70.8125 73.0 73.16666666666667
72.21428571428572 69.3076923076923 71.6875 74.6923076923077 74.0
73.85714285714286 70.15384615384615 72.75 73.92307692307692 74.83333333333333
72.28571428571429 70.84615384615385 72.6875 73.92307692307692 74.75
72.64285714285715 70.38461538461537 72.0625 72.84615384615385 73.66666666666667
72.78571428571429 69.84615384615385 72.125 73.84615384615385 74.16666666666667
71.57142857142858 69.15384615384615 71.5625 73.3076923076923 72.75
72.71428571428572 70.6923076923077 73.125 74.46153846153847 74.16666666666667
72.21428571428572 69.6923076923077 70.4375 72.76923076923077 73.16666666666667
74.64285714285715 69.3076923076923 73.125 72.84615384615385 74.41666666666667
73.35714285714286 69.53846153846153 72.4375 72.53846153846153 73.25
71.64285714285715 68.46153846153847 71.8125 73.07692307692308 73.58333333333333
72.71428571428572 69.07692307692308 71.0 72.07692307692308 73.16666666666667
73.21428571428572 70.84615384615385 72.5 74.38461538461539 73.83333333333333
72.07142857142858 69.23076923076924 71.4375 73.07692307692308 71.5
74.21428571428572 69.6923076923077 72.3125 72.6923076923077 74.5
71.71428571428572 69.53846153846153 71.9375 72.53846153846153 73.08333333333333
73.42857142857143 70.38461538461537 72.0625 72.6923076923077 74.0
73.42857142857143 69.38461538461537 72.125 74.84615384615384 72.83333333333333
71.85714285714286 68.76923076923076 71.125 72.38461538461539 72.33333333333333
71.78571428571429 70.3076923076923 72.9375 72.92307692307692 72.75
72.35714285714286 68.61538461538461 71.1875 73.3076923076923 73.41666666666667
72.85714285714286 69.53846153846153 71.875 73.38461538461539 71.41666666666667
72.0 69.92307692307692 72.125 74.07692307692308 72.83333333333333
72.64285714285715 70.76923076923076 72.625 73.15384615384615 75.0
72.28571428571429 69.07692307692308 71.5625 73.84615384615385 73.25
72.71428571428572 69.76923076923076 72.3125 73.38461538461539 73.83333333333333
72.07142857142858 69.61538461538463 72.5 73.92307692307692 73.75
70.42857142857143 67.92307692307692 70.125 71.61538461538461 72.08333333333333
73.14285714285715 69.53846153846153 72.1875 72.6923076923077 73.41666666666667
71.64285714285715 69.46153846153847 71.6875 73.46153846153847 73.0
70.28571428571428 68.07692307692308 70.1875 72.0 72.08333333333333
72.57142857142857 68.92307692307692 71.5625 73.0 73.66666666666667
72.5 69.0 70.5625 73.46153846153847 74.33333333333333
73.35714285714286 70.07692307692308 72.4375 74.3076923076923 74.25
73.5 69.84615384615385 72.0 73.76923076923077 73.33333333333333
71.71428571428572 69.46153846153847 70.4375 72.07692307692308 73.58333333333333
72.92857142857143 69.92307692307692 72.375 73.61538461538461 74.5
71.0 68.38461538461539 71.625 72.3076923076923 73.08333333333333
71.64285714285715 68.61538461538461 71.3125 72.3076923076923 73.0
72.78571428571429 69.53846153846153 71.625 73.92307692307692 73.16666666666667
71.78571428571429 68.61538461538461 70.625 72.53846153846153 72.08333333333333
73.0 69.0 72.3125 72.84615384615385 73.5
70.85714285714286 69.23076923076924 70.875 72.0 72.83333333333333
72.07142857142858 68.61538461538461 71.25 72.76923076923077 72.33333333333333
72.85714285714286 69.53846153846153 71.0 73.0 72.75
72.64285714285715 70.07692307692308 71.5 73.15384615384615 73.58333333333333
72.35714285714286 69.84615384615385 72.3125 73.84615384615385 73.0
71.28571428571429 66.15384615384616 70.0625 71.07692307692308 72.5
72.42857142857143 68.53846153846153 71.5 72.46153846153847 73.75
74.35714285714286 68.3076923076923 71.1875 72.92307692307692 74.0
72.85714285714286 69.84615384615385 72.25 73.6923076923077 73.33333333333333
72.07142857142858 68.23076923076924 70.8125 72.84615384615385 71.91666666666667
71.92857142857143 69.0 70.5625 73.3076923076923 73.33333333333333
71.85714285714286 70.07692307692308 71.25 72.07692307692308 73.83333333333333
71.42857142857143 67.92307692307692 71.125 73.07692307692308 72.41666666666667
73.57142857142857 69.6923076923077 72.0625 74.46153846153847 73.83333333333333
71.5 68.07692307692308 71.25 72.76923076923077 73.58333333333333
73.14285714285715 69.84615384615385 72.625 73.53846153846153 75.33333333333333
72.28571428571429 68.15384615384615 71.0625 73.38461538461539 72.83333333333333
72.42857142857143 68.76923076923076 70.875 73.23076923076923 72.75
71.78571428571429 67.84615384615385 71.3125 73.07692307692308 72.5
73.28571428571429 69.15384615384615 71.9375 74.38461538461539 74.83333333333333
73.42857142857143 69.23076923076924 72.6875 75.38461538461539 73.75
73.21428571428572 70.53846153846153 72.6875 74.0 73.91666666666667
65.35714285714286 65.61538461538461 65.25 66.15384615384616 65.66666666666667
67.28571428571428 64.84615384615384 66.875 66.84615384615385 66.83333333333333
66.14285714285714 65.53846153846153 65.9375 65.6923076923077 66.41666666666667
66.35714285714285 66.76923076923077 65.9375 66.46153846153847 66.33333333333333
73.5 68.92307692307692 71.875 74.15384615384616 73.33333333333333
66.64285714285714 65.84615384615384 66.0 66.38461538461539 66.75
66.0 66.23076923076923 66.1875 66.0 67.58333333333333
65.57142857142857 67.07692307692308 65.5 65.46153846153845 66.0
66.5 65.84615384615384 65.4375 66.84615384615385 66.91666666666667
73.71428571428572 70.46153846153847 72.0 73.15384615384615 74.83333333333333
66.07142857142857 66.23076923076923 65.3125 66.53846153846153 66.91666666666667
67.0 66.3076923076923 66.375 66.84615384615385 67.0
67.78571428571428 66.84615384615385 67.5625 67.76923076923077 67.66666666666667
66.78571428571428 66.84615384615385 66.625 67.61538461538461 66.66666666666667
71.42857142857143 67.61538461538461 70.6875 73.23076923076923 73.08333333333333
65.35714285714286 65.3076923076923 65.0625 66.46153846153847 65.83333333333333
66.85714285714285 66.92307692307692 66.8125 66.61538461538461 65.91666666666667
64.92857142857143 66.0 65.375 66.61538461538461 65.41666666666667
67.14285714285714 66.46153846153847 65.625 67.46153846153847 66.83333333333333
71.92857142857143 68.92307692307692 69.25 72.61538461538461 74.08333333333333
67.64285714285714 67.0 67.875 66.38461538461539 67.58333333333333
66.35714285714285 67.38461538461539 67.3125 66.84615384615385 67.41666666666667
67.0 66.23076923076923 66.125 67.61538461538461 66.16666666666667
66.35714285714285 65.07692307692308 65.8125 65.38461538461539 66.5
66.92857142857143 66.84615384615385 66.5 66.23076923076923 66.0
67.0 66.38461538461539 66.5625 66.6923076923077 67.33333333333333
66.5 67.3076923076923 67.6875 67.92307692307692 67.91666666666667
65.28571428571428 64.3076923076923 65.625 65.76923076923077 67.08333333333333
66.71428571428571 65.38461538461539 66.0 66.07692307692308 65.75
65.78571428571428 66.61538461538461 65.625 66.0 67.16666666666667
73.21428571428572 71.15384615384615 71.4375 73.3076923076923 75.0
72.71428571428572 69.07692307692308 70.0625 73.07692307692308 75.16666666666667
73.5 70.3076923076923 70.8125 73.46153846153847 74.33333333333333
74.21428571428572 69.53846153846153 69.875 73.61538461538461 75.16666666666667
72.28571428571429 68.84615384615385 69.125 72.6923076923077 74.0
73.78571428571429 70.53846153846153 70.0625 74.3076923076923 74.25
72.28571428571429 69.23076923076924 68.25 72.53846153846153 73.16666666666667
74.0 69.61538461538463 68.4375 73.92307692307692 73.75
72.42857142857143 68.76923076923076 69.1875 73.53846153846153 75.0
73.21428571428572 69.15384615384615 69.1875 74.53846153846153 75.16666666666667
75.07142857142857 70.76923076923076 70.3125 74.46153846153847 76.08333333333334
71.21428571428572 67.6923076923077 67.9375 73.61538461538461 73.91666666666667
72.5 69.76923076923076 69.9375 74.84615384615384 75.08333333333333
71.78571428571429 68.46153846153847 67.75 73.15384615384615 74.75
71.5 67.53846153846153 66.6875 72.92307692307692 73.08333333333333
73.35714285714286 69.84615384615385 68.0 74.15384615384616 75.91666666666666
73.92857142857143 68.61538461538461 67.625 74.07692307692308 76.25
72.0 68.61538461538461 66.75 73.23076923076923 75.16666666666667
72.07142857142858 68.07692307692308 65.4375 73.0 75.25
73.35714285714286 67.07692307692308 65.8125 74.0 74.91666666666667
72.42857142857143 68.0 66.5625 73.53846153846153 75.16666666666667
73.42857142857143 69.3076923076923 65.6875 74.38461538461539 74.16666666666667
71.71428571428572 68.38461538461539 64.0 73.07692307692308 73.33333333333333
73.92857142857143 68.38461538461539 65.875 74.6923076923077 75.5
73.28571428571429 68.6923076923077 64.0625 74.07692307692308 74.25
72.92857142857143 67.23076923076923 64.625 73.84615384615385 75.08333333333333
72.57142857142857 68.0 65.125 73.84615384615385 74.5
74.14285714285715 69.53846153846153 63.5 74.92307692307692 75.08333333333333
73.0 66.6923076923077 62.75 72.92307692307692 75.08333333333333
73.42857142857143 68.07692307692308 62.81249999999999 73.6923076923077 74.33333333333333
72.64285714285715 68.23076923076924 62.375 74.0 74.58333333333333
72.92857142857143 67.84615384615385 62.1875 74.07692307692308 75.66666666666666
74.21428571428572 68.3076923076923 62.5 74.23076923076923 75.66666666666666
72.28571428571429 65.15384615384616 58.3125 73.15384615384615 73.25
72.92857142857143 66.3076923076923 59.375 73.6923076923077 76.33333333333334
73.21428571428572 67.76923076923077 59.375 74.38461538461539 75.75
73.85714285714286 67.38461538461539 58.5625 74.84615384615384 75.91666666666666
73.21428571428572 67.6923076923077 58.9375 73.0 75.83333333333334
73.28571428571429 68.53846153846153 59.125 73.6923076923077 76.58333333333334
73.78571428571429 67.15384615384615 58.9375 75.0 75.5
72.71428571428572 66.0 56.6875 73.3076923076923 74.58333333333333
74.71428571428572 66.76923076923077 58.9375 76.07692307692308 76.75
73.71428571428572 66.15384615384616 57.5 73.38461538461539 76.58333333333334
72.42857142857143 64.61538461538461 56.6875 72.46153846153847 74.66666666666667
75.07142857142857 67.07692307692308 56.875 75.07692307692308 77.08333333333334
72.35714285714286 66.15384615384616 56.5 73.6923076923077 75.33333333333333
73.71428571428572 66.53846153846153 56.5625 74.46153846153847 76.41666666666666
72.64285714285715 66.46153846153847 53.8125 74.53846153846153 75.58333333333334
74.35714285714286 66.15384615384616 57.875 74.15384615384616 75.16666666666667
73.14285714285715 66.53846153846153 56.0 75.38461538461539 74.83333333333333
73.14285714285715 65.92307692307692 56.875 74.0 76.08333333333334
74.5 66.6923076923077 56.875 74.61538461538461 74.66666666666667
74.28571428571429 66.61538461538461 57.0 74.23076923076923 75.83333333333334
74.64285714285715 66.76923076923077 57.625 76.3076923076923 75.58333333333334
73.14285714285715 66.15384615384616 55.625 73.07692307692308 74.41666666666667
73.64285714285715 65.92307692307692 56.5 75.07692307692308 76.0
73.42857142857143 65.38461538461539 54.875 73.38461538461539 75.0
72.57142857142857 65.61538461538461 54.875 74.0 74.33333333333333
73.42857142857143 65.76923076923077 57.0 72.61538461538461 75.66666666666666
72.35714285714286 66.76923076923077 55.625 73.46153846153847 75.83333333333334
71.64285714285715 65.84615384615384 56.25 72.76923076923077 75.0
73.14285714285715 66.92307692307692 56.5625 73.84615384615385 74.5
73.64285714285715 67.61538461538461 58.9375 75.46153846153845 75.33333333333333
73.42857142857143 66.07692307692308 55.4375 73.92307692307692 75.25
72.14285714285715 66.6923076923077 56.875 73.76923076923077 75.16666666666667
73.07142857142857 65.23076923076923 55.125 73.3076923076923 74.91666666666667
72.71428571428572 64.6923076923077 54.9375 73.07692307692308 75.41666666666667
73.85714285714286 67.23076923076923 56.1875 74.15384615384616 75.58333333333334
75.64285714285714 67.61538461538461 57.875 75.53846153846155 76.58333333333334
73.64285714285715 66.07692307692308 56.9375 75.15384615384616 75.41666666666667
73.64285714285715 67.07692307692308 56.3125 74.23076923076923 73.91666666666667
71.35714285714286 65.0 55.4375 73.23076923076923 75.08333333333333
74.07142857142857 66.23076923076923 56.4375 73.84615384615385 75.91666666666666
72.78571428571429 66.15384615384616 57.0625 74.07692307692308 75.83333333333334
73.42857142857143 66.3076923076923 57.5 73.46153846153847 74.58333333333333
73.07142857142857 66.07692307692308 56.3125 73.84615384615385 76.25
73.0 67.0 57.25 75.07692307692308 76.08333333333334
74.07142857142857 66.3076923076923 55.375 74.07692307692308 76.91666666666666
73.92857142857143 66.6923076923077 55.625 75.53846153846155 75.75
73.07142857142857 66.46153846153847 57.1875 73.92307692307692 75.5
72.78571428571429 64.92307692307692 54.75 74.15384615384616 75.16666666666667
74.78571428571429 66.61538461538461 57.5 74.23076923076923 76.41666666666666
74.0 66.76923076923077 57.25 75.3076923076923 75.08333333333333
75.0 67.46153846153847 56.375 74.6923076923077 76.08333333333334
74.21428571428572 67.0 55.6875 74.6923076923077 75.58333333333334
73.57142857142857 65.3076923076923 52.625 75.38461538461539 74.58333333333333
72.14285714285715 64.53846153846155 52.25 73.61538461538461 74.91666666666667
72.64285714285715 66.61538461538461 55.375 73.53846153846153 76.91666666666666
73.85714285714286 65.84615384615384 55.0625 73.84615384615385 75.25
73.21428571428572 66.23076923076923 55.0625 73.6923076923077 75.75
73.64285714285715 66.0 55.5625 75.15384615384616 75.66666666666666
74.07142857142857 66.3076923076923 56.0625 74.6923076923077 77.5
73.5 65.23076923076923 55.0 74.23076923076923 75.91666666666666
72.21428571428572 64.53846153846155 52.6875 72.46153846153847 74.5
73.57142857142857 65.0 54.125 73.53846153846153 76.0
73.0 67.61538461538461 55.375 74.53846153846153 75.91666666666666
74.5 65.53846153846153 53.8125 73.38461538461539 76.08333333333334
74.28571428571429 66.15384615384616 54.875 75.15384615384616 76.83333333333334
73.64285714285715 65.23076923076923 54.5625 73.92307692307692 76.08333333333334
