32935.000 -0.400 -0.400 0.465
32936.000 -0.400 -0.331 0.019
32937.000 -0.400 -0.262 0.500
32938.000 -0.400 -0.192 0.209
32939.000 -0.400 -0.123 0.396
32940.000 -0.400 -0.054 0.454
32941.000 -0.400 0.015 0.215
32942.000 -0.400 0.085 0.250
32943.000 -0.400 0.154 0.182
32944.000 -0.400 0.223 0.223
32945.000 -0.400 0.292 0.393
32946.000 -0.400 0.362 0.415
32947.000 -0.400 0.431 0.354
32948.000 -0.331 -0.400 0.020
32949.000 -0.331 -0.331 0.191
32950.000 -0.331 -0.262 0.316
32951.000 -0.331 -0.192 0.392
32952.000 -0.331 -0.123 0.453
32953.000 -0.331 -0.054 0.485
32954.000 -0.331 0.015 0.061
32955.000 -0.331 0.085 0.419
32956.000 -0.331 0.154 0.267
32957.000 -0.331 0.223 0.144
32958.000 -0.331 0.292 0.236
32959.000 -0.331 0.362 0.398
32960.000 -0.331 0.431 0.415
32961.000 -0.262 -0.400 0.366
32962.000 -0.262 -0.331 0.372
32963.000 -0.262 -0.262 0.154
32964.000 -0.262 -0.192 0.259
32965.000 -0.262 -0.123 0.147
32966.000 -0.262 -0.054 0.008
32967.000 -0.262 0.015 0.035
32968.000 -0.262 0.085 0.018
32969.000 -0.262 0.154 0.191
32970.000 -0.262 0.223 0.097
32971.000 -0.262 0.292 0.141
32972.000 -0.262 0.362 0.379
32973.000 -0.262 0.431 0.339
32974.000 -0.192 -0.400 0.321
32975.000 -0.192 -0.331 0.480
32976.000 -0.192 -0.262 0.180
32977.000 -0.192 -0.192 0.365
32978.000 -0.192 -0.123 0.465
32979.000 -0.192 -0.054 0.021
32980.000 -0.192 0.015 0.306
32981.000 -0.192 0.085 0.302
32982.000 -0.192 0.154 0.147
32983.000 -0.192 0.223 0.261
32984.000 -0.192 0.292 0.302
32985.000 -0.192 0.362 0.421
32986.000 -0.192 0.431 0.480
32987.000 -0.123 -0.400 0.260
32988.000 -0.123 -0.331 0.089
32989.000 -0.123 -0.262 0.254
32990.000 -0.123 -0.192 0.341
32991.000 -0.123 -0.123 0.401
32992.000 -0.123 -0.054 0.315
32993.000 -0.123 0.015 0.116
32994.000 -0.123 0.085 0.293
32995.000 -0.123 0.154 0.102
32996.000 -0.123 0.223 0.261
32997.000 -0.123 0.292 0.399
32998.000 -0.123 0.362 0.106
32999.000 -0.123 0.431 0.197
33000.000 -0.054 -0.400 0.428
33001.000 -0.054 -0.331 0.029
33002.000 -0.054 -0.262 0.107
33003.000 -0.054 -0.192 0.310
33004.000 -0.054 -0.123 0.290
33005.000 -0.054 -0.054 0.090
33006.000 -0.054 0.015 0.410
33007.000 -0.054 0.085 0.235
33008.000 -0.054 0.154 0.333
33009.000 -0.054 0.223 0.487
33010.000 -0.054 0.292 0.492
33011.000 -0.054 0.362 0.224
33012.000 -0.054 0.431 0.304
33013.000 0.015 -0.400 0.350
33014.000 0.015 -0.331 0.329
33015.000 0.015 -0.262 0.161
33016.000 0.015 -0.192 0.269
33017.000 0.015 -0.123 0.499
33018.000 0.015 -0.054 0.311
33019.000 0.015 0.015 0.484
33020.000 0.015 0.085 0.318
33021.000 0.015 0.154 0.329
33022.000 0.015 0.223 0.445
33023.000 0.015 0.292 0.145
33024.000 0.015 0.362 0.250
33025.000 0.015 0.431 0.254
33026.000 0.085 -0.400 0.450
33027.000 0.085 -0.331 0.149
33028.000 0.085 -0.262 0.365
33029.000 0.085 -0.192 0.462
33030.000 0.085 -0.123 0.221
33031.000 0.085 -0.054 0.091
33032.000 0.085 0.015 0.030
33033.000 0.085 0.085 0.456
33034.000 0.085 0.154 0.006
33035.000 0.085 0.223 0.188
33036.000 0.085 0.292 0.250
33037.000 0.085 0.362 0.165
33038.000 0.085 0.431 0.477
33039.000 0.154 -0.400 0.397
33040.000 0.154 -0.331 0.054
33041.000 0.154 -0.262 0.387
33042.000 0.154 -0.192 0.368
33043.000 0.154 -0.123 0.473
33044.000 0.154 -0.054 0.429
33045.000 0.154 0.015 0.353
33046.000 0.154 0.085 0.300
33047.000 0.154 0.154 0.355
33048.000 0.154 0.223 0.174
33049.000 0.154 0.292 0.001
33050.000 0.154 0.362 0.405
33051.000 0.154 0.431 0.257
33052.000 0.223 -0.400 0.365
33053.000 0.223 -0.331 0.318
33054.000 0.223 -0.262 0.103
33055.000 0.223 -0.192 0.088
33056.000 0.223 -0.123 0.345
33057.000 0.223 -0.054 0.069
33058.000 0.223 0.015 0.293
33059.000 0.223 0.085 0.175
33060.000 0.223 0.154 0.050
33061.000 0.223 0.223 0.395
33062.000 0.223 0.292 0.316
33063.000 0.223 0.362 0.389
33064.000 0.223 0.431 0.235
33065.000 0.292 -0.331 0.466
33066.000 0.292 -0.262 0.453
33067.000 0.292 -0.192 0.267
33068.000 0.292 -0.123 0.084
33069.000 0.292 -0.054 0.453
33070.000 0.292 0.015 0.449
33071.000 0.292 0.085 0.003
33072.000 0.292 0.154 0.327
33073.000 0.292 0.223 0.484
33074.000 0.292 0.292 0.262
33075.000 0.292 0.362 0.404
33076.000 0.292 0.431 0.097
33077.000 0.362 -0.400 0.438
33078.000 0.362 -0.331 0.077
33079.000 0.362 -0.262 0.092
33080.000 0.362 -0.192 0.251
33081.000 0.362 -0.123 0.023
33082.000 0.362 -0.054 0.495
33083.000 0.362 0.015 0.345
33084.000 0.362 0.085 0.341
33085.000 0.362 0.154 0.384
33086.000 0.362 0.223 0.399
33087.000 0.362 0.292 0.133
33088.000 0.362 0.362 0.076
33089.000 0.362 0.431 0.270
33090.000 0.431 -0.400 0.049
33091.000 0.431 -0.331 0.021
33092.000 0.431 -0.262 0.305
33093.000 0.431 -0.192 0.227
33094.000 0.431 -0.123 0.280
33095.000 0.431 -0.054 0.246
33096.000 0.431 0.015 0.240
33097.000 0.431 0.085 0.282
33098.000 0.431 0.154 0.009
33099.000 0.431 0.223 0.125
33100.000 0.431 0.292 0.039
33101.000 0.431 0.362 0.213
33102.000 0.431 0.431 0.466
