0.002869440459110473 0.11494252873563218 0.060693641618497114 0.0 0.0
0.0014347202295552366 0.1206896551724138 0.06647398843930635 0.0 0.0
0.0 0.13218390804597702 0.06936416184971099 0.0013175230566534915 0.0
0.0014347202295552366 0.07040229885057471 0.03757225433526011 0.0 0.0
0.0014347202295552366 0.125 0.07369942196531792 0.0 0.0
0.0 0.1264367816091954 0.0476878612716763 0.0 0.0
0.0014347202295552366 0.1896551724137931 0.07803468208092486 0.0 0.0
0.0014347202295552366 0.12212643678160919 0.05491329479768786 0.0 0.0
0.0 0.13793103448275862 0.06358381502890174 0.0 0.0
0.0014347202295552366 0.16522988505747127 0.06502890173410404 0.0 0.0
0.002869440459110473 0.16666666666666666 0.09104046242774567 0.0 0.0
0.0014347202295552366 0.15229885057471265 0.07225433526011561 0.0 0.0
0.0 0.11206896551724138 0.062138728323699426 0.0013175230566534915 0.0
0.0 0.15373563218390804 0.08236994219653179 0.0 0.0
0.0014347202295552366 0.10344827586206896 0.0838150289017341 0.0 0.0
0.0 0.1307471264367816 0.0708092485549133 0.0 0.0
0.0014347202295552366 0.14511494252873564 0.062138728323699426 0.0 0.0
0.002869440459110473 0.1364942528735632 0.06791907514450866 0.0013175230566534915 0.0
0.0 0.12931034482758622 0.07514450867052022 0.0 0.0
0.0 0.16522988505747127 0.08092485549132948 0.0 0.0
0.0014347202295552366 0.15517241379310345 0.08236994219653179 0.0 0.0
0.002869440459110473 0.11063218390804597 0.06936416184971099 0.0 0.0
0.0 0.14224137931034483 0.057803468208092484 0.0 0.0
0.0014347202295552366 0.125 0.06647398843930635 0.0 0.0
0.0 0.14080459770114942 0.07369942196531792 0.0013175230566534915 0.0
0.0 0.16235632183908044 0.06358381502890174 0.0 0.0
0.0 0.15804597701149425 0.060693641618497114 0.0 0.0
0.0014347202295552366 0.13362068965517243 0.0968208092485549 0.0 0.0
0.0 0.15660919540229884 0.07225433526011561 0.0013175230566534915 0.0
0.002869440459110473 0.15086206896551724 0.060693641618497114 0.0 0.0
0.0014347202295552366 0.1695402298850575 0.07225433526011561 0.0 0.0
0.0014347202295552366 0.22988505747126436 0.08236994219653179 0.0013175230566534915 0.0
0.0014347202295552366 0.12356321839080461 0.06647398843930635 0.0013175230566534915 0.0
0.0 0.14798850574712644 0.07369942196531792 0.0 0.0
0.0014347202295552366 0.15804597701149425 0.07947976878612717 0.0 0.0
0.0 0.16522988505747127 0.060693641618497114 0.0 0.0
0.0014347202295552366 0.14942528735632182 0.0838150289017341 0.0 0.0
0.0 0.14798850574712644 0.08959537572254335 0.0 0.0
0.002869440459110473 0.1752873563218391 0.07658959537572255 0.0 0.0
0.0014347202295552366 0.15229885057471265 0.05057803468208093 0.002635046113306983 0.0
0.0014347202295552366 0.15660919540229884 0.06358381502890174 0.0 0.001404494382022472
0.002869440459110473 0.21839080459770116 0.10260115606936417 0.0 0.0
0.0 0.20977011494252873 0.0838150289017341 0.0 0.0
0.002869440459110473 0.17385057471264367 0.07803468208092486 0.0 0.0
0.0 0.14080459770114942 0.07225433526011561 0.0013175230566534915 0.001404494382022472
0.0014347202295552366 0.1882183908045977 0.07803468208092486 0.0 0.0
0.00430416068866571 0.1939655172413793 0.0968208092485549 0.0 0.0
0.0 0.23419540229885058 0.10404624277456646 0.0013175230566534915 0.0
0.002869440459110473 0.20977011494252873 0.08526011560693642 0.0 0.0
0.002869440459110473 0.20689655172413793 0.0968208092485549 0.0 0.0
0.0 0.1925287356321839 0.09104046242774567 0.003952569169960474 0.0
0.0 0.21551724137931033 0.09104046242774567 0.0 0.0
0.0 0.21551724137931033 0.0838150289017341 0.0013175230566534915 0.0
0.002869440459110473 0.21120689655172414 0.08526011560693642 0.0 0.0
0.0014347202295552366 0.1982758620689655 0.0953757225433526 0.0 0.0
0.0 0.2543103448275862 0.09971098265895954 0.0 0.0
0.0 0.24568965517241376 0.10260115606936417 0.0013175230566534915 0.0
0.0014347202295552366 0.26724137931034486 0.10838150289017341 0.0 0.0
0.0 0.2413793103448276 0.09248554913294799 0.0 0.0
0.0 0.21839080459770116 0.10260115606936417 0.0 0.0
0.0014347202295552366 0.22701149425287356 0.0838150289017341 0.0013175230566534915 0.0
0.0 0.2514367816091954 0.1069364161849711 0.0013175230566534915 0.0
0.0014347202295552366 0.2744252873563219 0.12427745664739885 0.0013175230566534915 0.0
0.0 0.271551724137931 0.12572254335260116 0.0 0.0
0.0014347202295552366 0.3132183908045977 0.11271676300578035 0.0013175230566534915 0.0
0.0014347202295552366 0.3103448275862069 0.1199421965317919 0.0 0.0
0.0 0.28735632183908044 0.13439306358381503 0.0 0.0
0.0 0.2600574712643678 0.1199421965317919 0.0 0.0
0.0014347202295552366 0.33477011494252873 0.1199421965317919 0.0013175230566534915 0.0
0.0 0.33045977011494254 0.13872832369942198 0.0013175230566534915 0.0
0.0014347202295552366 0.3074712643678161 0.11127167630057803 0.0 0.0
0.0 0.32040229885057475 0.14017341040462428 0.0 0.0
0.0 0.31752873563218387 0.14450867052023122 0.0 0.0
0.0 0.3247126436781609 0.12861271676300579 0.002635046113306983 0.0
0.0014347202295552366 0.3864942528735632 0.1531791907514451 0.0 0.0
0.002869440459110473 0.3721264367816092 0.14884393063583815 0.0 0.0
0.0014347202295552366 0.40086206896551724 0.16473988439306358 0.0 0.0
0.002869440459110473 0.39224137931034486 0.15173410404624277 0.002635046113306983 0.0
0.0 0.3979885057471264 0.1531791907514451 0.0 0.0
0.0 0.3563218390804598 0.13439306358381503 0.0013175230566534915 0.0
0.0014347202295552366 0.39224137931034486 0.17052023121387283 0.0 0.0
0.0 0.4295977011494253 0.16907514450867053 0.0013175230566534915 0.0
0.0 0.42385057471264365 0.16907514450867053 0.0 0.001404494382022472
0.0 0.4698275862068965 0.1531791907514451 0.0 0.0
0.0 0.4396551724137931 0.15462427745664742 0.0 0.0
0.0014347202295552366 0.48994252873563215 0.16040462427745664 0.0013175230566534915 0.0
0.0 0.46551724137931033 0.1907514450867052 0.0 0.0
0.0 0.4971264367816092 0.1791907514450867 0.0013175230566534915 0.0
0.0014347202295552366 0.5100574712643677 0.17341040462427745 0.0 0.0
0.0 0.5330459770114943 0.1893063583815029 0.0 0.0
0.00430416068866571 0.5359195402298851 0.1416184971098266 0.0 0.0
0.0 0.5545977011494253 0.1907514450867052 0.0013175230566534915 0.0
0.0 0.5689655172413793 0.20086705202312138 0.0 0.0
0.0014347202295552366 0.5905172413793104 0.19219653179190752 0.0013175230566534915 0.0
0.0014347202295552366 0.625 0.2138728323699422 0.0013175230566534915 0.0
0.0014347202295552366 0.6551724137931035 0.2138728323699422 0.0 0.0
0.002869440459110473 0.6824712643678161 0.21676300578034682 0.0 0.0
0.0 0.728448275862069 0.22976878612716764 0.0 0.0
0.0 0.7514367816091954 0.22398843930635837 0.0 0.0
0.0 0.6939655172413793 0.23265895953757226 0.0013175230566534915 0.0
0.0 0.7298850574712644 0.2023121387283237 0.0 0.0
0.0 0.043103448275862065 0.017341040462427747 0.0 0.0
0.0 0.05028735632183908 0.018786127167630055 0.0 0.0
0.0 0.041666666666666664 0.014450867052023121 0.0013175230566534915 0.0
0.0 0.04454022988505747 0.017341040462427747 0.0 0.0
0.0014347202295552366 0.7528735632183908 0.23699421965317918 0.0013175230566534915 0.0
0.0 0.035919540229885055 0.018786127167630055 0.0 0.0
0.0 0.03017241379310345 0.017341040462427747 0.0 0.0
0.0 0.035919540229885055 0.018786127167630055 0.0 0.0
0.0 0.035919540229885055 0.018786127167630055 0.0 0.0
0.0014347202295552366 0.46551724137931033 0.3453757225433526 0.0 0.0
0.0 0.03879310344827586 0.014450867052023121 0.0 0.0
0.0 0.033045977011494254 0.02023121387283237 0.0 0.0
0.0 0.034482758620689655 0.014450867052023121 0.0 0.0
0.0 0.041666666666666664 0.013005780346820808 0.0 0.0
0.0014347202295552366 0.7413793103448275 0.23843930635838148 0.0 0.0
0.0 0.041666666666666664 0.02023121387283237 0.0 0.0
0.0 0.03879310344827586 0.017341040462427747 0.0 0.001404494382022472
0.0 0.03017241379310345 0.011560693641618498 0.0 0.001404494382022472
0.0014347202295552366 0.043103448275862065 0.026011560693641616 0.0 0.0
0.0 0.5114942528735633 0.36560693641618497 0.0013175230566534915 0.0
0.0 0.034482758620689655 0.015895953757225436 0.0 0.0
0.0 0.03879310344827586 0.015895953757225436 0.0 0.0
0.0014347202295552366 0.03160919540229885 0.014450867052023121 0.0 0.0
0.0 0.043103448275862065 0.015895953757225436 0.0 0.0
0.0 0.037356321839080456 0.010115606936416185 0.0 0.0
0.0 0.033045977011494254 0.02023121387283237 0.0 0.0
0.0 0.034482758620689655 0.02167630057803468 0.0 0.0
0.0 0.040229885057471264 0.02167630057803468 0.0 0.0
0.0 0.02442528735632184 0.017341040462427747 0.0 0.0
0.0 0.040229885057471264 0.013005780346820808 0.0013175230566534915 0.001404494382022472
0.0 0.4612068965517241 0.3627167630057804 0.0 0.0
0.0 0.4583333333333333 0.3872832369942196 0.0 0.0
0.0014347202295552366 0.5244252873563218 0.3482658959537572 0.0013175230566534915 0.0
0.0 0.4813218390804598 0.3236994219653179 0.002635046113306983 0.001404494382022472
0.0 0.45977011494252873 0.3352601156069364 0.005270092226613966 0.0
0.0 0.4755747126436782 0.3598265895953757 0.0013175230566534915 0.0
0.0 0.4813218390804598 0.3309248554913295 0.0013175230566534915 0.0
0.0014347202295552366 0.4367816091954023 0.26734104046242774 0.0013175230566534915 0.0
0.0 0.4913793103448275 0.33670520231213874 0.002635046113306983 0.0
0.0014347202295552366 0.47988505747126436 0.31936416184971095 0.0 0.0
0.0 0.5201149425287356 0.3670520231213873 0.0013175230566534915 0.0
0.0 0.5114942528735633 0.3468208092485549 0.0 0.0
0.0 0.49425287356321845 0.3005780346820809 0.0013175230566534915 0.0
0.0 0.471264367816092 0.31936416184971095 0.0 0.0
0.0014347202295552366 0.4913793103448275 0.33959537572254334 0.003952569169960474 0.0
0.0 0.4813218390804598 0.3236994219653179 0.002635046113306983 0.0
0.0 0.47844827586206895 0.30202312138728327 0.0013175230566534915 0.0
0.0 0.44396551724137934 0.30202312138728327 0.0013175230566534915 0.0
0.0014347202295552366 0.42528735632183906 0.30202312138728327 0.0 0.0
0.0014347202295552366 0.47988505747126436 0.33236994219653176 0.002635046113306983 0.0
0.0014347202295552366 0.4281609195402299 0.2991329479768786 0.002635046113306983 0.0
0.0 0.49281609195402304 0.31647398843930635 0.0013175230566534915 0.0
0.0 0.4511494252873563 0.30202312138728327 0.0013175230566534915 0.0
0.0 0.4382183908045977 0.27601156069364163 0.0013175230566534915 0.0
0.0 0.40948275862068967 0.3135838150289017 0.0 0.001404494382022472
0.0 0.46695402298850575 0.3511560693641619 0.0 0.0
0.0014347202295552366 0.4382183908045977 0.2702312138728324 0.0013175230566534915 0.0
0.0 0.4166666666666667 0.296242774566474 0.0013175230566534915 0.0
0.002869440459110473 0.45545977011494254 0.3265895953757225 0.002635046113306983 0.0
0.0 0.4410919540229885 0.273121387283237 0.0013175230566534915 0.0
0.0 0.41954022988505746 0.3005780346820809 0.002635046113306983 0.0
0.0 0.48419540229885055 0.2904624277456647 0.0013175230566534915 0.0
0.0 0.4410919540229885 0.2630057803468208 0.0013175230566534915 0.0
0.0 0.40804597701149425 0.21820809248554912 0.0 0.0
0.0 0.4353448275862069 0.30202312138728327 0.0 0.0
0.0 0.4497126436781609 0.2615606936416185 0.003952569169960474 0.0
0.0 0.41522988505747127 0.2846820809248555 0.0 0.0
0.0 0.4324712643678161 0.2861271676300578 0.002635046113306983 0.0
0.0 0.4224137931034483 0.2514450867052023 0.0 0.0
0.0 0.4367816091954023 0.30780346820809246 0.0 0.0
0.0014347202295552366 0.4353448275862069 0.3135838150289017 0.0013175230566534915 0.0
0.0 0.4396551724137931 0.2630057803468208 0.0 0.0
0.0 0.47988505747126436 0.31213872832369943 0.0013175230566534915 0.0
0.0 0.49425287356321845 0.27601156069364163 0.0013175230566534915 0.0
0.0 0.46264367816091956 0.3265895953757225 0.0 0.0
0.0 0.45258620689655177 0.29335260115606937 0.0 0.0
0.0014347202295552366 0.3979885057471264 0.27601156069364163 0.0013175230566534915 0.0
0.0 0.44252873563218387 0.2817919075144509 0.003952569169960474 0.0
0.0 0.38362068965517243 0.25578034682080925 0.0 0.0
0.0 0.4224137931034483 0.28034682080924855 0.0013175230566534915 0.0
0.0014347202295552366 0.4324712643678161 0.2846820809248555 0.0013175230566534915 0.0
0.0014347202295552366 0.39511494252873564 0.2615606936416185 0.0 0.0
0.0 0.43103448275862066 0.30924855491329484 0.0013175230566534915 0.0
0.0 0.4295977011494253 0.30924855491329484 0.002635046113306983 0.0
0.0 0.3505747126436782 0.2817919075144509 0.0013175230566534915 0.0
0.0 0.45689655172413796 0.30924855491329484 0.0013175230566534915 0.0
0.0 0.40660919540229884 0.29335260115606937 0.0 0.0
0.0 0.44396551724137934 0.2702312138728324 0.002635046113306983 0.0
0.0 0.3807471264367816 0.2514450867052023 0.0 0.0
0.0 0.45689655172413796 0.28757225433526007 0.0 0.0
0.0 0.41379310344827586 0.2658959537572254 0.002635046113306983 0.0
0.0 0.43103448275862066 0.30491329479768786 0.0 0.0
0.0 0.42528735632183906 0.2832369942196532 0.0 0.0
0.002869440459110473 0.42385057471264365 0.273121387283237 0.0013175230566534915 0.0
0.0014347202295552366 0.40804597701149425 0.25578034682080925 0.0013175230566534915 0.0
0.0 0.4051724137931034 0.273121387283237 0.0 0.0
0.0 0.4324712643678161 0.2745664739884393 0.002635046113306983 0.0
0.0014347202295552366 0.45258620689655177 0.2846820809248555 0.0 0.0
0.0014347202295552366 0.4410919540229885 0.2904624277456647 0.0013175230566534915 0.0
0.0 0.4367816091954023 0.3236994219653179 0.0013175230566534915 0.0
0.0 0.44252873563218387 0.2861271676300578 0.0013175230566534915 0.0
0.0 0.47988505747126436 0.26011560693641617 0.0 0.0
0.0 0.4339080459770115 0.25578034682080925 0.002635046113306983 0.0
0.0014347202295552366 0.43103448275862066 0.27167630057803466 0.0013175230566534915 0.0
0.0 0.4324712643678161 0.2658959537572254 0.0 0.0
0.0 0.4511494252873563 0.254335260115607 0.0 0.0
0.0 0.40086206896551724 0.26445086705202314 0.0 0.0
0.0014347202295552366 0.46264367816091956 0.2991329479768786 0.0 0.0
0.0 0.4267241379310345 0.26878612716763006 0.0 0.0
0.0 0.4396551724137931 0.25578034682080925 0.0013175230566534915 0.0
0.0 0.4181034482758621 0.2832369942196532 0.0013175230566534915 0.0
0.0 0.42385057471264365 0.27601156069364163 0.0 0.0
0.0 0.4353448275862069 0.22398843930635837 0.0013175230566534915 0.001404494382022472
0.0 0.41379310344827586 0.22976878612716764 0.0013175230566534915 0.0
0.0 0.4339080459770115 0.24566473988439305 0.0013175230566534915 0.0
0.0 0.41235632183908044 0.2615606936416185 0.003952569169960474 0.0
0.0 0.44252873563218387 0.28034682080924855 0.002635046113306983 0.0
0.0014347202295552366 0.46264367816091956 0.2817919075144509 0.002635046113306983 0.0
0.0014347202295552366 0.44540229885057475 0.2976878612716763 0.002635046113306983 0.0
0.0 0.4295977011494253 0.25 0.005270092226613966 0.0
0.0 0.41954022988505746 0.2630057803468208 0.0013175230566534915 0.0
0.0 0.4181034482758621 0.2615606936416185 0.003952569169960474 0.0
0.002869440459110473 0.45977011494252873 0.26011560693641617 0.003952569169960474 0.0
0.0 0.44540229885057475 0.27601156069364163 0.0013175230566534915 0.0
0.0014347202295552366 0.4482758620689655 0.25722543352601157 0.0 0.0
0.0 0.41379310344827586 0.27745664739884396 0.0 0.0
0.0 0.4295977011494253 0.27601156069364163 0.0 0.0
0.0 0.4468390804597701 0.254335260115607 0.002635046113306983 0.0
0.002869440459110473 0.41522988505747127 0.30924855491329484 0.0013175230566534915 0.0
