17.5 29.2 30.833333333333336 13.2 12.666666666666666
18.0 26.0 29.166666666666668 16.2 15.333333333333332
16.5 28.2 31.333333333333332 13.4 10.0
19.333333333333336 27.400000000000002 30.5 10.4 11.166666666666666
20.666666666666668 32.0 26.666666666666668 14.6 13.333333333333334
17.833333333333332 32.599999999999994 31.666666666666668 14.200000000000001 13.166666666666666
19.166666666666664 34.8 27.666666666666664 12.4 14.666666666666666
16.5 30.200000000000003 30.333333333333332 15.8 11.5
19.0 28.0 33.5 18.4 14.166666666666666
16.166666666666664 31.4 32.833333333333336 13.799999999999999 12.0
14.333333333333334 31.0 32.833333333333336 17.4 11.166666666666666
16.666666666666668 29.2 29.0 16.8 13.5
18.166666666666668 30.599999999999998 28.833333333333332 12.6 13.333333333333334
16.666666666666668 30.8 31.0 13.0 11.833333333333332
18.0 30.0 27.666666666666664 13.799999999999999 15.166666666666666
19.166666666666664 28.2 31.333333333333332 11.4 15.333333333333332
18.333333333333332 31.6 28.666666666666668 15.8 13.833333333333332
17.833333333333332 29.0 29.166666666666668 13.0 15.333333333333332
19.5 33.8 29.333333333333332 16.400000000000002 13.166666666666666
17.166666666666668 32.0 29.833333333333332 12.8 16.166666666666664
20.833333333333332 32.599999999999994 33.333333333333336 13.799999999999999 13.833333333333332
17.333333333333332 31.4 30.5 12.4 12.666666666666666
18.666666666666668 28.400000000000002 28.166666666666668 12.200000000000001 12.833333333333334
17.5 32.0 30.0 14.200000000000001 14.333333333333334
17.166666666666668 28.400000000000002 31.333333333333332 16.2 13.166666666666666
18.166666666666668 29.2 27.166666666666664 14.4 13.0
19.0 30.599999999999998 30.0 15.0 14.833333333333334
16.333333333333332 32.4 29.666666666666668 14.6 14.833333333333334
18.0 31.4 28.166666666666668 17.0 12.666666666666666
18.0 32.4 26.333333333333332 14.0 14.166666666666666
18.0 29.8 29.833333333333332 12.4 13.5
18.166666666666668 31.6 28.5 12.200000000000001 13.666666666666668
16.833333333333332 30.0 29.666666666666668 12.6 12.0
19.333333333333336 30.599999999999998 29.5 14.0 13.666666666666668
15.5 31.2 26.833333333333336 12.8 13.666666666666668
15.666666666666666 29.6 27.333333333333336 12.8 12.166666666666666
18.166666666666668 32.2 30.833333333333336 12.6 14.0
16.5 28.2 29.5 17.0 14.166666666666666
18.666666666666668 29.4 33.666666666666664 16.6 13.0
19.333333333333336 35.0 31.166666666666664 14.6 14.833333333333334
17.166666666666668 30.599999999999998 31.333333333333332 14.4 15.833333333333334
18.0 32.0 31.0 15.6 11.333333333333334
18.333333333333332 29.0 30.666666666666664 11.799999999999999 14.333333333333334
18.0 30.599999999999998 34.666666666666664 15.4 11.833333333333332
19.166666666666664 31.0 28.5 16.6 14.333333333333334
18.333333333333332 32.800000000000004 29.833333333333332 11.4 15.166666666666666
17.666666666666668 33.6 29.5 14.8 12.333333333333334
17.833333333333332 30.599999999999998 29.5 15.2 12.166666666666666
17.333333333333332 30.4 30.666666666666664 11.6 14.333333333333334
19.5 30.200000000000003 30.166666666666668 16.0 13.666666666666668
18.666666666666668 28.6 28.5 16.2 15.333333333333332
19.833333333333336 31.8 28.166666666666668 16.6 12.666666666666666
19.333333333333336 28.400000000000002 29.833333333333332 12.4 16.833333333333332
17.0 31.4 30.666666666666664 12.0 16.166666666666664
16.833333333333332 35.0 27.5 13.6 13.833333333333332
16.0 29.8 29.166666666666668 14.8 14.333333333333334
17.5 31.8 27.833333333333336 14.0 11.666666666666668
16.833333333333332 35.8 30.833333333333336 11.799999999999999 13.0
17.666666666666668 27.400000000000002 25.5 15.0 12.833333333333334
15.0 29.4 26.333333333333332 15.8 12.333333333333334
18.166666666666668 30.200000000000003 29.333333333333332 15.4 13.666666666666668
19.833333333333336 31.0 26.666666666666668 13.799999999999999 14.166666666666666
17.833333333333332 27.799999999999997 29.0 17.0 14.833333333333334
17.833333333333332 31.0 27.333333333333336 12.4 13.166666666666666
16.0 32.4 29.666666666666668 15.6 12.166666666666666
19.5 30.4 30.166666666666668 14.4 13.0
18.0 30.8 26.333333333333332 15.0 12.166666666666666
18.833333333333332 29.2 28.666666666666668 12.4 12.333333333333334
17.0 29.4 31.333333333333332 16.6 14.5
13.833333333333332 30.4 32.16666666666667 9.799999999999999 16.0
18.833333333333332 30.4 29.166666666666668 13.4 14.0
19.0 31.4 28.0 16.6 12.5
15.833333333333334 30.599999999999998 28.5 13.0 14.833333333333334
18.5 28.2 30.833333333333336 12.8 13.0
16.166666666666664 28.2 29.333333333333332 11.6 12.0
17.333333333333332 32.0 29.833333333333332 12.8 12.833333333333334
18.166666666666668 30.4 33.5 14.0 13.5
18.0 28.2 29.666666666666668 13.799999999999999 13.666666666666668
16.5 31.0 30.333333333333332 11.6 14.333333333333334
16.333333333333332 29.0 27.833333333333336 14.4 14.166666666666666
15.666666666666666 28.400000000000002 27.666666666666664 15.4 15.666666666666666
13.666666666666668 34.4 28.5 14.4 14.0
18.333333333333332 29.6 28.5 15.2 15.333333333333332
16.166666666666664 35.2 28.333333333333332 14.200000000000001 11.0
18.666666666666668 32.599999999999994 29.333333333333332 12.8 11.333333333333334
20.333333333333332 32.4 32.666666666666664 14.4 10.666666666666666
16.166666666666664 34.0 29.666666666666668 16.400000000000002 14.333333333333334
13.833333333333332 32.599999999999994 30.833333333333336 14.0 14.833333333333334
18.833333333333332 30.8 29.5 13.4 11.833333333333332
16.666666666666668 27.799999999999997 28.833333333333332 16.2 15.666666666666666
18.666666666666668 30.8 26.833333333333336 14.200000000000001 14.0
19.0 30.0 29.0 13.799999999999999 11.0
17.333333333333332 31.2 27.0 13.6 13.333333333333334
16.5 30.4 30.0 13.6 13.166666666666666
17.333333333333332 28.6 32.833333333333336 14.0 12.333333333333334
18.0 31.8 33.666666666666664 16.6 11.333333333333334
17.666666666666668 30.200000000000003 29.666666666666668 12.8 12.666666666666666
17.5 30.599999999999998 29.833333333333332 13.6 16.166666666666664
15.5 31.6 31.166666666666664 13.4 13.166666666666666
18.5 29.8 29.166666666666668 17.8 12.5
19.166666666666664 29.2 29.5 15.4 12.0
16.166666666666664 12.200000000000001 14.0 17.8 15.833333333333334
15.333333333333332 17.4 15.166666666666666 14.4 13.166666666666666
15.333333333333332 15.0 16.0 14.4 14.5
13.333333333333334 18.2 14.666666666666666 18.8 16.0
18.833333333333332 31.4 28.0 14.4 15.666666666666666
13.166666666666666 14.4 13.833333333333332 17.2 12.833333333333334
16.0 13.6 14.833333333333334 15.0 20.0
15.5 14.4 15.333333333333332 16.0 14.5
17.166666666666668 16.8 15.166666666666666 13.4 16.666666666666668
16.166666666666664 27.400000000000002 33.666666666666664 14.200000000000001 15.5
14.0 14.200000000000001 14.0 15.8 15.5
15.166666666666666 15.2 16.166666666666664 15.2 15.333333333333332
15.666666666666666 17.8 14.0 14.6 14.833333333333334
17.0 15.0 13.666666666666668 14.200000000000001 15.333333333333332
16.666666666666668 29.6 29.0 12.0 14.833333333333334
15.0 16.400000000000002 15.5 15.2 15.666666666666666
15.833333333333334 15.6 16.5 14.8 14.5
15.666666666666666 12.8 15.5 15.2 15.0
14.5 16.8 17.0 17.6 13.0
16.166666666666664 28.8 33.833333333333336 17.2 14.333333333333334
15.666666666666666 18.4 14.666666666666666 15.0 17.833333333333332
13.833333333333332 14.8 15.5 15.8 15.166666666666666
15.166666666666666 13.799999999999999 13.833333333333332 14.6 16.666666666666668
15.333333333333332 15.0 15.5 15.0 17.833333333333332
15.166666666666666 14.200000000000001 15.5 16.400000000000002 13.833333333333332
14.833333333333334 15.6 13.5 14.8 16.166666666666664
16.166666666666664 18.2 16.5 17.4 16.0
14.5 15.0 16.0 15.8 13.666666666666668
13.666666666666668 18.599999999999998 11.5 18.8 16.166666666666664
14.0 17.0 12.833333333333334 16.6 14.5
17.833333333333332 25.4 31.666666666666668 11.4 15.5
18.333333333333332 30.0 31.5 14.6 16.166666666666664
17.0 29.0 33.5 12.0 14.666666666666666
17.833333333333332 23.599999999999998 31.833333333333332 15.6 13.0
16.666666666666668 29.4 34.666666666666664 12.4 12.5
16.166666666666664 28.6 35.666666666666664 15.6 12.333333333333334
18.666666666666668 27.400000000000002 31.0 14.4 11.333333333333334
19.5 29.0 33.5 13.2 11.833333333333332
17.0 26.4 35.166666666666664 16.0 12.5
15.166666666666666 27.799999999999997 34.166666666666664 15.2 11.833333333333332
15.166666666666666 29.0 31.666666666666668 15.2 17.333333333333332
15.666666666666666 25.2 31.833333333333332 12.8 12.666666666666666
16.666666666666668 28.400000000000002 34.5 15.0 13.666666666666668
20.5 24.8 33.5 14.6 14.5
18.5 29.0 32.666666666666664 14.6 12.5
16.333333333333332 29.4 36.0 14.6 12.833333333333334
16.333333333333332 27.2 33.0 15.6 14.5
12.833333333333334 30.599999999999998 35.166666666666664 14.6 12.833333333333334
15.166666666666666 23.0 33.666666666666664 12.6 12.833333333333334
15.0 26.599999999999998 33.5 15.8 12.333333333333334
15.0 26.4 34.833333333333336 16.6 16.0
16.333333333333332 27.2 32.0 14.4 12.666666666666666
17.0 25.4 35.166666666666664 18.2 11.333333333333334
19.5 31.2 34.333333333333336 17.0 12.5
17.166666666666668 29.2 33.5 14.4 11.166666666666666
16.333333333333332 28.400000000000002 36.0 12.0 15.166666666666666
18.0 28.8 34.0 16.400000000000002 10.166666666666666
14.333333333333334 29.0 36.166666666666664 14.8 12.833333333333334
14.666666666666666 26.200000000000003 36.166666666666664 15.8 14.166666666666666
17.833333333333332 30.200000000000003 33.666666666666664 14.4 10.666666666666666
18.0 28.8 33.0 15.6 13.5
15.5 30.200000000000003 36.5 12.4 14.5
15.666666666666666 29.4 35.666666666666664 15.8 15.833333333333334
12.5 26.8 35.833333333333336 12.4 13.166666666666666
15.166666666666666 27.400000000000002 36.833333333333336 13.4 12.0
17.833333333333332 26.8 36.833333333333336 14.200000000000001 14.166666666666666
14.666666666666666 33.0 38.66666666666667 13.6 17.5
14.0 27.599999999999998 35.5 15.0 12.0
14.833333333333334 29.6 40.666666666666664 13.4 10.333333333333334
18.0 28.2 36.0 15.4 13.5
15.0 29.8 32.833333333333336 17.0 11.666666666666668
18.166666666666668 29.4 37.666666666666664 14.6 13.833333333333332
17.666666666666668 30.200000000000003 37.5 15.0 12.833333333333334
16.666666666666668 26.200000000000003 31.666666666666668 15.0 13.5
14.666666666666666 28.0 38.83333333333333 11.799999999999999 12.333333333333334
15.666666666666666 27.2 34.666666666666664 13.799999999999999 12.5
14.5 27.599999999999998 37.666666666666664 16.6 13.0
15.833333333333334 27.0 36.5 15.0 12.333333333333334
18.5 29.2 34.666666666666664 14.4 14.666666666666666
14.5 28.2 35.0 18.0 9.166666666666666
17.833333333333332 29.4 33.166666666666664 15.4 13.166666666666666
14.333333333333334 30.0 32.833333333333336 14.6 10.333333333333334
18.0 26.200000000000003 36.666666666666664 12.8 11.333333333333334
12.666666666666666 29.2 35.5 16.0 14.333333333333334
16.0 28.2 38.0 13.0 13.333333333333334
15.166666666666666 28.2 34.833333333333336 16.2 13.833333333333332
16.0 28.0 34.666666666666664 12.200000000000001 10.166666666666666
18.0 27.0 36.333333333333336 12.200000000000001 12.166666666666666
18.333333333333332 27.799999999999997 32.833333333333336 13.2 14.333333333333334
18.333333333333332 29.0 36.166666666666664 15.2 11.666666666666668
15.166666666666666 28.6 35.166666666666664 13.0 12.833333333333334
15.5 27.0 33.0 17.0 11.166666666666666
17.333333333333332 27.599999999999998 35.166666666666664 15.0 14.0
18.0 28.2 36.0 12.4 12.833333333333334
19.833333333333336 27.799999999999997 33.5 14.8 15.166666666666666
17.166666666666668 26.0 33.5 16.400000000000002 12.666666666666666
16.0 27.2 35.333333333333336 14.6 14.166666666666666
17.833333333333332 28.8 39.33333333333333 11.6 12.333333333333334
17.666666666666668 27.2 37.166666666666664 13.0 12.666666666666666
15.833333333333334 29.4 37.83333333333333 14.200000000000001 10.5
15.0 28.0 33.166666666666664 15.6 12.666666666666666
15.166666666666666 27.599999999999998 35.333333333333336 14.4 14.333333333333334
16.0 28.400000000000002 35.166666666666664 12.0 14.333333333333334
19.166666666666664 24.400000000000002 38.33333333333333 15.0 13.166666666666666
16.166666666666664 27.400000000000002 34.333333333333336 14.0 14.5
18.333333333333332 28.2 37.666666666666664 13.6 15.5
16.833333333333332 28.400000000000002 34.0 14.4 12.666666666666666
18.833333333333332 31.6 37.83333333333333 15.8 11.5
15.666666666666666 28.0 39.66666666666667 16.0 11.833333333333332
17.166666666666668 29.0 34.833333333333336 17.0 12.5
15.833333333333334 30.599999999999998 37.666666666666664 13.4 10.166666666666666
18.0 28.2 38.5 17.2 11.666666666666668
14.833333333333334 30.200000000000003 34.833333333333336 12.200000000000001 12.833333333333334
17.333333333333332 29.6 33.0 15.8 11.5
16.0 29.4 36.166666666666664 15.0 14.166666666666666
16.333333333333332 29.4 38.5 15.8 13.666666666666668
15.666666666666666 25.8 35.333333333333336 13.799999999999999 13.166666666666666
16.166666666666664 30.599999999999998 36.833333333333336 9.799999999999999 15.166666666666666
15.333333333333332 28.8 34.0 12.8 9.833333333333332
17.666666666666668 24.400000000000002 36.333333333333336 14.8 15.5
17.5 30.0 33.666666666666664 13.2 11.333333333333334
14.833333333333334 27.2 37.83333333333333 14.0 12.5
15.0 27.0 35.333333333333336 15.2 14.166666666666666
13.833333333333332 25.4 34.833333333333336 14.0 14.666666666666666
17.333333333333332 26.8 35.833333333333336 14.6 12.333333333333334
18.333333333333332 27.599999999999998 39.16666666666667 13.6 15.333333333333332
17.5 29.2 36.5 14.6 11.166666666666666
17.5 31.0 36.0 12.6 13.333333333333334
17.666666666666668 28.8 37.666666666666664 14.4 13.5
