31900.000 -0.500 -0.500
31901.000 -0.500 -0.462
31902.000 -0.500 -0.423
31903.000 -0.500 -0.385
31904.000 -0.500 -0.346
31905.000 -0.500 -0.308
31906.000 -0.500 -0.269
31907.000 -0.500 -0.231
31908.000 -0.500 -0.154
31909.000 -0.500 -0.115
31910.000 -0.500 -0.077
31911.000 -0.500 -0.038
31912.000 -0.500 0.000
31913.000 -0.500 0.038
31914.000 -0.500 0.077
31915.000 -0.500 0.115
31916.000 -0.500 0.154
31917.000 -0.500 0.192
31918.000 -0.500 0.231
31919.000 -0.500 0.308
31920.000 -0.500 0.346
31921.000 -0.500 0.385
31922.000 -0.500 0.423
31923.000 -0.500 0.462
31924.000 -0.462 -0.500
31925.000 -0.462 -0.462
31926.000 -0.462 -0.423
31927.000 -0.462 -0.385
31928.000 -0.462 -0.346
31929.000 -0.462 -0.308
31930.000 -0.462 -0.269
31931.000 -0.462 -0.231
31932.000 -0.462 -0.192
31933.000 -0.462 -0.154
31934.000 -0.462 -0.115
31935.000 -0.462 -0.077
31936.000 -0.462 -0.038
31937.000 -0.462 0.038
31938.000 -0.462 0.077
31939.000 -0.462 0.115
31940.000 -0.462 0.154
31941.000 -0.462 0.192
31942.000 -0.462 0.231
31943.000 -0.462 0.269
31944.000 -0.462 0.308
31945.000 -0.462 0.346
31946.000 -0.462 0.385
31947.000 -0.462 0.462
31948.000 -0.423 -0.500
31949.000 -0.423 -0.423
31950.000 -0.423 -0.308
31951.000 -0.423 -0.269
31952.000 -0.423 -0.231
31953.000 -0.423 -0.192
31954.000 -0.423 -0.154
31955.000 -0.423 -0.115
31956.000 -0.423 -0.077
31957.000 -0.423 -0.038
31958.000 -0.423 0.000
31959.000 -0.423 0.038
31960.000 -0.423 0.077
31961.000 -0.423 0.115
31962.000 -0.423 0.154
31963.000 -0.423 0.192
31964.000 -0.423 0.231
31965.000 -0.423 0.269
31966.000 -0.423 0.308
31967.000 -0.423 0.385
31968.000 -0.423 0.423
31969.000 -0.385 -0.500
31970.000 -0.385 -0.462
31971.000 -0.385 -0.346
31972.000 -0.385 -0.308
31973.000 -0.385 -0.269
31974.000 -0.385 -0.231
31975.000 -0.385 -0.192
31976.000 -0.385 -0.154
31977.000 -0.385 -0.115
31978.000 -0.385 -0.077
31979.000 -0.385 -0.038
31980.000 -0.385 0.000
31981.000 -0.385 0.038
31982.000 -0.385 0.077
31983.000 -0.385 0.154
31984.000 -0.385 0.231
31985.000 -0.385 0.308
31986.000 -0.385 0.346
31987.000 -0.385 0.385
31988.000 -0.385 0.423
31989.000 -0.385 0.462
31990.000 -0.346 -0.500
31991.000 -0.346 -0.462
31992.000 -0.346 -0.385
31993.000 -0.346 -0.346
31994.000 -0.346 -0.308
31995.000 -0.346 -0.269
31996.000 -0.346 -0.231
31997.000 -0.346 -0.192
31998.000 -0.346 -0.154
31999.000 -0.346 -0.115
32000.000 -0.346 -0.077
32001.000 -0.346 -0.038
32002.000 -0.346 0.000
32003.000 -0.346 0.038
32004.000 -0.346 0.077
32005.000 -0.346 0.115
32006.000 -0.346 0.154
32007.000 -0.346 0.192
32008.000 -0.346 0.231
32009.000 -0.346 0.269
32010.000 -0.346 0.308
32011.000 -0.346 0.346
32012.000 -0.346 0.385
32013.000 -0.346 0.423
32014.000 -0.346 0.462
32015.000 -0.308 -0.500
32016.000 -0.308 -0.462
32017.000 -0.308 -0.423
32018.000 -0.308 -0.385
32019.000 -0.308 -0.346
32020.000 -0.308 -0.269
32021.000 -0.308 -0.231
32022.000 -0.308 -0.192
32023.000 -0.308 -0.154
32024.000 -0.308 -0.115
32025.000 -0.308 -0.077
32026.000 -0.308 0.000
32027.000 -0.308 0.038
32028.000 -0.308 0.077
32029.000 -0.308 0.115
32030.000 -0.308 0.154
32031.000 -0.308 0.231
32032.000 -0.308 0.269
32033.000 -0.308 0.308
32034.000 -0.308 0.385
32035.000 -0.308 0.423
32036.000 -0.308 0.462
32037.000 -0.269 -0.500
32038.000 -0.269 -0.462
32039.000 -0.269 -0.423
32040.000 -0.269 -0.385
32041.000 -0.269 -0.346
32042.000 -0.269 -0.308
32043.000 -0.269 -0.269
32044.000 -0.269 -0.231
32045.000 -0.269 -0.192
32046.000 -0.269 -0.115
32047.000 -0.269 -0.077
32048.000 -0.269 -0.038
32049.000 -0.269 0.000
32050.000 -0.269 0.038
32051.000 -0.269 0.077
32052.000 -0.269 0.115
32053.000 -0.269 0.154
32054.000 -0.269 0.192
32055.000 -0.269 0.231
32056.000 -0.269 0.269
32057.000 -0.269 0.308
32058.000 -0.269 0.346
32059.000 -0.269 0.385
32060.000 -0.269 0.423
32061.000 -0.269 0.462
32062.000 -0.231 -0.500
32063.000 -0.231 -0.462
32064.000 -0.231 -0.423
32065.000 -0.231 -0.385
32066.000 -0.231 -0.346
32067.000 -0.231 -0.308
32068.000 -0.231 -0.269
32069.000 -0.231 -0.231
32070.000 -0.231 -0.192
32071.000 -0.231 -0.154
32072.000 -0.231 -0.115
32073.000 -0.231 -0.077
32074.000 -0.231 -0.038
32075.000 -0.231 0.000
32076.000 -0.231 0.038
32077.000 -0.231 0.077
32078.000 -0.231 0.115
32079.000 -0.231 0.154
32080.000 -0.231 0.192
32081.000 -0.231 0.231
32082.000 -0.231 0.269
32083.000 -0.231 0.308
32084.000 -0.231 0.346
32085.000 -0.231 0.385
32086.000 -0.231 0.423
32087.000 -0.231 0.462
32088.000 -0.192 -0.500
32089.000 -0.192 -0.462
32090.000 -0.192 -0.423
32091.000 -0.192 -0.385
32092.000 -0.192 -0.346
32093.000 -0.192 -0.308
32094.000 -0.192 -0.269
32095.000 -0.192 -0.231
32096.000 -0.192 -0.192
32097.000 -0.192 -0.154
32098.000 -0.192 -0.115
32099.000 -0.192 -0.077
32100.000 -0.192 0.000
32101.000 -0.192 0.038
32102.000 -0.192 0.077
32103.000 -0.192 0.115
32104.000 -0.192 0.154
32105.000 -0.192 0.192
32106.000 -0.192 0.231
32107.000 -0.192 0.269
32108.000 -0.192 0.308
32109.000 -0.192 0.346
32110.000 -0.192 0.385
32111.000 -0.192 0.423
32112.000 -0.192 0.462
32113.000 -0.154 -0.500
32114.000 -0.154 -0.462
32115.000 -0.154 -0.423
32116.000 -0.154 -0.385
32117.000 -0.154 -0.346
32118.000 -0.154 -0.308
32119.000 -0.154 -0.269
32120.000 -0.154 -0.231
32121.000 -0.154 -0.192
32122.000 -0.154 -0.154
32123.000 -0.154 -0.115
32124.000 -0.154 -0.077
32125.000 -0.154 -0.038
32126.000 -0.154 0.000
32127.000 -0.154 0.038
32128.000 -0.154 0.077
32129.000 -0.154 0.115
32130.000 -0.154 0.154
32131.000 -0.154 0.192
32132.000 -0.154 0.231
32133.000 -0.154 0.269
32134.000 -0.154 0.308
32135.000 -0.154 0.346
32136.000 -0.154 0.385
32137.000 -0.154 0.423
32138.000 -0.154 0.462
32139.000 -0.115 -0.500
32140.000 -0.115 -0.462
32141.000 -0.115 -0.423
32142.000 -0.115 -0.385
32143.000 -0.115 -0.346
32144.000 -0.115 -0.308
32145.000 -0.115 -0.269
32146.000 -0.115 -0.231
32147.000 -0.115 -0.192
32148.000 -0.115 -0.154
32149.000 -0.115 -0.115
32150.000 -0.115 -0.077
32151.000 -0.115 -0.038
32152.000 -0.115 0.000
32153.000 -0.115 0.038
32154.000 -0.115 0.077
32155.000 -0.115 0.115
32156.000 -0.115 0.154
32157.000 -0.115 0.192
32158.000 -0.115 0.231
32159.000 -0.115 0.269
32160.000 -0.115 0.308
32161.000 -0.115 0.346
32162.000 -0.115 0.385
32163.000 -0.115 0.423
32164.000 -0.115 0.462
32165.000 -0.077 -0.500
32166.000 -0.077 -0.462
32167.000 -0.077 -0.423
32168.000 -0.077 -0.385
32169.000 -0.077 -0.346
32170.000 -0.077 -0.308
32171.000 -0.077 -0.269
32172.000 -0.077 -0.231
32173.000 -0.077 -0.192
32174.000 -0.077 -0.154
32175.000 -0.077 -0.115
32176.000 -0.077 -0.077
32177.000 -0.077 0.000
32178.000 -0.077 0.077
32179.000 -0.077 0.115
32180.000 -0.077 0.154
32181.000 -0.077 0.192
32182.000 -0.077 0.231
32183.000 -0.077 0.269
32184.000 -0.077 0.346
32185.000 -0.077 0.423
32186.000 -0.077 0.462
32187.000 -0.038 -0.500
32188.000 -0.038 -0.462
32189.000 -0.038 -0.423
32190.000 -0.038 -0.385
32191.000 -0.038 -0.346
32192.000 -0.038 -0.308
32193.000 -0.038 -0.269
32194.000 -0.038 -0.231
32195.000 -0.038 -0.192
32196.000 -0.038 -0.154
32197.000 -0.038 -0.115
32198.000 -0.038 -0.077
32199.000 -0.038 -0.038
32200.000 -0.038 0.000
32201.000 -0.038 0.038
32202.000 -0.038 0.077
32203.000 -0.038 0.115
32204.000 -0.038 0.154
32205.000 -0.038 0.192
32206.000 -0.038 0.231
32207.000 -0.038 0.269
32208.000 -0.038 0.308
32209.000 -0.038 0.346
32210.000 -0.038 0.385
32211.000 -0.038 0.423
32212.000 -0.038 0.462
32213.000 0.000 -0.500
32214.000 0.000 -0.462
32215.000 0.000 -0.423
32216.000 0.000 -0.385
32217.000 0.000 -0.346
32218.000 0.000 -0.308
32219.000 0.000 -0.231
32220.000 0.000 -0.192
32221.000 0.000 -0.154
32222.000 0.000 -0.115
32223.000 0.000 -0.077
32224.000 0.000 -0.038
32225.000 0.000 0.000
32226.000 0.000 0.038
32227.000 0.000 0.115
32228.000 0.000 0.154
32229.000 0.000 0.192
32230.000 0.000 0.231
32231.000 0.000 0.269
32232.000 0.000 0.308
32233.000 0.000 0.346
32234.000 0.000 0.385
32235.000 0.000 0.423
32236.000 0.038 -0.500
32237.000 0.038 -0.462
32238.000 0.038 -0.423
32239.000 0.038 -0.385
32240.000 0.038 -0.346
32241.000 0.038 -0.308
32242.000 0.038 -0.269
32243.000 0.038 -0.231
32244.000 0.038 -0.192
32245.000 0.038 -0.154
32246.000 0.038 -0.115
32247.000 0.038 -0.077
32248.000 0.038 -0.038
32249.000 0.038 0.000
32250.000 0.038 0.038
32251.000 0.038 0.077
32252.000 0.038 0.115
32253.000 0.038 0.154
32254.000 0.038 0.192
32255.000 0.038 0.231
32256.000 0.038 0.269
32257.000 0.038 0.346
32258.000 0.038 0.385
32259.000 0.038 0.423
32260.000 0.038 0.462
32261.000 0.077 -0.500
32262.000 0.077 -0.462
32263.000 0.077 -0.423
32264.000 0.077 -0.385
32265.000 0.077 -0.346
32266.000 0.077 -0.308
32267.000 0.077 -0.269
32268.000 0.077 -0.231
32269.000 0.077 -0.192
32270.000 0.077 -0.154
32271.000 0.077 -0.115
32272.000 0.077 -0.077
32273.000 0.077 -0.038
32274.000 0.077 0.000
32275.000 0.077 0.038
32276.000 0.077 0.077
32277.000 0.077 0.115
32278.000 0.077 0.154
32279.000 0.077 0.192
32280.000 0.077 0.231
32281.000 0.077 0.269
32282.000 0.077 0.308
32283.000 0.077 0.346
32284.000 0.077 0.385
32285.000 0.077 0.423
32286.000 0.077 0.462
32287.000 0.115 -0.500
32288.000 0.115 -0.462
32289.000 0.115 -0.423
32290.000 0.115 -0.385
32291.000 0.115 -0.346
32292.000 0.115 -0.308
32293.000 0.115 -0.269
32294.000 0.115 -0.231
32295.000 0.115 -0.192
32296.000 0.115 -0.154
32297.000 0.115 -0.115
32298.000 0.115 -0.077
32299.000 0.115 -0.038
32300.000 0.115 0.000
32301.000 0.115 0.038
32302.000 0.115 0.077
32303.000 0.115 0.115
32304.000 0.115 0.154
32305.000 0.115 0.192
32306.000 0.115 0.231
32307.000 0.115 0.269
32308.000 0.115 0.308
32309.000 0.115 0.346
32310.000 0.115 0.385
32311.000 0.115 0.423
32312.000 0.115 0.462
32313.000 0.154 -0.500
32314.000 0.154 -0.462
32315.000 0.154 -0.423
32316.000 0.154 -0.385
32317.000 0.154 -0.346
32318.000 0.154 -0.308
32319.000 0.154 -0.231
32320.000 0.154 -0.192
32321.000 0.154 -0.154
32322.000 0.154 -0.115
32323.000 0.154 -0.077
32324.000 0.154 -0.038
32325.000 0.154 0.000
32326.000 0.154 0.038
32327.000 0.154 0.077
32328.000 0.154 0.115
32329.000 0.154 0.154
32330.000 0.154 0.192
32331.000 0.154 0.231
32332.000 0.154 0.269
32333.000 0.154 0.308
32334.000 0.154 0.346
32335.000 0.154 0.423
32336.000 0.154 0.462
32337.000 0.192 -0.500
32338.000 0.192 -0.462
32339.000 0.192 -0.423
32340.000 0.192 -0.385
32341.000 0.192 -0.346
32342.000 0.192 -0.308
32343.000 0.192 -0.269
32344.000 0.192 -0.192
32345.000 0.192 -0.154
32346.000 0.192 -0.115
32347.000 0.192 -0.077
32348.000 0.192 -0.038
32349.000 0.192 0.038
32350.000 0.192 0.077
32351.000 0.192 0.115
32352.000 0.192 0.154
32353.000 0.192 0.192
32354.000 0.192 0.231
32355.000 0.192 0.269
32356.000 0.192 0.308
32357.000 0.192 0.346
32358.000 0.192 0.385
32359.000 0.192 0.423
32360.000 0.192 0.462
32361.000 0.231 -0.500
32362.000 0.231 -0.462
32363.000 0.231 -0.423
32364.000 0.231 -0.385
32365.000 0.231 -0.346
32366.000 0.231 -0.308
32367.000 0.231 -0.269
32368.000 0.231 -0.231
32369.000 0.231 -0.192
32370.000 0.231 -0.154
32371.000 0.231 -0.115
32372.000 0.231 -0.077
32373.000 0.231 -0.038
32374.000 0.231 0.000
32375.000 0.231 0.038
32376.000 0.231 0.077
32377.000 0.231 0.115
32378.000 0.231 0.192
32379.000 0.231 0.231
32380.000 0.231 0.269
32381.000 0.231 0.308
32382.000 0.231 0.346
32383.000 0.231 0.385
32384.000 0.231 0.423
32385.000 0.231 0.462
32386.000 0.269 -0.500
32387.000 0.269 -0.462
32388.000 0.269 -0.423
32389.000 0.269 -0.385
32390.000 0.269 -0.346
32391.000 0.269 -0.308
32392.000 0.269 -0.269
32393.000 0.269 -0.231
32394.000 0.269 -0.192
32395.000 0.269 -0.154
32396.000 0.269 -0.115
32397.000 0.269 -0.077
32398.000 0.269 -0.038
32399.000 0.269 0.000
32400.000 0.269 0.038
32401.000 0.269 0.077
32402.000 0.269 0.115
32403.000 0.269 0.154
32404.000 0.269 0.192
32405.000 0.269 0.231
32406.000 0.269 0.269
32407.000 0.269 0.308
32408.000 0.269 0.346
32409.000 0.269 0.385
32410.000 0.269 0.423
32411.000 0.269 0.462
32412.000 0.308 -0.500
32413.000 0.308 -0.462
32414.000 0.308 -0.423
32415.000 0.308 -0.346
32416.000 0.308 -0.308
32417.000 0.308 -0.269
32418.000 0.308 -0.231
32419.000 0.308 -0.192
32420.000 0.308 -0.154
32421.000 0.308 -0.115
32422.000 0.308 -0.077
32423.000 0.308 -0.038
32424.000 0.308 0.000
32425.000 0.308 0.077
32426.000 0.308 0.115
32427.000 0.308 0.154
32428.000 0.308 0.192
32429.000 0.308 0.231
32430.000 0.308 0.269
32431.000 0.308 0.308
32432.000 0.308 0.346
32433.000 0.308 0.385
32434.000 0.308 0.423
32435.000 0.308 0.462
32436.000 0.346 -0.500
32437.000 0.346 -0.462
32438.000 0.346 -0.423
32439.000 0.346 -0.385
32440.000 0.346 -0.346
32441.000 0.346 -0.308
32442.000 0.346 -0.269
32443.000 0.346 -0.231
32444.000 0.346 -0.192
32445.000 0.346 -0.154
32446.000 0.346 -0.115
32447.000 0.346 -0.077
32448.000 0.346 -0.038
32449.000 0.346 0.000
32450.000 0.346 0.038
32451.000 0.346 0.077
32452.000 0.346 0.115
32453.000 0.346 0.192
32454.000 0.346 0.231
32455.000 0.346 0.269
32456.000 0.346 0.308
32457.000 0.346 0.346
32458.000 0.346 0.423
32459.000 0.346 0.462
32460.000 0.385 -0.500
32461.000 0.385 -0.462
32462.000 0.385 -0.423
32463.000 0.385 -0.385
32464.000 0.385 -0.346
32465.000 0.385 -0.308
32466.000 0.385 -0.269
32467.000 0.385 -0.231
32468.000 0.385 -0.192
32469.000 0.385 -0.154
32470.000 0.385 -0.115
32471.000 0.385 -0.077
32472.000 0.385 -0.038
32473.000 0.385 0.000
32474.000 0.385 0.038
32475.000 0.385 0.077
32476.000 0.385 0.115
32477.000 0.385 0.154
32478.000 0.385 0.192
32479.000 0.385 0.231
32480.000 0.385 0.269
32481.000 0.385 0.308
32482.000 0.385 0.385
32483.000 0.385 0.423
32484.000 0.385 0.462
32485.000 0.423 -0.500
32486.000 0.423 -0.462
32487.000 0.423 -0.423
32488.000 0.423 -0.385
32489.000 0.423 -0.346
32490.000 0.423 -0.308
32491.000 0.423 -0.269
32492.000 0.423 -0.231
32493.000 0.423 -0.192
32494.000 0.423 -0.154
32495.000 0.423 -0.115
32496.000 0.423 -0.077
32497.000 0.423 -0.038
32498.000 0.423 0.000
32499.000 0.423 0.038
32500.000 0.423 0.077
32501.000 0.423 0.115
32502.000 0.423 0.154
32503.000 0.423 0.192
32504.000 0.423 0.231
32505.000 0.423 0.269
32506.000 0.423 0.308
32507.000 0.423 0.346
32508.000 0.423 0.423
32509.000 0.423 0.462
32510.000 0.462 -0.500
32511.000 0.462 -0.462
32512.000 0.462 -0.423
32513.000 0.462 -0.385
32514.000 0.462 -0.346
32515.000 0.462 -0.308
32516.000 0.462 -0.269
32517.000 0.462 -0.231
32518.000 0.462 -0.192
32519.000 0.462 -0.154
32520.000 0.462 -0.115
32521.000 0.462 -0.077
32522.000 0.462 -0.038
32523.000 0.462 0.000
32524.000 0.462 0.038
32525.000 0.462 0.077
32526.000 0.462 0.115
32527.000 0.462 0.154
32528.000 0.462 0.192
32529.000 0.462 0.231
32530.000 0.462 0.269
32531.000 0.462 0.308
32532.000 0.462 0.346
32533.000 0.462 0.385
32534.000 0.462 0.423
32535.000 0.462 0.462
