32634.000 -0.500 -0.500
32635.000 -0.500 -0.444
32636.000 -0.500 -0.389
32637.000 -0.500 -0.333
32638.000 -0.500 -0.278
32639.000 -0.500 -0.222
32640.000 -0.500 -0.167
32641.000 -0.500 -0.111
32642.000 -0.500 -0.056
32643.000 -0.500 0.000
32644.000 -0.500 0.056
32645.000 -0.500 0.167
32646.000 -0.500 0.222
32647.000 -0.500 0.278
32648.000 -0.500 0.333
32649.000 -0.500 0.389
32650.000 -0.500 0.444
32651.000 -0.444 -0.444
32652.000 -0.444 -0.389
32653.000 -0.444 -0.333
32654.000 -0.444 -0.222
32655.000 -0.444 -0.111
32656.000 -0.444 -0.056
32657.000 -0.444 0.000
32658.000 -0.444 0.056
32659.000 -0.444 0.111
32660.000 -0.444 0.167
32661.000 -0.444 0.222
32662.000 -0.444 0.278
32663.000 -0.444 0.333
32664.000 -0.444 0.389
32665.000 -0.444 0.444
32666.000 -0.389 -0.500
32667.000 -0.389 -0.444
32668.000 -0.389 -0.389
32669.000 -0.389 -0.333
32670.000 -0.389 -0.278
32671.000 -0.389 -0.222
32672.000 -0.389 -0.167
32673.000 -0.389 -0.111
32674.000 -0.389 -0.056
32675.000 -0.389 0.000
32676.000 -0.389 0.056
32677.000 -0.389 0.111
32678.000 -0.389 0.167
32679.000 -0.389 0.222
32680.000 -0.389 0.278
32681.000 -0.389 0.333
32682.000 -0.389 0.389
32683.000 -0.389 0.444
32684.000 -0.333 -0.500
32685.000 -0.333 -0.444
32686.000 -0.333 -0.389
32687.000 -0.333 -0.333
32688.000 -0.333 -0.278
32689.000 -0.333 -0.222
32690.000 -0.333 -0.167
32691.000 -0.333 -0.111
32692.000 -0.333 -0.056
32693.000 -0.333 0.000
32694.000 -0.333 0.056
32695.000 -0.333 0.111
32696.000 -0.333 0.167
32697.000 -0.333 0.222
32698.000 -0.333 0.278
32699.000 -0.333 0.333
32700.000 -0.333 0.389
32701.000 -0.333 0.444
32702.000 -0.278 -0.500
32703.000 -0.278 -0.444
32704.000 -0.278 -0.389
32705.000 -0.278 -0.333
32706.000 -0.278 -0.278
32707.000 -0.278 -0.167
32708.000 -0.278 -0.111
32709.000 -0.278 0.000
32710.000 -0.278 0.056
32711.000 -0.278 0.111
32712.000 -0.278 0.167
32713.000 -0.278 0.222
32714.000 -0.278 0.278
32715.000 -0.278 0.333
32716.000 -0.278 0.389
32717.000 -0.278 0.444
32718.000 -0.222 -0.500
32719.000 -0.222 -0.444
32720.000 -0.222 -0.389
32721.000 -0.222 -0.333
32722.000 -0.222 -0.278
32723.000 -0.222 -0.222
32724.000 -0.222 -0.167
32725.000 -0.222 -0.111
32726.000 -0.222 -0.056
32727.000 -0.222 0.000
32728.000 -0.222 0.056
32729.000 -0.222 0.111
32730.000 -0.222 0.167
32731.000 -0.222 0.222
32732.000 -0.222 0.278
32733.000 -0.222 0.389
32734.000 -0.222 0.444
32735.000 -0.167 -0.500
32736.000 -0.167 -0.444
32737.000 -0.167 -0.389
32738.000 -0.167 -0.333
32739.000 -0.167 -0.278
32740.000 -0.167 -0.222
32741.000 -0.167 -0.167
32742.000 -0.167 -0.111
32743.000 -0.167 -0.056
32744.000 -0.167 0.000
32745.000 -0.167 0.056
32746.000 -0.167 0.111
32747.000 -0.167 0.167
32748.000 -0.167 0.222
32749.000 -0.167 0.278
32750.000 -0.167 0.333
32751.000 -0.167 0.389
32752.000 -0.167 0.444
32753.000 -0.111 -0.500
32754.000 -0.111 -0.444
32755.000 -0.111 -0.389
32756.000 -0.111 -0.333
32757.000 -0.111 -0.278
32758.000 -0.111 -0.222
32759.000 -0.111 -0.167
32760.000 -0.111 -0.111
32761.000 -0.111 -0.056
32762.000 -0.111 0.000
32763.000 -0.111 0.056
32764.000 -0.111 0.111
32765.000 -0.111 0.167
32766.000 -0.111 0.222
32767.000 -0.111 0.278
32768.000 -0.111 0.333
32769.000 -0.111 0.389
32770.000 -0.111 0.444
32771.000 -0.056 -0.500
32772.000 -0.056 -0.444
32773.000 -0.056 -0.389
32774.000 -0.056 -0.333
32775.000 -0.056 -0.278
32776.000 -0.056 -0.222
32777.000 -0.056 -0.111
32778.000 -0.056 -0.056
32779.000 -0.056 0.000
32780.000 -0.056 0.056
32781.000 -0.056 0.111
32782.000 -0.056 0.167
32783.000 -0.056 0.222
32784.000 -0.056 0.278
32785.000 -0.056 0.333
32786.000 -0.056 0.389
32787.000 0.000 -0.500
32788.000 0.000 -0.444
32789.000 0.000 -0.389
32790.000 0.000 -0.333
32791.000 0.000 -0.278
32792.000 0.000 -0.222
32793.000 0.000 -0.167
32794.000 0.000 -0.111
32795.000 0.000 -0.056
32796.000 0.000 0.056
32797.000 0.000 0.111
32798.000 0.000 0.167
32799.000 0.000 0.222
32800.000 0.000 0.278
32801.000 0.000 0.333
32802.000 0.000 0.389
32803.000 0.000 0.444
32804.000 0.056 -0.500
32805.000 0.056 -0.444
32806.000 0.056 -0.389
32807.000 0.056 -0.333
32808.000 0.056 -0.278
32809.000 0.056 -0.167
32810.000 0.056 -0.111
32811.000 0.056 0.000
32812.000 0.056 0.056
32813.000 0.056 0.111
32814.000 0.056 0.167
32815.000 0.056 0.222
32816.000 0.056 0.333
32817.000 0.056 0.389
32818.000 0.056 0.444
32819.000 0.111 -0.500
32820.000 0.111 -0.444
32821.000 0.111 -0.389
32822.000 0.111 -0.333
32823.000 0.111 -0.278
32824.000 0.111 -0.222
32825.000 0.111 -0.167
32826.000 0.111 -0.111
32827.000 0.111 -0.056
32828.000 0.111 0.000
32829.000 0.111 0.056
32830.000 0.111 0.111
32831.000 0.111 0.167
32832.000 0.111 0.222
32833.000 0.111 0.278
32834.000 0.111 0.333
32835.000 0.111 0.389
32836.000 0.111 0.444
32837.000 0.167 -0.500
32838.000 0.167 -0.444
32839.000 0.167 -0.389
32840.000 0.167 -0.333
32841.000 0.167 -0.278
32842.000 0.167 -0.167
32843.000 0.167 -0.056
32844.000 0.167 0.000
32845.000 0.167 0.056
32846.000 0.167 0.111
32847.000 0.167 0.167
32848.000 0.167 0.222
32849.000 0.167 0.278
32850.000 0.167 0.333
32851.000 0.167 0.389
32852.000 0.167 0.444
32853.000 0.222 -0.500
32854.000 0.222 -0.444
32855.000 0.222 -0.389
32856.000 0.222 -0.333
32857.000 0.222 -0.278
32858.000 0.222 -0.222
32859.000 0.222 -0.167
32860.000 0.222 -0.111
32861.000 0.222 -0.056
32862.000 0.222 0.000
32863.000 0.222 0.056
32864.000 0.222 0.111
32865.000 0.222 0.167
32866.000 0.222 0.222
32867.000 0.222 0.278
32868.000 0.222 0.333
32869.000 0.222 0.444
32870.000 0.278 -0.500
32871.000 0.278 -0.444
32872.000 0.278 -0.389
32873.000 0.278 -0.333
32874.000 0.278 -0.278
32875.000 0.278 -0.222
32876.000 0.278 -0.167
32877.000 0.278 -0.056
32878.000 0.278 0.000
32879.000 0.278 0.056
32880.000 0.278 0.111
32881.000 0.278 0.167
32882.000 0.278 0.278
32883.000 0.278 0.333
32884.000 0.278 0.389
32885.000 0.278 0.444
32886.000 0.333 -0.500
32887.000 0.333 -0.444
32888.000 0.333 -0.389
32889.000 0.333 -0.278
32890.000 0.333 -0.167
32891.000 0.333 -0.111
32892.000 0.333 -0.056
32893.000 0.333 0.000
32894.000 0.333 0.056
32895.000 0.333 0.111
32896.000 0.333 0.167
32897.000 0.333 0.222
32898.000 0.333 0.278
32899.000 0.333 0.333
32900.000 0.333 0.389
32901.000 0.333 0.444
32902.000 0.389 -0.500
32903.000 0.389 -0.333
32904.000 0.389 -0.278
32905.000 0.389 -0.222
32906.000 0.389 -0.167
32907.000 0.389 -0.111
32908.000 0.389 0.000
32909.000 0.389 0.056
32910.000 0.389 0.111
32911.000 0.389 0.167
32912.000 0.389 0.278
32913.000 0.389 0.333
32914.000 0.389 0.389
32915.000 0.389 0.444
32916.000 0.444 -0.500
32917.000 0.444 -0.444
32918.000 0.444 -0.389
32919.000 0.444 -0.333
32920.000 0.444 -0.278
32921.000 0.444 -0.222
32922.000 0.444 -0.167
32923.000 0.444 -0.111
32924.000 0.444 -0.056
32925.000 0.444 0.000
32926.000 0.444 0.056
32927.000 0.444 0.111
32928.000 0.444 0.167
32929.000 0.444 0.222
32930.000 0.444 0.278
32931.000 0.444 0.333
32932.000 0.444 0.389
32933.000 0.444 0.444
