74.0 70.78571428571429 72.8 71.92857142857143 71.76923076923076
74.27272727272727 71.07142857142858 74.06666666666666 74.07142857142857 73.38461538461539
73.27272727272727 70.42857142857143 73.66666666666667 73.42857142857143 71.46153846153847
75.45454545454545 72.71428571428572 75.66666666666666 74.78571428571429 74.23076923076923
73.9090909090909 70.64285714285715 73.66666666666667 73.5 72.61538461538461
72.63636363636364 68.71428571428571 72.73333333333333 72.42857142857143 70.76923076923076
73.18181818181819 72.92857142857143 74.2 74.5 73.76923076923077
73.54545454545453 71.78571428571429 73.66666666666667 72.64285714285715 72.07692307692308
74.0909090909091 69.42857142857142 73.46666666666667 73.5 72.15384615384615
73.63636363636364 71.0 73.93333333333334 73.42857142857143 72.76923076923077
74.0 70.78571428571429 73.13333333333333 73.28571428571429 73.46153846153847
74.54545454545455 71.85714285714286 74.39999999999999 72.71428571428572 72.61538461538461
73.0909090909091 71.0 72.66666666666667 72.07142857142858 71.61538461538461
73.45454545454545 71.14285714285715 72.33333333333333 72.78571428571429 71.3076923076923
73.81818181818183 72.14285714285715 74.2 73.0 72.84615384615385
74.36363636363637 71.21428571428572 72.86666666666666 74.35714285714286 73.07692307692308
73.9090909090909 71.21428571428572 74.06666666666666 73.64285714285715 73.3076923076923
74.18181818181819 72.5 73.86666666666666 73.28571428571429 72.07692307692308
74.72727272727272 71.21428571428572 72.06666666666666 71.64285714285715 72.15384615384615
71.45454545454545 70.07142857142857 72.0 72.57142857142857 69.6923076923077
73.0 69.57142857142857 72.93333333333334 72.64285714285715 72.07692307692308
72.0909090909091 70.5 72.2 72.5 73.3076923076923
73.27272727272727 72.28571428571429 74.0 73.85714285714286 72.84615384615385
73.9090909090909 71.35714285714286 72.86666666666666 74.21428571428572 71.61538461538461
75.9090909090909 70.85714285714286 75.06666666666668 73.92857142857143 72.84615384615385
74.45454545454545 72.57142857142857 75.0 74.5 73.53846153846153
74.54545454545455 69.64285714285714 73.80000000000001 73.28571428571429 71.76923076923076
73.36363636363637 70.92857142857143 73.73333333333333 73.78571428571429 71.76923076923076
74.9090909090909 71.5 74.46666666666667 73.57142857142857 73.61538461538461
75.27272727272727 72.57142857142857 75.39999999999999 74.85714285714286 73.92307692307692
73.0 70.35714285714286 74.0 71.85714285714286 72.84615384615385
74.18181818181819 72.14285714285715 74.80000000000001 73.5 73.46153846153847
72.36363636363636 70.35714285714286 73.0 72.35714285714286 72.38461538461539
72.0909090909091 70.42857142857143 72.46666666666667 72.57142857142857 72.0
73.54545454545453 71.64285714285715 73.93333333333334 73.35714285714286 72.38461538461539
72.27272727272727 71.07142857142858 73.33333333333333 72.85714285714286 71.92307692307692
72.0909090909091 71.07142857142858 72.4 73.0 71.92307692307692
74.63636363636364 71.5 75.33333333333333 74.35714285714286 73.84615384615385
74.0 69.71428571428571 73.33333333333333 73.0 72.07692307692308
73.36363636363637 71.57142857142858 75.0 73.07142857142857 73.3076923076923
74.0909090909091 71.92857142857143 72.8 73.42857142857143 73.53846153846153
74.9090909090909 73.21428571428572 75.0 74.07142857142857 73.92307692307692
72.81818181818183 69.71428571428571 73.2 72.5 71.38461538461539
75.54545454545455 74.14285714285715 74.53333333333333 73.92857142857143 74.46153846153847
74.63636363636364 71.92857142857143 74.06666666666666 74.92857142857143 73.38461538461539
74.36363636363637 70.71428571428572 73.0 72.78571428571429 71.3076923076923
74.0909090909091 72.0 72.46666666666667 74.07142857142857 72.61538461538461
73.9090909090909 72.5 73.73333333333333 74.71428571428572 72.6923076923077
75.54545454545455 70.78571428571429 74.46666666666667 74.35714285714286 74.38461538461539
75.18181818181819 74.35714285714286 75.53333333333333 74.85714285714286 73.53846153846153
73.63636363636364 71.35714285714286 73.13333333333333 72.35714285714286 72.3076923076923
74.45454545454545 73.07142857142857 75.13333333333333 74.42857142857143 73.38461538461539
73.63636363636364 70.0 73.2 73.14285714285715 71.61538461538461
74.9090909090909 71.78571428571429 74.33333333333333 73.5 71.3076923076923
73.45454545454545 71.07142857142858 73.26666666666667 73.78571428571429 71.61538461538461
75.0 71.85714285714286 73.33333333333333 73.57142857142857 72.23076923076924
72.45454545454545 69.71428571428571 73.4 72.0 70.61538461538463
75.81818181818181 72.0 76.0 74.42857142857143 72.6923076923077
72.63636363636364 69.42857142857142 73.0 72.85714285714286 70.76923076923076
72.81818181818183 70.5 74.2 72.28571428571429 71.6923076923077
74.36363636363637 71.92857142857143 73.66666666666667 75.0 72.53846153846153
73.36363636363637 72.0 74.0 73.28571428571429 72.53846153846153
73.63636363636364 72.64285714285715 74.6 73.85714285714286 73.53846153846153
73.36363636363637 71.28571428571429 73.73333333333333 73.57142857142857 71.92307692307692
74.54545454545455 72.21428571428572 74.46666666666667 74.28571428571429 72.15384615384615
72.81818181818183 70.5 73.6 73.35714285714286 73.3076923076923
74.36363636363637 72.78571428571429 75.46666666666667 74.0 72.76923076923077
74.0909090909091 72.57142857142857 74.13333333333333 73.64285714285715 73.3076923076923
73.18181818181819 70.42857142857143 73.73333333333333 72.42857142857143 71.53846153846153
72.54545454545455 70.85714285714286 74.39999999999999 73.07142857142857 71.15384615384615
73.0 70.0 72.2 72.64285714285715 71.76923076923076
71.63636363636364 69.64285714285714 74.06666666666666 72.28571428571429 70.53846153846153
73.27272727272727 71.21428571428572 73.06666666666666 73.42857142857143 73.0
74.45454545454545 71.28571428571429 73.46666666666667 72.57142857142857 72.76923076923077
73.54545454545453 69.57142857142857 73.6 72.71428571428572 71.84615384615385
73.63636363636364 71.28571428571429 74.0 74.5 73.53846153846153
74.0 72.0 74.53333333333333 72.85714285714286 73.0
73.18181818181819 70.07142857142857 73.80000000000001 72.71428571428572 70.84615384615385
74.0909090909091 70.92857142857143 73.80000000000001 73.0 71.92307692307692
74.0 71.21428571428572 74.13333333333333 74.28571428571429 73.3076923076923
73.81818181818183 71.28571428571429 74.6 74.64285714285715 73.38461538461539
74.54545454545455 72.21428571428572 73.86666666666666 73.35714285714286 72.92307692307692
74.54545454545455 71.07142857142858 73.0 73.92857142857143 73.15384615384615
76.63636363636364 73.21428571428572 76.13333333333333 74.21428571428572 74.61538461538461
75.0 71.28571428571429 74.06666666666666 73.21428571428572 72.92307692307692
73.18181818181819 70.35714285714286 73.86666666666666 74.57142857142857 71.15384615384615
74.54545454545455 71.78571428571429 73.06666666666666 74.35714285714286 73.76923076923077
