32935.000 -0.400 -0.400 0.099
32936.000 -0.400 -0.331 0.326
32937.000 -0.400 -0.262 0.015
32938.000 -0.400 -0.192 0.450
32939.000 -0.400 -0.123 0.327
32940.000 -0.400 -0.054 0.355
32941.000 -0.400 0.015 0.044
32942.000 -0.400 0.085 0.333
32943.000 -0.400 0.154 0.338
32944.000 -0.400 0.223 0.328
32945.000 -0.400 0.292 0.016
32946.000 -0.400 0.362 0.471
32947.000 -0.400 0.431 0.326
32948.000 -0.331 -0.400 0.473
32949.000 -0.331 -0.331 0.445
32950.000 -0.331 -0.262 0.214
32951.000 -0.331 -0.192 0.121
32952.000 -0.331 -0.123 0.176
32953.000 -0.331 -0.054 0.061
32954.000 -0.331 0.015 0.454
32955.000 -0.331 0.085 0.328
32956.000 -0.331 0.154 0.291
32957.000 -0.331 0.223 0.073
32958.000 -0.331 0.292 0.358
32959.000 -0.331 0.362 0.103
32960.000 -0.331 0.431 0.453
32961.000 -0.262 -0.400 0.479
32962.000 -0.262 -0.331 0.354
32963.000 -0.262 -0.262 0.465
32964.000 -0.262 -0.192 0.043
32965.000 -0.262 -0.123 0.030
32966.000 -0.262 -0.054 0.262
32967.000 -0.262 0.015 0.207
32968.000 -0.262 0.085 0.449
32969.000 -0.262 0.154 0.466
32970.000 -0.262 0.223 0.062
32971.000 -0.262 0.292 0.323
32972.000 -0.262 0.362 0.008
32973.000 -0.262 0.431 0.235
32974.000 -0.192 -0.400 0.421
32975.000 -0.192 -0.331 0.058
32976.000 -0.192 -0.262 0.200
32977.000 -0.192 -0.192 0.186
32978.000 -0.192 -0.123 0.227
32979.000 -0.192 -0.054 0.127
32980.000 -0.192 0.015 0.491
32981.000 -0.192 0.085 0.288
32982.000 -0.192 0.154 0.393
32983.000 -0.192 0.223 0.475
32984.000 -0.192 0.292 0.336
32985.000 -0.192 0.362 0.180
32986.000 -0.192 0.431 0.285
32987.000 -0.123 -0.400 0.130
32988.000 -0.123 -0.331 0.271
32989.000 -0.123 -0.262 0.131
32990.000 -0.123 -0.192 0.094
32991.000 -0.123 -0.123 0.475
32992.000 -0.123 -0.054 0.277
32993.000 -0.123 0.015 0.055
32994.000 -0.123 0.085 0.358
32995.000 -0.123 0.154 0.370
32996.000 -0.123 0.223 0.391
32997.000 -0.123 0.292 0.397
32998.000 -0.123 0.362 0.125
32999.000 -0.123 0.431 0.201
33000.000 -0.054 -0.400 0.349
33001.000 -0.054 -0.331 0.441
33002.000 -0.054 -0.262 0.372
33003.000 -0.054 -0.192 0.067
33004.000 -0.054 -0.123 0.203
33005.000 -0.054 -0.054 0.037
33006.000 -0.054 0.015 0.113
33007.000 -0.054 0.085 0.489
33008.000 -0.054 0.154 0.294
33009.000 -0.054 0.223 0.260
33010.000 -0.054 0.292 0.250
33011.000 -0.054 0.362 0.008
33012.000 -0.054 0.431 0.106
33013.000 0.015 -0.400 0.463
33014.000 0.015 -0.331 0.097
33015.000 0.015 -0.262 0.302
33016.000 0.015 -0.192 0.118
33017.000 0.015 -0.123 0.438
33018.000 0.015 -0.054 0.357
33019.000 0.015 0.015 0.439
33020.000 0.015 0.085 0.471
33021.000 0.015 0.154 0.274
33022.000 0.015 0.223 0.233
33023.000 0.015 0.292 0.137
33024.000 0.015 0.362 0.170
33025.000 0.015 0.431 0.155
33026.000 0.085 -0.400 0.144
33027.000 0.085 -0.331 0.217
33028.000 0.085 -0.262 0.334
33029.000 0.085 -0.192 0.333
33030.000 0.085 -0.123 0.462
33031.000 0.085 -0.054 0.217
33032.000 0.085 0.015 0.009
33033.000 0.085 0.085 0.440
33034.000 0.085 0.154 0.244
33035.000 0.085 0.223 0.213
33036.000 0.085 0.292 0.175
33037.000 0.085 0.362 0.419
33038.000 0.085 0.431 0.361
33039.000 0.154 -0.400 0.470
33040.000 0.154 -0.331 0.294
33041.000 0.154 -0.262 0.419
33042.000 0.154 -0.192 0.486
33043.000 0.154 -0.123 0.436
33044.000 0.154 -0.054 0.181
33045.000 0.154 0.015 0.445
33046.000 0.154 0.085 0.104
33047.000 0.154 0.154 0.056
33048.000 0.154 0.223 0.082
33049.000 0.154 0.292 0.108
33050.000 0.154 0.362 0.075
33051.000 0.154 0.431 0.102
33052.000 0.223 -0.400 0.363
33053.000 0.223 -0.331 0.202
33054.000 0.223 -0.262 0.353
33055.000 0.223 -0.192 0.004
33056.000 0.223 -0.123 0.329
33057.000 0.223 -0.054 0.429
33058.000 0.223 0.015 0.413
33059.000 0.223 0.085 0.060
33060.000 0.223 0.154 0.166
33061.000 0.223 0.223 0.384
33062.000 0.223 0.292 0.208
33063.000 0.223 0.362 0.267
33064.000 0.223 0.431 0.104
33065.000 0.292 -0.400 0.232
33066.000 0.292 -0.331 0.238
33067.000 0.292 -0.262 0.438
33068.000 0.292 -0.192 0.315
33069.000 0.292 -0.123 0.418
33070.000 0.292 -0.054 0.435
33071.000 0.292 0.015 0.257
33072.000 0.292 0.085 0.168
33073.000 0.292 0.154 0.196
33074.000 0.292 0.223 0.002
33075.000 0.292 0.292 0.399
33076.000 0.292 0.362 0.352
33077.000 0.292 0.431 0.129
33078.000 0.362 -0.400 0.193
33079.000 0.362 -0.331 0.045
33080.000 0.362 -0.262 0.221
33081.000 0.362 -0.192 0.233
33082.000 0.362 -0.123 0.011
33083.000 0.362 -0.054 0.157
33084.000 0.362 0.015 0.285
33085.000 0.362 0.085 0.322
33086.000 0.362 0.154 0.134
33087.000 0.362 0.223 0.340
33088.000 0.362 0.292 0.480
33089.000 0.362 0.362 0.314
33090.000 0.362 0.431 0.320
33091.000 0.431 -0.400 0.187
33092.000 0.431 -0.331 0.228
33093.000 0.431 -0.262 0.023
33094.000 0.431 -0.192 0.141
33095.000 0.431 -0.123 0.499
33096.000 0.431 -0.054 0.466
33097.000 0.431 0.015 0.157
33098.000 0.431 0.085 0.200
33099.000 0.431 0.154 0.212
33100.000 0.431 0.223 0.205
33101.000 0.431 0.292 0.093
33102.000 0.431 0.431 0.300
