85.22222222222223 80.8 82.0 84.7 85.88888888888889
84.11111111111111 80.9 83.125 84.3 85.77777777777777
85.66666666666667 81.3 83.25 84.2 86.22222222222223
86.0 80.3 83.875 85.5 87.55555555555556
85.66666666666667 80.69999999999999 82.25 84.7 85.33333333333333
84.0 78.5 82.75 84.0 84.77777777777777
85.88888888888889 81.69999999999999 82.875 85.9 85.33333333333333
84.66666666666667 81.19999999999999 84.0 84.6 86.33333333333333
84.66666666666667 80.19999999999999 83.0 84.5 85.44444444444444
85.88888888888889 81.8 83.5 84.8 86.77777777777777
85.55555555555556 80.5 84.0 85.0 86.11111111111111
85.11111111111111 81.60000000000001 83.25 84.6 86.88888888888889
84.44444444444444 79.10000000000001 83.0 84.2 85.11111111111111
84.66666666666667 79.39999999999999 82.0 84.3 84.77777777777777
86.0 81.3 82.625 85.6 85.22222222222223
85.33333333333333 80.0 82.875 85.2 85.77777777777777
85.11111111111111 80.10000000000001 82.25 84.9 85.33333333333333
84.11111111111111 80.3 83.375 85.1 86.11111111111111
84.77777777777777 79.60000000000001 81.5 83.8 85.77777777777777
84.55555555555556 78.60000000000001 81.75 83.9 84.66666666666667
84.88888888888889 79.2 81.875 84.6 85.33333333333333
84.44444444444444 78.2 81.5 85.1 85.33333333333333
84.66666666666667 79.3 83.125 85.4 85.44444444444444
84.66666666666667 78.8 81.875 85.1 86.55555555555556
85.44444444444444 78.7 82.375 84.4 85.66666666666667
86.11111111111111 79.9 83.875 86.2 86.55555555555556
84.55555555555556 77.39999999999999 83.0 84.2 86.11111111111111
84.11111111111111 79.69999999999999 82.125 84.9 85.22222222222223
86.22222222222223 78.39999999999999 82.875 84.3 86.44444444444444
85.0 79.10000000000001 83.625 85.2 86.88888888888889
84.11111111111111 76.39999999999999 81.25 84.9 84.77777777777777
85.77777777777777 79.10000000000001 81.625 85.9 85.44444444444444
83.77777777777779 79.3 81.375 85.7 85.66666666666667
84.44444444444444 76.8 80.875 84.5 85.33333333333333
85.66666666666667 77.0 82.125 85.0 85.88888888888889
84.22222222222223 77.7 82.75 85.0 85.77777777777777
84.66666666666667 77.7 81.625 84.1 85.11111111111111
86.44444444444444 78.7 82.625 85.6 86.66666666666667
84.77777777777777 77.0 82.125 84.2 85.0
85.33333333333333 76.7 82.125 85.1 86.88888888888889
85.22222222222223 78.0 83.5 85.6 85.66666666666667
85.77777777777777 77.10000000000001 81.625 85.2 86.44444444444444
84.77777777777777 75.89999999999999 82.0 84.0 84.0
86.33333333333333 78.60000000000001 84.125 86.0 86.88888888888889
84.66666666666667 75.6 82.125 85.1 85.77777777777777
85.0 76.0 81.25 84.4 85.44444444444444
85.0 76.5 80.125 84.9 85.66666666666667
85.22222222222223 74.39999999999999 81.125 85.6 85.77777777777777
86.0 74.0 81.75 84.3 85.0
86.44444444444444 76.1 81.875 85.0 86.0
84.44444444444444 74.30000000000001 82.25 85.0 85.55555555555556
85.55555555555556 74.39999999999999 83.25 85.4 85.77777777777777
83.88888888888889 73.2 80.75 83.8 85.66666666666667
85.77777777777777 73.1 81.875 83.9 85.22222222222223
84.0 75.5 81.125 85.0 86.88888888888889
84.22222222222223 73.3 80.75 83.8 86.55555555555556
84.44444444444444 72.7 79.75 84.7 85.66666666666667
85.66666666666667 73.2 81.25 85.3 86.77777777777777
83.77777777777779 71.3 80.5 84.1 85.0
85.33333333333333 71.5 80.75 84.9 86.33333333333333
85.33333333333333 71.5 79.875 85.1 85.11111111111111
85.33333333333333 70.2 81.125 84.9 85.33333333333333
85.33333333333333 71.1 81.125 85.6 86.33333333333333
85.0 69.3 80.0 85.4 85.33333333333333
85.44444444444444 68.2 79.75 85.0 86.44444444444444
84.77777777777777 70.3 79.875 85.6 85.55555555555556
84.33333333333333 67.10000000000001 80.125 84.9 87.0
85.55555555555556 69.0 80.375 85.4 85.55555555555556
83.77777777777779 67.10000000000001 80.0 85.2 85.0
84.22222222222223 67.0 79.75 84.5 85.88888888888889
84.11111111111111 65.10000000000001 78.25 83.7 85.44444444444444
83.55555555555554 67.7 78.625 83.8 85.33333333333333
83.44444444444444 65.5 78.625 85.3 85.22222222222223
84.11111111111111 65.69999999999999 79.375 84.8 85.22222222222223
84.55555555555556 63.8 77.75 83.7 85.0
84.88888888888889 62.4 79.75 85.6 85.77777777777777
85.11111111111111 62.1 79.25 84.9 86.11111111111111
83.66666666666667 60.699999999999996 79.375 84.0 86.11111111111111
84.55555555555556 59.6 78.0 83.7 85.77777777777777
84.44444444444444 59.9 76.5 84.8 85.66666666666667
85.55555555555556 59.7 77.625 84.2 85.33333333333333
84.22222222222223 58.2 78.0 83.8 86.55555555555556
84.33333333333333 58.3 77.625 84.8 86.33333333333333
86.77777777777777 57.9 77.875 85.4 87.33333333333333
84.66666666666667 56.599999999999994 77.75 85.5 86.66666666666667
84.33333333333333 56.5 77.25 84.9 86.33333333333333
85.33333333333333 53.400000000000006 78.125 85.0 86.55555555555556
