11.384615384615385 19.535714285714285 17.82758620689655 9.310344827586206 8.821428571428573
9.615384615384617 19.571428571428573 15.689655172413792 9.275862068965516 8.892857142857144
9.461538461538462 18.75 16.620689655172413 10.379310344827585 9.107142857142858
12.153846153846153 20.428571428571427 17.03448275862069 10.758620689655173 8.857142857142858
10.423076923076923 19.464285714285715 16.413793103448278 9.689655172413794 9.071428571428571
10.26923076923077 20.107142857142858 16.86206896551724 9.137931034482758 10.25
11.153846153846153 19.857142857142858 17.689655172413794 10.379310344827585 9.071428571428571
10.461538461538462 19.035714285714285 17.551724137931036 9.413793103448276 8.285714285714285
10.653846153846155 20.25 15.931034482758621 9.689655172413794 9.0
10.5 19.714285714285715 17.79310344827586 9.724137931034482 9.428571428571429
11.307692307692308 19.357142857142858 17.448275862068964 9.689655172413794 8.571428571428571
11.038461538461538 18.0 18.862068965517242 9.689655172413794 9.428571428571429
9.076923076923077 19.678571428571427 16.620689655172413 9.379310344827587 9.142857142857144
10.538461538461538 19.035714285714285 14.689655172413792 10.448275862068964 10.107142857142858
10.423076923076923 22.071428571428573 18.24137931034483 10.10344827586207 8.964285714285715
10.653846153846155 19.142857142857142 17.482758620689655 9.758620689655173 10.0
9.846153846153847 18.821428571428573 15.75862068965517 10.482758620689657 9.392857142857142
12.115384615384615 19.82142857142857 17.448275862068964 10.0 9.892857142857142
11.26923076923077 18.5 17.0 8.0 8.535714285714285
10.653846153846155 19.82142857142857 15.896551724137932 10.655172413793103 8.714285714285714
10.846153846153845 18.03571428571429 17.448275862068964 9.448275862068966 8.392857142857142
11.384615384615385 19.714285714285715 17.137931034482758 10.517241379310345 9.428571428571429
11.961538461538462 20.785714285714285 17.586206896551726 9.86206896551724 8.321428571428571
10.923076923076923 21.035714285714285 17.586206896551726 9.965517241379311 9.607142857142858
10.346153846153847 19.928571428571427 16.82758620689655 9.896551724137932 9.857142857142858
9.346153846153847 17.964285714285715 17.413793103448274 9.689655172413794 10.035714285714285
11.538461538461538 20.75 19.206896551724135 10.137931034482758 9.5
10.23076923076923 19.285714285714285 17.17241379310345 11.10344827586207 10.357142857142856
11.26923076923077 21.21428571428571 16.551724137931036 10.137931034482758 9.392857142857142
10.884615384615385 19.321428571428573 15.75862068965517 10.379310344827585 8.357142857142856
10.884615384615385 20.32142857142857 16.137931034482758 9.241379310344827 8.607142857142856
10.038461538461538 18.28571428571429 17.862068965517242 9.551724137931034 9.785714285714286
11.26923076923077 19.214285714285715 14.482758620689657 9.241379310344827 9.821428571428571
10.538461538461538 20.32142857142857 16.482758620689655 10.241379310344827 9.714285714285714
10.038461538461538 19.214285714285715 16.448275862068968 11.241379310344827 8.678571428571427
9.73076923076923 18.892857142857142 15.379310344827587 10.10344827586207 8.714285714285714
10.615384615384615 19.392857142857142 16.86206896551724 11.551724137931034 10.821428571428573
9.076923076923077 18.67857142857143 16.620689655172413 10.482758620689657 9.321428571428571
9.76923076923077 20.32142857142857 16.448275862068968 10.413793103448276 9.142857142857144
10.730769230769232 19.285714285714285 17.17241379310345 9.551724137931034 8.785714285714285
10.26923076923077 19.607142857142858 16.310344827586206 9.517241379310345 9.75
10.769230769230768 19.464285714285715 16.551724137931036 9.517241379310345 9.071428571428571
11.846153846153847 19.25 15.620689655172413 10.862068965517242 9.428571428571429
9.346153846153847 18.03571428571429 17.93103448275862 10.241379310344827 9.392857142857142
11.192307692307692 18.964285714285715 15.72413793103448 9.758620689655173 9.142857142857144
11.0 18.392857142857142 17.137931034482758 9.172413793103448 8.642857142857142
9.653846153846153 20.32142857142857 18.034482758620687 10.0 8.5
10.23076923076923 19.785714285714285 15.413793103448276 9.896551724137932 9.571428571428571
10.615384615384615 21.142857142857142 15.13793103448276 9.793103448275861 8.642857142857142
9.615384615384617 19.607142857142858 16.655172413793103 9.344827586206897 9.892857142857142
10.153846153846153 19.642857142857142 16.689655172413794 10.448275862068964 10.285714285714285
9.73076923076923 20.46428571428571 17.75862068965517 11.448275862068966 8.678571428571427
10.038461538461538 19.464285714285715 15.931034482758621 10.275862068965518 9.464285714285715
10.5 18.392857142857142 15.620689655172413 10.620689655172415 9.5
10.576923076923077 18.821428571428573 16.620689655172413 11.758620689655173 8.714285714285714
10.692307692307692 20.96428571428571 16.72413793103448 10.137931034482758 10.321428571428571
10.615384615384615 20.357142857142858 17.0 10.344827586206897 10.0
9.653846153846153 19.25 18.20689655172414 10.689655172413792 9.607142857142858
11.0 21.285714285714285 15.448275862068966 10.03448275862069 9.142857142857144
10.923076923076923 18.892857142857142 17.586206896551726 10.517241379310345 8.535714285714285
10.615384615384615 18.857142857142858 16.241379310344826 9.758620689655173 9.285714285714286
9.192307692307692 20.607142857142858 17.93103448275862 10.172413793103447 8.928571428571429
10.5 19.321428571428573 17.17241379310345 9.586206896551724 8.321428571428571
11.192307692307692 19.571428571428573 15.689655172413792 9.931034482758621 9.571428571428571
11.346153846153847 18.464285714285715 17.82758620689655 9.896551724137932 8.464285714285714
9.576923076923077 20.75 15.310344827586206 10.068965517241379 9.178571428571429
9.653846153846153 19.214285714285715 16.03448275862069 9.758620689655173 8.75
10.192307692307692 20.928571428571427 17.0 9.793103448275861 8.535714285714285
10.5 18.964285714285715 17.310344827586206 9.06896551724138 8.071428571428571
11.423076923076923 19.75 17.0 10.0 10.071428571428571
10.076923076923077 20.46428571428571 16.379310344827587 10.068965517241379 8.821428571428573
10.615384615384615 20.357142857142858 15.793103448275863 10.137931034482758 9.464285714285715
10.384615384615385 18.75 15.448275862068966 9.758620689655173 8.357142857142856
9.961538461538462 18.321428571428573 19.03448275862069 9.965517241379311 9.928571428571429
11.653846153846153 19.0 15.482758620689655 9.517241379310345 8.714285714285714
9.923076923076923 19.17857142857143 16.89655172413793 10.10344827586207 9.107142857142858
10.5 20.46428571428571 17.241379310344826 8.724137931034482 9.5
9.615384615384617 19.321428571428573 16.482758620689655 10.275862068965518 9.464285714285715
10.576923076923077 19.928571428571427 16.241379310344826 10.551724137931036 9.107142857142858
10.576923076923077 18.857142857142858 16.86206896551724 10.137931034482758 9.571428571428571
11.038461538461538 20.07142857142857 18.379310344827587 10.482758620689657 8.75
11.538461538461538 18.892857142857142 16.551724137931036 10.344827586206897 9.785714285714286
9.807692307692307 19.357142857142858 18.655172413793107 9.517241379310345 10.464285714285714
10.961538461538462 20.892857142857142 17.93103448275862 9.586206896551724 9.285714285714286
12.038461538461538 20.785714285714285 15.586206896551724 9.172413793103448 9.571428571428571
10.923076923076923 19.464285714285715 17.79310344827586 8.482758620689657 8.821428571428573
9.538461538461538 19.714285714285715 19.896551724137932 9.931034482758621 9.178571428571429
10.23076923076923 19.392857142857142 15.620689655172413 9.827586206896552 9.642857142857142
10.846153846153845 20.035714285714285 17.89655172413793 9.517241379310345 10.178571428571429
10.884615384615385 19.857142857142858 15.793103448275863 10.344827586206897 10.035714285714285
10.0 18.357142857142858 17.413793103448274 9.206896551724137 10.035714285714285
10.038461538461538 19.5 19.448275862068964 10.448275862068964 9.285714285714286
10.307692307692308 21.32142857142857 17.89655172413793 9.482758620689655 9.0
11.346153846153847 20.035714285714285 16.86206896551724 9.586206896551724 9.392857142857142
9.0 20.0 16.931034482758623 10.10344827586207 8.821428571428573
12.346153846153847 19.392857142857142 18.034482758620687 9.379310344827587 8.678571428571427
10.038461538461538 19.035714285714285 16.89655172413793 9.793103448275861 8.857142857142858
10.461538461538462 19.75 16.689655172413794 9.896551724137932 8.25
10.076923076923077 18.25 18.310344827586206 10.724137931034482 11.178571428571429
10.346153846153847 19.071428571428573 16.275862068965516 9.724137931034482 9.035714285714286
11.538461538461538 19.714285714285715 16.931034482758623 10.793103448275863 8.357142857142856
9.346153846153847 10.714285714285714 9.86206896551724 10.89655172413793 11.892857142857142
10.576923076923077 10.964285714285715 10.586206896551724 10.862068965517242 10.107142857142858
11.76923076923077 10.392857142857142 10.758620689655173 9.965517241379311 10.642857142857142
10.26923076923077 9.857142857142858 11.517241379310345 9.965517241379311 10.535714285714285
12.192307692307692 18.892857142857142 16.689655172413794 10.551724137931036 9.107142857142858
9.461538461538462 10.035714285714285 10.206896551724139 10.758620689655173 9.464285714285715
9.73076923076923 9.75 11.137931034482758 9.758620689655173 10.964285714285715
10.576923076923077 9.642857142857142 9.724137931034482 10.10344827586207 10.178571428571429
10.23076923076923 10.25 10.655172413793103 12.10344827586207 10.642857142857142
11.26923076923077 18.071428571428573 18.896551724137932 10.413793103448276 8.25
9.615384615384617 10.892857142857144 10.96551724137931 9.965517241379311 9.714285714285714
10.153846153846153 10.821428571428573 10.206896551724139 9.896551724137932 9.464285714285715
10.076923076923077 10.178571428571429 10.448275862068964 10.89655172413793 9.785714285714286
10.461538461538462 10.214285714285714 10.586206896551724 10.310344827586206 9.75
11.538461538461538 20.07142857142857 17.241379310344826 9.86206896551724 8.642857142857142
11.0 10.642857142857142 9.931034482758621 10.0 10.0
10.461538461538462 11.107142857142858 11.241379310344827 9.344827586206897 9.0
9.115384615384615 9.571428571428571 8.517241379310345 10.310344827586206 10.607142857142856
9.192307692307692 9.928571428571429 10.96551724137931 8.931034482758621 10.178571428571429
10.23076923076923 16.0 18.93103448275862 9.275862068965516 9.571428571428571
9.5 9.571428571428571 9.689655172413794 10.862068965517242 9.785714285714286
9.807692307692307 10.75 13.06896551724138 9.655172413793103 10.0
10.153846153846153 10.571428571428571 11.620689655172415 9.689655172413794 10.535714285714285
9.461538461538462 9.892857142857142 11.0 10.862068965517242 10.25
10.5 9.892857142857142 9.206896551724137 10.758620689655173 10.035714285714285
11.0 9.428571428571429 10.586206896551724 9.724137931034482 10.642857142857142
10.26923076923077 9.892857142857142 9.86206896551724 9.931034482758621 10.821428571428573
9.807692307692307 9.75 11.172413793103448 9.413793103448276 8.928571428571429
9.73076923076923 11.107142857142858 10.827586206896552 10.310344827586206 11.142857142857144
8.730769230769232 10.25 11.310344827586206 10.931034482758621 11.392857142857142
11.192307692307692 16.535714285714285 18.96551724137931 10.137931034482758 10.178571428571429
11.884615384615383 18.28571428571429 19.206896551724135 9.827586206896552 9.214285714285715
10.884615384615385 16.07142857142857 19.137931034482758 9.86206896551724 9.607142857142858
8.961538461538462 15.678571428571427 18.896551724137932 10.551724137931036 10.071428571428571
10.961538461538462 16.82142857142857 19.586206896551722 10.0 8.107142857142858
11.461538461538462 17.25 18.758620689655174 9.413793103448276 8.428571428571429
9.961538461538462 16.857142857142858 19.689655172413794 9.310344827586206 8.75
10.461538461538462 17.5 19.03448275862069 10.068965517241379 7.464285714285714
10.807692307692308 17.642857142857146 19.24137931034483 10.10344827586207 9.714285714285714
10.346153846153847 17.821428571428573 18.724137931034484 9.551724137931034 8.571428571428571
9.5 19.25 19.620689655172413 10.344827586206897 10.107142857142858
10.692307692307692 16.678571428571427 19.586206896551722 9.448275862068966 9.571428571428571
9.538461538461538 18.28571428571429 20.931034482758623 10.482758620689657 9.571428571428571
9.846153846153847 16.71428571428571 18.620689655172413 11.06896551724138 9.071428571428571
10.038461538461538 17.857142857142858 19.655172413793103 9.896551724137932 8.75
10.115384615384615 17.178571428571427 21.137931034482758 10.413793103448276 8.892857142857144
10.153846153846153 17.32142857142857 19.103448275862068 10.241379310344827 9.714285714285714
11.0 16.892857142857142 20.0 10.689655172413792 11.214285714285715
9.538461538461538 16.642857142857142 19.310344827586206 10.275862068965518 11.178571428571429
10.23076923076923 15.785714285714285 18.689655172413794 10.310344827586206 9.535714285714286
10.807692307692308 18.392857142857142 19.103448275862068 10.655172413793103 9.142857142857144
9.846153846153847 17.107142857142854 19.0 9.620689655172415 10.607142857142856
9.884615384615383 16.678571428571427 19.068965517241377 10.413793103448276 10.535714285714285
9.423076923076923 16.82142857142857 18.20689655172414 10.482758620689657 8.892857142857144
10.461538461538462 17.857142857142858 18.379310344827587 10.03448275862069 8.5
9.653846153846153 16.96428571428571 18.034482758620687 9.482758620689655 8.642857142857142
10.0 18.857142857142858 20.620689655172413 11.586206896551724 8.928571428571429
9.538461538461538 17.07142857142857 19.24137931034483 9.758620689655173 9.678571428571429
9.884615384615383 16.928571428571427 19.0 10.413793103448276 9.464285714285715
10.038461538461538 16.07142857142857 19.103448275862068 9.965517241379311 10.0
9.76923076923077 18.75 18.655172413793107 9.689655172413794 9.0
11.26923076923077 17.07142857142857 19.75862068965517 10.344827586206897 10.964285714285715
10.923076923076923 16.928571428571427 18.344827586206897 10.96551724137931 8.571428571428571
10.115384615384615 17.535714285714285 19.344827586206897 10.344827586206897 9.107142857142858
9.653846153846153 14.785714285714286 18.482758620689655 11.206896551724137 9.214285714285715
10.0 17.25 18.655172413793107 9.551724137931034 8.785714285714285
11.538461538461538 17.92857142857143 20.06896551724138 10.241379310344827 10.071428571428571
10.807692307692308 17.75 18.482758620689655 8.96551724137931 8.964285714285715
9.538461538461538 18.392857142857142 19.206896551724135 10.03448275862069 9.535714285714286
10.115384615384615 17.035714285714285 17.241379310344826 10.620689655172415 9.964285714285714
10.192307692307692 16.428571428571427 18.689655172413794 10.344827586206897 9.964285714285714
9.923076923076923 16.392857142857142 19.24137931034483 10.379310344827585 8.678571428571427
9.5 16.678571428571427 18.034482758620687 10.620689655172415 9.392857142857142
10.038461538461538 16.035714285714285 20.517241379310345 10.241379310344827 8.607142857142856
9.230769230769232 16.928571428571427 18.724137931034484 9.827586206896552 10.071428571428571
10.769230769230768 15.75 19.482758620689655 10.758620689655173 10.821428571428573
9.384615384615385 16.642857142857142 19.103448275862068 10.068965517241379 10.892857142857144
9.346153846153847 17.178571428571427 18.620689655172413 9.86206896551724 9.714285714285714
9.73076923076923 16.07142857142857 17.482758620689655 9.482758620689655 9.214285714285715
10.576923076923077 17.821428571428573 18.517241379310345 10.0 8.785714285714285
10.153846153846153 16.32142857142857 18.482758620689655 10.689655172413792 8.678571428571427
10.730769230769232 17.285714285714285 19.896551724137932 11.275862068965516 9.75
9.538461538461538 17.5 20.931034482758623 9.896551724137932 9.357142857142858
9.884615384615383 17.392857142857142 20.79310344827586 10.137931034482758 8.428571428571429
10.423076923076923 15.714285714285715 18.96551724137931 9.413793103448276 9.321428571428571
11.192307692307692 15.25 18.758620689655174 9.06896551724138 10.75
10.423076923076923 17.892857142857146 19.27586206896552 9.689655172413794 8.535714285714285
10.23076923076923 17.285714285714285 20.310344827586206 10.793103448275863 9.5
9.961538461538462 18.5 19.793103448275865 11.310344827586206 9.178571428571429
10.038461538461538 16.357142857142858 19.896551724137932 10.448275862068964 9.107142857142858
10.384615384615385 16.892857142857142 18.896551724137932 11.10344827586207 9.5
11.076923076923077 16.142857142857142 18.96551724137931 9.86206896551724 9.785714285714286
10.26923076923077 16.607142857142858 20.0 9.896551724137932 8.964285714285715
10.692307692307692 16.392857142857142 19.655172413793103 10.793103448275863 8.178571428571429
11.23076923076923 16.46428571428571 19.413793103448278 9.689655172413794 9.142857142857144
11.73076923076923 16.785714285714285 19.137931034482758 11.344827586206897 10.25
10.769230769230768 17.21428571428571 20.241379310344826 9.896551724137932 9.857142857142858
9.923076923076923 17.142857142857142 20.310344827586206 10.310344827586206 9.0
9.653846153846153 19.035714285714285 20.89655172413793 9.310344827586206 9.892857142857142
10.26923076923077 18.142857142857142 18.96551724137931 10.275862068965518 9.107142857142858
10.461538461538462 17.392857142857142 19.448275862068964 10.448275862068964 9.392857142857142
11.576923076923077 16.96428571428571 20.310344827586206 9.586206896551724 9.357142857142858
10.038461538461538 18.607142857142858 19.24137931034483 10.0 9.107142857142858
9.346153846153847 17.67857142857143 21.89655172413793 9.931034482758621 9.714285714285714
10.5 19.571428571428573 20.689655172413794 10.448275862068964 9.821428571428571
11.576923076923077 18.071428571428573 20.06896551724138 10.0 9.25
10.038461538461538 17.46428571428571 21.724137931034484 12.0 9.178571428571429
10.461538461538462 17.5 18.0 10.689655172413792 9.857142857142858
10.461538461538462 16.46428571428571 19.482758620689655 10.517241379310345 9.107142857142858
10.653846153846155 17.357142857142854 18.82758620689655 10.689655172413792 10.357142857142856
10.461538461538462 17.607142857142858 21.79310344827586 10.448275862068964 8.035714285714285
9.423076923076923 18.321428571428573 18.620689655172413 10.96551724137931 10.071428571428571
10.307692307692308 16.71428571428571 20.06896551724138 9.793103448275861 8.535714285714285
10.846153846153845 17.0 20.517241379310345 10.482758620689657 9.464285714285715
10.115384615384615 15.928571428571427 19.310344827586206 10.448275862068964 9.035714285714286
10.846153846153845 18.571428571428573 18.20689655172414 9.206896551724137 9.071428571428571
10.384615384615385 18.642857142857142 18.689655172413794 10.931034482758621 9.714285714285714
9.461538461538462 16.214285714285715 20.517241379310345 10.03448275862069 9.142857142857144
9.576923076923077 16.678571428571427 18.517241379310345 10.931034482758621 8.428571428571429
9.846153846153847 16.96428571428571 19.75862068965517 10.379310344827585 9.25
9.73076923076923 18.071428571428573 19.103448275862068 11.655172413793103 9.107142857142858
9.73076923076923 18.392857142857142 19.96551724137931 9.827586206896552 8.392857142857142
10.692307692307692 15.785714285714285 19.75862068965517 10.03448275862069 10.25
11.0 17.46428571428571 20.103448275862068 10.068965517241379 9.857142857142858
10.461538461538462 15.821428571428573 19.689655172413794 9.06896551724138 10.0
9.576923076923077 16.107142857142858 19.689655172413794 10.206896551724139 9.071428571428571
10.769230769230768 16.71428571428571 20.655172413793103 9.275862068965516 10.178571428571429
9.576923076923077 16.82142857142857 20.551724137931036 10.724137931034482 9.357142857142858
10.615384615384615 18.321428571428573 20.03448275862069 9.551724137931034 8.892857142857144
