84.11111111111111 81.60000000000001 85.125 85.33333333333333 86.88888888888889
84.33333333333333 81.69999999999999 84.625 85.66666666666667 87.66666666666667
83.88888888888889 80.19999999999999 84.375 84.66666666666667 86.88888888888889
84.55555555555556 82.10000000000001 84.375 85.11111111111111 86.88888888888889
83.77777777777779 80.9 84.0 85.0 87.11111111111111
84.33333333333333 81.9 84.75 85.11111111111111 88.33333333333333
83.44444444444444 81.8 85.5 85.44444444444444 88.0
84.33333333333333 82.4 84.25 85.77777777777777 88.44444444444446
83.77777777777779 82.4 85.125 84.88888888888889 88.55555555555556
83.88888888888889 80.10000000000001 84.75 84.55555555555556 87.77777777777777
83.22222222222223 82.5 85.0 86.22222222222223 90.0
85.0 80.5 85.0 84.66666666666667 87.33333333333333
83.77777777777779 80.5 84.125 84.88888888888889 87.55555555555556
84.11111111111111 81.69999999999999 85.0 85.33333333333333 88.0
84.11111111111111 81.19999999999999 84.0 85.77777777777777 87.11111111111111
84.55555555555556 81.19999999999999 85.0 86.11111111111111 87.22222222222223
83.0 79.39999999999999 83.625 83.77777777777779 87.55555555555556
84.0 79.8 84.5 85.44444444444444 88.22222222222221
85.11111111111111 82.19999999999999 83.75 86.55555555555556 88.22222222222221
84.33333333333333 81.4 85.5 85.66666666666667 87.66666666666667
84.44444444444444 82.3 83.375 85.11111111111111 88.11111111111111
84.55555555555556 81.8 84.75 85.66666666666667 88.66666666666667
83.66666666666667 81.10000000000001 84.5 85.11111111111111 87.77777777777777
83.66666666666667 79.69999999999999 83.875 85.11111111111111 88.22222222222221
84.0 80.69999999999999 85.375 84.88888888888889 87.0
84.44444444444444 80.10000000000001 84.375 87.0 88.66666666666667
84.66666666666667 81.3 85.125 85.88888888888889 88.77777777777777
83.44444444444444 80.4 84.5 85.22222222222223 88.0
82.33333333333333 78.89999999999999 84.875 84.66666666666667 86.88888888888889
84.44444444444444 78.5 83.0 85.0 87.88888888888889
84.22222222222223 80.9 85.0 86.0 88.55555555555556
84.55555555555556 80.3 83.75 86.55555555555556 88.11111111111111
84.44444444444444 80.8 83.0 85.22222222222223 88.55555555555556
83.22222222222223 80.19999999999999 84.125 84.66666666666667 88.55555555555556
85.33333333333333 79.60000000000001 84.5 86.44444444444444 88.66666666666667
84.11111111111111 77.10000000000001 83.5 85.66666666666667 87.66666666666667
84.0 79.0 84.25 85.88888888888889 87.66666666666667
84.66666666666667 79.9 83.875 85.66666666666667 88.0
84.22222222222223 79.0 84.625 85.55555555555556 88.22222222222221
82.88888888888889 77.2 83.25 84.66666666666667 87.88888888888889
84.88888888888889 78.39999999999999 83.125 85.44444444444444 87.44444444444444
84.11111111111111 76.2 83.0 86.22222222222223 87.66666666666667
84.77777777777777 77.60000000000001 83.625 85.88888888888889 87.44444444444444
83.44444444444444 76.30000000000001 83.0 85.66666666666667 87.77777777777777
84.44444444444444 77.89999999999999 83.875 85.77777777777777 89.22222222222221
83.33333333333333 77.2 84.125 85.55555555555556 87.33333333333333
84.0 76.6 83.375 85.22222222222223 88.66666666666667
83.11111111111111 75.0 82.5 84.33333333333333 89.11111111111111
84.22222222222223 77.10000000000001 83.125 84.88888888888889 87.55555555555556
83.33333333333333 76.89999999999999 82.625 85.33333333333333 87.22222222222223
84.88888888888889 75.2 82.0 85.77777777777777 87.33333333333333
84.11111111111111 76.0 83.875 85.77777777777777 88.0
83.77777777777779 75.1 82.875 85.77777777777777 89.11111111111111
82.77777777777779 73.4 81.25 84.88888888888889 88.55555555555556
83.88888888888889 75.89999999999999 83.625 86.44444444444444 87.77777777777777
83.11111111111111 72.3 81.75 84.88888888888889 86.88888888888889
83.44444444444444 72.4 82.25 85.44444444444444 88.22222222222221
83.44444444444444 74.30000000000001 82.375 85.44444444444444 86.88888888888889
83.11111111111111 72.0 82.375 84.55555555555556 88.77777777777777
84.33333333333333 72.1 82.125 85.55555555555556 89.44444444444444
84.22222222222223 72.0 82.875 86.22222222222223 88.33333333333333
83.55555555555554 71.2 82.375 86.33333333333333 88.22222222222221
84.33333333333333 70.5 82.375 85.66666666666667 88.44444444444446
83.55555555555554 71.7 82.75 86.77777777777777 88.55555555555556
85.0 71.7 82.125 85.77777777777777 88.44444444444446
83.55555555555554 69.9 81.875 84.77777777777777 86.33333333333333
84.44444444444444 69.8 82.625 86.22222222222223 89.22222222222221
82.88888888888889 69.3 81.5 84.0 88.77777777777777
83.44444444444444 70.2 81.125 85.66666666666667 87.33333333333333
83.66666666666667 69.8 82.5 84.88888888888889 87.88888888888889
83.55555555555554 68.7 80.0 83.88888888888889 87.44444444444444
84.88888888888889 69.5 81.375 84.55555555555556 87.22222222222223
82.88888888888889 67.8 81.125 85.77777777777777 87.88888888888889
82.44444444444444 67.8 79.5 85.44444444444444 88.33333333333333
83.66666666666667 65.60000000000001 80.125 85.55555555555556 87.55555555555556
82.55555555555554 66.5 80.625 85.44444444444444 86.77777777777777
83.55555555555554 65.8 79.75 85.0 87.44444444444444
84.33333333333333 64.69999999999999 80.0 85.88888888888889 89.55555555555556
83.0 64.9 81.0 85.55555555555556 88.0
84.0 63.1 79.25 86.11111111111111 88.0
83.33333333333333 63.0 79.75 84.66666666666667 88.11111111111111
82.1111111111111 61.400000000000006 78.75 85.88888888888889 88.55555555555556
83.0 62.0 79.5 85.0 89.33333333333333
83.88888888888889 60.900000000000006 79.5 85.88888888888889 87.55555555555556
83.22222222222223 58.9 78.875 86.55555555555556 87.88888888888889
83.77777777777779 59.1 77.75 85.22222222222223 87.55555555555556
82.44444444444444 58.3 77.5 85.22222222222223 88.33333333333333
82.44444444444444 58.0 78.75 86.44444444444444 87.88888888888889
82.88888888888889 55.800000000000004 77.375 84.88888888888889 87.11111111111111
83.11111111111111 56.4 77.25 85.44444444444444 87.66666666666667
83.66666666666667 55.5 78.5 86.11111111111111 86.77777777777777
83.22222222222223 54.0 77.125 84.88888888888889 88.0
82.77777777777779 52.2 75.75 84.88888888888889 87.77777777777777
82.1111111111111 50.1 76.0 85.44444444444444 86.22222222222223
82.44444444444444 52.5 74.5 84.11111111111111 87.66666666666667
82.33333333333333 47.6 75.75 85.33333333333333 87.77777777777777
83.22222222222223 49.9 76.5 85.33333333333333 88.22222222222221
82.66666666666667 47.7 74.0 85.55555555555556 88.55555555555556
82.77777777777779 45.400000000000006 75.25 84.22222222222223 87.88888888888889
83.0 45.8 74.75 85.11111111111111 87.0
82.33333333333333 43.8 73.875 85.44444444444444 88.22222222222221
80.88888888888889 78.89999999999999 80.25 80.66666666666666 80.55555555555556
81.33333333333333 79.10000000000001 82.125 81.0 83.22222222222223
80.66666666666666 78.5 79.875 81.55555555555556 81.1111111111111
82.0 78.7 80.5 82.1111111111111 81.66666666666667
82.66666666666667 44.1 72.125 85.0 86.66666666666667
80.22222222222223 78.60000000000001 81.625 81.88888888888889 81.22222222222223
81.88888888888889 78.0 81.375 80.88888888888889 81.77777777777779
82.55555555555554 80.10000000000001 81.625 82.0 81.88888888888889
81.22222222222223 78.7 80.125 81.0 80.77777777777779
83.55555555555554 52.900000000000006 69.5 86.11111111111111 87.33333333333333
82.1111111111111 79.10000000000001 81.875 81.55555555555556 81.33333333333333
81.0 78.3 80.25 80.44444444444444 81.22222222222223
81.22222222222223 78.8 81.625 81.33333333333333 82.44444444444444
80.55555555555556 78.2 80.625 80.88888888888889 81.0
82.22222222222223 43.0 74.125 85.11111111111111 88.77777777777777
81.88888888888889 80.3 81.125 81.77777777777779 80.77777777777779
81.55555555555556 78.7 82.125 81.0 81.66666666666667
82.22222222222223 79.9 82.5 81.88888888888889 80.0
81.55555555555556 78.8 80.5 81.66666666666667 81.44444444444444
82.44444444444444 49.0 69.375 84.22222222222223 87.11111111111111
81.66666666666667 78.89999999999999 81.0 81.1111111111111 81.77777777777779
80.55555555555556 78.39999999999999 81.25 81.55555555555556 82.0
80.88888888888889 78.60000000000001 80.625 81.77777777777779 81.1111111111111
82.33333333333333 79.3 82.25 81.77777777777779 82.55555555555554
82.0 78.7 81.5 81.88888888888889 81.55555555555556
80.44444444444444 77.89999999999999 80.875 81.44444444444444 81.44444444444444
82.0 79.60000000000001 82.625 81.88888888888889 82.0
81.77777777777779 79.3 81.875 81.55555555555556 82.0
81.22222222222223 78.2 80.25 80.88888888888889 81.0
80.77777777777779 80.19999999999999 81.5 81.77777777777779 81.0
83.77777777777779 51.8 70.0 86.0 88.33333333333333
83.44444444444444 52.6 70.75 84.44444444444444 88.55555555555556
82.1111111111111 51.7 69.625 84.66666666666667 88.0
84.11111111111111 53.0 71.0 86.22222222222223 89.8888888888889
82.66666666666667 51.4 71.625 85.44444444444444 89.11111111111111
81.88888888888889 51.5 71.0 84.88888888888889 89.8888888888889
83.0 52.699999999999996 72.75 86.55555555555556 89.0
83.0 54.300000000000004 73.375 86.11111111111111 89.44444444444444
82.66666666666667 49.8 71.0 84.77777777777777 88.0
82.88888888888889 51.9 72.0 85.55555555555556 88.77777777777777
82.33333333333333 53.6 72.75 84.77777777777777 89.33333333333333
83.0 53.0 72.875 86.0 89.77777777777777
82.44444444444444 51.7 71.75 84.77777777777777 88.88888888888889
83.11111111111111 53.199999999999996 71.75 84.88888888888889 87.77777777777777
82.55555555555554 54.6 72.5 84.22222222222223 88.55555555555556
84.0 54.300000000000004 70.375 85.44444444444444 87.77777777777777
82.77777777777779 48.300000000000004 71.125 84.55555555555556 88.44444444444446
81.88888888888889 54.9 72.625 84.0 88.33333333333333
83.11111111111111 54.9 73.5 85.44444444444444 88.77777777777777
83.88888888888889 53.400000000000006 74.5 84.77777777777777 88.77777777777777
84.66666666666667 53.699999999999996 72.875 86.22222222222223 88.33333333333333
83.33333333333333 54.6 73.125 85.55555555555556 88.33333333333333
81.0 54.6 72.875 84.0 88.88888888888889
83.66666666666667 54.300000000000004 72.75 84.88888888888889 88.77777777777777
82.33333333333333 52.5 73.75 85.66666666666667 87.55555555555556
84.55555555555556 55.599999999999994 74.5 84.88888888888889 89.22222222222221
81.55555555555556 53.400000000000006 73.5 85.11111111111111 89.0
82.66666666666667 52.6 71.625 84.44444444444444 87.66666666666667
82.22222222222223 54.699999999999996 72.25 84.77777777777777 88.77777777777777
83.33333333333333 53.5 73.5 84.55555555555556 89.22222222222221
82.88888888888889 53.699999999999996 73.0 85.66666666666667 88.88888888888889
83.55555555555554 55.9 75.625 85.0 89.22222222222221
83.88888888888889 54.4 73.5 86.0 89.0
82.88888888888889 53.900000000000006 74.875 86.0 88.11111111111111
84.33333333333333 55.800000000000004 77.25 86.22222222222223 89.44444444444444
82.77777777777779 55.5 75.875 85.77777777777777 90.0
83.11111111111111 55.300000000000004 74.875 85.77777777777777 89.55555555555556
83.88888888888889 57.5 77.25 86.55555555555556 90.22222222222221
83.55555555555554 55.199999999999996 77.0 85.44444444444444 88.88888888888889
83.11111111111111 54.800000000000004 76.25 84.66666666666667 89.22222222222221
83.22222222222223 57.4 77.75 86.55555555555556 89.33333333333333
82.88888888888889 58.4 76.5 86.0 88.33333333333333
83.77777777777779 58.0 77.625 86.55555555555556 89.66666666666667
84.0 56.300000000000004 78.5 86.11111111111111 88.66666666666667
84.77777777777777 59.2 80.25 87.22222222222223 89.77777777777777
82.33333333333333 58.1 79.5 86.22222222222223 88.33333333333333
82.88888888888889 57.9 79.375 85.88888888888889 89.33333333333333
84.0 57.9 80.0 86.66666666666667 89.33333333333333
83.77777777777779 61.9 80.375 86.44444444444444 90.11111111111111
82.88888888888889 58.7 81.625 86.55555555555556 89.8888888888889
83.33333333333333 59.0 82.375 86.88888888888889 90.8888888888889
83.88888888888889 59.7 82.875 87.55555555555556 89.77777777777777
82.44444444444444 59.0 82.875 85.77777777777777 90.8888888888889
84.33333333333333 61.1 84.125 87.77777777777777 89.8888888888889
82.55555555555554 59.7 85.5 87.44444444444444 90.0
82.1111111111111 61.5 84.0 87.33333333333333 90.22222222222221
84.11111111111111 64.19999999999999 85.75 88.77777777777777 90.66666666666667
82.88888888888889 63.9 86.375 87.44444444444444 90.55555555555556
83.11111111111111 60.400000000000006 83.75 86.44444444444444 90.8888888888889
84.0 63.9 86.75 88.55555555555556 91.8888888888889
84.66666666666667 62.199999999999996 87.125 87.55555555555556 91.33333333333334
82.77777777777779 60.699999999999996 85.375 87.66666666666667 90.55555555555556
84.22222222222223 64.0 88.125 88.77777777777777 91.22222222222221
85.11111111111111 64.5 88.25 88.55555555555556 92.77777777777777
84.77777777777777 63.70000000000001 88.5 89.44444444444444 93.0
83.77777777777779 64.19999999999999 89.0 87.88888888888889 91.55555555555556
83.66666666666667 62.9 87.875 88.44444444444446 91.44444444444444
84.22222222222223 63.1 87.625 89.77777777777777 91.55555555555556
84.88888888888889 63.1 90.25 89.55555555555556 91.33333333333334
84.33333333333333 64.19999999999999 90.625 87.77777777777777 92.22222222222221
83.77777777777779 64.19999999999999 89.25 88.77777777777777 92.88888888888889
83.44444444444444 63.9 89.125 88.88888888888889 91.11111111111111
84.77777777777777 65.4 90.0 89.55555555555556 91.8888888888889
83.88888888888889 67.0 90.625 88.55555555555556 93.55555555555556
84.0 65.8 90.125 89.22222222222221 92.66666666666666
84.55555555555556 65.4 89.875 88.44444444444446 92.33333333333334
84.66666666666667 65.69999999999999 90.25 88.66666666666667 91.77777777777777
84.33333333333333 67.3 90.875 89.8888888888889 92.55555555555556
85.55555555555556 68.0 91.75 90.66666666666667 94.11111111111111
85.11111111111111 67.4 91.875 89.77777777777777 93.0
84.33333333333333 68.0 92.625 90.22222222222221 93.66666666666666
83.55555555555554 67.10000000000001 89.875 90.33333333333333 92.11111111111111
83.77777777777779 67.0 91.0 89.22222222222221 92.44444444444444
84.0 68.3 91.75 90.22222222222221 93.11111111111111
84.33333333333333 66.60000000000001 91.875 90.22222222222221 93.77777777777779
84.77777777777777 68.4 92.375 89.33333333333333 93.33333333333334
83.88888888888889 66.60000000000001 92.125 89.0 92.33333333333334
85.66666666666667 67.6 91.0 90.33333333333333 94.88888888888889
86.0 68.4 92.125 90.33333333333333 92.88888888888889
84.88888888888889 69.9 93.25 91.11111111111111 94.77777777777779
85.44444444444444 68.5 92.125 90.22222222222221 92.22222222222221
85.33333333333333 70.1 93.5 91.0 93.88888888888889
84.44444444444444 69.8 92.875 90.77777777777777 94.0
86.11111111111111 68.4 93.25 90.55555555555556 93.88888888888889
85.11111111111111 70.0 93.625 91.44444444444444 94.0
85.33333333333333 69.7 93.0 89.77777777777777 93.33333333333334
85.0 71.4 93.5 90.66666666666667 93.88888888888889
85.77777777777777 70.2 93.125 91.0 93.44444444444444
84.77777777777777 69.4 93.25 90.33333333333333 93.0
