0.001451378809869376 0.11063829787234042 0.05138339920948617 0.0 0.0
0.0 0.16879432624113475 0.0619235836627141 0.0 0.0
0.001451378809869376 0.15177304964539007 0.05533596837944664 0.0 0.0
0.001451378809869376 0.13049645390070921 0.07246376811594203 0.0 0.0
0.0 0.12198581560283688 0.04216073781291173 0.0 0.0
0.0 0.12198581560283688 0.04743083003952569 0.0 0.0
0.001451378809869376 0.11773049645390071 0.0619235836627141 0.0 0.0
0.001451378809869376 0.10638297872340426 0.05533596837944664 0.0 0.0
0.001451378809869376 0.1375886524822695 0.048748353096179184 0.0 0.0
0.001451378809869376 0.12482269503546098 0.06982872200263504 0.0 0.0
0.002902757619738752 0.17304964539007092 0.07114624505928853 0.0 0.0
0.001451378809869376 0.11914893617021277 0.05928853754940711 0.0 0.0
0.0 0.14326241134751772 0.05401844532279315 0.0 0.0
0.001451378809869376 0.1375886524822695 0.048748353096179184 0.0 0.0
0.0 0.12198581560283688 0.05401844532279315 0.0 0.0
0.0 0.16879432624113475 0.08695652173913045 0.0 0.0
0.0 0.11631205673758865 0.0461133069828722 0.0 0.0
0.0 0.14184397163120568 0.05797101449275362 0.001375515818431912 0.0
0.0 0.10354609929078015 0.044795783926218705 0.0 0.0
0.0043541364296081275 0.14609929078014183 0.06324110671936758 0.0 0.0
0.0 0.16879432624113475 0.052700922266139656 0.0 0.0
0.001451378809869376 0.15602836879432624 0.039525691699604744 0.0 0.0
0.0 0.1049645390070922 0.07378129117259552 0.0 0.0
0.001451378809869376 0.14609929078014183 0.05138339920948617 0.0 0.0
0.001451378809869376 0.10070921985815603 0.0461133069828722 0.0 0.0
0.0 0.1574468085106383 0.05928853754940711 0.0 0.0
0.0 0.09929078014184396 0.04743083003952569 0.0 0.0
0.005805515239477504 0.12056737588652483 0.06060606060606061 0.0 0.0
0.001451378809869376 0.16595744680851066 0.044795783926218705 0.001375515818431912 0.0
0.001451378809869376 0.14751773049645392 0.04084321475625824 0.0 0.0
0.0043541364296081275 0.1375886524822695 0.03820816864295125 0.0 0.0
0.001451378809869376 0.13049645390070921 0.04347826086956522 0.0 0.0
0.0 0.10780141843971631 0.044795783926218705 0.0 0.0
0.0 0.11773049645390071 0.05533596837944664 0.0 0.0
0.0 0.12624113475177307 0.0764163372859025 0.001375515818431912 0.0
0.0 0.15319148936170213 0.05928853754940711 0.0 0.0
0.002902757619738752 0.14042553191489363 0.052700922266139656 0.001375515818431912 0.0
0.002902757619738752 0.13191489361702127 0.03820816864295125 0.0 0.0
0.0 0.11773049645390071 0.04743083003952569 0.0 0.0
0.002902757619738752 0.11914893617021277 0.0619235836627141 0.0 0.0
0.002902757619738752 0.13049645390070921 0.052700922266139656 0.0 0.0
0.002902757619738752 0.15177304964539007 0.07905138339920949 0.0 0.0
0.001451378809869376 0.1049645390070922 0.05138339920948617 0.001375515818431912 0.0
0.001451378809869376 0.11063829787234042 0.05138339920948617 0.0 0.0
0.002902757619738752 0.1276595744680851 0.044795783926218705 0.0 0.0
0.001451378809869376 0.12198581560283688 0.05928853754940711 0.001375515818431912 0.001314060446780552
0.002902757619738752 0.15886524822695036 0.04216073781291173 0.0 0.0
0.0 0.1375886524822695 0.052700922266139656 0.0 0.0
0.0 0.10921985815602837 0.05138339920948617 0.0 0.0
0.001451378809869376 0.10638297872340426 0.03293807641633728 0.0 0.0
0.001451378809869376 0.14893617021276595 0.07509881422924901 0.0 0.0
0.001451378809869376 0.14609929078014183 0.06851119894598155 0.0 0.001314060446780552
0.001451378809869376 0.09929078014184396 0.06982872200263504 0.001375515818431912 0.0
0.001451378809869376 0.11347517730496454 0.06587615283267456 0.001375515818431912 0.0
0.00725689404934688 0.08368794326241134 0.07378129117259552 0.0 0.0
0.0 0.13617021276595745 0.0619235836627141 0.0 0.0
0.001451378809869376 0.10780141843971631 0.07905138339920949 0.0 0.0
0.0 0.10070921985815603 0.052700922266139656 0.0 0.0
0.0 0.12340425531914893 0.056653491436100135 0.0 0.0
0.002902757619738752 0.16595744680851066 0.06982872200263504 0.0 0.0
0.0 0.09361702127659574 0.0461133069828722 0.0 0.0
0.0043541364296081275 0.12482269503546098 0.052700922266139656 0.001375515818431912 0.0
0.002902757619738752 0.12056737588652483 0.052700922266139656 0.001375515818431912 0.0
0.001451378809869376 0.12340425531914893 0.05401844532279315 0.0 0.0
0.0 0.09787234042553192 0.05533596837944664 0.0 0.0
0.002902757619738752 0.1049645390070922 0.06455862977602107 0.0 0.0
0.0 0.11914893617021277 0.04084321475625824 0.0 0.0
0.001451378809869376 0.09078014184397164 0.06982872200263504 0.0 0.0
0.0043541364296081275 0.11205673758865248 0.056653491436100135 0.0 0.0
0.0043541364296081275 0.1021276595744681 0.056653491436100135 0.0 0.0
0.002902757619738752 0.12056737588652483 0.0461133069828722 0.001375515818431912 0.001314060446780552
0.002902757619738752 0.13191489361702127 0.0619235836627141 0.0 0.0
0.0043541364296081275 0.12907801418439718 0.05797101449275362 0.0 0.0
0.0 0.11631205673758865 0.06060606060606061 0.0 0.0
0.0 0.14042553191489363 0.06587615283267456 0.0 0.0
0.0 0.1049645390070922 0.048748353096179184 0.0 0.0
0.001451378809869376 0.10780141843971631 0.048748353096179184 0.0 0.0
0.001451378809869376 0.12056737588652483 0.05401844532279315 0.001375515818431912 0.0
0.0043541364296081275 0.10354609929078015 0.04216073781291173 0.001375515818431912 0.0
0.002902757619738752 0.12340425531914893 0.08959156785243741 0.001375515818431912 0.0
0.001451378809869376 0.1375886524822695 0.05533596837944664 0.0 0.0
0.002902757619738752 0.11773049645390071 0.048748353096179184 0.0 0.0
0.0 0.1276595744680851 0.05006587615283267 0.0 0.0
0.0 0.11347517730496454 0.06587615283267456 0.0 0.0
0.002902757619738752 0.09219858156028368 0.04743083003952569 0.0 0.0
0.001451378809869376 0.0950354609929078 0.052700922266139656 0.0 0.001314060446780552
0.0 0.1021276595744681 0.039525691699604744 0.0 0.0
0.002902757619738752 0.075177304964539 0.039525691699604744 0.0 0.0
0.001451378809869376 0.12624113475177307 0.0619235836627141 0.002751031636863824 0.0
0.002902757619738752 0.11347517730496454 0.052700922266139656 0.0 0.0
0.0 0.09645390070921986 0.04743083003952569 0.001375515818431912 0.0
0.002902757619738752 0.11914893617021277 0.03820816864295125 0.0 0.0
0.005805515239477504 0.09929078014184396 0.06060606060606061 0.0 0.0
0.0 0.10354609929078015 0.04084321475625824 0.0 0.0
0.001451378809869376 0.07659574468085106 0.035573122529644265 0.0 0.0
0.005805515239477504 0.12340425531914893 0.052700922266139656 0.0 0.0
0.0 0.11347517730496454 0.056653491436100135 0.0 0.001314060446780552
0.0 0.09361702127659574 0.0461133069828722 0.0 0.0
0.0 0.12198581560283688 0.056653491436100135 0.0 0.0
0.002902757619738752 0.1049645390070922 0.039525691699604744 0.0 0.0
0.002902757619738752 0.11631205673758865 0.025032938076416336 0.0 0.0
0.0 0.0 0.0 0.0 0.0
0.0 0.0 0.0013175230566534915 0.0 0.0
0.0 0.0 0.0 0.0 0.0
0.0 0.0 0.0 0.0 0.0
0.0 0.10070921985815603 0.03293807641633728 0.0 0.0
0.0 0.0 0.0 0.0 0.0
0.0 0.0 0.0013175230566534915 0.0 0.0
0.0 0.0 0.0 0.0 0.0
0.0 0.0 0.0 0.0 0.001314060446780552
0.0 0.04822695035460993 0.14492753623188406 0.001375515818431912 0.0
0.0 0.0 0.0 0.0 0.0
0.0 0.0 0.0 0.0 0.0
0.0 0.0 0.0 0.0 0.001314060446780552
0.0 0.0014184397163120568 0.0 0.0 0.0
0.001451378809869376 0.08794326241134752 0.0461133069828722 0.0 0.0
0.0 0.0 0.0 0.0 0.0
0.0 0.0 0.0 0.0 0.0
0.0 0.0 0.0 0.0 0.0
0.0 0.0 0.0 0.0 0.0
0.0 0.04680851063829787 0.12911725955204215 0.001375515818431912 0.002628120893561104
0.0 0.0 0.0 0.0 0.0
0.0 0.0 0.0 0.0 0.0
0.0 0.0 0.0 0.0 0.0
0.0 0.0 0.0 0.0 0.0
0.0 0.0 0.0 0.0 0.0
0.0 0.0 0.0 0.0 0.0
0.0 0.0 0.0 0.0 0.0
0.0 0.0 0.0 0.0 0.0
0.0 0.0 0.0 0.0 0.0
0.0 0.0 0.0 0.0 0.0
0.001451378809869376 0.04397163120567376 0.14229249011857706 0.0 0.0
0.0 0.05531914893617021 0.14229249011857706 0.0 0.0
0.0 0.03971631205673759 0.1725955204216074 0.001375515818431912 0.0
0.0 0.0524822695035461 0.1739130434782609 0.0 0.0
0.001451378809869376 0.04397163120567376 0.1831357048748353 0.001375515818431912 0.0
0.0 0.04397163120567376 0.1673254281949934 0.001375515818431912 0.0
0.0 0.05390070921985816 0.17654808959156787 0.002751031636863824 0.0
0.0 0.03829787234042553 0.1844532279314888 0.001375515818431912 0.0
0.0 0.04822695035460993 0.20816864295125165 0.0 0.0
0.0 0.0524822695035461 0.25296442687747034 0.0 0.0
0.001451378809869376 0.03546099290780142 0.23320158102766797 0.0041265474552957355 0.0
0.0 0.04822695035460993 0.22793148880105402 0.0 0.0
0.001451378809869376 0.05106382978723405 0.2740447957839262 0.002751031636863824 0.0
0.001451378809869376 0.06382978723404255 0.3069828722002635 0.001375515818431912 0.0
0.001451378809869376 0.03971631205673759 0.26745718050065875 0.0 0.0
0.0 0.04113475177304964 0.29380764163372863 0.001375515818431912 0.001314060446780552
0.0 0.06241134751773049 0.33201581027667987 0.0 0.0
0.0 0.03687943262411348 0.35968379446640314 0.0 0.0
0.001451378809869376 0.0425531914893617 0.38471673254281946 0.0 0.001314060446780552
0.0 0.04113475177304964 0.35046113306982873 0.002751031636863824 0.0
0.0 0.0425531914893617 0.43610013175230566 0.0 0.0
0.001451378809869376 0.05815602836879433 0.4281949934123847 0.0 0.0
0.001451378809869376 0.03971631205673759 0.45454545454545453 0.001375515818431912 0.0
0.001451378809869376 0.04539007092198582 0.49407114624505927 0.002751031636863824 0.001314060446780552
0.0 0.059574468085106386 0.530961791831357 0.0 0.0
0.001451378809869376 0.06950354609929077 0.52832674571805 0.0 0.0
0.0043541364296081275 0.075177304964539 0.5586297760210803 0.001375515818431912 0.0
0.0 0.06950354609929077 0.6271409749670619 0.001375515818431912 0.0
0.0 0.08794326241134752 0.6482213438735178 0.001375515818431912 0.0
0.0 0.08794326241134752 0.6956521739130436 0.001375515818431912 0.0
0.0 0.08226950354609928 0.7602108036890645 0.0 0.0
0.0 0.08226950354609928 0.8023715415019762 0.0 0.0
0.0 0.08368794326241134 0.8708827404479579 0.001375515818431912 0.0
0.0 0.08794326241134752 0.8036890645586299 0.0 0.0
0.0 0.09361702127659574 0.9644268774703557 0.001375515818431912 0.0
0.0 0.09361702127659574 1.0632411067193677 0.001375515818431912 0.0
0.0 0.10354609929078015 1.144927536231884 0.0 0.0
0.0 0.10638297872340426 1.1277997364953887 0.0 0.0
0.0 0.11631205673758865 1.3148880105401846 0.001375515818431912 0.0
0.0 0.12907801418439718 1.3913043478260871 0.0 0.0
0.002902757619738752 0.12340425531914893 1.5032938076416336 0.0 0.0
0.0 0.13333333333333333 1.6192358366271409 0.001375515818431912 0.0
0.001451378809869376 0.14326241134751772 1.6930171277997366 0.0 0.0
0.001451378809869376 0.1375886524822695 1.8168642951251646 0.0 0.0
0.0 0.15886524822695036 1.8866930171277996 0.002751031636863824 0.0
0.001451378809869376 0.17588652482269504 2.0632411067193677 0.0 0.0
0.0 0.19574468085106383 2.1343873517786562 0.001375515818431912 0.0
0.0 0.20141843971631207 2.2134387351778657 0.005502063273727648 0.0
0.0 0.1829787234042553 2.3583662714097495 0.0 0.001314060446780552
0.0 0.22269503546099292 2.5968379446640317 0.0 0.0
0.0 0.23120567375886525 2.69433465085639 0.0 0.0
0.001451378809869376 0.23546099290780143 2.779973649538867 0.001375515818431912 0.0
0.001451378809869376 0.23829787234042554 2.989459815546772 0.0 0.0
0.0 0.275177304964539 3.13965744400527 0.0 0.0
0.001451378809869376 0.31347517730496455 3.472990777338603 0.0 0.0
0.0 0.29219858156028367 3.6021080368906455 0.0 0.0
0.0 0.300709219858156 3.6772068511198945 0.0 0.0
0.002902757619738752 0.30638297872340425 3.8484848484848486 0.0 0.0
0.001451378809869376 0.3262411347517731 3.9657444005270093 0.0 0.0
0.001451378809869376 0.3347517730496454 4.04874835309618 0.002751031636863824 0.0
0.0 0.3560283687943262 4.370223978919632 0.0 0.0
0.0 0.3673758865248227 4.504611330698287 0.0 0.0
0.0 0.37163120567375885 4.563899868247694 0.001375515818431912 0.0
0.0 0.37730496453900714 4.799736495388669 0.001375515818431912 0.0
0.001451378809869376 0.39148936170212767 4.885375494071146 0.0 0.0
0.0 0.39148936170212767 4.971014492753623 0.001375515818431912 0.0
0.0 0.39858156028368796 5.130434782608695 0.001375515818431912 0.0
0.0 0.4056737588652482 5.303030303030304 0.001375515818431912 0.0
0.0 0.4482269503546099 5.5270092226613965 0.001375515818431912 0.0
0.0 0.4652482269503546 5.604743083003952 0.001375515818431912 0.0
0.0 0.4624113475177305 5.96574440052701 0.0 0.0
0.0 0.47517730496453897 6.118577075098814 0.0 0.001314060446780552
0.0 0.5234042553191489 6.262187088274045 0.0 0.0
0.0 0.5148936170212767 6.458498023715415 0.0 0.0
0.002902757619738752 0.5361702127659574 6.733860342555994 0.0 0.0
0.001451378809869376 0.5546099290780141 6.857707509881423 0.001375515818431912 0.0
0.0 0.5276595744680851 6.944664031620553 0.001375515818431912 0.0
0.0 0.5773049645390071 7.028985507246377 0.0 0.0
0.001451378809869376 0.5829787234042553 7.2187088274044795 0.0 0.0
0.0 0.601418439716312 7.395256916996047 0.001375515818431912 0.0
0.0 0.5773049645390071 7.575757575757576 0.0 0.0
0.0 0.6496453900709219 7.882740447957838 0.0 0.0
0.0 0.6879432624113475 8.121212121212121 0.0 0.0
0.0 0.672340425531915 8.312252964426877 0.0 0.0
0.001451378809869376 0.6865248226950355 8.511198945981555 0.0 0.001314060446780552
0.0 0.7063829787234043 8.70223978919631 0.001375515818431912 0.0
0.0 0.724822695035461 8.90909090909091 0.0 0.0
0.001451378809869376 0.723404255319149 9.129117259552043 0.002751031636863824 0.0
0.0 0.7716312056737589 9.4532279314888 0.0 0.0
0.001451378809869376 0.7971631205673759 9.652173913043478 0.001375515818431912 0.0
0.0 0.8198581560283688 9.848484848484848 0.0 0.0
0.001451378809869376 0.8425531914893617 10.126482213438734 0.0 0.0
0.0 0.8609929078014185 10.606060606060607 0.0 0.0
0.0 0.9063829787234042 10.729907773386035 0.0 0.0
0.0 0.9432624113475178 11.080368906455863 0.001375515818431912 0.0
0.0 0.9872340425531915 11.40711462450593 0.001375515818431912 0.0
0.002902757619738752 1.0297872340425533 11.670619235836627 0.001375515818431912 0.0
0.0 1.0326241134751775 11.783926218708828 0.0 0.0
0.001451378809869376 0.9872340425531915 11.662714097496707 0.002751031636863824 0.0
