0.000725689404934688 0.11560283687943262 0.0461133069828722 0.0 0.000657030223390276
0.0 0.150354609929078 0.06653491436100131 0.0 0.0
0.000725689404934688 0.17163120567375886 0.06258234519104085 0.000687757909215956 0.0
0.000725689404934688 0.1276595744680851 0.06982872200263504 0.0 0.0
0.001451378809869376 0.13546099290780142 0.048748353096179184 0.0 0.0
0.0 0.13829787234042554 0.050724637681159424 0.0 0.0
0.002902757619738752 0.1269503546099291 0.06653491436100131 0.000687757909215956 0.0
0.000725689404934688 0.11985815602836879 0.05599472990777339 0.001375515818431912 0.0
0.001451378809869376 0.15319148936170213 0.056653491436100135 0.0 0.0
0.001451378809869376 0.1375886524822695 0.06587615283267456 0.0 0.0
0.001451378809869376 0.15460992907801419 0.07444005270092227 0.0 0.0
0.000725689404934688 0.13546099290780142 0.06982872200263504 0.0 0.0
0.0 0.15390070921985816 0.04808959156785243 0.0 0.0
0.00362844702467344 0.15319148936170213 0.04743083003952569 0.0 0.0
0.0 0.1446808510638298 0.05335968379446641 0.0 0.0
0.000725689404934688 0.17304964539007092 0.08036890645586298 0.0 0.0
0.0 0.15177304964539007 0.044795783926218705 0.0 0.0
0.000725689404934688 0.1829787234042553 0.07048748353096179 0.000687757909215956 0.0
0.0 0.13900709219858154 0.05862977602108037 0.000687757909215956 0.0
0.00362844702467344 0.17163120567375886 0.056653491436100135 0.0 0.000657030223390276
0.000725689404934688 0.18156028368794327 0.06324110671936758 0.0 0.0
0.001451378809869376 0.16453900709219857 0.052700922266139656 0.0 0.0
0.0 0.1425531914893617 0.077733860342556 0.0 0.0
0.001451378809869376 0.1851063829787234 0.06521739130434782 0.0 0.0
0.001451378809869376 0.13333333333333333 0.050724637681159424 0.0 0.0
0.0 0.18936170212765957 0.07246376811594203 0.000687757909215956 0.0
0.000725689404934688 0.14326241134751772 0.06258234519104085 0.0 0.0
0.0043541364296081275 0.16666666666666666 0.07246376811594203 0.0 0.0
0.000725689404934688 0.200709219858156 0.06258234519104085 0.000687757909215956 0.0
0.001451378809869376 0.20567375886524822 0.05731225296442687 0.0 0.0
0.0050798258345428155 0.2 0.04743083003952569 0.0 0.0
0.001451378809869376 0.1879432624113475 0.0678524374176548 0.000687757909215956 0.0
0.0 0.14822695035460992 0.06060606060606061 0.0 0.0
0.0 0.19929078014184398 0.06587615283267456 0.000687757909215956 0.0
0.0 0.19858156028368792 0.0849802371541502 0.000687757909215956 0.0
0.0 0.24042553191489363 0.07444005270092227 0.0 0.0
0.0043541364296081275 0.21560283687943263 0.05862977602108037 0.001375515818431912 0.0
0.001451378809869376 0.21560283687943263 0.05401844532279315 0.0 0.0
0.000725689404934688 0.21347517730496454 0.054677206851119896 0.0 0.0
0.0043541364296081275 0.2148936170212766 0.07180500658761528 0.0 0.0
0.001451378809869376 0.23546099290780143 0.07246376811594203 0.0 0.0
0.002902757619738752 0.2943262411347518 0.08893280632411067 0.0 0.0
0.001451378809869376 0.21134751773049645 0.07707509881422925 0.000687757909215956 0.000657030223390276
0.000725689404934688 0.24326241134751775 0.06587615283267456 0.0 0.0
0.0050798258345428155 0.25319148936170216 0.06126482213438736 0.0 0.0
0.0021770682148040637 0.24397163120567375 0.07048748353096179 0.0020632737276478678 0.000657030223390276
0.002902757619738752 0.3049645390070922 0.07114624505928853 0.0 0.0
0.000725689404934688 0.300709219858156 0.077733860342556 0.0 0.0
0.0 0.25744680851063834 0.0678524374176548 0.0 0.0
0.000725689404934688 0.26595744680851063 0.06060606060606061 0.0 0.0
0.0021770682148040637 0.3120567375886525 0.10013175230566534 0.0 0.0
0.001451378809869376 0.29645390070921984 0.08563899868247694 0.001375515818431912 0.000657030223390276
0.000725689404934688 0.2624113475177305 0.07246376811594203 0.000687757909215956 0.0
0.0021770682148040637 0.29858156028368793 0.09288537549407114 0.000687757909215956 0.0
0.0043541364296081275 0.2780141843971631 0.09288537549407114 0.0 0.0
0.0 0.3361702127659575 0.0862977602108037 0.0 0.0
0.0021770682148040637 0.32269503546099293 0.09617918313570487 0.0 0.0
0.0 0.3120567375886525 0.08695652173913045 0.0 0.0
0.000725689404934688 0.36950354609929076 0.08234519104084322 0.0 0.0
0.0021770682148040637 0.3964539007092198 0.10474308300395258 0.0 0.0
0.0 0.35815602836879434 0.07048748353096179 0.0 0.0
0.0021770682148040637 0.3829787234042553 0.0836627140974967 0.000687757909215956 0.0
0.001451378809869376 0.39787234042553193 0.08563899868247694 0.000687757909215956 0.0
0.000725689404934688 0.3843971631205674 0.08102766798418973 0.0 0.0
0.0 0.36879432624113473 0.10144927536231885 0.0 0.0
0.00362844702467344 0.39361702127659576 0.08563899868247694 0.0 0.0
0.001451378809869376 0.41205673758865247 0.06455862977602107 0.0020632737276478678 0.0
0.0021770682148040637 0.400709219858156 0.08563899868247694 0.0 0.0
0.002902757619738752 0.4106382978723404 0.08695652173913045 0.000687757909215956 0.0
0.002902757619738752 0.38865248226950355 0.0849802371541502 0.0 0.0
0.0021770682148040637 0.42907801418439717 0.08563899868247694 0.000687757909215956 0.000657030223390276
0.0021770682148040637 0.4382978723404255 0.09420289855072464 0.0 0.0
0.0043541364296081275 0.47446808510638294 0.09881422924901186 0.0 0.000657030223390276
0.000725689404934688 0.4297872340425532 0.10606060606060606 0.0 0.0
0.000725689404934688 0.500709219858156 0.10013175230566534 0.0 0.000657030223390276
0.0 0.47375886524822697 0.0909090909090909 0.0 0.0
0.000725689404934688 0.5042553191489362 0.09881422924901186 0.000687757909215956 0.0
0.000725689404934688 0.5191489361702127 0.10606060606060606 0.000687757909215956 0.000657030223390276
0.002902757619738752 0.4950354609929078 0.08761528326745718 0.000687757909215956 0.0
0.001451378809869376 0.5680851063829787 0.14031620553359683 0.000687757909215956 0.0
0.000725689404934688 0.5702127659574469 0.09947299077733861 0.001375515818431912 0.0
0.00362844702467344 0.575177304964539 0.09881422924901186 0.0 0.0
0.001451378809869376 0.5836879432624114 0.10210803689064558 0.000687757909215956 0.0
0.0 0.5829787234042553 0.1297760210803689 0.0 0.0
0.001451378809869376 0.6198581560283688 0.09749670619235837 0.0 0.0
0.000725689404934688 0.625531914893617 0.12845849802371542 0.0 0.000657030223390276
0.000725689404934688 0.6468085106382978 0.12648221343873517 0.0 0.0
0.001451378809869376 0.626241134751773 0.09683794466403162 0.0 0.0
0.000725689404934688 0.6900709219858155 0.1297760210803689 0.001375515818431912 0.0
0.001451378809869376 0.6957446808510639 0.13899868247694336 0.0 0.0
0.000725689404934688 0.6893617021276596 0.1324110671936759 0.000687757909215956 0.0
0.001451378809869376 0.7283687943262411 0.11396574440052701 0.0 0.0
0.00362844702467344 0.7602836879432624 0.16073781291172595 0.000687757909215956 0.0
0.0021770682148040637 0.7730496453900709 0.1152832674571805 0.0 0.0
0.001451378809869376 0.7404255319148936 0.1383399209486166 0.000687757909215956 0.0
0.0050798258345428155 0.849645390070922 0.1357048748353096 0.001375515818431912 0.000657030223390276
0.001451378809869376 0.7921985815602837 0.15678524374176547 0.0 0.000657030223390276
0.000725689404934688 0.8212765957446808 0.15480895915678522 0.0 0.0
0.0 0.8907801418439717 0.1495388669301713 0.0 0.0
0.001451378809869376 0.8815602836879433 0.1541501976284585 0.0 0.0
0.002902757619738752 0.9205673758865248 0.152832674571805 0.0 0.0
0.0 0.06595744680851064 0.0 0.0 0.0
0.0 0.05815602836879433 0.0013175230566534915 0.0 0.0
0.0 0.059574468085106386 0.0 0.0 0.0
0.0 0.06099290780141844 0.0006587615283267457 0.0 0.0
0.001451378809869376 0.9007092198581561 0.15744400527009222 0.0 0.000657030223390276
0.0 0.0673758865248227 0.0 0.0 0.0
0.0 0.0673758865248227 0.0006587615283267457 0.0 0.0
0.0 0.06099290780141844 0.0 0.0 0.0
0.0 0.06808510638297872 0.0 0.0 0.000657030223390276
0.001451378809869376 0.7212765957446808 0.3115942028985507 0.001375515818431912 0.0
0.0 0.07304964539007092 0.0 0.0 0.0
0.0 0.06595744680851064 0.0 0.0 0.0
0.0 0.0673758865248227 0.0 0.0 0.000657030223390276
0.0 0.06595744680851064 0.0 0.0 0.0
0.0021770682148040637 0.9198581560283687 0.15678524374176547 0.0 0.0
0.0 0.0574468085106383 0.0 0.0 0.0
0.0 0.07092198581560284 0.0 0.0 0.0
0.0 0.06099290780141844 0.0 0.0 0.0
0.0 0.0524822695035461 0.0 0.0 0.0
0.000725689404934688 0.7432624113475177 0.2984189723320158 0.001375515818431912 0.001314060446780552
0.0 0.06879432624113475 0.0 0.0 0.0
0.0 0.07659574468085106 0.0006587615283267457 0.000687757909215956 0.0
0.0 0.0723404255319149 0.0 0.0 0.0
0.0 0.06241134751773049 0.0 0.0 0.0
0.000725689404934688 0.07730496453900709 0.0 0.0 0.0
0.0 0.06595744680851064 0.0 0.0 0.0
0.0 0.07021276595744681 0.0006587615283267457 0.0 0.0
0.0 0.06170212765957447 0.0 0.0 0.0
0.0 0.06595744680851064 0.0006587615283267457 0.0 0.0
0.0 0.05815602836879433 0.0 0.0 0.0
0.001451378809869376 0.7198581560283688 0.3017127799736496 0.0 0.0
0.001451378809869376 0.7205673758865248 0.3017127799736496 0.0 0.0
0.0 0.7021276595744681 0.3234519104084322 0.001375515818431912 0.0
0.000725689404934688 0.7078014184397163 0.3300395256916996 0.0 0.0
0.000725689404934688 0.7163120567375887 0.3194993412384717 0.001375515818431912 0.0
0.0 0.7120567375886524 0.3017127799736496 0.000687757909215956 0.0
0.000725689404934688 0.7127659574468086 0.3102766798418973 0.001375515818431912 0.0
0.0 0.7049645390070922 0.2885375494071146 0.001375515818431912 0.0
0.0 0.7333333333333334 0.3267457180500659 0.000687757909215956 0.0
0.000725689404934688 0.7035460992907802 0.341897233201581 0.0020632737276478678 0.0
0.001451378809869376 0.674468085106383 0.3102766798418973 0.002751031636863824 0.0
0.0 0.6929078014184398 0.3267457180500659 0.0 0.0
0.000725689404934688 0.7134751773049646 0.3550724637681159 0.0020632737276478678 0.0
0.000725689404934688 0.7049645390070922 0.3675889328063241 0.000687757909215956 0.0
0.000725689404934688 0.6794326241134752 0.33201581027667987 0.0 0.0
0.000725689404934688 0.6971631205673758 0.35638998682476947 0.000687757909215956 0.000657030223390276
0.000725689404934688 0.7730496453900709 0.3952569169960474 0.0 0.0
0.0 0.6517730496453901 0.37681159420289856 0.0 0.0
0.001451378809869376 0.6787234042553191 0.39789196310935443 0.0 0.000657030223390276
0.000725689404934688 0.6822695035460994 0.35836627140974964 0.0020632737276478678 0.0
0.0 0.6900709219858155 0.43741765480895917 0.000687757909215956 0.0
0.000725689404934688 0.6815602836879433 0.424901185770751 0.0 0.0
0.001451378809869376 0.6758865248226951 0.419631093544137 0.000687757909215956 0.0
0.000725689404934688 0.6879432624113475 0.4453227931488801 0.0020632737276478678 0.001314060446780552
0.0 0.7042553191489362 0.45454545454545453 0.000687757909215956 0.0
0.000725689404934688 0.6836879432624113 0.4565217391304348 0.0 0.0
0.0021770682148040637 0.7163120567375887 0.4670619235836627 0.000687757909215956 0.0
0.0 0.7347517730496455 0.5065876152832675 0.000687757909215956 0.0
0.0 0.7120567375886524 0.5329380764163373 0.001375515818431912 0.0
0.0 0.6985815602836879 0.5487483530961792 0.002751031636863824 0.0
0.0 0.7085106382978723 0.5889328063241107 0.0 0.0
0.0 0.7148936170212766 0.5691699604743082 0.001375515818431912 0.0
0.0 0.7049645390070922 0.6337285902503293 0.001375515818431912 0.0
0.0 0.6914893617021277 0.5816864295125165 0.000687757909215956 0.0
0.001451378809869376 0.6914893617021277 0.6409749670619236 0.000687757909215956 0.0
0.0 0.6985815602836879 0.7048748353096179 0.000687757909215956 0.0
0.0 0.7085106382978723 0.7470355731225297 0.000687757909215956 0.0
0.0 0.6957446808510639 0.7028985507246376 0.000687757909215956 0.0
0.000725689404934688 0.7276595744680852 0.8458498023715415 0.000687757909215956 0.0
0.0 0.7269503546099291 0.8636363636363636 0.000687757909215956 0.0
0.001451378809869376 0.7021276595744681 0.9143610013175231 0.0 0.0
0.0 0.6851063829787234 0.9782608695652175 0.000687757909215956 0.0
0.000725689404934688 0.7262411347517731 1.0204216073781291 0.000687757909215956 0.0
0.001451378809869376 0.7141843971631207 1.0685111989459815 0.000687757909215956 0.0
0.0 0.7163120567375887 1.1014492753623188 0.001375515818431912 0.000657030223390276
0.000725689404934688 0.7163120567375887 1.1831357048748352 0.0 0.0
0.000725689404934688 0.7184397163120567 1.2121212121212122 0.001375515818431912 0.0
0.0 0.7290780141843971 1.2582345191040845 0.002751031636863824 0.0
0.0 0.675177304964539 1.3280632411067195 0.0 0.000657030223390276
0.0 0.7432624113475177 1.4499341238471672 0.000687757909215956 0.0
0.0 0.7347517730496455 1.4861660079051382 0.0 0.0
0.000725689404934688 0.7638297872340425 1.5158102766798418 0.001375515818431912 0.0
0.000725689404934688 0.7290780141843971 1.629776021080369 0.0 0.0
0.0 0.7460992907801419 1.6897233201581028 0.0 0.0
0.000725689404934688 0.7638297872340425 1.8550724637681157 0.0 0.0
0.0 0.7446808510638299 1.9130434782608696 0.000687757909215956 0.0
0.0 0.725531914893617 1.9453227931488801 0.000687757909215956 0.000657030223390276
0.001451378809869376 0.7212765957446808 2.030961791831357 0.0 0.0
0.000725689404934688 0.7730496453900709 2.1139657444005273 0.0 0.0
0.001451378809869376 0.750354609929078 2.123847167325428 0.001375515818431912 0.0
0.0 0.7730496453900709 2.2872200263504614 0.000687757909215956 0.0
0.0 0.799290780141844 2.374835309617918 0.000687757909215956 0.0
0.0 0.7851063829787235 2.3722002635046113 0.001375515818431912 0.0
0.0 0.7765957446808511 2.5013175230566533 0.000687757909215956 0.0
0.001451378809869376 0.7865248226950355 2.546772068511199 0.000687757909215956 0.0
0.0 0.7737588652482269 2.58102766798419 0.000687757909215956 0.0
0.0 0.8056737588652483 2.6613965744400527 0.001375515818431912 0.0
0.000725689404934688 0.7808510638297872 2.7529644268774707 0.000687757909215956 0.000657030223390276
0.000725689404934688 0.826241134751773 2.864953886693017 0.000687757909215956 0.0
0.0 0.826241134751773 2.889328063241107 0.000687757909215956 0.0
0.0 0.8219858156028369 3.0711462450592886 0.000687757909215956 0.0
0.001451378809869376 0.8198581560283688 3.144268774703557 0.0 0.000657030223390276
0.001451378809869376 0.8553191489361702 3.2167325428194995 0.000687757909215956 0.0
0.000725689404934688 0.8191489361702128 3.3135704874835312 0.0 0.0
0.001451378809869376 0.847517730496454 3.449275362318841 0.000687757909215956 0.0
0.000725689404934688 0.8673758865248227 3.507905138339921 0.001375515818431912 0.0
0.0 0.8269503546099292 3.5606060606060606 0.000687757909215956 0.0
0.000725689404934688 0.8482269503546099 3.5803689064558633 0.0 0.0
0.001451378809869376 0.8560283687943262 3.689723320158103 0.0 0.0
0.0 0.8687943262411348 3.7654808959156782 0.000687757909215956 0.0
0.0 0.8524822695035461 3.8563899868247695 0.000687757909215956 0.0
0.0 0.8843971631205674 4.009881422924901 0.000687757909215956 0.000657030223390276
0.0 0.9333333333333333 4.113965744400527 0.000687757909215956 0.0
0.0 0.8680851063829788 4.210803689064559 0.0 0.0
0.000725689404934688 0.9028368794326241 4.314888010540185 0.0 0.001314060446780552
0.0 0.9056737588652483 4.409749670619235 0.000687757909215956 0.0
0.0 0.9205673758865248 4.503293807641634 0.0 0.0
0.001451378809869376 0.9390070921985815 4.623188405797101 0.001375515818431912 0.0
0.0 0.9411347517730497 4.780632411067193 0.0 0.0
0.000725689404934688 0.9468085106382979 4.888010540184453 0.000687757909215956 0.0
0.0 0.9617021276595745 4.978919631093544 0.000687757909215956 0.0
0.00362844702467344 0.9439716312056737 5.1106719367588935 0.0 0.000657030223390276
0.001451378809869376 0.9482269503546099 5.3517786561264815 0.0 0.0
0.0 1.0056737588652482 5.404479578392622 0.0 0.0
0.0 1.0092198581560285 5.5810276679841895 0.0020632737276478678 0.0
0.0 1.0177304964539007 5.747694334650856 0.000687757909215956 0.0
0.0021770682148040637 1.0425531914893618 5.881422924901186 0.0020632737276478678 0.0
0.0 1.0375886524822695 5.942028985507246 0.0 0.0
0.000725689404934688 1.0134751773049646 5.867588932806324 0.001375515818431912 0.0
