74.0 69.81818181818183 72.1875 73.07692307692308 73.28571428571429
74.0 68.9090909090909 71.9375 73.84615384615385 72.64285714285715
72.33333333333333 69.18181818181817 69.8125 71.53846153846153 71.5
73.91666666666667 68.63636363636364 70.6875 72.61538461538461 73.28571428571429
72.83333333333333 68.54545454545455 71.375 72.0 72.21428571428572
73.58333333333333 67.9090909090909 69.875 71.23076923076924 70.85714285714286
72.33333333333333 68.9090909090909 70.75 71.76923076923076 71.85714285714286
73.5 68.9090909090909 70.1875 72.0 71.92857142857143
72.66666666666667 70.27272727272728 70.8125 71.3076923076923 71.35714285714286
73.41666666666667 68.45454545454545 69.5625 71.92307692307692 71.57142857142858
73.66666666666667 70.0909090909091 71.125 72.84615384615385 71.71428571428572
72.91666666666667 70.27272727272728 71.25 73.0 71.92857142857143
73.5 68.0909090909091 69.875 72.38461538461539 73.0
72.75 69.27272727272728 70.125 72.53846153846153 71.92857142857143
73.5 69.9090909090909 70.8125 71.61538461538461 71.21428571428572
72.33333333333333 68.0 70.5625 71.46153846153847 71.85714285714286
73.58333333333333 67.27272727272728 70.3125 72.15384615384615 71.28571428571429
72.91666666666667 67.36363636363636 69.375 70.76923076923076 71.5
71.91666666666667 68.0 69.9375 70.92307692307692 70.71428571428572
73.75 68.63636363636364 70.5 72.07692307692308 73.07142857142857
74.83333333333333 69.81818181818183 71.625 73.23076923076923 72.28571428571429
72.25 67.36363636363636 69.4375 70.15384615384615 71.0
72.75 68.9090909090909 69.5625 72.15384615384615 72.07142857142858
72.58333333333333 68.0 69.8125 71.07692307692308 70.85714285714286
72.58333333333333 68.18181818181817 70.1875 72.07692307692308 72.21428571428572
74.5 68.36363636363636 71.5 73.23076923076923 73.07142857142857
74.41666666666667 69.72727272727272 69.8125 71.76923076923076 71.5
72.41666666666667 67.72727272727273 69.875 72.3076923076923 72.5
73.91666666666667 68.54545454545455 71.5625 73.53846153846153 72.57142857142857
72.58333333333333 68.36363636363636 69.75 72.3076923076923 72.64285714285715
73.83333333333333 68.63636363636364 70.75 72.92307692307692 71.71428571428572
72.75 68.0909090909091 69.3125 71.6923076923077 71.21428571428572
73.75 70.45454545454545 72.3125 74.3076923076923 73.28571428571429
73.33333333333333 67.27272727272728 70.5 71.3076923076923 71.5
73.66666666666667 67.81818181818181 70.875 71.76923076923076 71.85714285714286
73.33333333333333 69.0 70.5625 72.0 71.78571428571429
73.0 68.81818181818181 70.125 70.15384615384615 73.5
73.25 68.45454545454545 71.125 72.53846153846153 72.64285714285715
72.91666666666667 69.36363636363636 70.0625 70.76923076923076 70.28571428571428
73.5 68.81818181818181 70.25 71.38461538461539 71.28571428571429
71.75 66.45454545454547 69.8125 70.76923076923076 70.64285714285715
72.75 68.63636363636364 70.25 70.76923076923076 71.35714285714286
73.58333333333333 66.27272727272728 69.375 69.23076923076924 69.71428571428571
73.5 67.81818181818181 70.25 71.3076923076923 72.42857142857143
73.0 66.54545454545455 69.5625 70.61538461538463 71.42857142857143
73.33333333333333 67.9090909090909 69.5625 71.84615384615385 71.92857142857143
73.83333333333333 68.0909090909091 69.875 71.76923076923076 71.5
72.5 67.36363636363636 69.875 71.38461538461539 71.92857142857143
74.58333333333333 68.0909090909091 70.625 73.07692307692308 72.78571428571429
74.33333333333333 68.0 70.625 71.76923076923076 71.64285714285715
72.5 67.36363636363636 70.8125 72.3076923076923 72.28571428571429
73.16666666666667 69.0909090909091 71.6875 72.53846153846153 71.07142857142858
72.83333333333333 66.9090909090909 69.75 71.61538461538461 72.42857142857143
73.58333333333333 69.0 71.375 72.23076923076924 71.5
73.16666666666667 68.27272727272728 69.6875 72.23076923076924 71.28571428571429
72.33333333333333 66.45454545454547 70.1875 72.46153846153847 72.21428571428572
72.91666666666667 66.18181818181817 70.9375 71.61538461538461 72.0
73.91666666666667 68.45454545454545 71.1875 72.84615384615385 72.57142857142857
72.66666666666667 66.27272727272728 69.8125 70.23076923076924 71.21428571428572
73.41666666666667 68.27272727272728 70.125 71.38461538461539 72.35714285714286
75.08333333333333 69.0 70.6875 73.0 72.71428571428572
72.5 67.63636363636364 70.125 71.61538461538461 71.64285714285715
72.16666666666667 67.0909090909091 70.0625 71.92307692307692 71.21428571428572
73.25 67.0 70.875 72.6923076923077 72.0
72.33333333333333 66.0 68.875 69.53846153846153 70.07142857142857
72.08333333333333 67.36363636363636 69.375 72.61538461538461 71.14285714285715
72.16666666666667 65.81818181818181 69.6875 70.0 70.57142857142858
73.83333333333333 67.54545454545455 70.1875 72.3076923076923 71.07142857142858
72.0 67.63636363636364 69.375 71.61538461538461 70.35714285714286
73.75 66.72727272727273 70.625 71.92307692307692 71.57142857142858
73.16666666666667 66.45454545454547 69.5625 72.15384615384615 72.92857142857143
74.33333333333333 67.18181818181817 70.8125 71.46153846153847 71.85714285714286
73.58333333333333 67.18181818181817 70.1875 72.23076923076924 71.57142857142858
74.25 66.81818181818181 70.0625 71.38461538461539 71.64285714285715
71.91666666666667 65.9090909090909 68.1875 70.6923076923077 70.42857142857143
73.16666666666667 65.9090909090909 69.3125 71.92307692307692 72.35714285714286
72.58333333333333 67.0 69.5625 72.23076923076924 72.0
74.0 65.81818181818181 71.125 72.84615384615385 72.85714285714286
71.5 65.45454545454545 69.125 70.76923076923076 70.57142857142858
73.33333333333333 65.45454545454545 71.125 70.61538461538463 71.42857142857143
73.0 65.63636363636363 69.4375 73.15384615384615 71.64285714285715
72.66666666666667 68.18181818181817 70.5 73.46153846153847 71.92857142857143
73.0 65.81818181818181 71.0 73.76923076923077 72.35714285714286
74.16666666666667 65.9090909090909 70.6875 72.15384615384615 72.14285714285715
73.16666666666667 67.0909090909091 70.0 71.6923076923077 72.0
73.25 65.36363636363636 69.875 71.38461538461539 70.64285714285715
72.33333333333333 64.45454545454545 69.5 72.15384615384615 72.5
74.0 65.18181818181819 70.25 72.6923076923077 71.78571428571429
71.33333333333333 66.0909090909091 68.875 71.6923076923077 72.07142857142858
74.41666666666667 66.72727272727273 70.125 72.61538461538461 71.92857142857143
72.66666666666667 65.18181818181819 69.625 71.46153846153847 72.92857142857143
72.16666666666667 63.909090909090914 68.5625 71.07692307692308 70.57142857142858
72.83333333333333 66.0 70.3125 72.84615384615385 72.5
72.91666666666667 66.45454545454547 69.9375 72.15384615384615 73.0
74.08333333333333 67.0909090909091 71.625 74.0 72.78571428571429
73.5 65.81818181818181 71.375 73.0 72.5
73.33333333333333 66.18181818181817 70.625 72.46153846153847 72.57142857142857
71.08333333333333 63.81818181818181 68.0625 70.76923076923076 70.0
73.25 64.72727272727273 69.75 72.07692307692308 72.0
73.91666666666667 64.36363636363636 70.0 71.38461538461539 71.64285714285715
72.08333333333333 63.45454545454546 69.0625 70.15384615384615 71.35714285714286
63.833333333333336 64.9090909090909 64.75 65.07692307692308 65.14285714285714
66.5 65.54545454545455 66.0 65.07692307692308 65.71428571428571
65.75 65.27272727272728 65.0625 65.15384615384616 65.5
66.16666666666667 63.27272727272727 66.3125 66.61538461538461 66.35714285714285
74.83333333333333 63.909090909090914 69.6875 72.46153846153847 72.42857142857143
66.75 64.0 66.8125 65.38461538461539 66.71428571428571
67.33333333333333 67.36363636363636 67.5 67.46153846153847 68.0
66.08333333333333 66.63636363636363 66.6875 66.61538461538461 67.21428571428571
66.33333333333333 65.0 65.5 66.15384615384616 65.35714285714286
72.41666666666667 66.0909090909091 69.5625 72.61538461538461 72.42857142857143
66.66666666666667 65.27272727272728 66.6875 67.0 67.28571428571428
66.5 66.0909090909091 65.9375 66.3076923076923 67.0
66.0 65.72727272727273 65.8125 65.38461538461539 65.57142857142857
64.83333333333334 65.72727272727273 65.5 65.15384615384616 65.21428571428571
74.08333333333333 65.0 70.5625 73.23076923076923 72.5
66.58333333333333 66.0 67.3125 66.76923076923077 66.57142857142857
65.75 65.18181818181819 66.625 66.3076923076923 66.14285714285714
66.16666666666667 65.54545454545455 65.625 65.38461538461539 65.07142857142857
65.66666666666667 66.27272727272728 65.5 65.0 66.78571428571428
72.08333333333333 64.45454545454545 68.6875 72.38461538461539 71.5
67.0 65.0 67.25 68.15384615384615 66.78571428571428
66.08333333333333 65.9090909090909 66.0 67.0 66.71428571428571
65.5 65.81818181818181 65.9375 66.38461538461539 66.57142857142857
66.08333333333333 65.18181818181819 67.125 67.61538461538461 67.21428571428571
65.0 65.0909090909091 65.5625 65.53846153846153 65.28571428571428
66.58333333333333 65.63636363636363 66.5 65.23076923076923 66.85714285714285
65.16666666666667 64.9090909090909 65.8125 64.53846153846155 65.85714285714285
66.75 66.27272727272728 67.3125 67.0 67.42857142857143
67.0 65.54545454545455 66.625 66.46153846153847 66.0
66.08333333333333 64.72727272727273 66.0 65.61538461538461 66.28571428571428
73.16666666666667 65.27272727272728 69.625 72.6923076923077 72.85714285714286
72.33333333333333 63.63636363636363 67.6875 71.23076923076924 72.71428571428572
71.83333333333333 65.72727272727273 67.875 72.0 72.14285714285715
71.91666666666667 64.81818181818181 67.625 72.0 72.21428571428572
74.16666666666667 67.0909090909091 68.875 72.23076923076924 73.57142857142857
72.66666666666667 65.81818181818181 68.125 71.53846153846153 72.28571428571429
73.33333333333333 64.18181818181819 68.25 72.92307692307692 73.35714285714286
73.33333333333333 65.9090909090909 68.25 72.92307692307692 73.0
71.83333333333333 65.0 67.125 72.53846153846153 71.71428571428572
72.5 66.0909090909091 68.6875 72.6923076923077 73.42857142857143
71.83333333333333 64.72727272727273 66.1875 71.84615384615385 71.57142857142858
72.58333333333333 65.36363636363636 68.1875 71.92307692307692 72.78571428571429
72.33333333333333 65.0 68.9375 71.23076923076924 71.71428571428572
73.83333333333333 68.0 69.75 73.3076923076923 74.07142857142857
73.08333333333333 66.27272727272728 66.875 72.3076923076923 72.5
71.41666666666667 64.81818181818181 67.0 71.0 71.64285714285715
72.83333333333333 64.27272727272727 66.25 72.15384615384615 71.0
72.75 66.0 67.125 72.07692307692308 72.64285714285715
72.58333333333333 63.45454545454546 67.375 71.6923076923077 72.64285714285715
73.75 65.18181818181819 66.375 72.6923076923077 73.21428571428572
73.16666666666667 64.45454545454545 66.875 73.0 73.14285714285715
73.0 66.18181818181817 66.0 73.15384615384615 71.85714285714286
72.66666666666667 65.27272727272728 65.375 72.6923076923077 72.85714285714286
73.08333333333333 64.63636363636363 65.8125 73.53846153846153 74.0
72.0 63.81818181818181 64.1875 72.3076923076923 71.28571428571429
72.16666666666667 63.54545454545455 64.25 72.76923076923077 71.71428571428572
73.08333333333333 63.36363636363636 64.25 70.3076923076923 70.85714285714286
73.0 64.36363636363636 63.31249999999999 71.92307692307692 71.71428571428572
72.33333333333333 65.0909090909091 63.875 72.53846153846153 73.28571428571429
72.5 65.18181818181819 63.93749999999999 73.07692307692308 72.71428571428572
72.0 62.72727272727273 62.1875 71.53846153846153 70.07142857142857
72.33333333333333 62.18181818181818 61.0625 72.0 72.5
72.58333333333333 63.63636363636363 60.25 72.76923076923077 72.07142857142858
72.83333333333333 63.0 60.3125 72.07692307692308 73.57142857142857
73.08333333333333 62.36363636363637 60.25 72.6923076923077 73.14285714285715
73.66666666666667 61.0 58.375 71.84615384615385 73.0
73.41666666666667 62.18181818181818 58.625 71.3076923076923 73.35714285714286
73.41666666666667 61.0 59.375 73.6923076923077 73.71428571428572
71.5 62.27272727272727 55.4375 71.61538461538461 71.92857142857143
72.58333333333333 61.09090909090909 56.0625 72.92307692307692 73.71428571428572
73.0 60.90909090909091 56.6875 73.61538461538461 73.07142857142857
73.0 60.72727272727273 55.25 71.15384615384615 72.71428571428572
72.91666666666667 57.90909090909091 54.75 72.0 73.64285714285715
73.91666666666667 57.63636363636364 49.3125 71.15384615384615 72.64285714285715
74.0 58.54545454545455 51.8125 72.61538461538461 74.07142857142857
74.08333333333333 59.0 50.0625 73.15384615384615 74.85714285714286
72.75 59.27272727272727 48.9375 72.53846153846153 72.42857142857143
74.16666666666667 57.81818181818182 46.6875 73.07692307692308 73.14285714285715
73.0 56.18181818181818 43.375 71.6923076923077 73.0
73.83333333333333 57.0 43.375 73.38461538461539 74.71428571428572
73.5 55.54545454545455 41.4375 72.46153846153847 74.64285714285715
73.91666666666667 55.27272727272727 41.5 72.92307692307692 73.71428571428572
75.0 54.72727272727273 40.4375 73.61538461538461 73.78571428571429
74.08333333333333 54.0 36.1875 73.46153846153847 74.71428571428572
74.33333333333333 53.81818181818182 35.5625 74.15384615384616 73.42857142857143
73.58333333333333 53.18181818181819 34.125 73.76923076923077 73.5
73.58333333333333 52.72727272727273 33.0 72.07692307692308 73.14285714285715
73.75 50.18181818181818 31.3125 73.38461538461539 74.14285714285715
74.75 51.18181818181818 30.375 72.38461538461539 74.5
76.75 49.27272727272727 30.4375 73.92307692307692 75.35714285714286
74.41666666666667 50.36363636363636 25.5 73.92307692307692 74.35714285714286
74.83333333333333 49.0 23.9375 73.3076923076923 75.78571428571429
75.33333333333333 47.36363636363637 23.4375 72.61538461538461 74.71428571428572
75.16666666666667 45.90909090909091 21.5 72.53846153846153 75.57142857142857
77.08333333333334 47.09090909090909 21.625 74.3076923076923 77.35714285714286
75.91666666666666 45.72727272727273 18.125 74.07692307692308 75.71428571428572
75.91666666666666 45.54545454545455 18.0 73.46153846153847 75.5
75.66666666666666 42.63636363636364 17.0625 73.38461538461539 75.57142857142857
76.0 44.18181818181818 16.875 74.38461538461539 77.07142857142857
75.66666666666666 40.0 14.125 71.6923076923077 76.0
75.08333333333333 40.27272727272727 13.75 72.23076923076924 75.5
77.0 41.54545454545455 13.8125 74.6923076923077 76.0
77.83333333333334 41.36363636363637 13.4375 75.0 76.92857142857143
76.5 38.54545454545454 12.25 72.23076923076924 75.64285714285714
75.91666666666666 39.09090909090909 11.625 73.3076923076923 76.5
75.83333333333334 37.54545454545455 11.875 73.3076923076923 76.64285714285714
78.0 40.0 10.9375 74.76923076923077 78.71428571428571
76.66666666666666 39.45454545454546 11.5 73.76923076923077 76.42857142857143
77.0 38.90909090909091 11.625 73.38461538461539 76.85714285714286
76.41666666666666 37.45454545454545 11.4375 73.53846153846153 76.78571428571429
77.75 35.63636363636364 9.0 72.6923076923077 77.35714285714286
76.66666666666666 36.18181818181818 9.375 73.76923076923077 77.21428571428571
76.5 35.81818181818182 8.4375 73.0 76.42857142857143
76.5 34.45454545454545 8.8125 72.15384615384615 77.21428571428571
77.08333333333334 37.90909090909091 10.1875 74.53846153846153 77.14285714285714
77.16666666666666 38.0 9.1875 74.23076923076923 77.64285714285714
75.66666666666666 35.090909090909086 8.4375 72.07692307692308 77.57142857142857
77.66666666666666 35.090909090909086 8.6875 73.23076923076923 77.35714285714286
76.0 36.909090909090914 8.6875 73.23076923076923 78.14285714285714
77.25 37.81818181818182 10.0 73.61538461538461 77.57142857142857
77.41666666666666 38.27272727272727 10.0625 73.61538461538461 78.42857142857143
75.33333333333333 37.18181818181819 8.625 72.23076923076924 75.92857142857143
77.16666666666666 36.18181818181818 9.3125 75.0 77.92857142857143
76.5 36.63636363636363 9.3125 72.0 77.28571428571429
76.75 37.09090909090909 9.1875 72.46153846153847 77.28571428571429
76.83333333333334 36.36363636363636 8.4375 72.0 77.42857142857143
77.16666666666666 35.090909090909086 8.8125 73.84615384615385 77.42857142857143
77.66666666666666 37.09090909090909 10.375 74.07692307692308 78.42857142857143
77.08333333333334 36.09090909090909 9.3125 73.23076923076923 76.78571428571429
