85.77777777777777 82.9 85.625 87.2 85.55555555555556
84.33333333333333 82.0 84.0 85.6 86.55555555555556
83.33333333333333 81.4 83.625 85.7 85.0
83.11111111111111 81.5 83.125 85.9 84.66666666666667
83.44444444444444 81.9 82.875 85.6 84.88888888888889
85.44444444444444 80.5 82.75 84.9 85.11111111111111
84.44444444444444 81.69999999999999 84.375 84.8 84.88888888888889
83.77777777777779 81.69999999999999 82.875 85.0 85.66666666666667
85.22222222222223 81.19999999999999 84.0 85.1 85.0
84.66666666666667 80.5 82.0 86.1 84.66666666666667
84.0 81.0 83.625 85.9 86.0
84.77777777777777 82.0 83.75 85.8 85.44444444444444
84.66666666666667 80.60000000000001 82.0 86.2 85.22222222222223
83.55555555555554 80.0 81.875 85.7 84.88888888888889
85.11111111111111 83.1 83.5 86.0 85.33333333333333
83.55555555555554 80.60000000000001 82.75 86.5 85.33333333333333
83.22222222222223 80.10000000000001 82.375 85.0 84.55555555555556
83.55555555555554 80.4 82.0 84.5 85.33333333333333
84.22222222222223 79.5 82.875 85.0 85.77777777777777
84.33333333333333 78.89999999999999 83.0 85.4 85.11111111111111
85.44444444444444 80.60000000000001 83.5 85.1 85.33333333333333
84.33333333333333 79.8 82.5 85.0 84.33333333333333
84.0 80.4 81.75 86.1 85.44444444444444
84.33333333333333 79.5 82.625 85.8 84.77777777777777
84.33333333333333 80.3 81.375 85.8 83.77777777777779
84.44444444444444 79.60000000000001 82.25 84.7 85.11111111111111
85.55555555555556 80.4 82.75 85.5 86.0
83.66666666666667 79.10000000000001 81.25 85.3 84.44444444444444
84.0 80.5 83.25 86.1 85.44444444444444
84.66666666666667 79.2 82.875 86.0 85.55555555555556
83.88888888888889 78.0 82.5 84.4 85.77777777777777
84.44444444444444 78.3 82.75 85.4 85.0
85.55555555555556 79.8 83.125 87.2 85.11111111111111
84.11111111111111 78.3 81.5 85.7 85.0
84.22222222222223 77.39999999999999 82.5 85.5 85.55555555555556
84.44444444444444 78.0 81.875 86.0 85.0
84.0 78.39999999999999 81.625 85.5 84.0
84.88888888888889 77.39999999999999 82.25 84.8 86.0
84.33333333333333 78.89999999999999 82.375 85.3 84.55555555555556
84.66666666666667 78.10000000000001 81.75 85.6 84.44444444444444
84.0 76.5 81.75 85.3 84.33333333333333
84.44444444444444 76.89999999999999 81.5 85.7 85.0
83.88888888888889 77.89999999999999 80.625 84.3 84.0
83.33333333333333 76.2 82.125 85.2 84.22222222222223
82.88888888888889 77.0 81.25 85.0 84.66666666666667
85.11111111111111 77.3 81.625 86.6 84.88888888888889
84.22222222222223 78.10000000000001 82.5 84.9 85.33333333333333
84.77777777777777 75.5 80.625 86.3 83.88888888888889
83.77777777777779 77.2 81.875 85.7 84.77777777777777
84.11111111111111 74.2 81.75 85.0 85.0
84.0 75.80000000000001 81.125 85.6 84.66666666666667
84.77777777777777 75.7 81.375 85.3 85.55555555555556
84.55555555555556 76.0 80.0 85.0 84.11111111111111
85.11111111111111 75.0 81.0 85.9 85.88888888888889
84.66666666666667 73.80000000000001 80.5 86.0 85.0
83.44444444444444 74.0 81.875 85.2 84.55555555555556
83.66666666666667 73.6 81.25 87.1 85.0
84.66666666666667 74.2 81.25 86.3 85.11111111111111
84.22222222222223 73.4 81.125 84.3 84.22222222222223
85.0 74.0 81.375 85.6 85.33333333333333
85.0 73.89999999999999 81.875 85.8 86.0
83.77777777777779 72.3 79.5 86.0 84.0
84.55555555555556 71.4 79.625 84.8 85.77777777777777
85.44444444444444 72.7 80.5 85.8 85.55555555555556
82.88888888888889 71.0 78.875 85.7 84.11111111111111
84.22222222222223 72.3 80.5 85.7 85.0
83.66666666666667 69.7 79.25 85.3 84.77777777777777
84.88888888888889 70.9 79.875 85.5 85.44444444444444
84.44444444444444 69.6 79.75 85.6 84.88888888888889
84.11111111111111 69.0 79.75 85.6 85.11111111111111
83.77777777777779 67.7 79.5 84.1 85.66666666666667
84.33333333333333 69.6 80.375 85.7 84.33333333333333
83.22222222222223 68.3 79.5 84.7 84.44444444444444
84.0 66.60000000000001 78.125 84.7 84.55555555555556
84.44444444444444 66.10000000000001 77.125 85.5 84.44444444444444
84.22222222222223 66.4 78.5 86.0 84.88888888888889
84.0 65.60000000000001 79.375 85.5 85.11111111111111
83.77777777777779 63.5 79.0 85.8 85.33333333333333
83.55555555555554 64.5 78.0 83.9 84.11111111111111
84.0 63.5 77.875 85.0 85.11111111111111
84.66666666666667 62.9 77.75 85.2 86.44444444444444
84.33333333333333 64.19999999999999 77.375 85.3 85.77777777777777
84.88888888888889 60.8 78.0 86.1 85.88888888888889
84.0 63.4 78.5 86.3 85.11111111111111
84.88888888888889 61.6 78.0 85.6 85.77777777777777
84.44444444444444 59.6 77.25 85.2 84.44444444444444
83.33333333333333 59.6 78.0 85.4 84.88888888888889
83.55555555555554 59.6 76.75 85.7 85.66666666666667
83.33333333333333 57.6 76.5 84.8 84.33333333333333
84.55555555555556 58.1 77.375 85.5 86.55555555555556
84.0 56.5 76.75 85.7 84.55555555555556
82.66666666666667 55.599999999999994 75.75 85.0 84.33333333333333
83.11111111111111 57.2 75.125 85.7 85.55555555555556
84.22222222222223 55.5 77.375 85.3 85.88888888888889
85.66666666666667 57.4 76.5 86.4 86.66666666666667
83.88888888888889 57.1 76.75 86.1 85.22222222222223
84.77777777777777 55.1 77.25 85.4 85.77777777777777
82.55555555555554 51.0 74.125 84.4 83.77777777777779
83.33333333333333 52.5 76.875 85.7 85.55555555555556
83.77777777777779 50.7 75.5 84.8 85.0
83.22222222222223 49.7 74.25 85.5 84.33333333333333
80.0 78.7 80.375 79.69999999999999 80.33333333333334
81.44444444444444 78.8 80.625 81.5 81.66666666666667
81.0 78.89999999999999 80.375 81.3 81.0
81.1111111111111 78.39999999999999 80.75 80.60000000000001 80.77777777777779
83.11111111111111 47.4 75.0 86.4 86.22222222222223
80.55555555555556 78.7 80.625 81.0 80.55555555555556
82.66666666666667 80.3 80.5 81.9 82.1111111111111
82.44444444444444 80.5 81.75 82.3 82.77777777777779
80.44444444444444 79.3 80.125 81.69999999999999 80.55555555555556
84.66666666666667 59.0 73.625 85.6 84.88888888888889
82.44444444444444 78.7 81.125 81.8 81.55555555555556
81.66666666666667 80.4 79.875 83.0 80.88888888888889
81.33333333333333 78.3 81.25 80.9 81.0
80.0 78.2 79.75 80.8 80.66666666666666
83.55555555555554 49.3 74.75 85.7 86.11111111111111
82.44444444444444 79.39999999999999 81.0 81.4 81.1111111111111
81.1111111111111 79.5 80.625 80.69999999999999 81.55555555555556
80.88888888888889 78.8 80.375 81.10000000000001 79.88888888888889
81.44444444444444 78.5 80.875 81.69999999999999 82.1111111111111
83.11111111111111 56.5 75.0 84.7 85.11111111111111
81.33333333333333 79.2 80.375 81.4 82.22222222222223
80.55555555555556 79.5 81.75 81.5 81.88888888888889
81.55555555555556 79.10000000000001 80.375 81.3 81.33333333333333
80.33333333333334 79.5 81.5 81.5 81.55555555555556
80.33333333333334 78.3 80.75 82.69999999999999 81.66666666666667
82.77777777777779 79.3 80.625 82.8 82.55555555555554
81.77777777777779 78.2 79.875 82.8 82.0
81.88888888888889 80.4 82.125 81.69999999999999 82.22222222222223
81.77777777777779 80.4 81.75 80.69999999999999 82.1111111111111
81.0 78.7 80.0 80.69999999999999 82.22222222222223
83.33333333333333 58.9 73.375 85.5 86.44444444444444
83.55555555555554 57.8 73.375 85.2 84.77777777777777
83.11111111111111 56.300000000000004 74.25 85.0 83.88888888888889
83.55555555555554 56.800000000000004 73.25 84.8 85.44444444444444
84.11111111111111 57.6 75.0 85.5 86.0
83.0 59.5 75.125 85.9 85.11111111111111
84.77777777777777 58.0 74.625 86.4 86.33333333333333
83.88888888888889 57.0 73.125 86.1 85.88888888888889
84.11111111111111 57.0 72.75 84.9 84.66666666666667
84.11111111111111 58.8 73.875 85.5 85.88888888888889
82.88888888888889 56.9 73.25 86.6 85.11111111111111
84.0 57.7 74.5 85.4 85.33333333333333
83.22222222222223 58.0 76.0 85.0 84.11111111111111
84.44444444444444 59.2 75.75 85.2 85.55555555555556
85.0 59.7 75.625 86.3 84.77777777777777
82.44444444444444 58.3 73.625 85.0 85.22222222222223
83.0 57.8 74.875 85.0 84.0
84.33333333333333 59.1 73.75 86.6 85.22222222222223
83.44444444444444 57.5 72.75 86.1 85.0
84.0 59.5 73.5 86.1 85.11111111111111
83.88888888888889 58.6 74.0 86.1 86.0
83.33333333333333 59.6 75.375 86.5 85.33333333333333
84.55555555555556 59.2 74.125 84.7 84.66666666666667
83.55555555555554 58.2 73.5 86.5 85.66666666666667
84.11111111111111 58.9 73.5 85.0 85.55555555555556
83.22222222222223 58.1 73.5 85.4 85.0
83.44444444444444 59.2 74.75 84.7 85.11111111111111
83.55555555555554 59.3 74.875 85.2 85.44444444444444
84.77777777777777 59.2 74.25 86.2 85.77777777777777
83.0 58.7 73.25 86.3 85.33333333333333
83.11111111111111 58.2 72.25 85.5 84.88888888888889
83.88888888888889 59.0 72.0 85.0 84.77777777777777
83.22222222222223 59.3 72.125 85.4 84.44444444444444
84.44444444444444 58.2 71.375 86.5 85.11111111111111
83.88888888888889 60.6 73.625 86.1 85.55555555555556
82.88888888888889 58.1 71.75 86.1 85.66666666666667
83.33333333333333 57.3 71.5 85.9 85.22222222222223
83.88888888888889 59.3 71.75 86.1 85.66666666666667
83.77777777777779 60.0 71.75 85.2 84.44444444444444
85.11111111111111 60.199999999999996 72.125 86.5 85.22222222222223
83.33333333333333 59.1 74.125 86.2 85.88888888888889
83.11111111111111 58.3 72.0 85.6 85.11111111111111
83.88888888888889 59.9 71.875 86.9 84.88888888888889
85.11111111111111 58.0 70.0 85.5 84.55555555555556
83.0 59.0 71.125 87.1 85.77777777777777
85.66666666666667 60.3 72.375 86.5 86.0
84.55555555555556 60.199999999999996 71.25 85.7 85.33333333333333
84.11111111111111 60.3 70.875 87.0 84.55555555555556
84.11111111111111 62.1 70.25 86.1 85.33333333333333
84.11111111111111 60.8 70.25 86.9 85.55555555555556
84.88888888888889 59.7 68.0 86.9 86.0
83.77777777777779 61.3 70.875 86.4 85.55555555555556
84.77777777777777 61.3 71.125 87.5 85.77777777777777
84.33333333333333 60.699999999999996 69.75 87.2 86.77777777777777
83.77777777777779 61.3 69.625 86.4 86.77777777777777
84.66666666666667 60.900000000000006 69.25 86.4 85.55555555555556
85.33333333333333 59.9 68.5 86.8 85.11111111111111
84.22222222222223 57.8 67.0 87.0 85.0
84.44444444444444 61.199999999999996 68.125 87.4 85.77777777777777
85.11111111111111 61.3 68.5 88.5 87.33333333333333
84.88888888888889 60.3 66.875 88.4 87.44444444444444
84.88888888888889 59.6 65.125 86.9 86.0
85.66666666666667 59.8 66.5 87.9 86.22222222222223
84.88888888888889 61.3 65.5 87.7 85.88888888888889
86.0 61.0 65.125 88.3 87.0
85.22222222222223 60.900000000000006 65.625 87.5 87.11111111111111
85.11111111111111 61.5 63.375 88.3 86.33333333333333
84.33333333333333 61.199999999999996 63.25 87.2 86.88888888888889
85.66666666666667 59.6 62.25 87.9 88.33333333333333
83.22222222222223 60.199999999999996 60.625 87.1 86.66666666666667
84.77777777777777 61.3 61.0 87.3 86.88888888888889
85.44444444444444 61.400000000000006 63.0 88.2 86.77777777777777
85.22222222222223 61.800000000000004 63.5 88.5 87.33333333333333
85.33333333333333 59.8 58.25 88.1 87.22222222222223
85.66666666666667 61.199999999999996 61.25 87.1 86.0
84.55555555555556 59.8 60.625 88.2 86.55555555555556
85.66666666666667 61.6 60.75 88.3 88.33333333333333
85.11111111111111 60.699999999999996 59.5 87.6 87.0
86.0 62.199999999999996 60.0 88.7 88.33333333333333
84.33333333333333 59.7 59.875 86.9 86.88888888888889
85.0 60.699999999999996 56.25 88.4 87.0
84.66666666666667 60.400000000000006 58.375 86.8 86.44444444444444
84.88888888888889 61.199999999999996 59.875 87.7 86.77777777777777
85.44444444444444 58.2 57.375 87.6 86.44444444444444
85.66666666666667 62.0 58.0 88.4 87.33333333333333
86.0 61.800000000000004 58.375 90.1 88.0
85.55555555555556 60.5 56.625 87.5 86.88888888888889
84.77777777777777 60.1 57.5 87.6 87.55555555555556
85.77777777777777 58.9 56.875 88.3 87.22222222222223
85.11111111111111 61.3 57.875 88.3 87.11111111111111
86.33333333333333 61.9 58.25 89.39999999999999 88.22222222222221
85.55555555555556 59.9 57.375 88.7 86.55555555555556
84.22222222222223 60.400000000000006 58.25 88.1 87.44444444444444
85.11111111111111 60.400000000000006 57.125 87.3 87.0
85.88888888888889 61.0 57.625 88.4 87.44444444444444
85.77777777777777 60.699999999999996 57.0 87.7 87.11111111111111
85.44444444444444 59.3 58.25 87.3 87.88888888888889
84.33333333333333 61.1 57.75 88.2 87.88888888888889
85.77777777777777 60.8 57.5 87.1 86.66666666666667
