0.00272108843537415 0.193006993006993 0.06367583212735166 0.0 0.0
0.001360544217687075 0.20559440559440562 0.057887120115774245 0.0 0.0
0.004081632653061224 0.14265734265734265 0.059334298118668596 0.0014144271570014145 0.0
0.001360544217687075 0.15244755244755243 0.0723589001447178 0.0 0.0
0.0 0.15804195804195803 0.07380607814761216 0.0 0.0
0.0 0.1846153846153846 0.07091172214182344 0.0 0.0
0.0 0.15804195804195803 0.056439942112879886 0.0 0.0
0.001360544217687075 0.13846153846153847 0.053545586107091175 0.0 0.0
0.0 0.13986013986013987 0.06367583212735166 0.0 0.0
0.0 0.1874125874125874 0.07670043415340087 0.0 0.0
0.00272108843537415 0.16783216783216784 0.059334298118668596 0.0014144271570014145 0.0
0.0 0.11888111888111888 0.05065123010130246 0.0 0.0
0.001360544217687075 0.1958041958041958 0.08393632416787264 0.0014144271570014145 0.0
0.0 0.15104895104895105 0.04486251808972504 0.0 0.0
0.001360544217687075 0.16363636363636364 0.05065123010130246 0.0 0.0
0.001360544217687075 0.15104895104895105 0.053545586107091175 0.0 0.0
0.0 0.14265734265734265 0.059334298118668596 0.0 0.0
0.00272108843537415 0.15524475524475523 0.053545586107091175 0.0 0.0
0.0 0.15944055944055946 0.047756874095513754 0.0014144271570014145 0.0
0.0 0.18041958041958042 0.09261939218523878 0.0 0.0
0.0 0.15384615384615385 0.049204052098408106 0.0 0.0
0.0 0.13706293706293707 0.06512301013024602 0.0 0.0
0.0 0.15384615384615385 0.057887120115774245 0.0 0.0014347202295552366
0.0 0.16503496503496504 0.07670043415340087 0.0 0.0
0.0 0.14125874125874124 0.04196816208393632 0.0 0.0
0.00272108843537415 0.17622377622377622 0.06367583212735166 0.0 0.0
0.001360544217687075 0.15944055944055946 0.06801736613603473 0.0 0.0
0.001360544217687075 0.17902097902097902 0.060781476121562955 0.0 0.0
0.001360544217687075 0.13146853146853146 0.06367583212735166 0.0 0.0014347202295552366
0.001360544217687075 0.16363636363636364 0.05209840810419682 0.0014144271570014145 0.0
0.0 0.13706293706293707 0.047756874095513754 0.0 0.0
0.0 0.15664335664335666 0.0752532561505065 0.0 0.0
0.001360544217687075 0.13846153846153847 0.04486251808972504 0.0 0.0
0.0 0.13846153846153847 0.06222865412445731 0.0 0.0
0.001360544217687075 0.17482517482517482 0.049204052098408106 0.002828854314002829 0.0
0.0 0.15804195804195803 0.0694645441389291 0.0014144271570014145 0.0
0.001360544217687075 0.13846153846153847 0.05065123010130246 0.0 0.0
0.0 0.14965034965034965 0.05065123010130246 0.0 0.0
0.0 0.13986013986013987 0.047756874095513754 0.0 0.0
0.0 0.14405594405594405 0.059334298118668596 0.0 0.0
0.001360544217687075 0.13986013986013987 0.0752532561505065 0.0 0.0
0.0 0.13426573426573427 0.06657018813314038 0.0 0.0
0.0 0.1300699300699301 0.06222865412445731 0.0014144271570014145 0.0
0.0 0.16783216783216784 0.06657018813314038 0.0 0.0
0.001360544217687075 0.1300699300699301 0.060781476121562955 0.0 0.0
0.0 0.1300699300699301 0.08972503617945007 0.0014144271570014145 0.0
0.0 0.12447552447552448 0.05499276410998553 0.0 0.0
0.0 0.15384615384615385 0.059334298118668596 0.0 0.0
0.0 0.14685314685314685 0.06222865412445731 0.0 0.0
0.0 0.17062937062937064 0.056439942112879886 0.0 0.0
0.00272108843537415 0.12027972027972028 0.057887120115774245 0.0 0.0
0.0 0.11328671328671329 0.043415340086830685 0.0 0.0014347202295552366
0.001360544217687075 0.14125874125874124 0.056439942112879886 0.0 0.0
0.001360544217687075 0.15664335664335666 0.05209840810419682 0.0 0.0
0.001360544217687075 0.15384615384615385 0.06512301013024602 0.0 0.0
0.0 0.14125874125874124 0.04052098408104197 0.0 0.0
0.001360544217687075 0.13706293706293707 0.059334298118668596 0.0014144271570014145 0.0
0.001360544217687075 0.13146853146853146 0.059334298118668596 0.0014144271570014145 0.0
0.001360544217687075 0.13286713286713286 0.03473227206946455 0.0 0.0
0.001360544217687075 0.15524475524475523 0.039073806078147616 0.0 0.0
0.0 0.11888111888111888 0.05499276410998553 0.0014144271570014145 0.0
0.0 0.14125874125874124 0.06222865412445731 0.0 0.0
0.0 0.12307692307692307 0.0723589001447178 0.0 0.0014347202295552366
0.001360544217687075 0.13426573426573427 0.04630969609261939 0.0 0.0
0.0 0.13846153846153847 0.03762662807525325 0.0 0.0
0.0 0.1076923076923077 0.05209840810419682 0.0 0.0014347202295552366
0.0 0.13146853146853146 0.06657018813314038 0.0 0.0
0.0 0.14405594405594405 0.06801736613603473 0.0 0.0
0.0 0.11608391608391609 0.053545586107091175 0.0014144271570014145 0.0
0.001360544217687075 0.15804195804195803 0.06657018813314038 0.0 0.0
0.001360544217687075 0.12167832167832168 0.039073806078147616 0.0014144271570014145 0.0014347202295552366
0.00272108843537415 0.11748251748251749 0.057887120115774245 0.0 0.0
0.004081632653061224 0.10069930069930069 0.04486251808972504 0.0 0.0
0.001360544217687075 0.12307692307692307 0.05065123010130246 0.0 0.0
0.0 0.13846153846153847 0.07670043415340087 0.0 0.0
0.001360544217687075 0.12447552447552448 0.05499276410998553 0.0 0.0
0.0 0.13286713286713286 0.06222865412445731 0.0 0.0
0.0 0.14825174825174825 0.06222865412445731 0.0 0.0
0.0 0.0993006993006993 0.05209840810419682 0.0 0.0
0.0 0.12867132867132866 0.05209840810419682 0.0 0.0
0.0 0.13566433566433567 0.05209840810419682 0.0 0.0014347202295552366
0.0 0.12027972027972028 0.05065123010130246 0.0 0.0
0.0 0.15104895104895105 0.05209840810419682 0.0 0.0
0.001360544217687075 0.11468531468531469 0.06222865412445731 0.0 0.0014347202295552366
0.001360544217687075 0.08811188811188811 0.06512301013024602 0.0014144271570014145 0.0
0.001360544217687075 0.12167832167832168 0.06657018813314038 0.0014144271570014145 0.0
0.00272108843537415 0.14405594405594405 0.0694645441389291 0.0 0.0
0.001360544217687075 0.14965034965034965 0.06512301013024602 0.0 0.0
0.001360544217687075 0.12867132867132866 0.07380607814761216 0.0 0.0
0.001360544217687075 0.13846153846153847 0.060781476121562955 0.0 0.0
0.001360544217687075 0.13846153846153847 0.04052098408104197 0.0 0.0
0.001360544217687075 0.10069930069930069 0.06801736613603473 0.0 0.0
0.0 0.12447552447552448 0.056439942112879886 0.0 0.0
0.001360544217687075 0.12587412587412586 0.0752532561505065 0.0 0.0
0.00272108843537415 0.08671328671328672 0.05065123010130246 0.0 0.0
0.001360544217687075 0.0965034965034965 0.04052098408104197 0.0 0.0
0.0 0.13846153846153847 0.05065123010130246 0.0 0.0
0.0 0.11328671328671329 0.04196816208393632 0.0 0.0
0.001360544217687075 0.12447552447552448 0.06222865412445731 0.0 0.0
0.001360544217687075 0.11468531468531469 0.04630969609261939 0.0014144271570014145 0.0
0.0 0.11608391608391609 0.05499276410998553 0.0 0.0
0.0 0.0 0.0 0.0 0.0
0.001360544217687075 0.0 0.0 0.0 0.0
0.0 0.0 0.0 0.0 0.0
0.0 0.0 0.0 0.0 0.0
0.001360544217687075 0.15104895104895105 0.053545586107091175 0.0 0.0
0.0 0.0 0.0 0.0 0.0
0.0 0.0 0.0 0.0 0.0
0.0 0.0 0.001447178002894356 0.0 0.0
0.0 0.0013986013986013986 0.0 0.0 0.0
0.001360544217687075 0.04335664335664336 0.11866859623733719 0.0 0.0
0.0 0.0 0.0 0.0 0.0
0.0 0.0 0.0 0.0 0.0
0.0 0.0 0.0 0.0 0.0
0.0 0.0 0.0 0.0 0.0
0.0 0.12307692307692307 0.06222865412445731 0.0 0.0
0.0 0.0 0.0 0.0 0.0
0.0 0.0 0.0 0.0 0.0
0.0 0.0 0.0 0.0 0.0
0.0 0.0 0.0 0.0014144271570014145 0.0
0.0 0.04895104895104895 0.12735166425470332 0.0014144271570014145 0.0
0.0 0.0 0.0 0.0 0.0
0.0 0.0 0.0 0.0 0.0
0.0 0.0 0.0 0.0014144271570014145 0.0
0.0 0.0 0.0 0.0 0.0
0.0 0.0 0.0 0.0 0.0
0.0 0.0 0.0 0.0014144271570014145 0.0
0.0 0.0 0.0 0.0 0.0
0.0 0.0 0.0 0.0 0.0
0.0 0.0013986013986013986 0.0 0.0 0.0
0.001360544217687075 0.0013986013986013986 0.001447178002894356 0.0 0.0
0.001360544217687075 0.05174825174825175 0.15918958031837915 0.0 0.0
0.0 0.044755244755244755 0.12735166425470332 0.002828854314002829 0.0
0.0 0.05174825174825175 0.13024602026049203 0.0 0.0
0.0 0.039160839160839164 0.1476121562952243 0.0 0.0
0.0 0.057342657342657345 0.1389290882778582 0.0 0.0
0.0 0.04195804195804196 0.14182344428364688 0.0 0.0
0.0 0.061538461538461535 0.21707670043415342 0.0 0.0
0.0 0.05174825174825175 0.17655571635311143 0.0014144271570014145 0.0
0.0 0.06853146853146853 0.18958031837916064 0.0014144271570014145 0.0
0.0 0.050349650349650346 0.19971056439942114 0.0 0.0
0.0 0.04895104895104895 0.20260492040520983 0.0014144271570014145 0.0
0.0 0.050349650349650346 0.19247467438494933 0.0 0.0
0.0 0.04055944055944056 0.17221418234442837 0.0014144271570014145 0.0
0.0 0.033566433566433566 0.21273516642547033 0.0 0.0
0.0 0.055944055944055944 0.2301013024602026 0.0 0.0
0.0 0.06713286713286713 0.2402315484804631 0.0 0.0
0.0 0.057342657342657345 0.25036179450072354 0.0 0.0
0.0 0.05174825174825175 0.2691751085383502 0.0 0.0
0.001360544217687075 0.050349650349650346 0.35311143270622286 0.0 0.0
0.0 0.06573426573426573 0.35600578871201155 0.0014144271570014145 0.0
0.0 0.057342657342657345 0.3675832127351664 0.0 0.0
0.001360544217687075 0.055944055944055944 0.32850940665701883 0.0 0.0
0.0 0.06993006993006994 0.426917510853835 0.0014144271570014145 0.0
0.001360544217687075 0.06293706293706293 0.4905933429811866 0.0014144271570014145 0.0
0.0 0.07692307692307693 0.5282199710564399 0.0 0.0
0.0 0.06573426573426573 0.5513748191027495 0.0014144271570014145 0.0
0.0 0.06853146853146853 0.5962373371924747 0.0 0.0
0.0 0.06013986013986014 0.638205499276411 0.0 0.0
0.0 0.06013986013986014 0.6685962373371924 0.0 0.0
0.0 0.08111888111888112 0.7076700434153401 0.0 0.0
0.0 0.06853146853146853 0.7496382054992764 0.0 0.0014347202295552366
0.001360544217687075 0.08531468531468532 0.8567293777134588 0.0 0.0
0.001360544217687075 0.10069930069930069 0.9232995658465991 0.0 0.0
0.0 0.08531468531468532 1.0347322720694647 0.0014144271570014145 0.0
0.0 0.10069930069930069 1.0680173661360348 0.0014144271570014145 0.0
0.001360544217687075 0.0937062937062937 1.1172214182344429 0.0 0.0
0.0 0.11888111888111888 1.2127351664254704 0.004243281471004243 0.0
0.00272108843537415 0.12307692307692307 1.1982633863965266 0.0 0.0
0.001360544217687075 0.0937062937062937 1.3198263386396527 0.0014144271570014145 0.0
0.0 0.11748251748251749 1.431259044862518 0.0 0.0
0.0 0.10909090909090909 1.4790159189580319 0.0 0.0
0.0 0.14685314685314685 1.606367583212735 0.0 0.0
0.0 0.16083916083916083 1.817655571635311 0.0 0.0
0.0 0.15664335664335666 2.0419681620839363 0.0014144271570014145 0.0
0.0 0.15384615384615385 1.9247467438494934 0.0 0.0
0.001360544217687075 0.16083916083916083 2.0926193921852385 0.0014144271570014145 0.0
0.0 0.16643356643356644 2.1287988422575976 0.0014144271570014145 0.0
0.0 0.20559440559440562 2.422575976845152 0.0 0.0
0.0 0.18041958041958042 2.5267727930535457 0.0014144271570014145 0.0
0.0 0.1874125874125874 2.646888567293777 0.0014144271570014145 0.0
0.0 0.22237762237762237 2.7698986975397974 0.0014144271570014145 0.0
0.0 0.22097902097902097 2.8726483357452968 0.002828854314002829 0.0
0.0 0.2587412587412587 3.0043415340086828 0.0 0.0
0.0 0.2573426573426573 3.397973950795948 0.0 0.0
0.0 0.25314685314685315 3.357452966714906 0.0 0.0
0.001360544217687075 0.25594405594405595 3.447178002894356 0.0 0.0
0.0 0.2629370629370629 3.510853835021708 0.0 0.0
0.0 0.30489510489510485 3.7945007235890014 0.0 0.0
0.0 0.2881118881118881 3.8784370477568744 0.0 0.0
0.0 0.3034965034965035 4.078147612156295 0.0 0.0
0.0 0.31608391608391606 4.3921852387843705 0.0 0.0
0.001360544217687075 0.34965034965034963 4.604920405209841 0.002828854314002829 0.0
0.0 0.3706293706293706 4.739507959479016 0.0014144271570014145 0.0
0.0 0.406993006993007 4.952243125904486 0.0 0.0014347202295552366
0.0 0.40979020979020975 5.102749638205499 0.0014144271570014145 0.0
0.0 0.4083916083916084 5.29232995658466 0.0 0.0014347202295552366
0.001360544217687075 0.44195804195804195 5.445730824891462 0.0014144271570014145 0.0
0.00272108843537415 0.4559440559440559 5.587554269175108 0.0 0.0
0.0 0.4909090909090909 5.777134587554269 0.0 0.0
0.001360544217687075 0.4909090909090909 5.843704775687409 0.0 0.0
0.0 0.5146853146853146 6.138929088277859 0.0014144271570014145 0.0
0.001360544217687075 0.5006993006993007 6.081041968162084 0.0 0.0
0.001360544217687075 0.5216783216783217 6.1606367583212736 0.0 0.0
0.001360544217687075 0.5678321678321678 6.54124457308249 0.0014144271570014145 0.0014347202295552366
0.0 0.518881118881119 6.437047756874096 0.0 0.0
0.0 0.5664335664335665 6.51808972503618 0.0 0.0
0.001360544217687075 0.6195804195804195 6.843704775687409 0.0 0.0
0.0 0.579020979020979 6.790159189580318 0.0 0.0
0.00272108843537415 0.5762237762237762 6.7930535455861065 0.0014144271570014145 0.0
0.0 0.5804195804195804 6.713458755426918 0.0 0.0
0.0 0.6433566433566433 7.419681620839364 0.0 0.0
0.0 0.6573426573426573 7.246020260492041 0.0 0.0
0.001360544217687075 0.6335664335664335 7.082489146164979 0.0 0.0
0.0 0.6573426573426573 7.228654124457308 0.0 0.0
0.0 0.6349650349650349 7.141823444283647 0.0 0.0
0.001360544217687075 0.6293706293706294 7.234442836468885 0.0 0.0
0.0 0.6391608391608392 7.248914616497829 0.0 0.0
0.0 0.6475524475524476 7.134587554269175 0.0 0.0
0.0 0.6601398601398601 7.270622286541244 0.0014144271570014145 0.0
0.0 0.6503496503496504 7.186685962373372 0.0014144271570014145 0.0
0.0 0.6503496503496504 7.166425470332851 0.0014144271570014145 0.0
0.0 0.6209790209790209 7.232995658465992 0.0 0.0014347202295552366
0.0 0.6531468531468532 7.261939218523878 0.0 0.0
0.0 0.6685314685314685 7.295224312590449 0.0 0.0
0.0 0.6909090909090909 7.319826338639652 0.0 0.0
0.0 0.6573426573426573 7.211287988422576 0.0014144271570014145 0.0
0.0 0.627972027972028 7.20260492040521 0.0014144271570014145 0.0014347202295552366
0.0 0.6251748251748253 7.12590448625181 0.0 0.0
0.00272108843537415 0.6447552447552447 7.334298118668596 0.0 0.0
