16.666666666666668 36.0 24.0 13.0 15.0
17.0 33.166666666666664 26.833333333333336 14.166666666666666 13.799999999999999
12.833333333333334 31.0 24.166666666666668 15.333333333333332 14.6
16.5 30.333333333333332 26.666666666666668 15.833333333333334 13.4
15.166666666666666 32.833333333333336 25.166666666666668 12.833333333333334 13.2
10.833333333333334 36.166666666666664 22.0 13.333333333333334 10.8
14.166666666666666 33.5 27.333333333333336 13.0 13.2
14.666666666666666 34.0 23.333333333333336 15.666666666666666 13.799999999999999
15.333333333333332 34.333333333333336 24.0 14.166666666666666 14.0
14.666666666666666 35.166666666666664 24.0 14.0 9.799999999999999
15.833333333333334 33.333333333333336 25.0 13.5 11.799999999999999
15.0 31.666666666666668 27.5 16.0 15.4
14.666666666666666 31.666666666666668 25.0 14.0 13.2
15.166666666666666 29.333333333333332 26.0 13.166666666666666 13.0
13.0 33.0 24.166666666666668 14.166666666666666 13.4
13.5 31.5 23.166666666666664 13.5 12.8
14.333333333333334 33.5 25.333333333333332 12.5 12.4
13.166666666666666 35.166666666666664 23.166666666666664 17.166666666666668 13.6
14.333333333333334 33.166666666666664 26.333333333333332 15.5 14.4
17.0 36.166666666666664 24.5 16.166666666666664 15.4
16.666666666666668 35.166666666666664 24.166666666666668 12.166666666666666 14.6
13.666666666666668 30.833333333333336 24.166666666666668 16.333333333333332 11.2
14.666666666666666 32.33333333333333 25.333333333333332 16.333333333333332 13.2
14.5 32.5 23.833333333333336 16.0 12.0
12.333333333333334 33.666666666666664 28.166666666666668 16.666666666666668 11.4
16.166666666666664 34.0 24.666666666666668 15.5 13.4
15.666666666666666 35.333333333333336 24.833333333333332 12.333333333333334 13.2
14.5 31.0 24.666666666666668 16.166666666666664 17.0
14.833333333333334 32.666666666666664 25.0 15.833333333333334 14.4
14.0 31.5 25.0 15.333333333333332 15.6
14.5 34.166666666666664 27.0 13.833333333333332 12.0
12.333333333333334 34.666666666666664 22.0 16.0 14.0
16.666666666666668 33.666666666666664 25.0 12.666666666666666 16.0
15.5 33.0 24.666666666666668 14.666666666666666 11.0
14.0 34.5 24.5 14.5 14.6
14.166666666666666 32.5 25.666666666666668 14.5 13.799999999999999
16.166666666666664 34.333333333333336 21.666666666666668 17.833333333333332 12.0
16.0 34.666666666666664 23.333333333333336 16.333333333333332 11.799999999999999
14.833333333333334 31.5 24.5 14.833333333333334 14.6
12.666666666666666 34.166666666666664 24.0 14.333333333333334 14.200000000000001
16.333333333333332 31.5 22.333333333333332 14.666666666666666 12.8
13.833333333333332 34.0 24.166666666666668 13.5 14.4
15.166666666666666 32.666666666666664 20.0 16.0 14.0
17.666666666666668 31.166666666666664 23.666666666666664 14.833333333333334 12.0
15.833333333333334 35.666666666666664 26.166666666666668 14.0 13.4
13.0 31.333333333333332 22.5 16.666666666666668 13.799999999999999
12.5 33.666666666666664 28.166666666666668 14.166666666666666 13.0
13.0 30.666666666666664 25.0 14.166666666666666 13.2
16.333333333333332 35.0 25.166666666666668 13.166666666666666 14.0
14.666666666666666 33.333333333333336 23.333333333333336 14.333333333333334 15.6
14.666666666666666 34.166666666666664 26.0 13.166666666666666 12.0
13.166666666666666 35.666666666666664 27.333333333333336 13.333333333333334 13.799999999999999
14.0 34.333333333333336 23.0 16.833333333333332 12.200000000000001
15.5 35.666666666666664 23.666666666666664 15.0 14.8
14.833333333333334 35.166666666666664 26.333333333333332 14.166666666666666 13.2
15.666666666666666 32.5 27.166666666666664 15.5 14.4
14.666666666666666 31.0 25.166666666666668 15.833333333333334 13.0
15.0 34.666666666666664 26.0 12.833333333333334 15.6
15.333333333333332 33.833333333333336 22.5 13.833333333333332 13.6
14.5 35.5 23.666666666666664 13.166666666666666 13.2
14.333333333333334 32.33333333333333 25.333333333333332 11.0 14.6
14.5 34.0 26.333333333333332 14.0 12.4
13.5 34.0 23.5 13.5 14.8
14.333333333333334 37.333333333333336 27.666666666666664 11.5 15.4
11.833333333333332 30.666666666666664 23.0 13.5 17.0
17.166666666666668 33.0 25.833333333333332 13.0 13.0
13.333333333333334 33.0 23.333333333333336 14.333333333333334 12.4
14.0 36.5 25.166666666666668 13.666666666666668 13.6
14.0 33.166666666666664 25.333333333333332 15.0 12.0
16.333333333333332 33.666666666666664 22.333333333333332 11.0 12.0
15.5 33.333333333333336 26.833333333333336 15.666666666666666 13.4
13.166666666666666 33.666666666666664 23.5 15.0 13.4
14.833333333333334 33.666666666666664 24.166666666666668 14.666666666666666 14.200000000000001
16.833333333333332 33.333333333333336 26.666666666666668 14.666666666666666 12.200000000000001
15.5 33.166666666666664 21.5 12.833333333333334 11.4
14.333333333333334 35.833333333333336 25.5 17.333333333333332 13.0
15.0 32.833333333333336 22.166666666666668 14.166666666666666 16.2
15.166666666666666 34.833333333333336 23.833333333333336 13.0 12.0
13.833333333333332 34.333333333333336 28.0 13.666666666666668 12.6
17.333333333333332 34.833333333333336 23.5 11.5 10.6
15.0 31.666666666666668 27.5 14.833333333333334 14.0
14.833333333333334 36.833333333333336 23.166666666666664 13.5 13.0
14.333333333333334 34.5 28.0 11.666666666666668 13.0
14.333333333333334 33.666666666666664 24.666666666666668 14.333333333333334 12.0
12.5 38.16666666666667 24.833333333333332 15.166666666666666 12.6
14.0 33.833333333333336 21.333333333333332 13.0 14.6
13.166666666666666 31.0 24.166666666666668 14.666666666666666 15.8
15.333333333333332 36.166666666666664 26.5 13.0 15.0
13.5 33.5 25.666666666666668 14.833333333333334 14.4
16.666666666666668 35.666666666666664 23.333333333333336 14.833333333333334 14.6
17.0 33.5 29.0 13.5 12.0
13.666666666666668 34.833333333333336 25.166666666666668 11.833333333333332 13.2
13.5 35.833333333333336 22.333333333333332 17.0 15.8
15.333333333333332 34.666666666666664 25.833333333333332 13.5 12.4
15.166666666666666 34.0 24.666666666666668 14.166666666666666 14.0
13.5 33.666666666666664 25.166666666666668 13.666666666666668 13.4
15.5 35.333333333333336 24.666666666666668 15.166666666666666 12.6
15.833333333333334 37.666666666666664 27.0 15.5 10.200000000000001
15.166666666666666 34.333333333333336 26.666666666666668 13.0 13.799999999999999
16.5 33.333333333333336 24.5 13.0 13.2
13.333333333333334 34.666666666666664 22.833333333333336 17.166666666666668 13.0
14.833333333333334 14.833333333333334 14.333333333333334 13.666666666666668 17.2
14.0 16.166666666666664 13.666666666666668 14.833333333333334 14.6
14.333333333333334 16.833333333333332 14.833333333333334 15.666666666666666 14.0
15.666666666666666 16.333333333333332 16.166666666666664 13.333333333333334 16.400000000000002
13.333333333333334 34.666666666666664 24.5 18.166666666666668 14.200000000000001
17.833333333333332 14.166666666666666 14.666666666666666 15.166666666666666 12.200000000000001
17.333333333333332 17.833333333333332 13.833333333333332 13.833333333333332 14.6
18.833333333333332 16.166666666666664 15.833333333333334 14.166666666666666 13.6
15.833333333333334 17.5 14.333333333333334 13.166666666666666 15.4
17.0 28.666666666666668 28.166666666666668 15.833333333333334 12.0
16.0 15.166666666666666 14.833333333333334 15.666666666666666 13.2
15.833333333333334 16.333333333333332 15.5 16.166666666666664 14.0
12.5 14.666666666666666 17.833333333333332 13.5 14.8
13.333333333333334 15.0 14.5 11.5 15.2
14.333333333333334 35.333333333333336 28.333333333333332 15.333333333333332 13.0
16.833333333333332 15.833333333333334 15.0 14.5 11.799999999999999
17.5 15.5 15.666666666666666 16.333333333333332 13.2
16.833333333333332 15.5 14.0 16.0 12.8
16.166666666666664 17.166666666666668 15.666666666666666 13.666666666666668 15.2
15.0 29.666666666666668 28.0 15.833333333333334 14.6
14.833333333333334 16.0 16.166666666666664 13.833333333333332 15.8
16.166666666666664 14.5 14.666666666666666 16.0 14.6
15.833333333333334 16.333333333333332 14.333333333333334 17.166666666666668 14.0
16.333333333333332 15.0 16.666666666666668 14.5 16.8
15.166666666666666 12.333333333333334 17.166666666666668 13.0 15.6
16.666666666666668 16.666666666666668 16.666666666666668 14.0 15.2
16.0 14.833333333333334 17.166666666666668 15.0 18.8
16.166666666666664 11.666666666666668 17.5 15.5 13.799999999999999
15.5 12.833333333333334 15.666666666666666 16.166666666666664 16.400000000000002
14.833333333333334 17.166666666666668 14.0 17.0 16.0
15.666666666666666 27.5 29.0 15.833333333333334 13.6
14.166666666666666 30.0 27.5 17.5 16.400000000000002
11.666666666666668 30.0 26.333333333333332 14.833333333333334 13.2
13.166666666666666 28.5 28.833333333333332 16.333333333333332 12.200000000000001
14.5 30.666666666666664 27.0 16.166666666666664 12.8
14.0 31.5 27.166666666666664 11.666666666666668 12.6
16.666666666666668 28.666666666666668 29.833333333333332 15.833333333333334 13.0
15.166666666666666 29.166666666666668 30.833333333333336 16.166666666666664 11.0
16.166666666666664 28.166666666666668 29.166666666666668 15.833333333333334 13.799999999999999
17.166666666666668 29.5 31.666666666666668 17.166666666666668 13.6
14.666666666666666 27.833333333333336 27.666666666666664 15.0 15.2
15.0 31.5 30.0 15.333333333333332 9.2
16.0 31.666666666666668 26.666666666666668 12.5 13.2
14.333333333333334 31.333333333333332 29.166666666666668 13.0 15.0
12.333333333333334 29.833333333333332 28.333333333333332 13.666666666666668 15.6
15.833333333333334 35.166666666666664 28.666666666666668 16.833333333333332 13.4
15.333333333333332 29.5 28.0 14.666666666666666 12.0
15.333333333333332 28.833333333333332 30.833333333333336 15.333333333333332 14.8
10.166666666666666 31.833333333333332 28.333333333333332 15.0 12.6
13.166666666666666 28.833333333333332 27.833333333333336 16.0 14.8
14.666666666666666 29.833333333333332 28.0 17.666666666666668 15.0
12.5 29.166666666666668 29.666666666666668 12.666666666666666 14.200000000000001
14.833333333333334 31.0 27.666666666666664 16.0 14.0
15.5 27.833333333333336 31.5 14.333333333333334 13.0
14.666666666666666 30.5 28.166666666666668 15.5 12.4
14.5 29.5 29.166666666666668 12.666666666666666 12.8
16.0 29.833333333333332 29.833333333333332 12.5 11.0
14.666666666666666 30.833333333333336 26.666666666666668 14.166666666666666 14.6
15.333333333333332 29.666666666666668 27.5 12.833333333333334 14.8
16.333333333333332 30.833333333333336 31.833333333333332 12.333333333333334 13.6
15.333333333333332 24.833333333333332 30.0 12.333333333333334 14.200000000000001
15.333333333333332 33.5 28.5 16.0 13.799999999999999
15.5 31.0 31.5 15.833333333333334 14.6
15.166666666666666 30.5 29.666666666666668 14.5 13.0
14.166666666666666 30.5 30.333333333333332 17.166666666666668 14.6
14.5 34.333333333333336 31.5 16.0 12.200000000000001
15.333333333333332 31.666666666666668 31.166666666666664 13.0 13.0
17.0 32.16666666666667 30.833333333333336 15.166666666666666 15.4
13.0 32.666666666666664 33.5 13.5 12.0
14.666666666666666 31.166666666666664 30.333333333333332 16.666666666666668 12.0
14.666666666666666 27.666666666666664 30.0 14.833333333333334 12.6
15.333333333333332 30.333333333333332 32.16666666666667 13.833333333333332 16.400000000000002
18.333333333333332 29.0 30.166666666666668 13.333333333333334 10.8
13.666666666666668 32.0 33.666666666666664 13.666666666666668 13.4
14.5 35.666666666666664 30.166666666666668 13.833333333333332 14.200000000000001
18.5 32.16666666666667 31.166666666666664 14.666666666666666 11.799999999999999
15.833333333333334 34.166666666666664 31.666666666666668 12.5 12.8
17.0 33.333333333333336 32.33333333333333 13.833333333333332 12.8
14.166666666666666 34.166666666666664 34.166666666666664 15.166666666666666 12.6
13.333333333333334 32.16666666666667 33.333333333333336 14.666666666666666 13.2
14.166666666666666 31.666666666666668 31.666666666666668 15.0 12.0
16.0 35.0 33.833333333333336 15.166666666666666 10.6
11.333333333333334 31.666666666666668 33.333333333333336 14.333333333333334 14.200000000000001
15.0 34.666666666666664 37.5 14.333333333333334 14.200000000000001
14.166666666666666 32.16666666666667 34.166666666666664 14.0 13.4
13.0 32.666666666666664 35.0 12.666666666666666 14.0
14.0 32.16666666666667 38.66666666666667 12.5 11.4
13.833333333333332 29.0 36.666666666666664 14.0 11.0
12.666666666666666 35.166666666666664 36.333333333333336 16.333333333333332 9.2
12.0 35.166666666666664 37.333333333333336 16.0 11.0
10.833333333333334 33.166666666666664 36.5 13.666666666666668 12.8
15.166666666666666 33.5 37.666666666666664 17.0 13.6
15.666666666666666 34.333333333333336 38.5 15.166666666666666 8.6
16.0 34.0 37.0 14.833333333333334 11.6
15.333333333333332 36.0 39.16666666666667 12.666666666666666 11.6
14.833333333333334 32.833333333333336 39.0 12.5 12.0
14.166666666666666 37.0 41.833333333333336 16.166666666666664 9.799999999999999
14.666666666666666 33.0 37.333333333333336 14.166666666666666 13.6
14.833333333333334 35.166666666666664 43.5 13.166666666666666 14.4
10.333333333333334 36.666666666666664 39.5 16.166666666666664 13.0
12.833333333333334 35.833333333333336 36.666666666666664 16.333333333333332 12.200000000000001
11.833333333333332 36.0 39.83333333333333 15.166666666666666 10.4
12.166666666666666 37.333333333333336 43.333333333333336 11.666666666666668 12.6
11.833333333333332 33.333333333333336 37.5 15.0 10.8
15.333333333333332 35.166666666666664 43.166666666666664 12.333333333333334 12.6
11.833333333333332 36.5 43.166666666666664 15.166666666666666 11.799999999999999
14.166666666666666 36.833333333333336 41.666666666666664 13.5 12.0
14.166666666666666 37.83333333333333 39.83333333333333 14.5 9.799999999999999
14.333333333333334 39.33333333333333 41.333333333333336 14.666666666666666 12.8
16.0 34.833333333333336 41.166666666666664 15.5 11.6
12.166666666666666 38.0 44.333333333333336 15.666666666666666 12.200000000000001
14.833333333333334 36.0 42.666666666666664 12.666666666666666 11.4
13.5 34.666666666666664 41.166666666666664 15.833333333333334 13.4
15.5 34.166666666666664 43.833333333333336 16.0 10.0
13.666666666666668 34.333333333333336 43.5 14.166666666666666 11.6
12.5 36.5 41.0 14.833333333333334 15.0
14.833333333333334 37.166666666666664 47.66666666666667 12.5 11.4
11.333333333333334 39.83333333333333 45.5 15.666666666666666 10.4
13.666666666666668 39.33333333333333 41.666666666666664 20.333333333333332 11.4
13.166666666666666 41.0 42.0 16.166666666666664 13.799999999999999
14.166666666666666 37.666666666666664 40.833333333333336 16.666666666666668 10.200000000000001
15.666666666666666 33.166666666666664 44.666666666666664 12.333333333333334 14.4
12.166666666666666 37.0 45.333333333333336 14.333333333333334 10.6
14.5 38.33333333333333 39.16666666666667 15.166666666666666 12.4
14.5 36.0 40.833333333333336 15.166666666666666 12.4
11.666666666666668 35.833333333333336 40.666666666666664 14.666666666666666 13.0
14.666666666666666 37.166666666666664 39.33333333333333 15.833333333333334 14.0
14.5 39.83333333333333 42.5 16.5 15.2
12.333333333333334 34.0 41.833333333333336 13.5 15.2
