9.925925925925927 18.32 17.34375 10.777777777777779 9.321428571428571
8.592592592592593 18.84 16.25 8.74074074074074 10.607142857142856
10.777777777777779 18.08 17.1875 9.851851851851851 9.321428571428571
9.25925925925926 19.48 17.0625 10.222222222222223 9.678571428571429
10.518518518518519 19.68 16.75 9.037037037037038 8.75
9.814814814814815 18.64 16.1875 10.962962962962962 9.714285714285714
10.333333333333334 17.8 17.375 9.777777777777777 9.892857142857142
9.74074074074074 17.080000000000002 17.21875 9.888888888888888 9.071428571428571
9.037037037037038 20.240000000000002 15.21875 10.407407407407407 10.071428571428571
9.037037037037038 18.28 17.9375 10.11111111111111 9.285714285714286
10.333333333333334 20.080000000000002 16.78125 10.25925925925926 9.535714285714286
10.333333333333334 19.32 15.9375 9.962962962962964 8.678571428571427
9.814814814814815 19.439999999999998 16.15625 8.925925925925926 9.678571428571429
10.444444444444443 18.68 16.75 10.592592592592593 9.428571428571429
10.592592592592593 16.88 17.34375 10.703703703703702 8.642857142857142
9.444444444444445 18.72 16.5625 9.518518518518519 9.035714285714286
10.296296296296296 18.04 18.03125 9.444444444444445 8.678571428571427
10.296296296296296 16.36 15.9375 9.444444444444445 10.785714285714286
10.0 18.880000000000003 16.09375 9.481481481481481 9.964285714285714
9.518518518518519 19.720000000000002 16.625 10.0 9.178571428571429
10.962962962962962 19.2 16.71875 8.333333333333334 9.857142857142858
10.222222222222223 19.52 17.4375 9.851851851851851 7.75
9.0 18.48 16.65625 10.0 8.071428571428571
9.777777777777777 17.44 16.4375 10.666666666666666 8.892857142857144
10.444444444444443 19.48 13.875 9.148148148148149 9.178571428571429
10.148148148148147 17.68 17.40625 9.555555555555555 8.321428571428571
9.296296296296296 18.96 17.25 10.185185185185187 9.75
11.148148148148149 19.2 15.25 9.74074074074074 8.0
9.148148148148149 17.04 15.8125 10.074074074074074 9.678571428571429
11.222222222222221 18.12 17.96875 9.851851851851851 8.214285714285714
9.333333333333334 18.84 16.625 10.074074074074074 9.714285714285714
9.888888888888888 18.56 15.34375 10.444444444444443 9.785714285714286
10.222222222222223 19.720000000000002 15.1875 10.62962962962963 9.714285714285714
11.0 19.32 16.4375 9.592592592592592 9.321428571428571
10.592592592592593 19.040000000000003 17.75 10.444444444444443 9.785714285714286
9.11111111111111 19.88 15.59375 10.074074074074074 8.857142857142858
9.0 18.32 17.90625 8.851851851851851 9.678571428571429
10.703703703703702 18.64 16.21875 9.0 9.285714285714286
10.851851851851853 17.36 16.84375 8.74074074074074 9.071428571428571
9.888888888888888 16.32 17.96875 10.74074074074074 8.642857142857142
9.74074074074074 18.919999999999998 16.78125 9.444444444444445 8.214285714285714
10.555555555555555 19.400000000000002 15.0625 10.62962962962963 8.107142857142858
9.814814814814815 18.919999999999998 15.90625 10.777777777777779 9.964285714285714
10.592592592592593 17.72 17.34375 8.777777777777779 9.821428571428571
8.666666666666666 17.28 16.0 10.11111111111111 9.607142857142858
10.25925925925926 15.879999999999999 17.5 10.222222222222223 9.178571428571429
10.555555555555555 17.72 17.6875 9.518518518518519 8.321428571428571
9.592592592592592 18.96 16.625 9.62962962962963 8.357142857142856
11.25925925925926 17.4 16.46875 9.592592592592592 9.142857142857144
9.481481481481481 19.279999999999998 17.0 8.962962962962962 9.714285714285714
10.333333333333334 20.240000000000002 14.9375 10.666666666666666 9.0
9.777777777777777 17.44 17.15625 9.555555555555555 9.357142857142858
10.481481481481483 17.48 15.75 9.62962962962963 9.035714285714286
10.185185185185187 19.400000000000002 16.375 10.666666666666666 9.642857142857142
9.25925925925926 17.88 18.59375 8.666666666666666 8.642857142857142
9.925925925925927 18.919999999999998 17.6875 10.703703703703702 9.035714285714286
10.851851851851853 19.36 16.96875 9.74074074074074 9.071428571428571
10.88888888888889 19.16 15.25 10.037037037037036 9.285714285714286
10.0 16.279999999999998 17.4375 9.925925925925927 8.714285714285714
10.37037037037037 18.84 16.875 8.481481481481483 9.428571428571429
10.444444444444443 17.4 17.0625 9.333333333333334 8.75
10.11111111111111 18.72 16.21875 10.777777777777779 9.642857142857142
9.407407407407408 19.84 17.375 10.333333333333334 9.107142857142858
10.925925925925926 16.639999999999997 16.03125 9.333333333333334 9.678571428571429
10.518518518518519 18.12 17.0 9.333333333333334 8.607142857142856
11.037037037037036 19.279999999999998 15.9375 9.074074074074074 10.107142857142858
11.074074074074074 17.76 17.6875 9.518518518518519 9.571428571428571
9.37037037037037 20.119999999999997 18.71875 9.037037037037038 9.428571428571429
10.592592592592593 17.8 15.75 9.888888888888888 9.857142857142858
10.518518518518519 18.52 16.3125 8.925925925925926 10.178571428571429
10.555555555555555 18.0 15.90625 8.444444444444443 8.678571428571427
11.407407407407408 20.32 16.5 9.592592592592592 10.107142857142858
10.333333333333334 18.28 19.65625 9.074074074074074 9.428571428571429
10.11111111111111 19.48 16.21875 9.518518518518519 9.392857142857142
9.074074074074074 18.0 17.0 9.74074074074074 8.0
10.11111111111111 19.040000000000003 16.59375 10.148148148148147 10.107142857142858
10.148148148148147 19.400000000000002 17.4375 9.25925925925926 8.178571428571429
9.407407407407408 18.64 16.8125 9.481481481481481 9.5
11.11111111111111 17.0 17.1875 9.74074074074074 9.428571428571429
10.148148148148147 19.400000000000002 16.875 9.037037037037038 9.535714285714286
9.925925925925927 20.400000000000002 16.9375 9.851851851851851 9.5
9.777777777777777 19.2 18.125 10.185185185185187 8.25
10.148148148148147 18.48 17.03125 9.925925925925927 9.535714285714286
10.25925925925926 17.44 16.3125 10.185185185185187 8.178571428571429
9.74074074074074 17.44 16.6875 9.481481481481481 10.928571428571429
9.814814814814815 19.12 15.875 9.444444444444445 9.214285714285715
9.148148148148149 19.32 16.3125 9.185185185185185 9.214285714285715
9.555555555555555 18.880000000000003 16.40625 10.25925925925926 9.75
9.481481481481481 18.2 16.65625 9.185185185185185 10.0
9.25925925925926 18.599999999999998 16.1875 10.703703703703702 9.464285714285715
10.703703703703702 20.16 16.5625 9.037037037037038 10.392857142857142
9.222222222222221 17.68 16.25 9.407407407407408 8.75
9.962962962962964 17.12 17.375 9.481481481481481 9.035714285714286
9.37037037037037 20.48 16.75 8.851851851851851 8.892857142857144
10.74074074074074 17.24 16.84375 9.962962962962964 10.5
10.185185185185187 18.84 16.59375 10.444444444444443 9.428571428571429
9.74074074074074 18.68 16.25 9.777777777777777 9.0
9.74074074074074 19.84 16.84375 9.703703703703704 10.428571428571429
10.074074074074074 17.44 17.1875 9.0 9.321428571428571
9.037037037037038 20.119999999999997 16.28125 9.851851851851851 8.678571428571427
10.185185185185187 20.48 16.3125 10.37037037037037 8.75
10.296296296296296 10.120000000000001 9.25 10.148148148148147 10.357142857142856
9.518518518518519 9.96 10.9375 9.925925925925927 9.964285714285714
10.407407407407407 9.56 9.96875 9.888888888888888 9.035714285714286
10.62962962962963 11.08 9.4375 11.333333333333334 9.714285714285714
10.74074074074074 18.84 16.21875 10.0 9.892857142857142
9.851851851851851 10.28 8.78125 10.333333333333334 10.392857142857142
10.0 10.200000000000001 11.0625 10.518518518518519 10.214285714285714
10.222222222222223 10.64 10.375 11.25925925925926 10.857142857142858
10.296296296296296 9.96 10.21875 10.88888888888889 10.5
10.148148148148147 16.240000000000002 18.9375 9.555555555555555 9.321428571428571
10.37037037037037 10.4 9.875 9.703703703703704 10.571428571428571
9.74074074074074 9.799999999999999 10.375 10.703703703703702 10.821428571428573
10.185185185185187 9.879999999999999 12.46875 9.62962962962963 9.321428571428571
11.925925925925927 9.799999999999999 9.375 10.444444444444443 9.5
10.481481481481483 19.84 16.09375 9.518518518518519 9.678571428571429
10.444444444444443 10.52 10.6875 9.851851851851851 10.178571428571429
9.777777777777777 9.76 10.6875 10.25925925925926 10.107142857142858
10.703703703703702 9.4 9.9375 11.555555555555555 11.214285714285715
8.925925925925926 10.959999999999999 10.1875 10.333333333333334 10.035714285714285
9.925925925925927 16.68 18.46875 9.814814814814815 9.785714285714286
8.925925925925926 10.0 10.78125 10.518518518518519 10.535714285714285
9.925925925925927 10.44 11.25 10.25925925925926 10.678571428571427
10.88888888888889 10.68 10.3125 10.88888888888889 9.535714285714286
9.777777777777777 9.28 10.375 9.814814814814815 9.714285714285714
9.703703703703704 9.96 9.40625 9.851851851851851 10.464285714285714
9.74074074074074 9.96 10.5625 10.481481481481483 10.107142857142858
9.888888888888888 10.76 10.625 9.814814814814815 9.607142857142858
10.444444444444443 9.48 10.21875 10.814814814814815 10.535714285714285
10.333333333333334 11.2 10.6875 10.074074074074074 9.571428571428571
10.185185185185187 11.4 9.78125 10.222222222222223 10.607142857142856
10.333333333333334 17.6 20.125 9.555555555555555 10.5
9.703703703703704 15.559999999999999 18.75 9.814814814814815 9.642857142857142
10.37037037037037 17.4 18.6875 10.25925925925926 9.107142857142858
10.407407407407407 15.72 18.21875 8.814814814814815 9.285714285714286
9.703703703703704 17.12 18.5625 9.777777777777777 9.678571428571429
10.74074074074074 16.240000000000002 19.78125 9.11111111111111 9.642857142857142
10.518518518518519 16.8 18.0625 9.703703703703704 9.071428571428571
10.444444444444443 17.0 17.6875 9.777777777777777 8.5
10.296296296296296 16.2 18.78125 9.037037037037038 10.392857142857142
10.296296296296296 16.16 18.59375 10.37037037037037 8.678571428571427
9.074074074074074 15.72 18.0 9.777777777777777 9.107142857142858
10.777777777777779 16.52 19.09375 9.666666666666668 9.035714285714286
10.62962962962963 15.360000000000001 18.21875 10.37037037037037 9.357142857142858
9.925925925925927 16.56 18.6875 9.407407407407408 9.142857142857144
10.555555555555555 16.76 18.78125 11.555555555555555 9.428571428571429
9.0 17.8 19.9375 9.555555555555555 9.214285714285715
10.777777777777779 15.92 17.75 10.481481481481483 9.607142857142858
10.444444444444443 16.72 17.8125 9.555555555555555 8.678571428571427
11.037037037037036 16.72 18.5 10.74074074074074 8.821428571428573
10.407407407407407 17.4 19.375 9.592592592592592 8.857142857142858
10.851851851851853 17.52 18.84375 11.037037037037036 7.857142857142858
9.555555555555555 16.96 19.28125 9.592592592592592 9.535714285714286
10.851851851851853 16.8 17.28125 10.0 9.785714285714286
10.222222222222223 18.12 17.90625 8.37037037037037 9.071428571428571
9.962962962962964 15.72 18.3125 9.407407407407408 9.535714285714286
11.62962962962963 16.44 19.375 7.9259259259259265 8.678571428571427
10.814814814814815 15.32 17.9375 10.333333333333334 9.0
9.888888888888888 16.400000000000002 18.125 9.333333333333334 8.928571428571429
9.777777777777777 15.559999999999999 18.6875 10.555555555555555 9.035714285714286
10.25925925925926 15.92 20.53125 10.0 9.285714285714286
11.148148148148149 15.48 18.84375 10.444444444444443 9.285714285714286
9.777777777777777 17.28 19.75 9.222222222222221 9.392857142857142
9.777777777777777 16.16 17.8125 9.62962962962963 8.035714285714285
11.185185185185185 17.04 18.75 10.11111111111111 9.535714285714286
10.0 16.279999999999998 20.40625 9.555555555555555 8.357142857142856
10.074074074074074 17.44 18.09375 10.0 8.892857142857144
9.481481481481481 15.4 19.8125 11.25925925925926 9.035714285714286
9.25925925925926 16.96 18.75 10.851851851851853 9.107142857142858
9.962962962962964 17.12 18.0 9.962962962962964 8.964285714285715
9.703703703703704 16.8 20.09375 9.814814814814815 9.428571428571429
9.407407407407408 17.56 18.09375 9.888888888888888 9.107142857142858
11.555555555555555 16.0 18.5625 10.11111111111111 8.607142857142856
9.296296296296296 16.56 21.46875 10.25925925925926 9.428571428571429
9.481481481481481 17.28 16.90625 10.925925925925926 9.25
10.88888888888889 16.6 17.71875 10.555555555555555 10.571428571428571
9.777777777777777 16.0 18.28125 9.592592592592592 8.678571428571427
9.777777777777777 16.119999999999997 18.78125 11.555555555555555 9.964285714285714
9.888888888888888 16.48 18.65625 11.037037037037036 10.357142857142856
8.925925925925926 16.36 19.34375 9.703703703703704 9.285714285714286
10.777777777777779 15.520000000000001 19.71875 10.62962962962963 9.928571428571429
9.333333333333334 17.04 19.6875 10.703703703703702 9.571428571428571
10.481481481481483 16.6 18.21875 11.074074074074074 8.464285714285714
10.62962962962963 16.88 19.125 9.962962962962964 8.857142857142858
10.074074074074074 17.28 18.40625 9.703703703703704 10.0
8.962962962962962 16.48 20.40625 9.74074074074074 8.964285714285715
10.333333333333334 17.56 19.8125 9.037037037037038 8.964285714285715
9.74074074074074 16.6 17.15625 9.25925925925926 9.178571428571429
10.074074074074074 19.040000000000003 20.84375 10.296296296296296 10.464285714285714
8.148148148148147 17.44 19.5 10.518518518518519 9.214285714285715
9.74074074074074 15.28 20.1875 10.222222222222223 9.035714285714286
9.925925925925927 16.0 18.15625 11.074074074074074 9.0
10.148148148148147 16.76 17.75 10.481481481481483 10.428571428571429
10.037037037037036 16.32 18.71875 8.851851851851851 8.678571428571427
10.481481481481483 16.6 18.8125 10.925925925925926 8.035714285714285
10.37037037037037 17.24 18.96875 12.037037037037036 8.535714285714285
9.11111111111111 15.879999999999999 18.8125 9.185185185185185 8.535714285714285
10.814814814814815 16.44 19.46875 9.148148148148149 9.107142857142858
9.666666666666668 17.080000000000002 18.8125 9.74074074074074 7.678571428571429
8.88888888888889 16.56 19.125 9.962962962962964 9.25
9.444444444444445 17.68 21.03125 9.62962962962963 9.75
10.962962962962962 18.0 18.5625 8.925925925925926 10.142857142857142
9.185185185185185 15.4 18.46875 8.925925925925926 10.0
10.962962962962962 17.88 19.5625 10.148148148148147 9.535714285714286
9.74074074074074 17.0 18.84375 8.925925925925926 8.285714285714285
9.518518518518519 16.8 19.25 11.666666666666668 9.857142857142858
10.296296296296296 16.080000000000002 19.34375 9.888888888888888 9.0
8.814814814814815 17.0 19.5625 10.222222222222223 10.035714285714285
9.185185185185185 17.0 17.78125 10.592592592592593 8.714285714285714
10.925925925925926 19.560000000000002 18.125 10.25925925925926 9.892857142857142
9.11111111111111 16.119999999999997 18.15625 9.555555555555555 9.607142857142858
9.37037037037037 17.44 17.65625 10.296296296296296 9.25
9.777777777777777 15.6 18.71875 10.0 9.214285714285715
9.962962962962964 16.8 20.3125 8.666666666666666 9.321428571428571
9.0 16.8 18.59375 8.851851851851851 9.428571428571429
10.222222222222223 17.88 18.125 10.74074074074074 9.25
10.777777777777779 15.84 17.6875 10.222222222222223 9.714285714285714
8.703703703703702 15.6 19.96875 8.555555555555555 8.5
10.666666666666666 16.72 19.1875 9.148148148148149 9.857142857142858
10.592592592592593 16.44 18.53125 9.962962962962964 7.75
10.185185185185187 15.32 18.4375 10.333333333333334 9.285714285714286
11.555555555555555 17.16 17.03125 10.074074074074074 9.714285714285714
10.444444444444443 15.16 19.84375 10.62962962962963 8.785714285714285
10.185185185185187 17.16 18.8125 9.814814814814815 9.178571428571429
10.25925925925926 18.08 18.375 10.25925925925926 9.785714285714286
10.185185185185187 15.84 17.65625 10.777777777777779 9.071428571428571
10.62962962962963 17.36 18.9375 9.962962962962964 10.142857142857142
8.37037037037037 18.56 19.28125 8.62962962962963 9.607142857142858
9.814814814814815 16.68 17.9375 10.074074074074074 9.25
9.925925925925927 16.279999999999998 18.0 10.777777777777779 8.392857142857142
