85.66666666666667 82.0 83.0 85.1 87.77777777777777
85.44444444444444 82.19999999999999 82.125 85.5 86.88888888888889
85.0 82.0 83.0 85.2 86.44444444444444
85.44444444444444 81.9 82.5 85.3 86.55555555555556
83.55555555555554 80.3 81.75 84.6 85.44444444444444
85.77777777777777 82.9 83.0 84.5 87.77777777777777
86.11111111111111 81.69999999999999 82.125 85.6 86.44444444444444
84.77777777777777 82.69999999999999 82.5 85.2 85.88888888888889
85.11111111111111 81.19999999999999 81.875 84.9 85.88888888888889
84.55555555555556 80.60000000000001 83.625 85.0 85.22222222222223
85.88888888888889 82.8 83.25 85.8 87.22222222222223
84.55555555555556 81.19999999999999 82.5 84.8 86.33333333333333
84.44444444444444 80.0 81.5 84.9 85.66666666666667
85.55555555555556 82.9 84.0 85.4 87.22222222222223
86.33333333333333 82.69999999999999 83.25 86.7 87.77777777777777
84.88888888888889 81.10000000000001 83.25 84.6 86.33333333333333
84.66666666666667 80.69999999999999 82.0 84.8 86.11111111111111
84.77777777777777 81.4 81.625 84.2 86.22222222222223
85.0 82.9 83.25 86.2 87.11111111111111
84.88888888888889 81.9 81.625 84.0 85.44444444444444
85.11111111111111 81.3 81.375 84.9 85.55555555555556
84.88888888888889 81.9 83.875 84.6 86.55555555555556
84.77777777777777 80.60000000000001 82.5 84.3 86.11111111111111
84.55555555555556 81.60000000000001 82.25 84.4 86.55555555555556
85.0 81.19999999999999 83.75 85.8 87.66666666666667
85.0 80.5 82.125 84.8 86.0
84.22222222222223 80.4 82.625 84.9 85.66666666666667
84.77777777777777 81.69999999999999 81.5 85.1 86.44444444444444
85.11111111111111 82.19999999999999 84.25 84.3 86.77777777777777
85.44444444444444 81.4 82.25 84.7 86.0
85.44444444444444 81.10000000000001 83.75 86.1 87.55555555555556
85.55555555555556 80.5 82.375 84.7 84.77777777777777
85.88888888888889 80.4 82.25 85.5 86.88888888888889
85.66666666666667 80.9 82.875 85.9 87.55555555555556
84.44444444444444 78.89999999999999 81.125 84.4 86.22222222222223
85.11111111111111 79.8 82.25 84.5 85.44444444444444
85.44444444444444 79.10000000000001 82.625 85.9 87.11111111111111
85.33333333333333 80.5 83.125 85.5 86.55555555555556
85.55555555555556 81.10000000000001 82.125 85.3 85.77777777777777
85.55555555555556 81.3 82.875 85.7 87.33333333333333
85.66666666666667 79.69999999999999 81.625 85.6 86.77777777777777
85.88888888888889 79.3 82.375 85.1 85.44444444444444
85.88888888888889 80.5 81.875 84.8 86.77777777777777
85.66666666666667 78.89999999999999 82.375 84.2 86.77777777777777
85.0 79.39999999999999 81.875 86.0 86.33333333333333
84.88888888888889 79.39999999999999 81.5 85.6 85.55555555555556
84.88888888888889 79.8 82.25 84.8 86.55555555555556
84.33333333333333 78.0 81.75 85.4 87.22222222222223
85.66666666666667 79.5 82.375 85.5 88.0
85.66666666666667 78.89999999999999 82.125 84.7 87.0
84.55555555555556 77.8 82.0 83.8 86.66666666666667
84.22222222222223 78.89999999999999 81.375 84.1 85.77777777777777
85.0 78.5 81.375 84.8 88.33333333333333
84.77777777777777 78.5 81.75 85.1 88.11111111111111
84.55555555555556 77.60000000000001 81.0 84.4 87.11111111111111
85.66666666666667 78.7 81.625 85.8 88.22222222222221
84.77777777777777 77.2 80.875 83.7 85.44444444444444
85.22222222222223 78.0 82.125 85.8 86.33333333333333
85.22222222222223 76.30000000000001 81.875 84.9 87.22222222222223
85.55555555555556 76.8 80.875 85.5 85.33333333333333
86.22222222222223 77.60000000000001 81.25 86.0 87.11111111111111
84.77777777777777 76.6 81.375 85.1 86.0
84.44444444444444 76.5 80.25 85.1 86.22222222222223
85.0 77.0 79.75 85.7 88.77777777777777
85.55555555555556 76.6 80.875 85.1 85.66666666666667
84.88888888888889 74.6 80.5 85.7 86.77777777777777
85.77777777777777 76.30000000000001 81.625 84.9 86.55555555555556
84.44444444444444 75.7 79.75 85.0 87.44444444444444
86.11111111111111 75.7 80.5 85.9 87.88888888888889
84.0 74.5 78.625 86.1 86.88888888888889
85.77777777777777 74.7 80.75 85.0 86.22222222222223
84.55555555555556 74.39999999999999 80.5 84.9 87.11111111111111
84.55555555555556 73.6 80.0 85.6 87.55555555555556
85.66666666666667 74.89999999999999 80.875 86.2 86.66666666666667
85.0 74.0 82.125 85.8 87.55555555555556
85.55555555555556 74.6 79.625 85.3 86.66666666666667
84.33333333333333 73.5 79.375 85.9 85.88888888888889
84.11111111111111 72.5 79.875 86.1 86.88888888888889
84.77777777777777 74.0 80.25 84.8 86.33333333333333
86.11111111111111 72.0 79.125 85.1 86.0
85.0 72.4 80.125 84.3 86.33333333333333
84.33333333333333 73.0 79.375 86.0 85.44444444444444
84.77777777777777 71.2 81.125 86.1 88.66666666666667
85.66666666666667 69.8 79.5 85.6 86.66666666666667
85.44444444444444 70.4 79.5 85.1 86.66666666666667
85.55555555555556 72.0 80.5 86.1 87.0
84.22222222222223 69.1 79.125 85.3 87.66666666666667
85.44444444444444 70.7 79.75 86.6 86.55555555555556
85.0 70.7 79.375 86.1 86.88888888888889
84.55555555555556 69.8 78.0 85.4 86.11111111111111
84.33333333333333 68.6 78.125 85.2 86.33333333333333
84.22222222222223 66.5 77.5 85.1 86.55555555555556
85.11111111111111 66.8 78.5 86.4 86.44444444444444
84.33333333333333 66.19999999999999 78.25 84.6 87.77777777777777
86.22222222222223 67.4 78.75 86.0 87.33333333333333
85.66666666666667 68.8 79.5 85.7 87.55555555555556
84.55555555555556 65.5 77.375 84.9 87.44444444444444
84.55555555555556 66.19999999999999 76.25 84.7 86.88888888888889
84.66666666666667 66.4 78.75 85.7 86.33333333333333
85.66666666666667 65.69999999999999 78.5 86.8 87.33333333333333
83.44444444444444 65.10000000000001 76.375 85.5 87.0
81.66666666666667 81.10000000000001 81.375 80.8 81.77777777777779
82.0 80.8 83.0 81.60000000000001 80.77777777777779
82.66666666666667 81.69999999999999 81.625 80.9 81.44444444444444
82.77777777777779 81.8 81.5 82.5 82.77777777777779
85.22222222222223 61.9 76.5 84.8 85.22222222222223
81.0 80.8 81.875 81.0 81.55555555555556
82.22222222222223 80.3 82.0 82.8 81.1111111111111
81.66666666666667 80.8 81.375 81.69999999999999 81.1111111111111
82.22222222222223 79.9 81.5 81.19999999999999 82.1111111111111
86.0 68.9 76.125 85.3 87.66666666666667
81.44444444444444 80.9 80.125 80.8 81.66666666666667
82.77777777777779 81.0 81.875 81.60000000000001 81.1111111111111
82.22222222222223 81.4 81.5 82.60000000000001 81.88888888888889
81.88888888888889 81.19999999999999 81.75 80.4 81.66666666666667
84.22222222222223 61.9 76.125 84.7 86.77777777777777
82.77777777777779 81.60000000000001 82.75 82.60000000000001 80.66666666666666
80.88888888888889 79.69999999999999 81.0 81.4 80.66666666666666
82.66666666666667 80.60000000000001 81.875 81.0 81.55555555555556
81.33333333333333 81.60000000000001 81.5 81.10000000000001 81.0
84.0 69.7 76.125 85.9 88.11111111111111
82.22222222222223 80.9 82.625 82.3 82.44444444444444
82.44444444444444 81.69999999999999 82.0 82.4 81.55555555555556
80.88888888888889 80.4 80.5 80.5 80.0
80.33333333333334 80.69999999999999 81.25 81.3 81.33333333333333
80.77777777777779 80.9 81.375 81.3 80.44444444444444
81.22222222222223 81.0 80.875 81.5 81.1111111111111
81.22222222222223 81.3 80.875 80.9 81.88888888888889
81.1111111111111 80.8 81.875 80.3 81.22222222222223
81.44444444444444 79.5 81.75 80.9 80.55555555555556
81.33333333333333 81.5 81.125 81.4 82.1111111111111
83.77777777777779 68.0 75.5 84.7 86.55555555555556
85.22222222222223 68.6 76.0 85.7 86.66666666666667
85.77777777777777 69.4 74.875 85.9 86.88888888888889
85.88888888888889 69.8 76.5 86.0 86.44444444444444
85.77777777777777 69.3 76.0 84.3 87.33333333333333
86.22222222222223 68.8 76.25 85.4 87.88888888888889
82.77777777777779 68.1 76.125 85.1 86.33333333333333
85.66666666666667 69.7 76.125 84.9 87.0
84.66666666666667 68.6 74.625 85.9 86.88888888888889
85.0 69.8 76.625 85.2 88.0
84.66666666666667 68.8 74.125 86.1 87.55555555555556
84.66666666666667 69.9 75.75 85.9 88.0
84.44444444444444 67.10000000000001 75.625 84.9 86.66666666666667
84.55555555555556 68.8 75.375 84.1 87.22222222222223
85.88888888888889 67.9 75.375 84.8 86.66666666666667
84.22222222222223 68.8 75.625 85.6 88.22222222222221
85.44444444444444 68.2 73.5 84.0 86.88888888888889
84.66666666666667 67.5 72.875 83.5 85.66666666666667
84.33333333333333 68.9 73.625 86.1 87.0
85.11111111111111 69.1 74.125 85.5 88.0
84.66666666666667 69.9 72.875 86.7 86.77777777777777
85.66666666666667 67.5 73.25 83.7 87.55555555555556
86.33333333333333 70.6 74.625 85.3 88.33333333333333
85.44444444444444 69.5 73.625 86.0 87.22222222222223
83.22222222222223 69.5 73.75 85.0 86.88888888888889
85.0 69.9 72.0 84.7 88.55555555555556
84.66666666666667 67.9 72.875 85.3 87.88888888888889
85.0 68.5 71.25 85.4 86.77777777777777
86.0 70.1 72.625 86.0 88.0
85.0 69.0 70.75 85.5 87.33333333333333
86.33333333333333 69.9 72.0 85.2 88.44444444444446
84.88888888888889 68.4 70.5 87.1 87.0
85.33333333333333 70.0 71.75 85.7 87.88888888888889
85.44444444444444 68.0 70.625 86.9 88.44444444444446
85.22222222222223 70.1 70.75 85.7 88.11111111111111
84.55555555555556 69.4 71.25 86.1 88.33333333333333
84.88888888888889 69.6 69.125 86.3 87.66666666666667
84.55555555555556 69.0 68.625 86.2 89.22222222222221
84.22222222222223 68.0 67.25 85.2 87.88888888888889
85.0 69.7 69.875 86.0 88.44444444444446
84.88888888888889 68.9 67.75 85.0 87.66666666666667
85.66666666666667 69.7 67.25 85.3 87.11111111111111
84.22222222222223 68.0 66.125 85.0 88.22222222222221
85.44444444444444 70.0 69.875 86.9 88.44444444444446
85.33333333333333 67.10000000000001 68.0 85.9 88.44444444444446
84.44444444444444 68.8 66.5 85.9 88.11111111111111
85.0 67.7 66.375 85.6 87.44444444444444
84.11111111111111 69.8 67.5 85.7 87.88888888888889
83.88888888888889 68.7 67.75 85.9 87.66666666666667
84.55555555555556 69.8 66.5 85.4 87.66666666666667
85.0 69.2 66.875 86.3 87.33333333333333
84.22222222222223 68.3 67.75 84.8 88.33333333333333
84.11111111111111 68.7 66.125 85.8 87.77777777777777
85.22222222222223 69.1 68.0 84.5 88.11111111111111
86.22222222222223 70.5 67.0 86.5 89.0
86.22222222222223 70.4 68.875 86.1 87.88888888888889
85.11111111111111 68.1 66.875 86.7 88.11111111111111
85.22222222222223 68.8 66.375 86.4 88.0
84.11111111111111 66.5 65.625 85.9 87.66666666666667
84.33333333333333 69.5 66.75 85.8 88.33333333333333
85.55555555555556 69.6 67.25 85.8 88.88888888888889
84.77777777777777 66.8 66.75 85.5 88.44444444444446
86.0 68.3 66.875 86.3 87.11111111111111
85.22222222222223 69.7 66.125 85.4 87.11111111111111
85.0 69.1 67.625 85.5 87.44444444444444
84.44444444444444 68.2 66.375 84.2 87.66666666666667
85.77777777777777 69.0 67.75 85.8 88.44444444444446
84.44444444444444 69.4 66.75 86.1 88.0
86.22222222222223 69.9 68.375 85.2 86.66666666666667
86.22222222222223 69.4 67.25 87.2 88.22222222222221
84.33333333333333 69.7 68.75 85.0 86.55555555555556
85.44444444444444 70.0 69.5 85.0 89.11111111111111
84.66666666666667 69.4 66.125 85.3 88.0
86.11111111111111 68.7 66.875 85.8 88.66666666666667
84.88888888888889 68.9 66.875 85.4 89.44444444444444
85.77777777777777 70.1 66.875 85.6 88.44444444444446
85.66666666666667 69.2 67.5 85.3 88.11111111111111
85.44444444444444 69.4 68.125 85.4 88.88888888888889
84.77777777777777 67.9 66.5 85.8 86.77777777777777
85.11111111111111 70.4 67.625 86.1 88.11111111111111
85.55555555555556 69.3 68.625 86.3 88.22222222222221
85.11111111111111 68.7 67.125 85.2 87.55555555555556
84.77777777777777 70.7 65.875 85.6 88.11111111111111
85.44444444444444 67.8 67.0 85.3 88.66666666666667
85.22222222222223 69.3 66.5 85.6 87.88888888888889
86.44444444444444 69.0 68.5 86.2 89.66666666666667
86.11111111111111 70.7 68.375 86.0 88.22222222222221
84.33333333333333 68.5 67.625 85.7 87.88888888888889
85.33333333333333 70.1 67.5 86.4 87.55555555555556
85.22222222222223 70.1 68.0 85.8 86.66666666666667
84.88888888888889 68.1 68.0 84.8 86.77777777777777
86.44444444444444 69.3 66.0 87.2 88.11111111111111
85.11111111111111 69.7 66.75 85.8 87.88888888888889
84.44444444444444 69.8 66.875 86.1 87.22222222222223
86.66666666666667 69.9 67.625 86.1 88.66666666666667
84.44444444444444 69.6 67.625 85.2 88.33333333333333
84.22222222222223 68.7 66.5 85.1 87.11111111111111
85.33333333333333 69.9 66.875 85.8 87.77777777777777
85.11111111111111 69.2 65.875 86.1 87.77777777777777
