0.0021306818181818185 0.14522821576763487 0.06798866855524079 0.0007072135785007072 0.0
0.0007102272727272726 0.15421853388658366 0.05240793201133144 0.0 0.0
0.0007102272727272726 0.16597510373443983 0.07011331444759207 0.0007072135785007072 0.0
0.0014204545454545453 0.11964038727524205 0.05736543909348442 0.0 0.0
0.0 0.17219917012448133 0.08286118980169971 0.0 0.0
0.0021306818181818185 0.10511756569847856 0.043909348441926344 0.0007072135785007072 0.0
0.0007102272727272726 0.1583679114799447 0.07294617563739376 0.0007072135785007072 0.0
0.0007102272727272726 0.13485477178423236 0.06798866855524079 0.0014144271570014145 0.0
0.0 0.1376210235131397 0.07294617563739376 0.0007072135785007072 0.0
0.0 0.14730290456431536 0.05807365439093484 0.0 0.0
0.0007102272727272726 0.13692946058091288 0.05240793201133144 0.0 0.0
0.0007102272727272726 0.16251728907330568 0.06728045325779038 0.0007072135785007072 0.0
0.0007102272727272726 0.14246196403872752 0.07719546742209632 0.0 0.0
0.0021306818181818185 0.16943291839557398 0.05807365439093484 0.0 0.0
0.0007102272727272726 0.16390041493775934 0.0906515580736544 0.0007072135785007072 0.0
0.0 0.13278008298755187 0.06728045325779038 0.0 0.0
0.0021306818181818185 0.1715076071922545 0.06798866855524079 0.0 0.0
0.0014204545454545453 0.165283540802213 0.05807365439093484 0.0 0.0
0.0 0.16182572614107885 0.08852691218130312 0.0021216407355021216 0.0
0.0 0.16113416320885202 0.06798866855524079 0.0007072135785007072 0.0
0.0 0.19225449515905949 0.07011331444759207 0.0 0.0
0.0007102272727272726 0.14730290456431536 0.05736543909348442 0.0014144271570014145 0.0
0.0 0.19432918395573998 0.07577903682719546 0.0 0.0
0.0007102272727272726 0.15214384508990317 0.06373937677053824 0.0007072135785007072 0.0
0.0014204545454545453 0.1673582295988935 0.05524079320113315 0.0007072135785007072 0.0
0.0 0.18464730290456433 0.08215297450424928 0.0 0.0
0.0021306818181818185 0.18603042876901799 0.0623229461756374 0.0021216407355021216 0.0
0.0007102272727272726 0.20262793914246197 0.08002832861189801 0.0007072135785007072 0.0
0.0014204545454545453 0.16113416320885202 0.08002832861189801 0.0 0.0
0.0021306818181818185 0.15560165975103735 0.07436260623229463 0.0 0.0
0.0014204545454545453 0.19225449515905949 0.08286118980169971 0.0 0.0
0.0 0.16666666666666666 0.0736543909348442 0.0 0.0
0.0007102272727272726 0.18741355463347165 0.06586402266288952 0.0 0.0
0.0007102272727272726 0.18810511756569848 0.07152974504249292 0.0 0.0
0.0021306818181818185 0.20677731673582295 0.06019830028328612 0.0007072135785007072 0.0
0.0 0.21438450899031813 0.08356940509915015 0.0 0.0
0.0014204545454545453 0.2157676348547718 0.09985835694050992 0.0 0.0
0.0 0.21853388658367912 0.06657223796033995 0.0007072135785007072 0.0006657789613848203
0.0007102272727272726 0.1887966804979253 0.07932011331444759 0.0 0.0
0.0014204545454545453 0.21092669432918396 0.07223796033994334 0.0 0.0
0.0007102272727272726 0.19986168741355465 0.08144475920679888 0.0007072135785007072 0.0
0.0007102272727272726 0.22199170124481327 0.09277620396600567 0.0 0.0
0.0 0.23167358229598894 0.08640226628895184 0.0 0.0
0.0014204545454545453 0.26348547717842324 0.08994334277620396 0.0007072135785007072 0.0
0.0007102272727272726 0.20401106500691563 0.0736543909348442 0.0007072135785007072 0.0006657789613848203
0.0 0.2081604426002766 0.06373937677053824 0.0 0.0
0.0014204545454545453 0.22406639004149376 0.08711048158640226 0.0 0.0
0.0 0.25587828492392806 0.09490084985835694 0.0007072135785007072 0.0006657789613848203
0.0 0.23651452282157676 0.08569405099150142 0.0 0.0
0.0 0.25380359612724757 0.08002832861189801 0.0007072135785007072 0.0
0.0007102272727272726 0.25933609958506226 0.06444759206798867 0.0007072135785007072 0.0
0.0007102272727272726 0.23167358229598894 0.08002832861189801 0.0007072135785007072 0.0
0.0028409090909090906 0.2676348547717842 0.07436260623229463 0.0 0.0
0.0014204545454545453 0.2641770401106501 0.08427762039660057 0.0 0.0
0.0014204545454545453 0.2496542185338866 0.08994334277620396 0.0007072135785007072 0.0
0.0007102272727272726 0.2669432918395574 0.09135977337110482 0.0 0.0
0.0 0.3049792531120332 0.08781869688385269 0.0 0.0
0.0021306818181818185 0.2946058091286307 0.07436260623229463 0.0 0.0
0.0028409090909090906 0.3333333333333333 0.08356940509915015 0.0 0.0
0.0 0.3112033195020747 0.09348441926345609 0.0007072135785007072 0.0006657789613848203
0.0014204545454545453 0.3201936376210235 0.0963172804532578 0.0 0.0
0.0007102272727272726 0.30359612724757956 0.10127478753541076 0.0 0.0
0.0 0.3084370677731673 0.08711048158640226 0.0 0.0
0.0014204545454545453 0.3278008298755187 0.07861189801699717 0.0 0.0
0.0 0.32226832641770403 0.08923512747875355 0.0014144271570014145 0.0
0.0 0.3990318118948824 0.10481586402266288 0.0 0.0
0.0 0.3229598893499308 0.09915014164305949 0.0014144271570014145 0.0
0.0 0.35684647302904565 0.09419263456090651 0.0007072135785007072 0.0
0.0021306818181818185 0.39349930843706776 0.09277620396600567 0.0 0.0
0.0 0.3962655601659751 0.10410764872521246 0.0 0.0
0.0014204545454545453 0.43291839557399725 0.08711048158640226 0.0 0.0
0.0 0.4218533886583679 0.09560906515580737 0.0007072135785007072 0.0
0.0007102272727272726 0.462655601659751 0.12039660056657224 0.0014144271570014145 0.0
0.0007102272727272726 0.4100968188105118 0.08923512747875355 0.0014144271570014145 0.0
0.0007102272727272726 0.4142461964038728 0.10198300283286119 0.0 0.0
0.0007102272727272726 0.41217150760719223 0.11260623229461757 0.0 0.0
0.0007102272727272726 0.45850622406639 0.10127478753541076 0.0 0.0
0.0007102272727272726 0.4481327800829875 0.10127478753541076 0.0007072135785007072 0.0006657789613848203
0.0007102272727272726 0.42254495159059474 0.09419263456090651 0.0 0.0006657789613848203
0.0 0.5518672199170125 0.13456090651558075 0.0 0.0
0.0014204545454545453 0.46680497925311204 0.07507082152974504 0.0 0.0
0.0014204545454545453 0.46473029045643155 0.10410764872521246 0.0007072135785007072 0.0
0.0014204545454545453 0.5677731673582297 0.11685552407932011 0.0 0.0
0.0 0.5380359612724758 0.13101983002832862 0.0 0.0
0.0 0.5159059474412172 0.1274787535410765 0.0014144271570014145 0.0
0.0014204545454545453 0.5165975103734439 0.11898016997167138 0.0 0.0
0.0 0.5691562932226832 0.13172804532577903 0.0 0.0
0.0007102272727272726 0.5484094052558782 0.1331444759206799 0.0 0.0006657789613848203
0.0 0.5491009681881052 0.10694050991501416 0.0 0.0
0.0 0.5573997233748271 0.1395184135977337 0.0014144271570014145 0.0
0.0007102272727272726 0.6051175656984786 0.12181303116147309 0.0 0.0
0.0014204545454545453 0.6417704011065007 0.14093484419263455 0.0014144271570014145 0.0
0.0014204545454545453 0.6542185338865836 0.14660056657223794 0.0 0.0
0.0 0.6127247579529738 0.1423512747875354 0.0007072135785007072 0.0
0.0007102272727272726 0.6894882434301521 0.136685552407932 0.0007072135785007072 0.0
0.0 0.6313969571230982 0.13031161473087818 0.0014144271570014145 0.0006657789613848203
0.0014204545454545453 0.7074688796680498 0.1536827195467422 0.0 0.0
0.0 0.7358229598893499 0.13456090651558075 0.0 0.0
0.0007102272727272726 0.6721991701244813 0.12110481586402266 0.0 0.0
0.0028409090909090906 0.7378976486860304 0.16430594900849857 0.0 0.0006657789613848203
0.0007102272727272726 0.7323651452282157 0.1565155807365439 0.0 0.0
0.0 0.020055325034578148 0.0 0.0 0.0
0.0 0.014522821576763486 0.0 0.0 0.0
0.0007102272727272726 0.017289073305670817 0.0 0.0 0.0
0.0 0.02627939142461964 0.0 0.0 0.0
0.0014204545454545453 0.7966804979253113 0.16855524079320114 0.0 0.0006657789613848203
0.0 0.016597510373443983 0.0 0.0 0.0
0.0 0.020055325034578148 0.0 0.0 0.0
0.0 0.022821576763485476 0.0 0.0 0.0006657789613848203
0.0 0.01936376210235131 0.0 0.0 0.0
0.0014204545454545453 0.5698478561549101 0.2974504249291785 0.0 0.0
0.0 0.022130013831258646 0.0 0.0 0.0006657789613848203
0.0 0.026970954356846474 0.00141643059490085 0.0 0.0
0.0 0.01867219917012448 0.000708215297450425 0.0007072135785007072 0.0
0.0 0.01936376210235131 0.0 0.0 0.0
0.0007102272727272726 0.7759336099585062 0.16430594900849857 0.0007072135785007072 0.0006657789613848203
0.0 0.017289073305670817 0.0 0.0 0.0
0.0 0.024204702627939143 0.0 0.0 0.0
0.0 0.013831258644536652 0.000708215297450425 0.0 0.0
0.0007102272727272726 0.015214384508990318 0.000708215297450425 0.0 0.0
0.0014204545454545453 0.5677731673582297 0.26274787535410765 0.0021216407355021216 0.0
0.0 0.01798063623789765 0.0 0.0 0.0
0.0 0.01936376210235131 0.0 0.0 0.0
0.0 0.016597510373443983 0.0 0.0007072135785007072 0.0
0.0 0.021438450899031812 0.0 0.0 0.0
0.0 0.027662517289073305 0.0 0.0 0.0
0.0 0.01936376210235131 0.0 0.0007072135785007072 0.0
0.0 0.020055325034578148 0.0 0.0 0.0
0.0 0.022130013831258646 0.0 0.0007072135785007072 0.0
0.0 0.024896265560165977 0.0 0.0 0.0
0.0 0.021438450899031812 0.00141643059490085 0.0 0.0
0.0 0.5539419087136929 0.2507082152974504 0.0014144271570014145 0.0
0.0014204545454545453 0.5684647302904564 0.25991501416430596 0.0021216407355021216 0.0
0.0007102272727272726 0.5491009681881052 0.3413597733711048 0.002828854314002829 0.0
0.0 0.5553250345781466 0.27195467422096314 0.0 0.0
0.0007102272727272726 0.5539419087136929 0.24433427762039658 0.0014144271570014145 0.0
0.0007102272727272726 0.5656984785615491 0.301699716713881 0.0014144271570014145 0.0
0.0 0.5518672199170125 0.27195467422096314 0.0 0.0
0.0007102272727272726 0.5470262793914247 0.2790368271954674 0.0007072135785007072 0.0
0.0007102272727272726 0.5629322268326418 0.28895184135977336 0.0 0.0
0.0 0.5484094052558782 0.2698300283286119 0.0021216407355021216 0.0
0.0014204545454545453 0.549792531120332 0.31869688385269124 0.0021216407355021216 0.0
0.0007102272727272726 0.5546334716459198 0.3236543909348442 0.0 0.0
0.0 0.5843706777316736 0.30028328611898014 0.003536067892503536 0.0
0.0007102272727272726 0.5456431535269709 0.330028328611898 0.0007072135785007072 0.0006657789613848203
0.0 0.5719225449515906 0.3371104815864023 0.0 0.0
0.0 0.5608575380359613 0.3378186968838527 0.0021216407355021216 0.0
0.0 0.5511756569847855 0.40226628895184136 0.0021216407355021216 0.0
0.0007102272727272726 0.5650069156293223 0.39305949008498586 0.0 0.0
0.0 0.5594744121715075 0.40155807365439095 0.0014144271570014145 0.0006657789613848203
0.0 0.5587828492392808 0.42776203966005666 0.0014144271570014145 0.0
0.0007102272727272726 0.5484094052558782 0.4412181303116147 0.0021216407355021216 0.0
0.0 0.5428769017980636 0.4660056657223796 0.0007072135785007072 0.0
0.0 0.5262793914246197 0.4950424929178471 0.0007072135785007072 0.0006657789613848203
0.0 0.5781466113416321 0.4688385269121813 0.0 0.0006657789613848203
0.0007102272727272726 0.5276625172890732 0.4858356940509915 0.0007072135785007072 0.0
0.0014204545454545453 0.5380359612724758 0.5269121813031161 0.0 0.0
0.0007102272727272726 0.5435684647302904 0.5354107648725213 0.0 0.0
0.0 0.5781466113416321 0.6168555240793201 0.0007072135785007072 0.0
0.0 0.5435684647302904 0.5892351274787536 0.0014144271570014145 0.0
0.0014204545454545453 0.5546334716459198 0.669971671388102 0.0014144271570014145 0.0
0.0021306818181818185 0.5442600276625174 0.6565155807365439 0.0014144271570014145 0.0
0.0 0.5636237897648686 0.7060906515580737 0.0 0.0006657789613848203
0.0 0.5560165975103735 0.6805949008498583 0.0007072135785007072 0.0
0.0 0.5670816044260027 0.7549575070821529 0.0 0.0
0.0007102272727272726 0.5373443983402489 0.8016997167138811 0.0007072135785007072 0.0
0.0 0.5345781466113416 0.8406515580736544 0.0 0.0
0.0 0.5235131396957123 0.9454674220963173 0.002828854314002829 0.0
0.0 0.5255878284923928 0.9865439093484419 0.0021216407355021216 0.0
0.0007102272727272726 0.5463347164591978 0.9567988668555242 0.0007072135785007072 0.0006657789613848203
0.0007102272727272726 0.5525587828492393 0.9093484419263456 0.0007072135785007072 0.0
0.0 0.5608575380359613 1.0864022662889519 0.0 0.0
0.0014204545454545453 0.5511756569847855 1.0679886685552409 0.003536067892503536 0.0006657789613848203
0.0 0.5594744121715075 1.081444759206799 0.0021216407355021216 0.0
0.0007102272727272726 0.5179806362378977 0.9730878186968838 0.0014144271570014145 0.0006657789613848203
0.0014204545454545453 0.6002766251728907 1.0205382436260624 0.0014144271570014145 0.0
0.0 0.5152143845089904 1.0920679886685551 0.0014144271570014145 0.0
0.0 0.5933609958506224 1.1062322946175638 0.0021216407355021216 0.0
0.0 0.5248962655601659 1.0729461756373937 0.0007072135785007072 0.0
0.0 0.5573997233748271 1.01699716713881 0.0007072135785007072 0.0006657789613848203
0.0007102272727272726 0.5677731673582297 1.1161473087818696 0.0007072135785007072 0.0
0.0007102272727272726 0.5428769017980636 1.0977337110481586 0.0007072135785007072 0.0
0.0021306818181818185 0.5269709543568465 1.0439093484419264 0.0021216407355021216 0.0
0.0 0.5442600276625174 1.1423512747875353 0.0021216407355021216 0.0006657789613848203
0.0 0.5262793914246197 1.0538243626062322 0.0007072135785007072 0.0006657789613848203
0.0014204545454545453 0.5359612724757954 1.1055240793201133 0.0 0.0
0.0 0.5055325034578146 1.061614730878187 0.0007072135785007072 0.0
0.0 0.5753803596127248 1.0871104815864023 0.0014144271570014145 0.0
0.0 0.5456431535269709 1.0856940509915014 0.0007072135785007072 0.0
0.0 0.5746887966804979 1.13314447592068 0.0007072135785007072 0.0
0.0014204545454545453 0.5297372060857538 1.106940509915014 0.0014144271570014145 0.0
0.0 0.5421853388658368 1.091359773371105 0.0 0.0
0.0 0.5753803596127248 1.1126062322946175 0.0007072135785007072 0.0
0.0007102272727272726 0.5359612724757954 1.113314447592068 0.0 0.0
0.0014204545454545453 0.549792531120332 1.130311614730878 0.003536067892503536 0.0
0.0007102272727272726 0.5539419087136929 1.0920679886685551 0.0007072135785007072 0.0
0.0 0.570539419087137 1.0970254957507082 0.0007072135785007072 0.0
0.0014204545454545453 0.5601659751037344 1.093484419263456 0.0007072135785007072 0.0
0.0 0.5401106500691563 1.0991501416430594 0.0 0.0
0.0 0.5297372060857538 1.043201133144476 0.0007072135785007072 0.0
0.0007102272727272726 0.5712309820193637 1.131728045325779 0.0014144271570014145 0.0
0.0 0.5449515905947441 1.0474504249291785 0.0014144271570014145 0.0
0.0 0.5373443983402489 1.0113314447592068 0.0007072135785007072 0.0
0.0 0.5518672199170125 1.131728045325779 0.0 0.0
0.0007102272727272726 0.5587828492392808 1.1076487252124647 0.0014144271570014145 0.0
0.0007102272727272726 0.5387275242047027 1.0963172804532577 0.0007072135785007072 0.0
0.0 0.570539419087137 1.0998583569405098 0.0 0.0
0.0 0.549792531120332 1.0715297450424928 0.0007072135785007072 0.0
0.0007102272727272726 0.549792531120332 1.114730878186969 0.0014144271570014145 0.0
0.0007102272727272726 0.5601659751037344 1.0878186968838526 0.0007072135785007072 0.0
0.0 0.5532503457814661 1.0559490084985836 0.0 0.0
0.0007102272727272726 0.5401106500691563 1.1104815864022664 0.0007072135785007072 0.0
0.0014204545454545453 0.5504840940525588 1.1140226628895182 0.0014144271570014145 0.0
0.0007102272727272726 0.5269709543568465 1.0835694050991502 0.0014144271570014145 0.0
0.0 0.5636237897648686 1.078611898016997 0.0007072135785007072 0.0
0.0014204545454545453 0.5587828492392808 1.1033994334277621 0.002828854314002829 0.0
0.0 0.5560165975103735 1.053116147308782 0.0007072135785007072 0.0
0.0014204545454545453 0.5255878284923928 1.040368271954674 0.0007072135785007072 0.0
0.0 0.5304287690179806 1.0502832861189801 0.0 0.0
0.0 0.5435684647302904 1.0658640226628895 0.0021216407355021216 0.0
0.0 0.549792531120332 1.061614730878187 0.0007072135785007072 0.0
0.0 0.5518672199170125 1.0842776203966007 0.0007072135785007072 0.0
0.0014204545454545453 0.5560165975103735 1.131728045325779 0.0007072135785007072 0.0
0.0 0.5262793914246197 1.106940509915014 0.0007072135785007072 0.0006657789613848203
0.0007102272727272726 0.5491009681881052 1.075070821529745 0.0007072135785007072 0.0006657789613848203
0.0 0.5283540802213001 1.0644475920679886 0.0007072135785007072 0.0
0.0007102272727272726 0.5491009681881052 1.0736543909348442 0.0 0.0
0.0014204545454545453 0.5525587828492393 1.0771954674220963 0.0014144271570014145 0.0
0.0 0.5470262793914247 1.0927762039660056 0.0014144271570014145 0.0
0.0 0.5525587828492393 1.13314447592068 0.0021216407355021216 0.0
