17.833333333333332 30.666666666666664 27.5 15.666666666666666 11.5
18.666666666666668 30.166666666666668 27.166666666666664 16.0 13.166666666666666
16.0 33.0 26.333333333333332 14.666666666666666 13.833333333333332
15.666666666666666 31.666666666666668 28.0 14.166666666666666 14.5
18.5 30.166666666666668 24.333333333333332 14.333333333333334 12.5
22.166666666666668 30.0 27.5 13.833333333333332 13.5
20.0 29.5 24.5 16.0 14.5
15.166666666666666 29.833333333333332 25.5 13.333333333333334 16.333333333333332
19.0 31.833333333333332 25.166666666666668 13.333333333333334 10.166666666666666
16.333333333333332 28.166666666666668 23.333333333333336 14.833333333333334 14.833333333333334
16.666666666666668 28.5 27.833333333333336 17.166666666666668 13.333333333333334
16.166666666666664 32.666666666666664 27.166666666666664 16.833333333333332 13.833333333333332
19.0 28.0 25.333333333333332 12.833333333333334 16.333333333333332
17.833333333333332 32.833333333333336 25.666666666666668 17.0 13.666666666666668
18.333333333333332 31.333333333333332 24.833333333333332 15.833333333333334 15.166666666666666
16.666666666666668 29.5 27.5 13.833333333333332 11.833333333333332
17.0 31.333333333333332 26.666666666666668 16.666666666666668 16.333333333333332
18.5 31.5 28.333333333333332 14.666666666666666 15.333333333333332
18.666666666666668 29.333333333333332 27.333333333333336 15.166666666666666 12.166666666666666
19.0 32.833333333333336 23.666666666666664 14.833333333333334 12.666666666666666
17.5 31.5 27.666666666666664 16.666666666666668 15.333333333333332
18.0 32.0 26.166666666666668 13.5 13.333333333333334
19.333333333333336 33.0 26.0 14.166666666666666 11.166666666666666
17.666666666666668 33.833333333333336 23.666666666666664 14.333333333333334 12.833333333333334
17.333333333333332 29.333333333333332 26.833333333333336 14.833333333333334 14.666666666666666
20.0 31.5 26.166666666666668 12.166666666666666 14.333333333333334
15.666666666666666 29.5 25.5 14.5 13.5
16.833333333333332 30.833333333333336 25.166666666666668 14.333333333333334 9.833333333333332
18.0 31.166666666666664 28.166666666666668 14.5 12.0
18.166666666666668 28.833333333333332 28.666666666666668 14.5 11.333333333333334
18.166666666666668 28.666666666666668 26.833333333333336 14.666666666666666 14.833333333333334
18.833333333333332 33.666666666666664 26.333333333333332 14.5 12.0
19.166666666666664 25.166666666666668 28.166666666666668 20.166666666666664 11.0
16.666666666666668 30.0 25.333333333333332 17.0 13.0
19.833333333333336 29.0 23.333333333333336 11.666666666666668 16.166666666666664
16.833333333333332 31.333333333333332 23.5 17.0 13.333333333333334
21.833333333333332 30.333333333333332 24.833333333333332 15.833333333333334 13.666666666666668
16.833333333333332 31.666666666666668 22.666666666666668 15.0 12.5
17.166666666666668 30.5 27.166666666666664 16.0 12.833333333333334
19.0 30.833333333333336 28.166666666666668 18.166666666666668 11.833333333333332
18.666666666666668 33.0 28.833333333333332 16.5 14.833333333333334
17.166666666666668 29.333333333333332 26.0 15.5 12.333333333333334
18.833333333333332 31.5 27.0 15.166666666666666 12.0
18.0 29.833333333333332 29.0 17.0 12.833333333333334
18.166666666666668 27.666666666666664 28.333333333333332 16.666666666666668 14.166666666666666
20.166666666666664 30.166666666666668 22.666666666666668 14.0 14.0
21.166666666666668 33.166666666666664 26.666666666666668 13.333333333333334 12.666666666666666
15.333333333333332 31.166666666666664 27.0 15.166666666666666 15.0
18.333333333333332 31.333333333333332 27.0 14.5 11.5
19.666666666666664 30.0 29.666666666666668 15.166666666666666 15.833333333333334
18.5 32.666666666666664 26.833333333333336 12.666666666666666 13.833333333333332
16.5 30.0 27.0 13.666666666666668 13.0
20.333333333333332 31.666666666666668 29.666666666666668 15.333333333333332 13.5
18.5 31.5 27.166666666666664 16.5 14.5
18.0 30.166666666666668 26.333333333333332 14.5 13.333333333333334
20.166666666666664 28.666666666666668 27.833333333333336 15.333333333333332 11.833333333333332
18.5 29.0 29.0 14.833333333333334 14.5
16.833333333333332 31.333333333333332 29.333333333333332 15.333333333333332 12.5
18.333333333333332 27.666666666666664 28.833333333333332 15.166666666666666 13.166666666666666
17.166666666666668 26.333333333333332 25.5 13.166666666666666 12.666666666666666
16.5 29.166666666666668 30.5 13.5 11.166666666666666
16.666666666666668 29.666666666666668 26.0 15.0 10.666666666666666
21.666666666666668 27.5 25.333333333333332 16.166666666666664 11.333333333333334
19.166666666666664 28.333333333333332 29.666666666666668 19.5 14.0
18.166666666666668 26.833333333333336 25.5 14.666666666666666 14.666666666666666
16.833333333333332 31.0 27.5 16.833333333333332 13.0
18.833333333333332 30.0 28.666666666666668 19.166666666666664 15.0
18.833333333333332 32.5 27.666666666666664 16.0 15.166666666666666
21.166666666666668 31.833333333333332 27.5 18.166666666666668 12.833333333333334
20.333333333333332 30.666666666666664 25.666666666666668 17.833333333333332 14.0
17.0 32.33333333333333 26.0 14.666666666666666 14.333333333333334
20.5 30.0 26.166666666666668 14.0 12.833333333333334
20.5 33.666666666666664 31.5 15.833333333333334 13.666666666666668
16.0 31.666666666666668 29.166666666666668 15.833333333333334 13.333333333333334
19.0 31.166666666666664 24.0 15.333333333333332 14.0
16.166666666666664 30.333333333333332 25.666666666666668 18.333333333333332 14.166666666666666
16.166666666666664 30.166666666666668 27.0 13.166666666666666 14.333333333333334
15.166666666666666 31.5 26.5 12.833333333333334 16.666666666666668
18.833333333333332 31.166666666666664 27.0 15.833333333333334 16.166666666666664
20.0 33.5 26.833333333333336 16.166666666666664 13.333333333333334
17.333333333333332 32.666666666666664 27.0 17.0 12.833333333333334
19.0 27.666666666666664 25.166666666666668 14.5 14.0
21.333333333333332 33.833333333333336 25.833333333333332 14.333333333333334 12.333333333333334
18.333333333333332 27.5 27.5 18.166666666666668 15.5
17.833333333333332 30.333333333333332 27.166666666666664 14.166666666666666 14.0
17.0 28.333333333333332 27.666666666666664 16.666666666666668 12.5
20.333333333333332 29.333333333333332 26.333333333333332 15.333333333333332 12.5
17.166666666666668 33.5 26.666666666666668 15.166666666666666 12.833333333333334
21.666666666666668 29.833333333333332 25.166666666666668 15.0 13.833333333333332
18.166666666666668 30.833333333333336 25.833333333333332 12.166666666666666 16.166666666666664
17.5 28.666666666666668 24.5 13.166666666666666 14.833333333333334
17.833333333333332 30.666666666666664 25.5 14.833333333333334 12.5
20.833333333333332 31.0 26.5 15.0 14.5
18.333333333333332 34.5 29.166666666666668 15.833333333333334 12.5
17.666666666666668 34.333333333333336 26.0 16.5 13.666666666666668
18.833333333333332 33.166666666666664 27.333333333333336 16.333333333333332 15.333333333333332
20.666666666666668 30.5 27.333333333333336 14.5 14.333333333333334
18.666666666666668 30.5 29.333333333333332 17.333333333333332 12.833333333333334
18.166666666666668 34.333333333333336 24.333333333333332 13.666666666666668 14.166666666666666
19.166666666666664 30.333333333333332 29.0 18.666666666666668 10.666666666666666
19.5 32.5 30.0 15.166666666666666 14.333333333333334
16.166666666666664 16.0 15.166666666666666 14.333333333333334 13.333333333333334
14.333333333333334 17.833333333333332 16.833333333333332 14.5 14.5
12.666666666666666 14.833333333333334 17.666666666666668 16.5 13.5
17.0 14.833333333333334 18.0 16.5 15.0
17.0 32.833333333333336 26.0 15.833333333333334 12.5
15.833333333333334 13.666666666666668 14.166666666666666 14.5 16.833333333333332
15.0 14.5 15.333333333333332 15.5 16.5
16.5 17.5 13.833333333333332 14.666666666666666 16.0
16.0 17.333333333333332 13.833333333333332 16.5 14.5
15.666666666666666 30.833333333333336 32.16666666666667 19.666666666666664 13.166666666666666
15.0 13.833333333333332 14.166666666666666 18.666666666666668 17.5
13.166666666666666 14.666666666666666 14.833333333333334 16.333333333333332 15.166666666666666
13.833333333333332 14.166666666666666 13.5 16.333333333333332 13.0
16.833333333333332 15.166666666666666 14.833333333333334 16.0 15.5
16.5 29.833333333333332 26.333333333333332 18.333333333333332 12.5
16.0 14.333333333333334 15.5 13.5 13.166666666666666
14.833333333333334 14.5 14.833333333333334 17.0 18.166666666666668
14.166666666666666 15.5 17.0 14.666666666666666 14.5
17.666666666666668 15.333333333333332 15.333333333333332 16.0 18.5
16.333333333333332 28.833333333333332 32.16666666666667 14.333333333333334 15.333333333333332
17.166666666666668 15.666666666666666 15.833333333333334 13.666666666666668 16.333333333333332
16.0 16.166666666666664 14.333333333333334 14.666666666666666 15.5
12.833333333333334 11.833333333333332 14.833333333333334 14.0 15.666666666666666
14.666666666666666 14.666666666666666 14.0 15.833333333333334 15.166666666666666
13.333333333333334 14.666666666666666 19.0 13.333333333333334 18.166666666666668
16.0 14.5 11.666666666666668 15.666666666666666 15.833333333333334
14.833333333333334 13.666666666666668 14.166666666666666 12.666666666666666 18.666666666666668
17.0 14.333333333333334 14.833333333333334 15.166666666666666 13.0
15.0 15.5 14.166666666666666 15.166666666666666 18.333333333333332
15.333333333333332 13.666666666666668 15.5 15.0 17.333333333333332
17.333333333333332 27.666666666666664 28.833333333333332 17.0 14.0
18.166666666666668 26.833333333333336 32.5 15.666666666666666 14.166666666666666
16.333333333333332 29.0 31.5 18.666666666666668 13.0
16.166666666666664 27.333333333333336 33.5 16.333333333333332 12.5
19.666666666666664 30.833333333333336 29.5 16.5 11.166666666666666
18.166666666666668 27.0 31.833333333333332 17.0 12.666666666666666
18.833333333333332 28.5 29.333333333333332 13.666666666666668 14.333333333333334
14.0 29.166666666666668 32.0 18.5 13.833333333333332
19.833333333333336 26.5 35.0 16.5 16.666666666666668
15.166666666666666 27.666666666666664 33.166666666666664 16.833333333333332 14.5
14.833333333333334 29.833333333333332 30.0 15.5 13.333333333333334
16.5 27.5 32.33333333333333 17.0 14.166666666666666
16.5 29.333333333333332 28.833333333333332 16.0 11.0
18.0 27.5 31.833333333333332 15.666666666666666 15.333333333333332
17.333333333333332 27.666666666666664 32.16666666666667 16.5 13.833333333333332
17.5 28.0 30.666666666666664 15.166666666666666 13.5
17.666666666666668 28.833333333333332 30.333333333333332 17.166666666666668 13.166666666666666
16.166666666666664 25.5 28.666666666666668 15.666666666666666 12.666666666666666
14.833333333333334 26.666666666666668 28.166666666666668 16.666666666666668 14.5
17.166666666666668 27.5 35.5 16.0 13.833333333333332
17.333333333333332 27.833333333333336 30.333333333333332 19.666666666666664 14.666666666666666
17.333333333333332 27.166666666666664 30.5 19.333333333333336 14.666666666666666
13.833333333333332 23.666666666666664 32.16666666666667 18.666666666666668 13.666666666666668
18.333333333333332 28.333333333333332 31.333333333333332 16.666666666666668 15.5
15.333333333333332 22.833333333333336 32.0 15.333333333333332 14.166666666666666
17.0 27.5 35.333333333333336 14.166666666666666 12.5
17.333333333333332 25.5 33.0 14.666666666666666 12.333333333333334
18.833333333333332 29.5 28.666666666666668 14.833333333333334 11.666666666666668
18.166666666666668 27.666666666666664 34.166666666666664 14.5 13.166666666666666
17.0 28.833333333333332 31.333333333333332 16.666666666666668 11.5
18.166666666666668 29.666666666666668 35.833333333333336 18.666666666666668 14.166666666666666
17.333333333333332 25.333333333333332 34.666666666666664 16.666666666666668 14.5
17.666666666666668 27.0 35.833333333333336 16.166666666666664 13.666666666666668
18.0 29.166666666666668 33.666666666666664 17.166666666666668 14.5
17.5 28.5 33.333333333333336 15.166666666666666 12.5
17.5 28.833333333333332 32.16666666666667 15.333333333333332 13.166666666666666
17.5 27.333333333333336 31.0 17.333333333333332 14.166666666666666
14.666666666666666 27.333333333333336 37.166666666666664 14.0 15.333333333333332
20.0 28.166666666666668 34.333333333333336 16.833333333333332 14.0
16.0 28.166666666666668 36.666666666666664 14.666666666666666 12.666666666666666
15.333333333333332 28.0 37.83333333333333 16.0 11.0
15.666666666666666 30.333333333333332 32.5 18.5 11.0
16.333333333333332 27.166666666666664 34.666666666666664 18.0 13.5
18.0 28.333333333333332 33.5 17.833333333333332 12.166666666666666
16.5 28.333333333333332 34.333333333333336 17.666666666666668 12.0
16.833333333333332 29.833333333333332 36.333333333333336 16.833333333333332 13.666666666666668
15.833333333333334 29.166666666666668 34.0 16.5 11.333333333333334
19.166666666666664 28.166666666666668 34.833333333333336 16.833333333333332 13.333333333333334
15.5 26.0 34.5 17.166666666666668 13.333333333333334
15.166666666666666 30.666666666666664 35.5 15.166666666666666 10.666666666666666
17.5 30.333333333333332 36.0 16.166666666666664 13.166666666666666
18.333333333333332 29.0 35.666666666666664 17.166666666666668 13.666666666666668
16.666666666666668 22.5 36.5 16.833333333333332 13.833333333333332
17.166666666666668 29.5 34.833333333333336 15.833333333333334 15.0
16.666666666666668 26.166666666666668 34.666666666666664 17.5 14.333333333333334
15.5 30.5 36.166666666666664 17.166666666666668 10.833333333333334
18.333333333333332 27.833333333333336 35.666666666666664 15.0 14.333333333333334
15.5 26.5 34.0 18.333333333333332 15.166666666666666
17.0 32.0 32.33333333333333 19.0 14.166666666666666
17.166666666666668 27.0 34.333333333333336 14.0 16.5
19.166666666666664 27.0 34.833333333333336 16.5 15.666666666666666
18.166666666666668 29.166666666666668 33.5 16.666666666666668 11.0
15.333333333333332 30.833333333333336 33.666666666666664 14.333333333333334 13.666666666666668
16.0 29.166666666666668 32.833333333333336 18.0 11.833333333333332
15.0 29.833333333333332 35.5 15.833333333333334 11.166666666666666
18.833333333333332 27.333333333333336 32.833333333333336 16.166666666666664 15.166666666666666
17.833333333333332 27.5 34.833333333333336 17.0 12.5
21.0 27.5 35.333333333333336 14.333333333333334 13.5
16.0 28.166666666666668 35.0 17.5 13.333333333333334
21.166666666666668 29.0 34.0 14.5 15.166666666666666
15.333333333333332 26.666666666666668 33.666666666666664 14.333333333333334 12.666666666666666
16.0 25.833333333333332 33.0 19.166666666666664 15.333333333333332
17.333333333333332 28.0 35.5 14.0 12.833333333333334
16.0 29.833333333333332 37.5 15.166666666666666 13.833333333333332
19.666666666666664 26.0 36.5 14.166666666666666 13.5
21.333333333333332 30.666666666666664 33.833333333333336 17.0 12.666666666666666
18.833333333333332 23.833333333333336 37.166666666666664 15.833333333333334 14.333333333333334
17.666666666666668 27.5 35.0 16.833333333333332 10.333333333333334
17.0 29.833333333333332 32.833333333333336 17.666666666666668 11.5
19.5 29.0 34.666666666666664 16.5 13.666666666666668
17.333333333333332 29.833333333333332 34.833333333333336 16.833333333333332 12.666666666666666
20.333333333333332 30.666666666666664 32.33333333333333 15.833333333333334 15.166666666666666
14.5 25.666666666666668 33.0 17.5 15.833333333333334
15.5 31.333333333333332 33.0 18.5 13.0
16.166666666666664 29.333333333333332 34.5 17.166666666666668 12.666666666666666
20.0 29.833333333333332 34.833333333333336 17.166666666666668 13.666666666666668
18.833333333333332 28.5 33.5 14.0 13.5
18.666666666666668 31.0 34.166666666666664 14.333333333333334 10.833333333333334
17.666666666666668 30.666666666666664 35.0 16.0 11.666666666666668
17.166666666666668 29.0 35.666666666666664 16.666666666666668 10.833333333333334
17.0 27.666666666666664 32.5 14.833333333333334 15.666666666666666
17.0 31.0 33.5 17.166666666666668 12.666666666666666
15.666666666666666 25.166666666666668 37.0 18.333333333333332 13.166666666666666
16.666666666666668 30.5 33.0 16.0 14.333333333333334
16.833333333333332 28.0 34.833333333333336 17.833333333333332 12.833333333333334
17.333333333333332 28.333333333333332 36.0 16.0 12.5
17.333333333333332 25.0 34.5 18.666666666666668 12.833333333333334
18.0 31.166666666666664 33.333333333333336 14.0 11.0
15.833333333333334 28.166666666666668 34.666666666666664 18.5 13.166666666666666
