9.074074074074074 17.037037037037038 16.838709677419352 9.296296296296296 8.296296296296296
10.0 17.77777777777778 17.225806451612904 10.185185185185187 8.814814814814815
9.962962962962964 17.185185185185187 17.548387096774196 8.925925925925926 8.555555555555555
9.62962962962963 16.25925925925926 17.741935483870968 9.148148148148149 7.814814814814814
9.962962962962964 18.74074074074074 17.516129032258068 10.296296296296296 9.0
10.148148148148147 15.851851851851853 18.61290322580645 9.777777777777777 9.37037037037037
10.296296296296296 17.407407407407405 18.322580645161292 10.703703703703702 9.11111111111111
11.666666666666668 16.296296296296294 17.03225806451613 9.407407407407408 8.703703703703702
11.222222222222221 17.88888888888889 15.806451612903228 9.925925925925927 10.481481481481483
10.37037037037037 16.814814814814813 17.387096774193548 9.37037037037037 8.962962962962962
10.481481481481483 17.296296296296294 17.35483870967742 10.296296296296296 9.62962962962963
11.11111111111111 16.444444444444446 18.483870967741936 10.296296296296296 8.37037037037037
10.555555555555555 19.37037037037037 17.225806451612904 10.703703703703702 8.444444444444443
9.481481481481481 17.11111111111111 17.129032258064516 10.11111111111111 8.962962962962962
9.777777777777777 17.592592592592595 17.580645161290324 10.444444444444443 9.555555555555555
9.888888888888888 15.222222222222221 16.032258064516128 10.333333333333334 8.666666666666666
9.962962962962964 16.22222222222222 15.741935483870966 9.37037037037037 8.925925925925926
9.11111111111111 16.40740740740741 16.870967741935484 10.037037037037036 9.148148148148149
11.0 17.74074074074074 17.451612903225804 9.851851851851851 9.814814814814815
8.444444444444443 15.851851851851853 17.258064516129032 10.962962962962962 9.518518518518519
10.0 18.666666666666668 18.29032258064516 9.333333333333334 8.481481481481483
10.0 17.11111111111111 19.64516129032258 9.888888888888888 9.185185185185185
9.37037037037037 16.703703703703702 16.967741935483872 9.37037037037037 9.037037037037038
9.814814814814815 16.25925925925926 17.516129032258068 9.518518518518519 9.0
9.62962962962963 16.0 16.612903225806452 10.851851851851853 9.962962962962964
10.222222222222223 16.85185185185185 16.548387096774196 9.333333333333334 9.518518518518519
10.74074074074074 16.333333333333332 17.29032258064516 9.148148148148149 9.555555555555555
10.88888888888889 16.85185185185185 17.258064516129032 9.444444444444445 9.185185185185185
10.37037037037037 16.814814814814813 16.967741935483872 10.592592592592593 10.074074074074074
11.037037037037036 15.444444444444445 19.225806451612904 10.11111111111111 9.666666666666668
10.0 17.11111111111111 17.741935483870968 9.185185185185185 8.555555555555555
9.444444444444445 16.51851851851852 17.903225806451612 10.037037037037036 9.925925925925927
9.296296296296296 16.296296296296294 17.258064516129032 9.481481481481481 9.592592592592592
9.962962962962964 17.25925925925926 15.967741935483872 9.555555555555555 7.481481481481481
11.11111111111111 17.25925925925926 18.225806451612904 9.518518518518519 8.703703703703702
10.185185185185187 17.0 16.548387096774196 10.777777777777779 10.037037037037036
10.25925925925926 16.25925925925926 16.35483870967742 10.814814814814815 8.62962962962963
10.0 16.444444444444446 18.516129032258064 10.62962962962963 9.074074074074074
10.333333333333334 16.962962962962965 18.838709677419356 10.62962962962963 9.74074074074074
10.11111111111111 17.11111111111111 15.225806451612904 9.703703703703704 10.37037037037037
9.888888888888888 16.25925925925926 16.677419354838708 9.703703703703704 8.666666666666666
10.925925925925926 17.407407407407405 16.032258064516128 9.888888888888888 9.037037037037038
8.88888888888889 17.85185185185185 15.32258064516129 8.555555555555555 9.11111111111111
10.444444444444443 16.555555555555557 18.032258064516128 9.222222222222221 9.222222222222221
10.037037037037036 17.22222222222222 16.612903225806452 9.074074074074074 9.777777777777777
10.88888888888889 15.703703703703702 17.129032258064516 9.888888888888888 9.296296296296296
9.962962962962964 16.51851851851852 17.0 9.925925925925927 8.11111111111111
10.25925925925926 16.14814814814815 18.451612903225804 9.481481481481481 8.777777777777779
10.88888888888889 18.77777777777778 18.70967741935484 9.962962962962964 8.185185185185185
10.851851851851853 16.444444444444446 18.451612903225804 11.444444444444445 10.592592592592593
10.296296296296296 17.333333333333332 17.0 9.25925925925926 8.444444444444443
11.0 17.37037037037037 16.935483870967744 10.518518518518519 8.777777777777779
9.518518518518519 16.333333333333332 17.93548387096774 10.444444444444443 9.296296296296296
9.925925925925927 18.14814814814815 18.322580645161292 10.0 8.333333333333334
10.037037037037036 16.444444444444446 17.387096774193548 10.333333333333334 9.555555555555555
9.851851851851851 17.0 17.32258064516129 9.777777777777777 9.0
10.62962962962963 17.88888888888889 17.32258064516129 10.555555555555555 8.777777777777779
9.703703703703704 15.88888888888889 17.70967741935484 9.814814814814815 9.37037037037037
10.444444444444443 16.925925925925927 15.967741935483872 9.074074074074074 9.703703703703704
9.888888888888888 17.592592592592595 16.870967741935484 11.37037037037037 8.88888888888889
10.074074074074074 17.25925925925926 16.774193548387096 10.11111111111111 9.925925925925927
11.25925925925926 15.25925925925926 18.322580645161292 9.703703703703704 9.296296296296296
10.37037037037037 15.592592592592592 17.806451612903224 8.592592592592593 8.814814814814815
10.444444444444443 15.88888888888889 16.612903225806452 10.25925925925926 8.222222222222223
11.333333333333334 17.22222222222222 16.580645161290324 9.407407407407408 9.333333333333334
9.074074074074074 16.925925925925927 17.741935483870968 9.555555555555555 9.62962962962963
10.185185185185187 17.185185185185187 16.258064516129032 10.11111111111111 8.333333333333334
8.851851851851851 17.925925925925924 17.451612903225804 9.888888888888888 8.74074074074074
9.814814814814815 18.0 16.516129032258064 10.296296296296296 9.074074074074074
10.407407407407407 16.555555555555557 16.935483870967744 9.666666666666668 9.37037037037037
10.222222222222223 17.703703703703702 17.387096774193548 10.814814814814815 9.851851851851851
9.592592592592592 17.555555555555557 17.129032258064516 10.62962962962963 10.185185185185187
10.0 16.85185185185185 17.612903225806452 9.518518518518519 9.148148148148149
10.703703703703702 15.481481481481481 16.225806451612904 10.481481481481483 9.74074074074074
10.444444444444443 17.74074074074074 15.838709677419356 10.0 8.11111111111111
9.62962962962963 16.555555555555557 16.903225806451612 10.148148148148147 8.592592592592593
9.74074074074074 17.14814814814815 16.451612903225808 9.037037037037038 8.703703703703702
10.444444444444443 17.037037037037038 16.612903225806452 9.444444444444445 9.185185185185185
9.666666666666668 17.296296296296294 17.35483870967742 9.0 8.814814814814815
8.518518518518519 17.037037037037038 16.741935483870968 9.888888888888888 9.148148148148149
10.333333333333334 15.925925925925927 18.774193548387096 9.703703703703704 9.185185185185185
9.148148148148149 16.74074074074074 15.580645161290322 10.814814814814815 8.37037037037037
10.37037037037037 17.444444444444443 18.387096774193548 10.296296296296296 9.11111111111111
11.666666666666668 16.48148148148148 17.67741935483871 9.777777777777777 9.518518518518519
9.333333333333334 16.925925925925927 18.096774193548388 10.444444444444443 9.407407407407408
9.703703703703704 16.37037037037037 17.06451612903226 10.777777777777779 9.222222222222221
9.333333333333334 16.77777777777778 16.967741935483872 10.74074074074074 11.11111111111111
10.222222222222223 15.222222222222221 18.29032258064516 9.703703703703704 8.88888888888889
10.074074074074074 16.333333333333332 16.41935483870968 9.518518518518519 8.703703703703702
9.666666666666668 16.74074074074074 17.03225806451613 9.333333333333334 9.777777777777777
10.814814814814815 15.407407407407408 19.096774193548384 10.296296296296296 9.296296296296296
9.777777777777777 17.11111111111111 16.838709677419352 10.148148148148147 9.222222222222221
9.0 17.37037037037037 18.032258064516128 9.592592592592592 8.407407407407407
10.518518518518519 16.40740740740741 15.774193548387098 8.592592592592593 9.074074074074074
9.074074074074074 19.48148148148148 16.612903225806452 9.925925925925927 10.037037037037036
9.333333333333334 17.407407407407405 18.096774193548388 11.407407407407408 9.37037037037037
9.777777777777777 17.666666666666668 17.193548387096776 11.666666666666668 9.407407407407408
9.555555555555555 15.88888888888889 16.580645161290324 11.11111111111111 9.296296296296296
11.0 15.074074074074074 18.193548387096776 9.555555555555555 9.407407407407408
9.666666666666668 17.48148148148148 19.129032258064516 10.222222222222223 9.518518518518519
10.592592592592593 16.51851851851852 18.387096774193548 10.333333333333334 7.962962962962964
9.814814814814815 10.592592592592593 10.161290322580644 10.407407407407407 10.444444444444443
11.037037037037036 9.703703703703704 9.838709677419354 9.925925925925927 11.074074074074074
9.592592592592592 10.703703703703702 9.580645161290322 10.074074074074074 10.666666666666666
10.555555555555555 10.925925925925926 10.193548387096776 11.962962962962964 9.481481481481481
11.11111111111111 18.333333333333332 18.806451612903228 10.74074074074074 8.518518518518519
10.518518518518519 9.592592592592592 10.741935483870966 10.333333333333334 10.037037037037036
10.25925925925926 9.592592592592592 10.838709677419356 11.074074074074074 9.037037037037038
9.592592592592592 10.62962962962963 9.35483870967742 9.518518518518519 10.962962962962962
9.851851851851851 10.0 10.67741935483871 10.481481481481483 10.074074074074074
10.185185185185187 15.481481481481481 20.354838709677416 10.37037037037037 9.148148148148149
10.74074074074074 9.851851851851851 10.419354838709676 9.703703703703704 11.37037037037037
10.037037037037036 9.888888888888888 10.419354838709676 10.62962962962963 10.555555555555555
8.88888888888889 9.962962962962964 10.129032258064516 10.222222222222223 10.333333333333334
10.0 11.407407407407408 9.806451612903226 9.851851851851851 10.407407407407407
10.62962962962963 14.88888888888889 16.64516129032258 10.11111111111111 8.666666666666666
9.11111111111111 10.62962962962963 11.29032258064516 10.407407407407407 8.814814814814815
10.962962962962962 9.703703703703704 10.516129032258066 11.222222222222221 9.62962962962963
9.925925925925927 10.222222222222223 12.03225806451613 10.037037037037036 10.37037037037037
10.74074074074074 10.555555555555555 9.870967741935484 10.185185185185187 10.037037037037036
10.074074074074074 14.703703703703702 21.580645161290324 9.148148148148149 10.222222222222223
10.25925925925926 11.25925925925926 10.483870967741936 11.074074074074074 12.148148148148147
10.222222222222223 9.555555555555555 10.612903225806452 10.407407407407407 10.703703703703702
9.11111111111111 10.407407407407407 10.290322580645162 9.925925925925927 10.592592592592593
10.444444444444443 11.666666666666668 11.0 9.11111111111111 10.814814814814815
9.444444444444445 10.333333333333334 11.064516129032258 11.481481481481481 10.037037037037036
9.518518518518519 12.222222222222223 9.967741935483872 10.481481481481483 11.037037037037036
10.481481481481483 10.25925925925926 10.709677419354838 10.37037037037037 10.444444444444443
10.592592592592593 9.888888888888888 11.870967741935484 9.666666666666668 11.407407407407408
10.555555555555555 11.037037037037036 10.387096774193548 9.222222222222221 11.222222222222221
10.333333333333334 8.444444444444443 11.0 11.518518518518519 11.555555555555555
9.814814814814815 14.88888888888889 19.967741935483872 9.481481481481481 9.333333333333334
10.296296296296296 16.703703703703702 18.774193548387096 9.518518518518519 8.37037037037037
9.407407407407408 15.777777777777779 19.58064516129032 9.962962962962964 9.185185185185185
10.333333333333334 15.185185185185185 20.741935483870968 9.222222222222221 9.925925925925927
10.222222222222223 13.962962962962964 18.032258064516128 10.185185185185187 9.592592592592592
9.444444444444445 14.444444444444445 20.64516129032258 9.518518518518519 10.185185185185187
9.888888888888888 14.444444444444445 19.483870967741936 10.925925925925926 8.62962962962963
9.888888888888888 14.777777777777779 21.193548387096776 11.25925925925926 9.296296296296296
9.444444444444445 16.333333333333332 20.032258064516128 9.814814814814815 9.074074074074074
10.0 14.62962962962963 20.483870967741936 10.296296296296296 7.851851851851851
11.62962962962963 14.555555555555555 19.451612903225808 11.185185185185185 8.925925925925926
10.25925925925926 15.740740740740739 20.741935483870968 8.962962962962962 9.296296296296296
10.666666666666666 16.037037037037038 19.451612903225808 9.25925925925926 8.481481481481483
9.74074074074074 16.14814814814815 19.516129032258064 10.25925925925926 9.518518518518519
9.666666666666668 14.74074074074074 19.451612903225808 9.777777777777777 8.185185185185185
10.333333333333334 16.037037037037038 19.903225806451616 8.74074074074074 9.25925925925926
11.222222222222221 14.148148148148147 19.677419354838708 9.444444444444445 8.74074074074074
9.62962962962963 14.222222222222223 21.03225806451613 10.074074074074074 9.11111111111111
10.851851851851853 15.629629629629628 18.967741935483872 10.777777777777779 9.777777777777777
10.333333333333334 16.555555555555557 20.451612903225808 10.666666666666666 9.592592592592592
9.148148148148149 14.555555555555555 20.354838709677416 9.444444444444445 8.88888888888889
9.296296296296296 15.111111111111112 19.870967741935484 9.333333333333334 8.851851851851851
8.481481481481483 16.333333333333332 19.548387096774192 10.777777777777779 9.0
9.851851851851851 15.925925925925927 19.483870967741936 9.62962962962963 8.703703703703702
10.62962962962963 14.481481481481483 19.290322580645164 9.592592592592592 8.481481481481483
10.037037037037036 14.592592592592593 20.774193548387096 9.481481481481481 9.592592592592592
10.037037037037036 15.666666666666666 19.419354838709676 10.333333333333334 8.962962962962962
11.074074074074074 14.851851851851853 20.032258064516128 10.333333333333334 9.481481481481481
10.518518518518519 15.333333333333332 18.903225806451612 9.814814814814815 9.148148148148149
10.555555555555555 15.296296296296296 19.709677419354836 11.037037037037036 8.74074074074074
9.592592592592592 14.851851851851853 20.129032258064516 9.222222222222221 9.037037037037038
10.814814814814815 14.777777777777779 19.225806451612904 10.333333333333334 9.851851851851851
10.74074074074074 13.518518518518519 20.580645161290324 9.407407407407408 8.666666666666666
9.074074074074074 15.222222222222221 19.290322580645164 9.74074074074074 9.666666666666668
9.62962962962963 15.074074074074074 19.387096774193548 10.185185185185187 8.814814814814815
11.0 15.88888888888889 18.806451612903228 9.407407407407408 8.962962962962962
10.592592592592593 16.444444444444446 19.322580645161292 9.888888888888888 8.962962962962962
9.222222222222221 15.0 19.258064516129032 11.0 9.444444444444445
9.148148148148149 15.074074074074074 19.193548387096772 10.185185185185187 10.25925925925926
8.74074074074074 14.962962962962962 20.483870967741936 11.037037037037036 8.481481481481483
8.777777777777779 14.037037037037036 20.451612903225808 9.777777777777777 8.814814814814815
9.962962962962964 14.851851851851853 18.870967741935484 9.407407407407408 9.222222222222221
10.185185185185187 14.777777777777779 19.903225806451616 8.814814814814815 8.37037037037037
11.222222222222221 14.333333333333334 20.64516129032258 10.333333333333334 8.11111111111111
10.222222222222223 14.666666666666666 20.354838709677416 9.962962962962964 8.88888888888889
10.851851851851853 15.777777777777779 20.677419354838708 10.333333333333334 10.666666666666666
10.148148148148147 14.777777777777779 20.354838709677416 10.37037037037037 10.11111111111111
9.962962962962964 14.74074074074074 19.258064516129032 9.407407407407408 9.814814814814815
10.25925925925926 14.481481481481483 18.419354838709676 11.37037037037037 10.037037037037036
9.925925925925927 14.555555555555555 17.96774193548387 9.222222222222221 9.333333333333334
10.666666666666666 16.037037037037038 20.32258064516129 9.333333333333334 9.222222222222221
10.518518518518519 15.555555555555555 19.64516129032258 10.148148148148147 10.703703703703702
10.148148148148147 14.444444444444445 20.354838709677416 9.592592592592592 8.666666666666666
10.0 16.666666666666668 18.483870967741936 9.74074074074074 9.037037037037038
11.37037037037037 14.74074074074074 18.870967741935484 10.74074074074074 9.814814814814815
10.407407407407407 14.0 20.032258064516128 9.703703703703704 8.333333333333334
9.62962962962963 16.40740740740741 19.677419354838708 9.666666666666668 9.814814814814815
10.333333333333334 14.592592592592593 20.06451612903226 11.518518518518519 9.74074074074074
9.962962962962964 14.037037037037036 20.0 11.0 8.925925925925926
10.518518518518519 17.037037037037038 20.967741935483872 10.296296296296296 8.88888888888889
10.0 15.333333333333332 18.67741935483871 9.37037037037037 9.62962962962963
9.888888888888888 15.185185185185185 19.741935483870968 8.962962962962962 8.666666666666666
9.777777777777777 14.0 20.29032258064516 9.888888888888888 8.555555555555555
9.74074074074074 13.518518518518519 20.903225806451612 10.074074074074074 9.37037037037037
10.148148148148147 15.37037037037037 18.838709677419356 10.074074074074074 8.37037037037037
10.0 14.555555555555555 19.516129032258064 10.333333333333334 9.222222222222221
9.962962962962964 13.962962962962964 18.70967741935484 11.037037037037036 9.518518518518519
9.851851851851851 14.851851851851853 21.06451612903226 10.074074074074074 9.777777777777777
11.148148148148149 15.222222222222221 20.548387096774196 9.888888888888888 9.296296296296296
10.62962962962963 15.111111111111112 19.516129032258064 11.11111111111111 9.11111111111111
9.444444444444445 15.629629629629628 20.935483870967744 8.814814814814815 9.666666666666668
9.666666666666668 15.222222222222221 20.70967741935484 10.666666666666666 7.851851851851851
9.814814814814815 13.925925925925927 20.451612903225808 10.666666666666666 8.592592592592593
11.888888888888888 14.555555555555555 20.967741935483872 11.222222222222221 8.407407407407407
11.0 15.962962962962964 19.870967741935484 10.518518518518519 9.222222222222221
9.222222222222221 14.0 19.870967741935484 8.407407407407407 9.296296296296296
10.333333333333334 15.592592592592592 19.774193548387096 8.88888888888889 9.148148148148149
9.814814814814815 16.185185185185183 20.41935483870968 11.0 9.925925925925927
10.148148148148147 14.88888888888889 20.677419354838708 10.333333333333334 9.333333333333334
11.0 15.740740740740739 20.64516129032258 11.407407407407408 10.0
11.851851851851851 16.925925925925927 21.096774193548388 11.444444444444445 8.777777777777779
9.888888888888888 16.962962962962965 20.032258064516128 10.777777777777779 8.777777777777779
9.925925925925927 14.518518518518519 20.354838709677416 12.11111111111111 8.88888888888889
11.037037037037036 15.814814814814817 19.677419354838708 9.555555555555555 8.0
9.333333333333334 16.11111111111111 21.64516129032258 10.25925925925926 9.666666666666668
9.444444444444445 14.925925925925926 21.129032258064516 10.444444444444443 10.74074074074074
10.185185185185187 14.666666666666666 22.548387096774192 11.25925925925926 9.407407407407408
10.25925925925926 15.074074074074074 20.225806451612904 10.148148148148147 9.592592592592592
9.37037037037037 15.925925925925927 21.06451612903226 10.814814814814815 9.925925925925927
9.962962962962964 13.962962962962964 19.709677419354836 11.037037037037036 9.592592592592592
10.296296296296296 16.296296296296294 22.193548387096776 9.925925925925927 9.074074074074074
12.481481481481483 15.0 19.161290322580644 9.0 9.703703703703704
10.37037037037037 15.25925925925926 20.0 10.444444444444443 9.62962962962963
9.074074074074074 15.074074074074074 19.58064516129032 9.37037037037037 9.11111111111111
10.62962962962963 15.925925925925927 20.161290322580644 9.0 8.88888888888889
9.25925925925926 16.333333333333332 19.870967741935484 9.962962962962964 8.62962962962963
10.407407407407407 14.925925925925926 19.161290322580644 10.518518518518519 9.11111111111111
9.777777777777777 16.888888888888886 20.38709677419355 10.074074074074074 8.444444444444443
11.11111111111111 15.777777777777779 19.774193548387096 12.407407407407407 8.851851851851851
