73.6923076923077 71.61538461538461 71.6 74.33333333333333 75.07142857142857
72.92307692307692 71.6923076923077 70.6 73.41666666666667 74.14285714285715
73.23076923076923 72.07692307692308 71.2 75.33333333333333 75.14285714285714
72.38461538461539 70.15384615384615 69.46666666666667 73.0 74.57142857142857
73.3076923076923 70.92307692307692 71.66666666666667 72.66666666666667 74.42857142857143
74.15384615384616 71.46153846153847 71.53333333333333 73.0 75.42857142857143
72.53846153846153 71.92307692307692 70.2 73.83333333333333 73.28571428571429
72.6923076923077 71.84615384615385 70.8 72.75 75.42857142857143
71.92307692307692 72.07692307692308 69.53333333333333 72.25 74.42857142857143
71.76923076923076 72.6923076923077 70.13333333333334 72.83333333333333 74.14285714285715
72.38461538461539 71.38461538461539 70.8 75.33333333333333 74.78571428571429
72.07692307692308 71.23076923076924 69.93333333333334 72.25 73.64285714285715
74.07692307692308 73.23076923076923 72.26666666666668 74.5 76.5
73.76923076923077 72.61538461538461 71.8 73.91666666666667 74.0
73.92307692307692 72.38461538461539 71.33333333333333 74.08333333333333 75.5
73.15384615384615 72.0 71.6 73.58333333333333 74.78571428571429
71.61538461538461 71.07692307692308 69.8 72.91666666666667 73.64285714285715
73.61538461538461 71.23076923076924 71.0 73.25 76.57142857142857
75.07692307692308 71.76923076923076 71.73333333333333 73.75 75.0
72.38461538461539 72.3076923076923 70.66666666666667 74.41666666666667 76.28571428571429
73.15384615384615 71.46153846153847 70.13333333333334 72.5 74.5
73.38461538461539 72.07692307692308 70.86666666666666 73.0 74.5
73.84615384615385 72.46153846153847 71.86666666666666 74.25 76.14285714285714
72.38461538461539 70.53846153846153 69.66666666666667 73.08333333333333 73.28571428571429
72.92307692307692 71.38461538461539 71.66666666666667 74.0 74.57142857142857
74.46153846153847 73.3076923076923 72.13333333333333 74.16666666666667 76.35714285714286
71.92307692307692 70.46153846153847 70.6 73.41666666666667 73.07142857142857
73.46153846153847 72.53846153846153 71.2 74.0 74.28571428571429
73.0 72.3076923076923 72.06666666666666 73.75 75.35714285714286
73.46153846153847 72.23076923076924 71.66666666666667 73.91666666666667 75.0
74.23076923076923 71.84615384615385 71.2 74.83333333333333 74.35714285714286
73.53846153846153 71.76923076923076 70.53333333333333 74.25 74.28571428571429
73.3076923076923 71.92307692307692 70.93333333333334 73.41666666666667 74.92857142857143
73.53846153846153 72.15384615384615 71.86666666666666 75.25 74.35714285714286
73.92307692307692 72.76923076923077 72.33333333333333 74.5 76.5
72.84615384615385 71.0 70.33333333333333 73.5 75.57142857142857
72.07692307692308 70.46153846153847 70.06666666666666 73.75 73.42857142857143
73.6923076923077 71.6923076923077 71.66666666666667 74.41666666666667 76.71428571428572
73.6923076923077 71.92307692307692 70.66666666666667 74.0 73.71428571428572
73.53846153846153 73.15384615384615 70.73333333333333 73.58333333333333 75.5
72.3076923076923 71.07692307692308 70.26666666666667 72.58333333333333 74.21428571428572
72.23076923076924 72.3076923076923 70.8 73.5 73.78571428571429
74.0 71.84615384615385 72.33333333333333 74.08333333333333 75.92857142857143
73.92307692307692 72.07692307692308 71.8 73.66666666666667 75.92857142857143
73.61538461538461 73.07692307692308 70.93333333333334 73.5 76.28571428571429
72.6923076923077 70.61538461538463 71.06666666666666 73.0 73.5
73.76923076923077 72.61538461538461 70.66666666666667 73.58333333333333 75.42857142857143
73.38461538461539 71.3076923076923 72.2 74.41666666666667 75.85714285714286
73.76923076923077 71.46153846153847 70.33333333333333 73.75 74.85714285714286
74.23076923076923 72.3076923076923 72.93333333333334 75.33333333333333 76.28571428571429
73.46153846153847 70.6923076923077 70.46666666666667 73.41666666666667 74.28571428571429
73.07692307692308 71.92307692307692 71.26666666666667 74.41666666666667 76.5
73.76923076923077 70.61538461538463 70.6 73.41666666666667 75.07142857142857
73.38461538461539 71.38461538461539 71.13333333333334 73.83333333333333 75.71428571428572
73.38461538461539 71.6923076923077 72.13333333333333 74.41666666666667 75.85714285714286
74.23076923076923 71.84615384615385 72.53333333333333 74.16666666666667 76.0
71.92307692307692 70.53846153846153 68.93333333333334 72.58333333333333 73.71428571428572
73.61538461538461 72.07692307692308 71.66666666666667 74.25 75.14285714285714
73.23076923076923 71.76923076923076 71.06666666666666 73.41666666666667 74.5
74.38461538461539 71.23076923076924 71.4 73.91666666666667 76.14285714285714
73.07692307692308 70.61538461538463 70.73333333333333 73.58333333333333 74.78571428571429
72.92307692307692 70.0 70.73333333333333 73.66666666666667 73.71428571428572
72.92307692307692 71.23076923076924 69.66666666666667 73.08333333333333 75.14285714285714
73.38461538461539 71.76923076923076 70.46666666666667 73.25 75.5
73.6923076923077 71.15384615384615 70.06666666666666 73.5 74.0
73.3076923076923 70.15384615384615 71.0 74.0 75.28571428571429
72.6923076923077 70.23076923076924 70.2 72.41666666666667 75.5
72.76923076923077 70.84615384615385 71.06666666666666 74.16666666666667 75.85714285714286
74.38461538461539 71.92307692307692 71.53333333333333 73.5 74.78571428571429
72.3076923076923 72.0 71.2 74.75 75.64285714285714
74.07692307692308 72.0 71.73333333333333 74.5 76.42857142857143
73.38461538461539 70.15384615384615 72.0 74.08333333333333 76.42857142857143
73.3076923076923 70.3076923076923 70.46666666666667 73.66666666666667 74.85714285714286
71.84615384615385 69.84615384615385 70.4 73.5 74.42857142857143
72.61538461538461 69.38461538461537 70.66666666666667 73.58333333333333 73.92857142857143
74.07692307692308 70.6923076923077 70.4 74.33333333333333 77.0
72.61538461538461 69.53846153846153 69.13333333333334 72.5 73.5
74.46153846153847 72.07692307692308 73.6 74.75 76.42857142857143
73.0 70.0 69.73333333333333 73.0 74.92857142857143
73.3076923076923 69.0 69.86666666666666 74.58333333333333 74.35714285714286
74.46153846153847 70.76923076923076 71.0 74.25 75.35714285714286
73.0 68.38461538461539 69.53333333333333 73.25 74.21428571428572
71.92307692307692 67.23076923076923 69.46666666666667 72.75 75.14285714285714
73.07692307692308 69.53846153846153 70.4 73.83333333333333 74.42857142857143
73.84615384615385 69.07692307692308 70.93333333333334 74.16666666666667 74.92857142857143
71.61538461538461 67.61538461538461 69.26666666666667 72.75 74.21428571428572
73.53846153846153 70.07692307692308 70.2 73.16666666666667 74.42857142857143
73.0 69.0 69.93333333333334 74.33333333333333 75.21428571428572
72.53846153846153 69.76923076923076 70.66666666666667 73.58333333333333 75.42857142857143
74.6923076923077 69.07692307692308 72.4 74.58333333333333 76.14285714285714
72.3076923076923 69.23076923076924 69.93333333333334 74.16666666666667 75.0
72.38461538461539 66.92307692307692 69.33333333333333 72.5 73.42857142857143
72.46153846153847 67.6923076923077 69.53333333333333 73.91666666666667 75.0
73.61538461538461 69.84615384615385 70.33333333333333 74.83333333333333 75.35714285714286
73.92307692307692 67.92307692307692 70.26666666666667 72.83333333333333 75.0
74.23076923076923 69.07692307692308 70.4 73.25 75.21428571428572
73.46153846153847 67.53846153846153 70.06666666666666 72.5 75.35714285714286
72.84615384615385 68.53846153846153 70.66666666666667 74.08333333333333 74.57142857142857
75.07692307692308 69.61538461538463 71.13333333333334 74.33333333333333 76.64285714285714
73.23076923076923 67.92307692307692 69.2 74.25 74.28571428571429
72.76923076923077 68.53846153846153 69.66666666666667 72.5 74.57142857142857
66.07692307692308 65.84615384615384 65.60000000000001 66.41666666666667 66.71428571428571
68.3076923076923 67.0 68.06666666666666 67.91666666666667 67.71428571428571
65.53846153846153 65.53846153846153 65.53333333333333 65.16666666666667 65.85714285714285
66.46153846153847 65.0 65.66666666666667 66.33333333333333 65.42857142857143
73.61538461538461 68.61538461538461 69.86666666666666 74.0 75.64285714285714
66.46153846153847 66.23076923076923 65.66666666666667 67.83333333333333 67.71428571428571
65.23076923076923 65.76923076923077 66.19999999999999 67.41666666666667 66.78571428571428
67.84615384615385 66.92307692307692 67.26666666666667 67.58333333333333 67.5
65.84615384615384 65.3076923076923 66.06666666666666 66.5 66.0
72.84615384615385 69.76923076923076 68.4 73.75 74.42857142857143
65.84615384615384 65.6923076923077 65.93333333333332 67.16666666666667 65.21428571428571
66.6923076923077 65.84615384615384 65.4 66.75 66.42857142857143
66.6923076923077 65.23076923076923 66.06666666666666 65.66666666666667 66.28571428571428
64.84615384615384 65.46153846153845 64.86666666666667 65.91666666666667 65.07142857142857
75.15384615384616 68.46153846153847 71.8 75.25 76.64285714285714
65.92307692307692 64.3076923076923 64.4 66.08333333333333 65.64285714285714
65.84615384615384 65.46153846153845 65.53333333333333 66.91666666666667 65.85714285714285
66.46153846153847 67.3076923076923 67.0 67.0 67.21428571428571
65.84615384615384 64.76923076923077 64.60000000000001 66.33333333333333 64.64285714285714
74.76923076923077 69.76923076923076 70.33333333333333 74.5 75.35714285714286
65.6923076923077 65.23076923076923 64.73333333333333 66.16666666666667 65.21428571428571
66.53846153846153 66.38461538461539 66.33333333333333 66.5 65.92857142857143
67.0 66.07692307692308 66.06666666666666 67.08333333333333 66.35714285714285
65.76923076923077 64.61538461538461 65.53333333333333 65.66666666666667 65.35714285714286
65.0 65.0 65.60000000000001 65.83333333333333 66.07142857142857
67.07692307692308 65.38461538461539 67.26666666666667 67.33333333333333 67.64285714285714
66.0 66.07692307692308 66.46666666666665 66.08333333333333 66.5
65.46153846153845 64.76923076923077 65.26666666666667 66.41666666666667 65.07142857142857
65.23076923076923 64.84615384615384 65.26666666666667 66.83333333333333 65.57142857142857
67.84615384615385 65.38461538461539 65.4 65.75 66.14285714285714
74.15384615384616 68.76923076923076 68.53333333333333 74.75 74.57142857142857
72.61538461538461 68.84615384615385 68.33333333333333 74.16666666666667 74.0
74.23076923076923 71.15384615384615 70.46666666666667 76.0 75.14285714285714
74.61538461538461 69.53846153846153 70.13333333333334 76.0 74.28571428571429
72.76923076923077 69.6923076923077 68.33333333333333 73.75 73.28571428571429
73.07692307692308 68.76923076923076 68.46666666666667 73.83333333333333 73.78571428571429
74.6923076923077 71.15384615384615 70.73333333333333 74.91666666666667 75.71428571428572
72.53846153846153 68.07692307692308 68.6 72.75 73.57142857142857
74.0 69.53846153846153 69.73333333333333 74.0 75.42857142857143
74.3076923076923 68.6923076923077 68.66666666666667 74.08333333333333 73.71428571428572
73.07692307692308 69.3076923076923 68.6 74.0 74.64285714285715
71.92307692307692 68.3076923076923 68.0 73.33333333333333 73.78571428571429
73.38461538461539 68.84615384615385 69.4 74.16666666666667 74.28571428571429
74.61538461538461 70.15384615384615 68.66666666666667 74.0 74.57142857142857
74.3076923076923 69.92307692307692 69.8 75.08333333333333 74.92857142857143
73.46153846153847 69.3076923076923 67.86666666666667 74.25 74.64285714285715
74.07692307692308 70.07692307692308 68.93333333333334 74.41666666666667 75.14285714285714
74.07692307692308 70.46153846153847 68.2 74.75 74.78571428571429
74.76923076923077 69.61538461538463 69.2 74.91666666666667 75.21428571428572
74.07692307692308 69.0 67.66666666666667 73.41666666666667 73.85714285714286
73.53846153846153 69.15384615384615 67.86666666666667 74.58333333333333 73.71428571428572
74.07692307692308 70.76923076923076 68.46666666666667 74.5 74.85714285714286
73.38461538461539 69.23076923076924 66.53333333333333 74.0 74.5
74.38461538461539 69.92307692307692 67.8 74.0 73.21428571428572
73.92307692307692 69.15384615384615 67.26666666666667 74.91666666666667 75.07142857142857
74.92307692307692 69.92307692307692 67.13333333333334 74.5 75.35714285714286
73.76923076923077 68.46153846153847 66.66666666666667 72.91666666666667 74.35714285714286
73.3076923076923 68.23076923076924 66.53333333333333 73.33333333333333 75.0
74.53846153846153 69.6923076923077 66.66666666666667 73.66666666666667 74.92857142857143
73.15384615384615 69.46153846153847 66.33333333333333 74.41666666666667 74.0
73.76923076923077 69.53846153846153 65.13333333333334 74.5 74.85714285714286
74.0 69.38461538461537 66.46666666666665 74.58333333333333 75.0
74.38461538461539 68.38461538461539 65.33333333333333 74.58333333333333 75.85714285714286
74.6923076923077 69.3076923076923 63.86666666666667 73.66666666666667 74.78571428571429
74.6923076923077 69.46153846153847 64.73333333333333 74.16666666666667 75.64285714285714
74.3076923076923 68.84615384615385 64.33333333333334 74.66666666666667 75.07142857142857
73.15384615384615 66.3076923076923 61.400000000000006 72.83333333333333 73.92857142857143
73.76923076923077 69.0 62.46666666666666 74.33333333333333 74.78571428571429
72.84615384615385 67.92307692307692 61.13333333333333 73.75 73.64285714285715
74.0 68.23076923076924 62.86666666666667 74.25 75.0
75.3076923076923 67.61538461538461 61.33333333333333 74.0 75.71428571428572
74.0 68.23076923076924 60.199999999999996 74.41666666666667 76.28571428571429
75.46153846153845 68.3076923076923 59.8 74.75 74.85714285714286
76.0 67.0 58.333333333333336 74.58333333333333 75.71428571428572
75.15384615384616 67.53846153846153 57.6 74.75 75.21428571428572
75.53846153846155 65.6923076923077 56.0 73.58333333333333 75.35714285714286
73.3076923076923 65.6923076923077 54.53333333333334 73.75 74.71428571428572
76.15384615384616 67.61538461538461 55.599999999999994 76.58333333333334 76.78571428571429
74.61538461538461 65.53846153846153 53.199999999999996 74.08333333333333 74.85714285714286
74.53846153846153 66.46153846153847 53.8 74.25 75.07142857142857
76.53846153846155 65.92307692307692 51.86666666666667 76.0 76.42857142857143
75.61538461538461 65.38461538461539 49.4 75.08333333333333 76.28571428571429
75.61538461538461 65.23076923076923 48.53333333333333 74.41666666666667 75.64285714285714
73.0 62.61538461538461 46.93333333333334 72.66666666666667 73.21428571428572
74.07692307692308 62.46153846153847 46.46666666666667 73.08333333333333 75.35714285714286
74.15384615384616 61.46153846153846 42.86666666666667 72.83333333333333 74.42857142857143
75.38461538461539 63.15384615384616 45.266666666666666 73.75 75.21428571428572
76.15384615384616 63.3076923076923 42.93333333333333 73.33333333333333 76.28571428571429
76.0 63.61538461538461 43.2 75.08333333333333 75.5
74.84615384615384 60.84615384615385 41.93333333333334 74.66666666666667 76.21428571428572
76.15384615384616 61.69230769230769 42.8 75.66666666666666 77.5
75.46153846153845 60.07692307692307 36.93333333333333 73.66666666666667 75.07142857142857
77.0 60.53846153846154 39.53333333333333 76.0 77.21428571428571
77.07692307692307 60.46153846153846 36.13333333333334 75.91666666666666 78.14285714285714
77.84615384615384 61.84615384615385 35.333333333333336 76.0 79.14285714285714
75.84615384615384 59.15384615384615 32.4 74.41666666666667 77.14285714285714
75.53846153846155 57.61538461538462 29.6 74.08333333333333 76.5
76.53846153846155 58.692307692307686 29.2 75.25 78.0
76.92307692307693 57.84615384615385 26.4 74.66666666666667 77.14285714285714
76.53846153846155 56.15384615384615 23.400000000000002 73.58333333333333 76.28571428571429
78.0 56.0 21.933333333333334 74.25 77.28571428571429
77.69230769230768 57.0 21.933333333333334 76.0 79.0
77.92307692307693 56.0 22.2 74.33333333333333 78.21428571428571
76.84615384615384 55.230769230769226 19.133333333333333 73.83333333333333 77.14285714285714
76.6923076923077 54.30769230769231 17.2 75.41666666666667 77.28571428571429
78.30769230769232 52.76923076923077 15.266666666666666 75.08333333333333 78.35714285714286
77.84615384615384 54.61538461538461 15.733333333333333 75.25 77.21428571428571
79.61538461538461 54.69230769230769 15.466666666666667 74.41666666666667 79.35714285714286
77.76923076923077 52.30769230769231 11.266666666666666 73.75 77.21428571428571
79.84615384615384 53.30769230769231 14.333333333333334 75.41666666666667 79.28571428571428
78.07692307692307 52.23076923076923 12.866666666666667 75.16666666666667 77.78571428571429
78.92307692307693 50.76923076923077 11.333333333333334 74.66666666666667 78.71428571428571
78.23076923076923 51.23076923076923 10.4 74.75 77.07142857142857
78.92307692307693 51.69230769230769 11.066666666666668 74.0 77.78571428571429
78.15384615384616 50.92307692307693 10.8 73.58333333333333 77.64285714285714
77.76923076923077 48.0 9.6 72.0 77.28571428571429
79.0 49.15384615384615 8.8 74.25 79.14285714285714
78.84615384615384 48.30769230769231 8.333333333333334 74.33333333333333 79.92857142857143
80.46153846153845 51.307692307692314 9.533333333333333 74.83333333333333 80.07142857142857
79.38461538461539 49.46153846153846 10.0 74.33333333333333 79.28571428571428
78.92307692307693 48.69230769230769 8.0 73.41666666666667 78.85714285714286
79.6923076923077 49.46153846153846 9.133333333333333 73.66666666666667 79.07142857142857
79.76923076923077 49.15384615384615 9.666666666666668 74.83333333333333 79.28571428571428
78.92307692307693 50.15384615384615 9.4 74.58333333333333 79.42857142857143
78.38461538461539 49.30769230769231 7.733333333333333 73.58333333333333 79.14285714285714
80.23076923076923 49.0 8.533333333333333 75.08333333333333 79.07142857142857
79.15384615384616 49.92307692307693 9.866666666666665 76.25 79.92857142857143
78.6923076923077 50.23076923076923 9.6 73.41666666666667 78.28571428571429
77.76923076923077 48.0 7.4 73.33333333333333 78.0
