32935.000 -0.400 -0.400 0.065
32936.000 -0.400 -0.331 0.105
32937.000 -0.400 -0.262 0.440
32938.000 -0.400 -0.192 0.126
32939.000 -0.400 -0.123 0.443
32940.000 -0.400 -0.054 0.404
32941.000 -0.400 0.015 0.272
32942.000 -0.400 0.085 0.414
32943.000 -0.400 0.154 0.417
32944.000 -0.400 0.223 0.453
32945.000 -0.400 0.292 0.033
32946.000 -0.400 0.362 0.416
32947.000 -0.400 0.431 0.060
32948.000 -0.331 -0.400 0.380
32949.000 -0.331 -0.331 0.108
32950.000 -0.331 -0.262 0.386
32951.000 -0.331 -0.192 0.375
32952.000 -0.331 -0.123 0.158
32953.000 -0.331 -0.054 0.364
32954.000 -0.331 0.015 0.444
32955.000 -0.331 0.085 0.092
32956.000 -0.331 0.154 0.232
32957.000 -0.331 0.223 0.017
32958.000 -0.331 0.292 0.193
32959.000 -0.331 0.362 0.429
32960.000 -0.331 0.431 0.237
32961.000 -0.262 -0.400 0.490
32962.000 -0.262 -0.331 0.390
32963.000 -0.262 -0.262 0.363
32964.000 -0.262 -0.192 0.132
32965.000 -0.262 -0.123 0.089
32966.000 -0.262 -0.054 0.392
32967.000 -0.262 0.015 0.055
32968.000 -0.262 0.085 0.025
32969.000 -0.262 0.154 0.358
32970.000 -0.262 0.223 0.014
32971.000 -0.262 0.292 0.162
32972.000 -0.262 0.362 0.355
32973.000 -0.262 0.431 0.143
32974.000 -0.192 -0.400 0.219
32975.000 -0.192 -0.331 0.136
32976.000 -0.192 -0.262 0.355
32977.000 -0.192 -0.192 0.211
32978.000 -0.192 -0.123 0.097
32979.000 -0.192 -0.054 0.261
32980.000 -0.192 0.015 0.116
32981.000 -0.192 0.085 0.148
32982.000 -0.192 0.154 0.438
32983.000 -0.192 0.223 0.378
32984.000 -0.192 0.292 0.140
32985.000 -0.192 0.362 0.435
32986.000 -0.192 0.431 0.437
32987.000 -0.123 -0.400 0.195
32988.000 -0.123 -0.331 0.087
32989.000 -0.123 -0.262 0.294
32990.000 -0.123 -0.192 0.281
32991.000 -0.123 -0.123 0.091
32992.000 -0.123 -0.054 0.406
32993.000 -0.123 0.015 0.313
32994.000 -0.123 0.085 0.135
32995.000 -0.123 0.154 0.260
32996.000 -0.123 0.223 0.454
32997.000 -0.123 0.292 0.185
32998.000 -0.123 0.362 0.352
32999.000 -0.123 0.431 0.174
33000.000 -0.054 -0.400 0.489
33001.000 -0.054 -0.331 0.269
33002.000 -0.054 -0.262 0.114
33003.000 -0.054 -0.192 0.081
33004.000 -0.054 -0.123 0.090
33005.000 -0.054 0.015 0.185
33006.000 -0.054 0.085 0.225
33007.000 -0.054 0.154 0.141
33008.000 -0.054 0.223 0.241
33009.000 -0.054 0.292 0.454
33010.000 -0.054 0.362 0.076
33011.000 -0.054 0.431 0.195
33012.000 0.015 -0.400 0.398
33013.000 0.015 -0.331 0.248
33014.000 0.015 -0.262 0.085
33015.000 0.015 -0.192 0.093
33016.000 0.015 -0.123 0.107
33017.000 0.015 -0.054 0.376
33018.000 0.015 0.015 0.274
33019.000 0.015 0.085 0.247
33020.000 0.015 0.154 0.055
33021.000 0.015 0.223 0.369
33022.000 0.015 0.292 0.099
33023.000 0.015 0.362 0.394
33024.000 0.015 0.431 0.093
33025.000 0.085 -0.400 0.343
33026.000 0.085 -0.331 0.378
33027.000 0.085 -0.262 0.198
33028.000 0.085 -0.192 0.212
33029.000 0.085 -0.123 0.377
33030.000 0.085 -0.054 0.346
33031.000 0.085 0.015 0.177
33032.000 0.085 0.085 0.074
33033.000 0.085 0.154 0.162
33034.000 0.085 0.223 0.197
33035.000 0.085 0.292 0.371
33036.000 0.085 0.362 0.193
33037.000 0.085 0.431 0.354
33038.000 0.154 -0.400 0.315
33039.000 0.154 -0.331 0.168
33040.000 0.154 -0.262 0.402
33041.000 0.154 -0.192 0.396
33042.000 0.154 -0.123 0.413
33043.000 0.154 -0.054 0.298
33044.000 0.154 0.015 0.357
33045.000 0.154 0.085 0.313
33046.000 0.154 0.154 0.113
33047.000 0.154 0.223 0.084
33048.000 0.154 0.292 0.453
33049.000 0.154 0.362 0.118
33050.000 0.154 0.431 0.233
33051.000 0.223 -0.400 0.073
33052.000 0.223 -0.331 0.285
33053.000 0.223 -0.262 0.235
33054.000 0.223 -0.192 0.348
33055.000 0.223 -0.123 0.072
33056.000 0.223 -0.054 0.006
33057.000 0.223 0.015 0.094
33058.000 0.223 0.085 0.155
33059.000 0.223 0.154 0.031
33060.000 0.223 0.223 0.256
33061.000 0.223 0.292 0.120
33062.000 0.223 0.362 0.462
33063.000 0.223 0.431 0.138
33064.000 0.292 -0.400 0.361
33065.000 0.292 -0.331 0.032
33066.000 0.292 -0.262 0.250
33067.000 0.292 -0.192 0.366
33068.000 0.292 -0.123 0.322
33069.000 0.292 -0.054 0.063
33070.000 0.292 0.015 0.070
33071.000 0.292 0.085 0.123
33072.000 0.292 0.154 0.264
33073.000 0.292 0.223 0.259
33074.000 0.292 0.292 0.221
33075.000 0.292 0.362 0.175
33076.000 0.292 0.431 0.387
33077.000 0.362 -0.400 0.339
33078.000 0.362 -0.331 0.049
33079.000 0.362 -0.262 0.267
33080.000 0.362 -0.192 0.153
33081.000 0.362 -0.123 0.352
33082.000 0.362 -0.054 0.057
33083.000 0.362 0.015 0.436
33084.000 0.362 0.085 0.268
33085.000 0.362 0.154 0.251
33086.000 0.362 0.223 0.402
33087.000 0.362 0.292 0.420
33088.000 0.362 0.362 0.178
33089.000 0.362 0.431 0.413
33090.000 0.431 -0.400 0.322
33091.000 0.431 -0.331 0.487
33092.000 0.431 -0.262 0.058
33093.000 0.431 -0.192 0.011
33094.000 0.431 -0.123 0.087
33095.000 0.431 -0.054 0.411
33096.000 0.431 0.015 0.274
33097.000 0.431 0.085 0.198
33098.000 0.431 0.154 0.371
33099.000 0.431 0.223 0.032
33100.000 0.431 0.292 0.223
33101.000 0.431 0.362 0.065
33102.000 0.431 0.431 0.070
