0.0007052186177715092 0.12268188302425108 0.044055944055944055 0.0006954102920723226 0.0
0.0028208744710860366 0.15192582025677603 0.04615384615384615 0.0006954102920723226 0.0
0.0014104372355430183 0.1405135520684736 0.06293706293706293 0.0 0.0
0.0021156558533145277 0.15549215406562056 0.05454545454545454 0.0 0.0
0.0 0.15263908701854495 0.044755244755244755 0.0 0.0
0.0 0.13195435092724678 0.06363636363636364 0.0006954102920723226 0.0
0.0014104372355430183 0.13052781740370897 0.05944055944055944 0.0 0.0
0.0014104372355430183 0.15620542082738945 0.055944055944055944 0.0 0.0
0.0 0.15763195435092725 0.04545454545454545 0.0 0.0
0.0021156558533145277 0.12482168330955778 0.04615384615384615 0.0006954102920723226 0.000687757909215956
0.0 0.15691868758915836 0.04195804195804196 0.0 0.0
0.0014104372355430183 0.15263908701854495 0.04545454545454545 0.0 0.0
0.0007052186177715092 0.14764621968616262 0.05384615384615385 0.0 0.0
0.0 0.15620542082738945 0.06713286713286713 0.0 0.0
0.0021156558533145277 0.16761768901569185 0.06643356643356643 0.0 0.0
0.0021156558533145277 0.16119828815977175 0.05384615384615385 0.0006954102920723226 0.0
0.0014104372355430183 0.16262482168330955 0.04895104895104895 0.0006954102920723226 0.0
0.0007052186177715092 0.19543509272467902 0.06503496503496504 0.0 0.0
0.0014104372355430183 0.16119828815977175 0.05314685314685315 0.0 0.0
0.0021156558533145277 0.1768901569186876 0.05174825174825175 0.0006954102920723226 0.0
0.0014104372355430183 0.19186875891583452 0.056643356643356645 0.0006954102920723226 0.0
0.0014104372355430183 0.16690442225392296 0.06083916083916084 0.0006954102920723226 0.0
0.0007052186177715092 0.1747503566333809 0.061538461538461535 0.0006954102920723226 0.0
0.0021156558533145277 0.18830242510699 0.05314685314685315 0.0 0.0
0.0 0.1840228245363766 0.056643356643356645 0.0 0.0
0.0007052186177715092 0.15477888730385164 0.06293706293706293 0.0 0.0
0.0007052186177715092 0.19614835948644793 0.06573426573426573 0.0006954102920723226 0.0
0.0014104372355430183 0.1825962910128388 0.06503496503496504 0.0 0.0
0.0007052186177715092 0.18473609129814553 0.058741258741258746 0.0 0.0
0.0007052186177715092 0.16904422253922965 0.050349650349650346 0.0006954102920723226 0.0
0.0007052186177715092 0.1797432239657632 0.05384615384615385 0.0006954102920723226 0.0
0.0007052186177715092 0.16048502139800283 0.06013986013986014 0.002086230876216968 0.0
0.0007052186177715092 0.20399429386590584 0.07482517482517483 0.0006954102920723226 0.0
0.0014104372355430183 0.20613409415121256 0.06013986013986014 0.0006954102920723226 0.0
0.0028208744710860366 0.2289586305278174 0.061538461538461535 0.0 0.0
0.0007052186177715092 0.20256776034236804 0.056643356643356645 0.0006954102920723226 0.0
0.0007052186177715092 0.20256776034236804 0.05524475524475524 0.002086230876216968 0.0
0.0021156558533145277 0.21968616262482168 0.06573426573426573 0.0 0.0
0.0014104372355430183 0.18544935805991442 0.07622377622377621 0.0 0.0
0.0007052186177715092 0.19329529243937232 0.06083916083916084 0.0006954102920723226 0.000687757909215956
0.004231311706629055 0.21326676176890158 0.06783216783216783 0.0 0.0
0.0021156558533145277 0.20684736091298145 0.06083916083916084 0.0006954102920723226 0.0
0.0014104372355430183 0.2139800285306705 0.05454545454545454 0.0 0.0
0.0007052186177715092 0.24251069900142655 0.05244755244755245 0.0 0.000687757909215956
0.0028208744710860366 0.23109843081312412 0.07552447552447553 0.0 0.0
0.0007052186177715092 0.2289586305278174 0.06643356643356643 0.0 0.0
0.0021156558533145277 0.26390870185449355 0.07342657342657342 0.0 0.0
0.0021156558533145277 0.304564907275321 0.0923076923076923 0.0 0.0
0.0 0.31811697574893005 0.08321678321678322 0.0006954102920723226 0.0
0.0014104372355430183 0.3131241084165478 0.08461538461538462 0.0 0.0
0.0021156558533145277 0.3131241084165478 0.09160839160839161 0.0 0.0
0.0 0.28245363766048504 0.07132867132867132 0.0 0.0
0.0007052186177715092 0.28245363766048504 0.07832167832167833 0.0006954102920723226 0.0
0.0021156558533145277 0.30599144079885876 0.08111888111888112 0.0 0.0
0.0028208744710860366 0.325962910128388 0.08881118881118881 0.0 0.0
0.0021156558533145277 0.31811697574893005 0.08461538461538462 0.0 0.0
0.0007052186177715092 0.340941512125535 0.0951048951048951 0.0 0.0
0.0 0.3288159771754636 0.08671328671328672 0.002086230876216968 0.0
0.0 0.32453637660485024 0.0937062937062937 0.0 0.0
0.0007052186177715092 0.3687589158345221 0.09440559440559441 0.0006954102920723226 0.0
0.0014104372355430183 0.37232524964336666 0.09020979020979021 0.0 0.0
0.003526093088857546 0.3651925820256776 0.0993006993006993 0.0 0.0
0.0 0.391583452211127 0.11468531468531469 0.0013908205841446453 0.0
0.0 0.3930099857346648 0.1076923076923077 0.0 0.0
0.0 0.3323823109843081 0.0986013986013986 0.0 0.001375515818431912
0.0 0.405848787446505 0.0965034965034965 0.0006954102920723226 0.0
0.0028208744710860366 0.3958630527817404 0.11818181818181818 0.0 0.0
0.0014104372355430183 0.43437945791726107 0.11678321678321678 0.0 0.000687757909215956
0.0007052186177715092 0.4322396576319543 0.12937062937062935 0.0006954102920723226 0.0
0.0014104372355430183 0.39942938659058486 0.11188811188811189 0.0027816411682892906 0.000687757909215956
0.0 0.46718972895863053 0.11468531468531469 0.0 0.0
0.0007052186177715092 0.5078459343794579 0.10839160839160839 0.0 0.0
0.0014104372355430183 0.5 0.11888111888111888 0.0 0.0
0.0021156558533145277 0.5228245363766049 0.11678321678321678 0.0027816411682892906 0.0
0.0021156558533145277 0.5684736091298145 0.11818181818181818 0.0006954102920723226 0.0
0.0014104372355430183 0.5492154065620543 0.11608391608391609 0.0006954102920723226 0.0
0.003526093088857546 0.5185449358059914 0.10559440559440558 0.0 0.0
0.0014104372355430183 0.48930099857346643 0.1048951048951049 0.0006954102920723226 0.000687757909215956
0.0014104372355430183 0.5620542082738944 0.12587412587412586 0.0 0.0
0.0021156558533145277 0.5891583452211127 0.13356643356643358 0.0006954102920723226 0.0
0.0021156558533145277 0.5898716119828816 0.14195804195804196 0.0013908205841446453 0.0
0.0007052186177715092 0.5927246790299573 0.14545454545454545 0.0006954102920723226 0.0
0.0014104372355430183 0.6797432239657631 0.13426573426573427 0.0 0.000687757909215956
0.0 0.6947218259629101 0.15594405594405597 0.0 0.0
0.0007052186177715092 0.6583452211126961 0.15174825174825174 0.0 0.0
0.0028208744710860366 0.7082738944365192 0.13986013986013987 0.0 0.0
0.0014104372355430183 0.6904422253922967 0.15104895104895105 0.0 0.0
0.0 0.7125534950071327 0.16573426573426575 0.0006954102920723226 0.0
0.0021156558533145277 0.6975748930099857 0.15594405594405597 0.0 0.0
0.0014104372355430183 0.7653352353780314 0.15664335664335666 0.0 0.0
0.0014104372355430183 0.7617689015691869 0.15244755244755243 0.0 0.000687757909215956
0.0 0.7232524964336662 0.18601398601398603 0.0006954102920723226 0.0
0.0007052186177715092 0.7931526390870185 0.18251748251748254 0.0006954102920723226 0.0
0.0007052186177715092 0.775320970042796 0.16643356643356644 0.0 0.0
0.0007052186177715092 0.8223965763195435 0.16433566433566432 0.0006954102920723226 0.0
0.0 0.8495007132667617 0.16433566433566432 0.0006954102920723226 0.0
0.0014104372355430183 0.8580599144079886 0.1818181818181818 0.0 0.0
0.0014104372355430183 0.8416547788873039 0.17132867132867133 0.0013908205841446453 0.0
0.0007052186177715092 0.8666191155492153 0.16853146853146853 0.0 0.0
0.0 0.9201141226818831 0.18951048951048952 0.0006954102920723226 0.0
0.0 0.8737517831669045 0.1853146853146853 0.0006954102920723226 0.0
0.0 0.07203994293865906 0.016783216783216783 0.0 0.0
0.0 0.06704707560627675 0.01048951048951049 0.0 0.0
0.0007052186177715092 0.06490727532097004 0.014685314685314687 0.0 0.0
0.0 0.06490727532097004 0.008391608391608392 0.0 0.0
0.0014104372355430183 0.9614835948644793 0.1951048951048951 0.0 0.0
0.0 0.06847360912981455 0.013986013986013986 0.0 0.0
0.0 0.05848787446504993 0.012587412587412587 0.0 0.0
0.0007052186177715092 0.06918687589158345 0.009790209790209791 0.0 0.0
0.0 0.07275320970042796 0.013286713286713287 0.0 0.0
0.0 0.7132667617689016 0.3181818181818182 0.002086230876216968 0.0
0.0 0.05848787446504993 0.013286713286713287 0.0 0.000687757909215956
0.0 0.07275320970042796 0.016083916083916083 0.0 0.0
0.0 0.05706134094151213 0.014685314685314687 0.0 0.0
0.0 0.07203994293865906 0.016783216783216783 0.0 0.0
0.0014104372355430183 0.9543509272467903 0.17622377622377622 0.0006954102920723226 0.0
0.0 0.06847360912981455 0.016783216783216783 0.0 0.0
0.0 0.06918687589158345 0.012587412587412587 0.0 0.000687757909215956
0.0 0.05920114122681883 0.01048951048951049 0.0 0.0
0.0014104372355430183 0.059914407988587735 0.009790209790209791 0.0006954102920723226 0.0
0.0007052186177715092 0.7760342368045648 0.2853146853146853 0.0013908205841446453 0.0
0.0 0.07917261055634807 0.013986013986013986 0.0 0.000687757909215956
0.0 0.053495007132667624 0.012587412587412587 0.0006954102920723226 0.0
0.0 0.06419400855920115 0.011888111888111888 0.0 0.0
0.0 0.06276747503566334 0.014685314685314687 0.0006954102920723226 0.0
0.0 0.06205420827389444 0.007692307692307692 0.0006954102920723226 0.0
0.0 0.07917261055634807 0.013986013986013986 0.0 0.0
0.0 0.0485021398002853 0.01048951048951049 0.0 0.0
0.0 0.06276747503566334 0.015384615384615384 0.0 0.0
0.0 0.05777460770328103 0.011888111888111888 0.0 0.0
0.0 0.05777460770328103 0.006993006993006993 0.0 0.0
0.0 0.7339514978601998 0.31188811188811194 0.002086230876216968 0.0
0.0007052186177715092 0.7061340941512125 0.265034965034965 0.0 0.0
0.0007052186177715092 0.7353780313837375 0.28601398601398603 0.0006954102920723226 0.0
0.0 0.724679029957204 0.3251748251748252 0.0013908205841446453 0.0
0.0 0.7047075606276748 0.2895104895104895 0.0006954102920723226 0.0
0.0014104372355430183 0.7389443651925821 0.32307692307692304 0.0 0.0
0.0 0.7253922967189729 0.3083916083916084 0.0006954102920723226 0.000687757909215956
0.0 0.7196861626248217 0.2895104895104895 0.0 0.000687757909215956
0.0 0.7510699001426534 0.3503496503496503 0.0013908205841446453 0.0
0.0007052186177715092 0.7660485021398002 0.33776223776223774 0.0027816411682892906 0.0
0.0007052186177715092 0.7482168330955777 0.2965034965034965 0.0006954102920723226 0.0
0.0 0.746077032810271 0.3034965034965035 0.0006954102920723226 0.0
0.0 0.7261055634807417 0.2895104895104895 0.002086230876216968 0.0
0.0 0.7360912981455064 0.3202797202797203 0.0013908205841446453 0.0
0.0007052186177715092 0.6947218259629101 0.3265734265734266 0.0 0.0
0.0007052186177715092 0.7653352353780314 0.34965034965034963 0.0006954102920723226 0.0
0.0007052186177715092 0.7068473609129815 0.35104895104895106 0.004867872044506259 0.0
0.0 0.710413694721826 0.3300699300699301 0.0027816411682892906 0.0
0.0 0.7446504992867333 0.34825174825174826 0.0006954102920723226 0.0
0.0007052186177715092 0.7325249643366619 0.3559440559440559 0.0006954102920723226 0.0
0.0 0.7161198288159772 0.3853146853146853 0.0006954102920723226 0.0
0.0014104372355430183 0.7054208273894437 0.3356643356643357 0.0013908205841446453 0.0
0.0007052186177715092 0.7439372325249644 0.39370629370629373 0.0013908205841446453 0.0
0.0007052186177715092 0.7118402282453637 0.36713286713286714 0.0006954102920723226 0.0
0.0 0.7189728958630528 0.37832167832167835 0.0013908205841446453 0.0
0.0 0.7168330955777461 0.4307692307692308 0.0034770514603616135 0.0
0.0014104372355430183 0.7382310984308131 0.42237762237762233 0.0006954102920723226 0.0
0.0007052186177715092 0.7075606276747504 0.43846153846153846 0.0 0.0
0.0014104372355430183 0.7360912981455064 0.43986013986013983 0.0006954102920723226 0.0
0.0007052186177715092 0.7082738944365192 0.44825174825174824 0.0 0.0
0.0007052186177715092 0.7032810271041369 0.5055944055944056 0.0 0.000687757909215956
0.0 0.7118402282453637 0.5097902097902098 0.0013908205841446453 0.0
0.0021156558533145277 0.7232524964336662 0.5370629370629371 0.002086230876216968 0.0
0.0021156558533145277 0.7161198288159772 0.5636363636363636 0.0013908205841446453 0.0
0.0007052186177715092 0.7061340941512125 0.5657342657342658 0.0013908205841446453 0.0
0.0007052186177715092 0.7353780313837375 0.5734265734265734 0.0013908205841446453 0.0
0.0 0.7339514978601998 0.6433566433566433 0.0013908205841446453 0.0
0.0007052186177715092 0.7211126961483595 0.6671328671328671 0.002086230876216968 0.0
0.0 0.6932952924393724 0.6664335664335664 0.0 0.0
0.0007052186177715092 0.7111269614835949 0.6356643356643357 0.0013908205841446453 0.0
0.0 0.731811697574893 0.6881118881118881 0.0027816411682892906 0.0
0.0007052186177715092 0.7161198288159772 0.755944055944056 0.0006954102920723226 0.0
0.0 0.6833095577746078 0.7993006993006994 0.0006954102920723226 0.0
0.0007052186177715092 0.7375178316690442 0.8601398601398602 0.0006954102920723226 0.0
0.0014104372355430183 0.6947218259629101 0.8958041958041958 0.0027816411682892906 0.0
0.0007052186177715092 0.7339514978601998 0.9377622377622377 0.0006954102920723226 0.0
0.0 0.7360912981455064 0.9916083916083918 0.0 0.0
0.0007052186177715092 0.7196861626248217 1.0 0.0 0.0
0.0014104372355430183 0.7368045649072753 1.0370629370629372 0.0013908205841446453 0.000687757909215956
0.0 0.6897289586305279 1.0986013986013987 0.0 0.0
0.0 0.7596291012838802 1.1902097902097901 0.0 0.0
0.0 0.7574893009985735 1.2083916083916084 0.0013908205841446453 0.0
0.0 0.717546362339515 1.2496503496503497 0.0006954102920723226 0.0
0.0 0.7596291012838802 1.2755244755244757 0.0013908205841446453 0.000687757909215956
0.0014104372355430183 0.7596291012838802 1.3055944055944058 0.0 0.0
0.0 0.7646219686162624 1.3874125874125876 0.0006954102920723226 0.000687757909215956
0.0 0.7924393723252496 1.4293706293706292 0.002086230876216968 0.0
0.0007052186177715092 0.7631954350927247 1.4426573426573426 0.0006954102920723226 0.0
0.0007052186177715092 0.7845934379457917 1.5 0.0 0.0
0.0 0.7995720399429386 1.5741258741258741 0.0 0.0
0.0007052186177715092 0.7917261055634808 1.5671328671328673 0.0013908205841446453 0.0
0.0 0.7995720399429386 1.6825174825174825 0.0 0.0
0.0 0.7931526390870185 1.725874125874126 0.0013908205841446453 0.0
0.0 0.8181169757489302 1.841958041958042 0.0006954102920723226 0.0
0.0007052186177715092 0.8095577746077033 1.9167832167832168 0.0006954102920723226 0.0
0.0 0.7952924393723253 1.9615384615384617 0.0013908205841446453 0.0
0.0 0.8202567760342367 2.094405594405594 0.0 0.0
0.0007052186177715092 0.854493580599144 2.161538461538462 0.0006954102920723226 0.000687757909215956
0.0014104372355430183 0.8601997146932953 2.225174825174825 0.0 0.0
0.0 0.8644793152639086 2.3223776223776227 0.0013908205841446453 0.0
0.0 0.8680456490727533 2.3930069930069933 0.0006954102920723226 0.0
0.0 0.8630527817403709 2.4636363636363634 0.0 0.0
0.0 0.855920114122682 2.467132867132867 0.002086230876216968 0.0
0.0 0.884450784593438 2.5209790209790213 0.0013908205841446453 0.0
0.0007052186177715092 0.8409415121255349 2.651748251748252 0.0006954102920723226 0.0
0.0 0.8980028530670471 2.755244755244755 0.0006954102920723226 0.0
0.0 0.9015691868758916 2.7174825174825177 0.0 0.000687757909215956
0.0 0.8908701854493581 2.8251748251748254 0.0006954102920723226 0.0
0.0007052186177715092 0.9179743223965764 2.981818181818182 0.0006954102920723226 0.0
0.0 0.942225392296719 2.8965034965034966 0.0006954102920723226 0.0
0.0 0.9372325249643366 2.9426573426573426 0.0006954102920723226 0.0
0.0007052186177715092 0.9557774607703281 3.0923076923076924 0.0 0.0
0.0 0.9279600570613409 3.1454545454545455 0.0006954102920723226 0.0
0.0 0.9358059914407989 3.046153846153846 0.0006954102920723226 0.0
0.0 0.9379457917261056 3.213986013986014 0.0 0.0
0.0 0.9472182596291013 3.188111888111888 0.0006954102920723226 0.0
0.0 0.9800285306704707 3.3363636363636364 0.0 0.0
0.0 0.9878744650499286 3.339160839160839 0.002086230876216968 0.0
0.0014104372355430183 0.9871611982881598 3.3153846153846156 0.0006954102920723226 0.0
0.0014104372355430183 0.9964336661911556 3.346853146853147 0.0 0.0
0.0007052186177715092 0.9814550641940086 3.3223776223776227 0.0027816411682892906 0.000687757909215956
0.0 0.9536376604850214 3.302097902097902 0.0013908205841446453 0.0
0.0007052186177715092 0.9679029957203994 3.302097902097902 0.0006954102920723226 0.0
0.0 0.9493580599144079 3.334965034965035 0.0 0.0
0.0 0.9514978601997147 3.3594405594405594 0.002086230876216968 0.0
0.0007052186177715092 0.9614835948644793 3.3447552447552447 0.0006954102920723226 0.0
0.0007052186177715092 0.9721825962910128 3.297202797202797 0.0 0.0
0.0007052186177715092 0.9671897289586305 3.3377622377622376 0.0 0.0
0.0 0.9800285306704707 3.327972027972028 0.0013908205841446453 0.0
