0.0 0.12268188302425108 0.04895104895104895 0.0013908205841446453 0.0
0.0028208744710860366 0.1355206847360913 0.04055944055944056 0.0 0.0
0.0014104372355430183 0.14835948644793154 0.06293706293706293 0.0 0.0
0.0014104372355430183 0.15406562054208275 0.050349650349650346 0.0 0.0
0.0 0.14550641940085593 0.044755244755244755 0.0 0.0
0.0 0.14407988587731813 0.058741258741258746 0.0 0.0
0.0 0.1383737517831669 0.058741258741258746 0.0 0.0
0.0 0.1768901569186876 0.06433566433566433 0.0 0.0
0.0 0.1797432239657632 0.04195804195804196 0.0 0.0
0.0028208744710860366 0.12553495007132667 0.04615384615384615 0.0 0.0
0.0 0.16547788873038516 0.04895104895104895 0.0 0.0
0.0014104372355430183 0.1768901569186876 0.050349650349650346 0.0 0.0
0.0014104372355430183 0.14835948644793154 0.050349650349650346 0.0 0.0
0.0 0.1897289586305278 0.0965034965034965 0.0 0.0
0.0028208744710860366 0.16975748930099857 0.06433566433566433 0.0 0.0
0.0028208744710860366 0.17118402282453637 0.04895104895104895 0.0 0.0
0.0014104372355430183 0.18687589158345222 0.05454545454545454 0.0 0.0
0.0014104372355430183 0.2211126961483595 0.07692307692307693 0.0 0.0
0.0028208744710860366 0.1825962910128388 0.055944055944055944 0.0 0.0
0.0 0.2139800285306705 0.04895104895104895 0.0013908205841446453 0.0
0.0 0.23537803138373753 0.06573426573426573 0.0 0.0
0.0 0.21683309557774608 0.06573426573426573 0.0 0.0
0.0 0.20970042796005706 0.07832167832167833 0.0013908205841446453 0.0
0.0014104372355430183 0.2296718972895863 0.055944055944055944 0.0 0.0
0.0 0.21683309557774608 0.07412587412587412 0.0 0.0
0.0014104372355430183 0.18544935805991442 0.06573426573426573 0.0 0.0
0.0 0.2524964336661912 0.07832167832167833 0.0013908205841446453 0.0
0.0 0.2282453637660485 0.07832167832167833 0.0 0.0
0.0014104372355430183 0.24821683309557777 0.06853146853146853 0.0 0.0
0.0014104372355430183 0.21255349500713266 0.06713286713286713 0.0 0.0
0.0 0.2154065620542083 0.05314685314685315 0.0013908205841446453 0.0
0.0 0.21825962910128388 0.08251748251748252 0.004172461752433936 0.0
0.0014104372355430183 0.26676176890156916 0.0993006993006993 0.0013908205841446453 0.0
0.0014104372355430183 0.2995720399429387 0.07552447552447553 0.0013908205841446453 0.0
0.004231311706629055 0.3166904422253923 0.08391608391608392 0.0 0.0
0.0 0.268188302425107 0.07272727272727272 0.0013908205841446453 0.0
0.0 0.2838801711840228 0.08531468531468532 0.0027816411682892906 0.0
0.004231311706629055 0.3024251069900143 0.07272727272727272 0.0 0.0
0.0014104372355430183 0.26390870185449355 0.10909090909090909 0.0 0.0
0.0014104372355430183 0.2995720399429387 0.0909090909090909 0.0 0.001375515818431912
0.004231311706629055 0.3166904422253923 0.08671328671328672 0.0 0.0
0.0 0.3195435092724679 0.07832167832167833 0.0 0.0
0.0014104372355430183 0.3124108416547789 0.06853146853146853 0.0 0.0
0.0014104372355430183 0.36376604850213984 0.07272727272727272 0.0 0.0
0.0028208744710860366 0.3437945791726106 0.1034965034965035 0.0 0.0
0.0 0.32097004279600566 0.0937062937062937 0.0 0.0
0.0 0.4136947218259629 0.08951048951048951 0.0 0.0
0.0028208744710860366 0.4536376604850214 0.13146853146853146 0.0 0.0
0.0 0.4864479315263909 0.11468531468531469 0.0 0.0
0.0028208744710860366 0.46504992867332384 0.11328671328671329 0.0 0.0
0.0028208744710860366 0.5064194008559201 0.12307692307692307 0.0 0.0
0.0 0.44079885877318115 0.1048951048951049 0.0 0.0
0.0 0.4522111269614836 0.11328671328671329 0.0 0.0
0.0028208744710860366 0.4821683309557775 0.11468531468531469 0.0 0.0
0.0014104372355430183 0.5292439372325249 0.1300699300699301 0.0 0.0
0.0028208744710860366 0.5249643366619116 0.11608391608391609 0.0 0.0
0.0 0.5463623395149786 0.13846153846153847 0.0 0.0
0.0 0.5449358059914408 0.1272727272727273 0.0013908205841446453 0.0
0.0 0.5320970042796006 0.13706293706293707 0.0 0.0
0.0014104372355430183 0.6205420827389444 0.15104895104895105 0.0013908205841446453 0.0
0.0028208744710860366 0.6077032810271041 0.14265734265734265 0.0 0.0
0.004231311706629055 0.6191155492154066 0.15244755244755243 0.0 0.0
0.0 0.6562054208273894 0.16923076923076924 0.0 0.0
0.0 0.6562054208273894 0.16083916083916083 0.0 0.0
0.0 0.5905848787446505 0.14545454545454545 0.0 0.001375515818431912
0.0 0.7232524964336662 0.15664335664335666 0.0 0.0
0.0014104372355430183 0.6690442225392297 0.18041958041958042 0.0 0.0
0.0028208744710860366 0.7503566333808844 0.18601398601398603 0.0 0.0
0.0014104372355430183 0.7617689015691869 0.2041958041958042 0.0013908205841446453 0.0
0.0 0.6975748930099857 0.1846153846153846 0.0027816411682892906 0.001375515818431912
0.0 0.8359486447931527 0.1916083916083916 0.0 0.0
0.0 0.8858773181169758 0.17342657342657344 0.0 0.0
0.0014104372355430183 0.8744650499286734 0.1958041958041958 0.0 0.0
0.0014104372355430183 0.9300998573466477 0.1986013986013986 0.004172461752433936 0.0
0.0028208744710860366 1.0213980028530671 0.1944055944055944 0.0013908205841446453 0.0
0.0014104372355430183 0.9843081312410841 0.18601398601398603 0.0 0.0
0.0028208744710860366 0.9529243937232525 0.18321678321678322 0.0 0.0
0.0014104372355430183 0.8987161198288159 0.18321678321678322 0.0 0.001375515818431912
0.0014104372355430183 1.0042796005706134 0.206993006993007 0.0 0.0
0.0028208744710860366 1.0756062767475036 0.22517482517482518 0.0013908205841446453 0.0
0.0028208744710860366 1.072753209700428 0.23496503496503499 0.0 0.0
0.0014104372355430183 1.087018544935806 0.2545454545454546 0.0013908205841446453 0.0
0.0014104372355430183 1.2268188302425107 0.23636363636363636 0.0 0.001375515818431912
0.0 1.2624821683309557 0.2587412587412587 0.0 0.0
0.0 1.2125534950071326 0.26713286713286716 0.0 0.0
0.0028208744710860366 1.3124108416547788 0.24615384615384614 0.0 0.0
0.0 1.2767475035663338 0.2587412587412587 0.0 0.0
0.0 1.3081312410841657 0.27692307692307694 0.0 0.0
0.0028208744710860366 1.2995720399429387 0.26853146853146853 0.0 0.0
0.0014104372355430183 1.4151212553495007 0.2699300699300699 0.0 0.0
0.0014104372355430183 1.4065620542082737 0.26853146853146853 0.0 0.001375515818431912
0.0 1.362339514978602 0.32167832167832167 0.0013908205841446453 0.0
0.0014104372355430183 1.4664764621968618 0.3132867132867133 0.0013908205841446453 0.0
0.0014104372355430183 1.4536376604850214 0.2937062937062937 0.0 0.0
0.0 1.520684736091298 0.2923076923076923 0.0 0.0
0.0 1.616262482168331 0.2951048951048951 0.0 0.0
0.0014104372355430183 1.6205420827389443 0.3202797202797203 0.0 0.0
0.0028208744710860366 1.6176890156918686 0.3076923076923077 0.0 0.0
0.0014104372355430183 1.6405135520684735 0.3020979020979021 0.0 0.0
0.0 1.7375178316690443 0.33426573426573425 0.0 0.0
0.0 1.6704707560627674 0.3314685314685315 0.0013908205841446453 0.0
0.0 0.14407988587731813 0.033566433566433566 0.0 0.0
0.0 0.1340941512125535 0.02097902097902098 0.0 0.0
0.0014104372355430183 0.12981455064194009 0.029370629370629373 0.0 0.0
0.0 0.12981455064194009 0.016783216783216783 0.0 0.0
0.0 1.8202567760342367 0.34265734265734266 0.0 0.0
0.0 0.1369472182596291 0.027972027972027972 0.0 0.0
0.0 0.11697574893009986 0.025174825174825173 0.0 0.0
0.0014104372355430183 0.1383737517831669 0.019580419580419582 0.0 0.0
0.0 0.14550641940085593 0.026573426573426574 0.0 0.0
0.0 1.3908701854493581 0.5048951048951048 0.0013908205841446453 0.0
0.0 0.11554921540656206 0.026573426573426574 0.0 0.0
0.0 0.14550641940085593 0.032167832167832165 0.0 0.0
0.0 0.11269614835948645 0.029370629370629373 0.0 0.0
0.0 0.14407988587731813 0.033566433566433566 0.0 0.0
0.0014104372355430183 1.7974322396576319 0.32447552447552447 0.0 0.0
0.0 0.1369472182596291 0.033566433566433566 0.0 0.0
0.0 0.1383737517831669 0.025174825174825173 0.0 0.0
0.0 0.11840228245363767 0.02097902097902098 0.0 0.0
0.0 0.11982881597717547 0.019580419580419582 0.0 0.0
0.0 1.4950071326676178 0.47132867132867134 0.0 0.0
0.0 0.15834522111269614 0.027972027972027972 0.0 0.0
0.0 0.10699001426533525 0.025174825174825173 0.0013908205841446453 0.0
0.0 0.1283880171184023 0.023776223776223775 0.0 0.0
0.0 0.12553495007132667 0.029370629370629373 0.0 0.0
0.0 0.12410841654778888 0.015384615384615384 0.0 0.0
0.0 0.15834522111269614 0.027972027972027972 0.0 0.0
0.0 0.0970042796005706 0.02097902097902098 0.0 0.0
0.0 0.12553495007132667 0.030769230769230767 0.0 0.0
0.0 0.11554921540656206 0.023776223776223775 0.0 0.0
0.0 0.11554921540656206 0.013986013986013986 0.0 0.0
0.0 1.4279600570613409 0.4797202797202797 0.0 0.0
0.0014104372355430183 1.378031383737518 0.42937062937062936 0.0 0.0
0.0 1.4251069900142654 0.4517482517482518 0.0 0.0
0.0 1.4151212553495007 0.5076923076923078 0.0013908205841446453 0.0
0.0 1.3723252496433667 0.45314685314685316 0.0013908205841446453 0.0
0.0014104372355430183 1.4165477888730384 0.516083916083916 0.0 0.0
0.0 1.4065620542082737 0.48391608391608393 0.0013908205841446453 0.0
0.0 1.3937232524964336 0.45454545454545453 0.0 0.001375515818431912
0.0 1.4536376604850214 0.5076923076923078 0.0013908205841446453 0.0
0.0 1.4693295292439372 0.518881118881119 0.004172461752433936 0.0
0.0 1.4579172610556348 0.45454545454545453 0.0 0.0
0.0 1.4151212553495007 0.43776223776223777 0.0 0.0
0.0 1.4022824536376606 0.44755244755244755 0.0013908205841446453 0.0
0.0 1.4165477888730384 0.4517482517482518 0.0027816411682892906 0.0
0.0014104372355430183 1.3509272467902995 0.46993006993006997 0.0 0.0
0.0014104372355430183 1.470756062767475 0.48391608391608393 0.0 0.0
0.0 1.3708987161198287 0.4755244755244755 0.005563282336578581 0.0
0.0 1.378031383737518 0.43356643356643354 0.0 0.0
0.0 1.4308131241084165 0.4559440559440559 0.0013908205841446453 0.0
0.0 1.405135520684736 0.4727272727272727 0.0 0.0
0.0 1.3837375178316689 0.45454545454545453 0.0 0.0
0.0028208744710860366 1.362339514978602 0.41538461538461535 0.0 0.0
0.0 1.4151212553495007 0.4685314685314685 0.0013908205841446453 0.0
0.0 1.3737517831669044 0.41678321678321684 0.0013908205841446453 0.0
0.0 1.37660485021398 0.43776223776223777 0.0027816411682892906 0.0
0.0 1.3751783166904423 0.46013986013986014 0.005563282336578581 0.0
0.0028208744710860366 1.3922967189728959 0.43636363636363634 0.0013908205841446453 0.0
0.0 1.3437945791726107 0.4405594405594406 0.0 0.0
0.0 1.3922967189728959 0.4055944055944056 0.0013908205841446453 0.0
0.0 1.333808844507846 0.3916083916083916 0.0 0.0
0.0014104372355430183 1.3223965763195435 0.42237762237762233 0.0 0.001375515818431912
0.0 1.3409415121255348 0.4251748251748252 0.0 0.0
0.0028208744710860366 1.3651925820256776 0.41538461538461535 0.0027816411682892906 0.0
0.0014104372355430183 1.3466476462196861 0.4083916083916084 0.0013908205841446453 0.0
0.0 1.3281027104136947 0.393006993006993 0.0013908205841446453 0.0
0.0 1.3666191155492156 0.3944055944055944 0.0013908205841446453 0.0
0.0 1.3737517831669044 0.3958041958041958 0.0013908205841446453 0.0
0.0014104372355430183 1.3466476462196861 0.4083916083916084 0.0027816411682892906 0.0
0.0 1.282453637660485 0.41678321678321684 0.0 0.0
0.0014104372355430183 1.3024251069900143 0.3650349650349651 0.0013908205841446453 0.0
0.0 1.339514978601997 0.3804195804195804 0.0027816411682892906 0.0
0.0 1.3067047075606275 0.3678321678321678 0.0013908205841446453 0.0
0.0 1.2510699001426533 0.3832167832167832 0.0 0.0
0.0014104372355430183 1.325249643366619 0.42657342657342656 0.0013908205841446453 0.0
0.0028208744710860366 1.261055634807418 0.3874125874125874 0.004172461752433936 0.0
0.0014104372355430183 1.303851640513552 0.36083916083916084 0.0013908205841446453 0.0
0.0 1.2995720399429387 0.3832167832167832 0.0 0.0
0.0014104372355430183 1.2524964336661912 0.3314685314685315 0.0 0.0
0.0 1.291012838801712 0.3706293706293706 0.0013908205841446453 0.0
0.0 1.1854493580599146 0.3678321678321678 0.0 0.0
0.0 1.2924393723252496 0.3650349650349651 0.0 0.0
0.0 1.2710413694721825 0.32307692307692304 0.0 0.0
0.0 1.2139800285306703 0.35244755244755244 0.0 0.0
0.0 1.2796005706134095 0.35804195804195804 0.0013908205841446453 0.001375515818431912
0.0014104372355430183 1.2396576319543509 0.3384615384615385 0.0 0.0
0.0 1.253922967189729 0.33706293706293705 0.0 0.0
0.0 1.2967189728958632 0.3874125874125874 0.0027816411682892906 0.0
0.0 1.2496433666191156 0.3468531468531469 0.0013908205841446453 0.0
0.0014104372355430183 1.253922967189729 0.3412587412587413 0.0 0.0
0.0 1.2767475035663338 0.3566433566433566 0.0 0.0
0.0014104372355430183 1.2353780313837375 0.3132867132867133 0.0013908205841446453 0.0
0.0 1.223965763195435 0.32447552447552447 0.0 0.0
0.0 1.1997146932952925 0.3258741258741259 0.0027816411682892906 0.0
0.0 1.2039942938659058 0.3300699300699301 0.0013908205841446453 0.0
0.0 1.196861626248217 0.3132867132867133 0.0013908205841446453 0.0
0.0 1.1298145506419401 0.30629370629370634 0.0 0.0
0.0 1.1768901569186876 0.33706293706293705 0.0 0.0
0.0 1.2082738944365192 0.2979020979020979 0.0 0.001375515818431912
0.0028208744710860366 1.1940085592011411 0.31748251748251743 0.0 0.0
0.0 1.181169757489301 0.3412587412587413 0.0013908205841446453 0.0
0.0 1.1711840228245363 0.2923076923076923 0.0013908205841446453 0.0
0.0 1.138373751783167 0.2909090909090909 0.0 0.0
0.0 1.1126961483594864 0.2993006993006993 0.0013908205841446453 0.0
0.0 1.1569186875891584 0.30629370629370634 0.0 0.0
0.0014104372355430183 1.0599144079885876 0.27692307692307694 0.0 0.0
0.0 1.1198288159771754 0.31748251748251743 0.0013908205841446453 0.0
0.0 1.145506419400856 0.2839160839160839 0.0 0.001375515818431912
0.0 1.1055634807417976 0.2965034965034965 0.0 0.0
0.0 1.1212553495007134 0.31748251748251743 0.0 0.0
0.0 1.1597717546362338 0.2839160839160839 0.0 0.0
0.0 1.138373751783167 0.2853146853146853 0.0013908205841446453 0.0
0.0 1.1312410841654779 0.3188811188811189 0.0 0.0
0.0 1.0813124108416547 0.2923076923076923 0.0 0.0
0.0 1.0884450784593438 0.2573426573426573 0.0 0.0
0.0 1.074179743223966 0.26713286713286716 0.0 0.0
0.0 1.0699001426533523 0.26713286713286716 0.0013908205841446453 0.0
0.0 1.1027104136947217 0.2979020979020979 0.0 0.0
0.0 1.108416547788873 0.2783216783216783 0.0 0.0
0.0014104372355430183 1.1126961483594864 0.2587412587412587 0.0 0.0
0.0014104372355430183 1.0955777460770328 0.27412587412587414 0.0 0.0
0.0014104372355430183 1.1184022824536377 0.2979020979020979 0.004172461752433936 0.001375515818431912
0.0 1.0927246790299572 0.24475524475524477 0.0013908205841446453 0.0
0.0 1.0827389443651925 0.27692307692307694 0.0 0.0
0.0 1.0699001426533523 0.27412587412587414 0.0 0.0
0.0 1.0570613409415122 0.27692307692307694 0.0013908205841446453 0.0
0.0014104372355430183 1.0898716119828815 0.26853146853146853 0.0013908205841446453 0.0
0.0 1.0955777460770328 0.26153846153846155 0.0 0.0
0.0 1.079885877318117 0.2825174825174825 0.0 0.0
0.0 1.1169757489301 0.26573426573426573 0.0 0.0
