0.0014104372355430183 0.12268188302425108 0.039160839160839164 0.0 0.0
0.0028208744710860366 0.16833095577746077 0.05174825174825175 0.0013908205841446453 0.0
0.0014104372355430183 0.1326676176890157 0.06293706293706293 0.0 0.0
0.0028208744710860366 0.15691868758915836 0.058741258741258746 0.0 0.0
0.0 0.15977175463623394 0.044755244755244755 0.0 0.0
0.0 0.11982881597717547 0.06853146853146853 0.0013908205841446453 0.0
0.0028208744710860366 0.12268188302425108 0.06013986013986014 0.0 0.0
0.0028208744710860366 0.1355206847360913 0.04755244755244755 0.0 0.0
0.0 0.1355206847360913 0.04895104895104895 0.0 0.0
0.0014104372355430183 0.12410841654778888 0.04615384615384615 0.0013908205841446453 0.001375515818431912
0.0 0.14835948644793154 0.03496503496503497 0.0 0.0
0.0014104372355430183 0.1283880171184023 0.04055944055944056 0.0 0.0
0.0 0.14693295292439373 0.057342657342657345 0.0 0.0
0.0 0.12268188302425108 0.03776223776223776 0.0 0.0
0.0014104372355430183 0.16547788873038516 0.06853146853146853 0.0 0.0
0.0014104372355430183 0.15121255349500715 0.058741258741258746 0.0013908205841446453 0.0
0.0014104372355430183 0.1383737517831669 0.04335664335664336 0.0013908205841446453 0.0
0.0 0.16975748930099857 0.05314685314685315 0.0 0.0
0.0 0.1398002853067047 0.050349650349650346 0.0 0.0
0.004231311706629055 0.1398002853067047 0.05454545454545454 0.0 0.0
0.0028208744710860366 0.14835948644793154 0.04755244755244755 0.0013908205841446453 0.0
0.0028208744710860366 0.11697574893009986 0.055944055944055944 0.0013908205841446453 0.0
0.0014104372355430183 0.1398002853067047 0.044755244755244755 0.0 0.0
0.0028208744710860366 0.14693295292439373 0.050349650349650346 0.0 0.0
0.0 0.15121255349500715 0.039160839160839164 0.0 0.0
0.0 0.12410841654778888 0.06013986013986014 0.0 0.0
0.0014104372355430183 0.1398002853067047 0.05314685314685315 0.0 0.0
0.0028208744710860366 0.1369472182596291 0.05174825174825175 0.0 0.0
0.0 0.12125534950071327 0.04895104895104895 0.0 0.0
0.0 0.12553495007132667 0.033566433566433566 0.0013908205841446453 0.0
0.0014104372355430183 0.14407988587731813 0.05454545454545454 0.0 0.0
0.0014104372355430183 0.10271041369472182 0.03776223776223776 0.0 0.0
0.0 0.14122681883024252 0.050349650349650346 0.0 0.0
0.0014104372355430183 0.11269614835948645 0.044755244755244755 0.0 0.0
0.0014104372355430183 0.14122681883024252 0.039160839160839164 0.0 0.0
0.0014104372355430183 0.1369472182596291 0.04055944055944056 0.0 0.0
0.0014104372355430183 0.12125534950071327 0.025174825174825173 0.0013908205841446453 0.0
0.0 0.1369472182596291 0.058741258741258746 0.0 0.0
0.0014104372355430183 0.10699001426533525 0.04335664335664336 0.0 0.0
0.0 0.08701854493580599 0.030769230769230767 0.0013908205841446453 0.0
0.004231311706629055 0.10984308131241084 0.04895104895104895 0.0 0.0
0.004231311706629055 0.094151212553495 0.04335664335664336 0.0013908205841446453 0.0
0.0014104372355430183 0.11554921540656206 0.04055944055944056 0.0 0.0
0.0 0.12125534950071327 0.032167832167832165 0.0 0.001375515818431912
0.0028208744710860366 0.11840228245363767 0.04755244755244755 0.0 0.0
0.0014104372355430183 0.1369472182596291 0.039160839160839164 0.0 0.0
0.004231311706629055 0.11412268188302425 0.057342657342657345 0.0 0.0
0.0014104372355430183 0.15549215406562056 0.05314685314685315 0.0 0.0
0.0 0.14978601997146934 0.05174825174825175 0.0013908205841446453 0.0
0.0 0.16119828815977175 0.055944055944055944 0.0 0.0
0.0014104372355430183 0.11982881597717547 0.06013986013986014 0.0 0.0
0.0 0.12410841654778888 0.03776223776223776 0.0 0.0
0.0014104372355430183 0.11269614835948645 0.04335664335664336 0.0013908205841446453 0.0
0.0014104372355430183 0.12981455064194009 0.04755244755244755 0.0 0.0
0.004231311706629055 0.12268188302425108 0.04755244755244755 0.0 0.0
0.0014104372355430183 0.11126961483594865 0.05314685314685315 0.0 0.0
0.0014104372355430183 0.1355206847360913 0.05174825174825175 0.0 0.0
0.0 0.11269614835948645 0.04615384615384615 0.0027816411682892906 0.0
0.0 0.11697574893009986 0.050349650349650346 0.0 0.0
0.0 0.11697574893009986 0.03776223776223776 0.0 0.0
0.0 0.1369472182596291 0.03776223776223776 0.0 0.0
0.0028208744710860366 0.11126961483594865 0.04615384615384615 0.0 0.0
0.0 0.12696148359486448 0.06013986013986014 0.0027816411682892906 0.0
0.0 0.12981455064194009 0.05454545454545454 0.0 0.0
0.0 0.07417974322396577 0.05174825174825175 0.0 0.001375515818431912
0.0 0.0884450784593438 0.03636363636363636 0.0013908205841446453 0.0
0.004231311706629055 0.12268188302425108 0.055944055944055944 0.0 0.0
0.0 0.11840228245363767 0.04755244755244755 0.0 0.001375515818431912
0.0 0.10271041369472182 0.05454545454545454 0.0 0.0
0.0028208744710860366 0.10128388017118402 0.039160839160839164 0.0027816411682892906 0.0
0.0 0.09843081312410841 0.03776223776223776 0.0 0.0
0.0014104372355430183 0.12981455064194009 0.04335664335664336 0.0 0.0
0.0014104372355430183 0.12553495007132667 0.04195804195804196 0.0 0.0
0.0028208744710860366 0.11554921540656206 0.03496503496503497 0.0013908205841446453 0.0
0.0014104372355430183 0.11554921540656206 0.04195804195804196 0.0 0.0
0.0014104372355430183 0.11412268188302425 0.04615384615384615 0.0013908205841446453 0.0
0.004231311706629055 0.08416547788873038 0.027972027972027972 0.0 0.0
0.0014104372355430183 0.07988587731811697 0.026573426573426574 0.0013908205841446453 0.0
0.0014104372355430183 0.11982881597717547 0.044755244755244755 0.0 0.0
0.0014104372355430183 0.10271041369472182 0.04195804195804196 0.0 0.0
0.0014104372355430183 0.10699001426533525 0.04895104895104895 0.0027816411682892906 0.0
0.0 0.09843081312410841 0.03636363636363636 0.0 0.0
0.0014104372355430183 0.1326676176890157 0.032167832167832165 0.0 0.0
0.0 0.12696148359486448 0.05314685314685315 0.0 0.0
0.0014104372355430183 0.10413694721825963 0.03636363636363636 0.0 0.0
0.0028208744710860366 0.10413694721825963 0.033566433566433566 0.0 0.0
0.0028208744710860366 0.10413694721825963 0.04335664335664336 0.0 0.0
0.0 0.11697574893009986 0.05454545454545454 0.0013908205841446453 0.0
0.0014104372355430183 0.0955777460770328 0.04335664335664336 0.0 0.0
0.0014104372355430183 0.11554921540656206 0.04335664335664336 0.0 0.0
0.0014104372355430183 0.11697574893009986 0.03636363636363636 0.0 0.0
0.0 0.08416547788873038 0.050349650349650346 0.0 0.0
0.0 0.11982881597717547 0.05174825174825175 0.0 0.0
0.0 0.0970042796005706 0.039160839160839164 0.0 0.0
0.0014104372355430183 0.12410841654778888 0.03636363636363636 0.0013908205841446453 0.0
0.0 0.08273894436519258 0.033566433566433566 0.0013908205841446453 0.0
0.0014104372355430183 0.0955777460770328 0.04335664335664336 0.0 0.0
0.0 0.06562054208273894 0.03496503496503497 0.0027816411682892906 0.0
0.0 0.09272467902995721 0.03496503496503497 0.0 0.0
0.0 0.10271041369472182 0.044755244755244755 0.0013908205841446453 0.0
0.0 0.07703281027104138 0.039160839160839164 0.0 0.0
0.0 0.0 0.0 0.0 0.0
0.0 0.0 0.0 0.0 0.0
0.0 0.0 0.0 0.0 0.0
0.0 0.0 0.0 0.0 0.0
0.0028208744710860366 0.10271041369472182 0.04755244755244755 0.0 0.0
0.0 0.0 0.0 0.0 0.0
0.0 0.0 0.0 0.0 0.0
0.0 0.0 0.0 0.0 0.0
0.0 0.0 0.0 0.0 0.0
0.0 0.03566333808844508 0.13146853146853146 0.0027816411682892906 0.0
0.0 0.0014265335235378032 0.0 0.0 0.001375515818431912
0.0 0.0 0.0 0.0 0.0
0.0 0.0014265335235378032 0.0 0.0 0.0
0.0 0.0 0.0 0.0 0.0
0.0014104372355430183 0.11126961483594865 0.027972027972027972 0.0013908205841446453 0.0
0.0 0.0 0.0 0.0 0.0
0.0 0.0 0.0 0.0 0.001375515818431912
0.0 0.0 0.0 0.0 0.0
0.0028208744710860366 0.0 0.0 0.0013908205841446453 0.0
0.0014104372355430183 0.05706134094151213 0.0993006993006993 0.0027816411682892906 0.0
0.0 0.0 0.0 0.0 0.001375515818431912
0.0 0.0 0.0 0.0 0.0
0.0 0.0 0.0 0.0 0.0
0.0 0.0 0.0 0.0013908205841446453 0.0
0.0 0.0 0.0 0.0013908205841446453 0.0
0.0 0.0 0.0 0.0 0.0
0.0 0.0 0.0 0.0 0.0
0.0 0.0 0.0 0.0 0.0
0.0 0.0 0.0 0.0 0.0
0.0 0.0 0.0 0.0 0.0
0.0 0.039942938659058486 0.14405594405594405 0.004172461752433936 0.0
0.0 0.034236804564907276 0.10069930069930069 0.0 0.0
0.0014104372355430183 0.0456490727532097 0.12027972027972028 0.0013908205841446453 0.0
0.0 0.034236804564907276 0.14265734265734265 0.0013908205841446453 0.0
0.0 0.037089871611982884 0.12587412587412586 0.0 0.0
0.0014104372355430183 0.06134094151212554 0.1300699300699301 0.0 0.0
0.0 0.0442225392296719 0.13286713286713286 0.0 0.001375515818431912
0.0 0.0456490727532097 0.12447552447552448 0.0 0.0
0.0 0.0485021398002853 0.193006993006993 0.0013908205841446453 0.0
0.0014104372355430183 0.06276747503566334 0.15664335664335666 0.0013908205841446453 0.0
0.0014104372355430183 0.03851640513552069 0.13846153846153847 0.0013908205841446453 0.0
0.0 0.07703281027104138 0.16923076923076924 0.0013908205841446453 0.0
0.0 0.04992867332382311 0.13146853146853146 0.0027816411682892906 0.0
0.0 0.05563480741797432 0.18881118881118883 0.0 0.0
0.0 0.03851640513552069 0.18321678321678322 0.0 0.0
0.0 0.059914407988587735 0.2153846153846154 0.0013908205841446453 0.0
0.0014104372355430183 0.042796005706134094 0.22657342657342658 0.004172461752433936 0.0
0.0 0.042796005706134094 0.22657342657342658 0.005563282336578581 0.0
0.0 0.05848787446504993 0.24055944055944056 0.0 0.0
0.0014104372355430183 0.059914407988587735 0.23916083916083916 0.0013908205841446453 0.0
0.0 0.0485021398002853 0.31608391608391606 0.0013908205841446453 0.0
0.0 0.0485021398002853 0.25594405594405595 0.0027816411682892906 0.0
0.0014104372355430183 0.07275320970042796 0.3188811188811189 0.0013908205841446453 0.0
0.0014104372355430183 0.04992867332382311 0.31748251748251743 0.0 0.0
0.0 0.06134094151212554 0.3188811188811189 0.0 0.0
0.0 0.05848787446504993 0.4013986013986014 0.0013908205841446453 0.0
0.0 0.08416547788873038 0.4083916083916084 0.0 0.0
0.0014104372355430183 0.07132667617689016 0.43636363636363634 0.0 0.0
0.0028208744710860366 0.07988587731811697 0.4741258741258741 0.0 0.0
0.0014104372355430183 0.08273894436519258 0.5048951048951048 0.0 0.0
0.0 0.08416547788873038 0.5888111888111889 0.0 0.0
0.0 0.08273894436519258 0.5944055944055944 0.0027816411682892906 0.0
0.0014104372355430183 0.08131241084165478 0.6587412587412588 0.0013908205841446453 0.0
0.0028208744710860366 0.08559201141226819 0.7188811188811189 0.0013908205841446453 0.0
0.0014104372355430183 0.08416547788873038 0.7384615384615384 0.0013908205841446453 0.0
0.0014104372355430183 0.10413694721825963 0.7524475524475525 0.0013908205841446453 0.0
0.0 0.094151212553495 0.8909090909090909 0.0013908205841446453 0.0
0.0 0.0955777460770328 0.9258741258741259 0.0013908205841446453 0.0
0.0 0.10413694721825963 0.9160839160839161 0.0 0.0
0.0 0.11982881597717547 0.9062937062937063 0.0013908205841446453 0.0
0.0 0.12410841654778888 0.9958041958041959 0.0027816411682892906 0.0
0.0014104372355430183 0.12553495007132667 1.1440559440559441 0.0 0.0
0.0 0.11554921540656206 1.2153846153846153 0.0013908205841446453 0.0
0.0 0.14978601997146934 1.2937062937062938 0.0 0.0
0.0 0.1283880171184023 1.4041958041958043 0.0013908205841446453 0.0
0.0 0.16405135520684735 1.5146853146853148 0.0 0.0
0.0 0.17261055634807418 1.6 0.0 0.0
0.0 0.18687589158345222 1.6685314685314687 0.0 0.0
0.0028208744710860366 0.1825962910128388 1.7034965034965035 0.0013908205841446453 0.001375515818431912
0.0 0.1940085592011412 1.8293706293706293 0.0 0.0
0.0 0.2268188302425107 2.0153846153846153 0.0 0.0
0.0 0.24393723252496435 2.0937062937062936 0.0027816411682892906 0.0
0.0 0.2211126961483595 2.146853146853147 0.0013908205841446453 0.0
0.0 0.23965763195435094 2.193006993006993 0.0013908205841446453 0.0
0.0014104372355430183 0.2796005706134094 2.2727272727272725 0.0 0.0
0.0 0.275320970042796 2.4377622377622377 0.0013908205841446453 0.001375515818431912
0.0 0.28815977175463625 2.4713286713286715 0.0013908205841446453 0.0
0.0014104372355430183 0.2767475035663338 2.5384615384615383 0.0 0.0
0.0 0.3152639087018545 2.658741258741259 0.0 0.0
0.0 0.3223965763195435 2.7916083916083916 0.0 0.0
0.0 0.34807417974322397 2.820979020979021 0.0013908205841446453 0.0
0.0 0.3751783166904422 3.0405594405594405 0.0 0.0
0.0 0.38659058487874465 3.1258741258741263 0.0 0.0
0.0 0.4322396576319543 3.353846153846154 0.0 0.0
0.0014104372355430183 0.4222539229671897 3.5202797202797202 0.0 0.0
0.0 0.4607703281027104 3.616783216783217 0.0027816411682892906 0.0
0.0 0.463623395149786 3.8517482517482518 0.0 0.0
0.0014104372355430183 0.5007132667617689 4.025174825174825 0.0013908205841446453 0.0
0.0 0.5263908701854494 4.132867132867133 0.0 0.0
0.0 0.5477888730385164 4.303496503496503 0.0013908205841446453 0.0
0.0 0.5649072753209701 4.4937062937062935 0.0 0.0
0.0 0.5877318116975749 4.636363636363637 0.0 0.0
0.0 0.5991440798858774 4.634965034965035 0.0027816411682892906 0.0
0.0 0.6119828815977175 4.735664335664335 0.0027816411682892906 0.0
0.0 0.6219686162624822 5.026573426573426 0.0013908205841446453 0.0
0.0 0.6761768901569186 5.193006993006993 0.0 0.0
0.0 0.6576319543509273 5.151048951048952 0.0 0.0
0.0 0.6761768901569186 5.3538461538461535 0.0013908205841446453 0.0
0.0014104372355430183 0.7146932952924393 5.646153846153846 0.0013908205841446453 0.0
0.0 0.724679029957204 5.509090909090909 0.0013908205841446453 0.0
0.0 0.7360912981455064 5.6 0.0 0.0
0.0014104372355430183 0.7803138373751783 5.8657342657342655 0.0 0.0
0.0 0.7746077032810271 5.998601398601399 0.0013908205841446453 0.0
0.0 0.783166904422254 5.834965034965036 0.0013908205841446453 0.0
0.0 0.8017118402282454 6.160839160839161 0.0 0.0
0.0 0.8245363766048502 6.109090909090909 0.0 0.0
0.0 0.8573466476462197 6.374825174825175 0.0 0.0
0.0 0.8673323823109843 6.4 0.004172461752433936 0.0
0.0014104372355430183 0.8616262482168332 6.372027972027972 0.0013908205841446453 0.0
0.0014104372355430183 0.8972895863052782 6.419580419580419 0.0 0.0
0.0 0.8445078459343794 6.346853146853147 0.0013908205841446453 0.0
0.0 0.8145506419400855 6.359440559440559 0.0013908205841446453 0.0
0.0014104372355430183 0.8530670470756063 6.327272727272727 0.0013908205841446453 0.0
0.0 0.8288159771754636 6.395804195804195 0.0 0.0
0.0 0.8459343794579173 6.441958041958042 0.0027816411682892906 0.0
0.0 0.833095577746077 6.420979020979021 0.0 0.0
0.0014104372355430183 0.8487874465049928 6.332867132867133 0.0 0.0
0.0014104372355430183 0.854493580599144 6.393006993006993 0.0 0.0
0.0 0.8430813124108416 6.39020979020979 0.0027816411682892906 0.0
