10.074074074074074 19.48148148148148 17.724137931034484 9.518518518518519 10.11111111111111
9.925925925925927 19.40740740740741 16.137931034482758 9.222222222222221 9.888888888888888
9.74074074074074 17.296296296296294 16.06896551724138 9.074074074074074 9.074074074074074
9.851851851851851 18.185185185185187 16.103448275862068 10.703703703703702 9.74074074074074
11.11111111111111 18.629629629629626 17.0 9.333333333333334 9.888888888888888
9.518518518518519 18.814814814814817 16.655172413793103 10.444444444444443 8.592592592592593
10.074074074074074 19.185185185185183 16.655172413793103 11.703703703703704 9.407407407407408
9.11111111111111 18.444444444444443 16.86206896551724 10.333333333333334 9.0
10.88888888888889 18.925925925925927 16.586206896551726 9.555555555555555 8.925925925925926
10.555555555555555 18.85185185185185 17.137931034482758 11.518518518518519 8.0
11.222222222222221 16.85185185185185 16.79310344827586 10.74074074074074 8.777777777777779
11.444444444444445 17.925925925925924 16.03448275862069 10.11111111111111 9.444444444444445
10.222222222222223 18.48148148148148 16.482758620689655 9.74074074074074 10.518518518518519
10.777777777777779 18.962962962962962 15.896551724137932 10.37037037037037 10.25925925925926
10.925925925925926 16.666666666666668 17.724137931034484 9.407407407407408 10.185185185185187
9.777777777777777 16.555555555555557 16.379310344827587 10.407407407407407 9.481481481481481
10.074074074074074 19.925925925925927 17.03448275862069 10.444444444444443 9.592592592592592
9.777777777777777 17.814814814814813 16.06896551724138 10.62962962962963 9.74074074074074
10.037037037037036 18.111111111111114 17.75862068965517 11.185185185185185 9.11111111111111
11.37037037037037 18.962962962962962 15.655172413793103 9.481481481481481 8.185185185185185
9.11111111111111 18.48148148148148 15.482758620689655 10.814814814814815 9.925925925925927
9.703703703703704 19.148148148148145 16.344827586206897 9.407407407407408 10.0
9.666666666666668 18.296296296296298 15.827586206896553 9.444444444444445 8.925925925925926
10.037037037037036 18.40740740740741 17.379310344827584 9.592592592592592 8.444444444444443
10.25925925925926 17.925925925925924 16.86206896551724 8.925925925925926 9.148148148148149
11.888888888888888 17.703703703703702 17.10344827586207 10.814814814814815 9.74074074074074
10.222222222222223 18.88888888888889 15.482758620689655 9.814814814814815 9.148148148148149
10.88888888888889 17.296296296296294 17.241379310344826 9.74074074074074 9.11111111111111
11.481481481481481 18.444444444444443 16.103448275862068 10.296296296296296 8.851851851851851
9.814814814814815 17.555555555555557 15.896551724137932 9.518518518518519 9.0
9.25925925925926 17.666666666666668 15.448275862068966 9.518518518518519 9.148148148148149
10.25925925925926 18.25925925925926 17.10344827586207 8.962962962962962 8.518518518518519
10.444444444444443 16.703703703703702 16.103448275862068 10.25925925925926 9.962962962962964
11.222222222222221 18.14814814814815 17.137931034482758 11.148148148148149 9.37037037037037
11.37037037037037 19.148148148148145 16.82758620689655 10.407407407407407 9.407407407407408
9.296296296296296 17.22222222222222 15.551724137931034 10.25925925925926 9.407407407407408
10.11111111111111 16.074074074074073 15.931034482758621 10.296296296296296 9.888888888888888
9.851851851851851 18.555555555555554 16.89655172413793 10.185185185185187 9.555555555555555
11.074074074074074 19.185185185185183 16.482758620689655 10.444444444444443 9.25925925925926
9.592592592592592 18.703703703703706 16.206896551724135 9.25925925925926 7.703703703703704
10.185185185185187 19.11111111111111 16.689655172413794 9.703703703703704 9.0
10.296296296296296 18.25925925925926 17.03448275862069 9.37037037037037 8.814814814814815
11.037037037037036 16.666666666666668 15.965517241379311 9.62962962962963 10.666666666666666
10.814814814814815 15.777777777777779 15.0 11.037037037037036 10.11111111111111
11.11111111111111 16.85185185185185 15.551724137931034 10.037037037037036 9.407407407407408
8.296296296296296 18.51851851851852 16.06896551724138 9.296296296296296 9.037037037037038
9.666666666666668 18.51851851851852 15.931034482758621 10.407407407407407 10.444444444444443
11.407407407407408 18.074074074074076 17.586206896551726 9.25925925925926 11.518518518518519
9.851851851851851 18.333333333333332 15.75862068965517 10.25925925925926 10.11111111111111
10.555555555555555 17.703703703703702 16.551724137931036 11.962962962962964 9.481481481481481
10.777777777777779 18.14814814814815 15.931034482758621 10.407407407407407 8.925925925925926
9.814814814814815 18.962962962962962 15.793103448275863 10.333333333333334 9.777777777777777
11.518518518518519 17.185185185185187 15.965517241379311 8.962962962962962 9.0
11.444444444444445 17.296296296296294 16.17241379310345 9.407407407407408 9.407407407407408
9.037037037037038 16.703703703703702 16.75862068965517 10.518518518518519 10.296296296296296
9.703703703703704 18.925925925925927 16.448275862068968 10.074074074074074 10.074074074074074
11.0 18.666666666666668 16.03448275862069 10.481481481481483 9.25925925925926
9.592592592592592 20.0 15.896551724137932 10.037037037037036 8.407407407407407
9.666666666666668 18.814814814814817 16.82758620689655 10.222222222222223 8.925925925925926
11.25925925925926 18.74074074074074 15.72413793103448 8.37037037037037 11.0
11.0 16.925925925925927 15.689655172413792 11.407407407407408 8.703703703703702
9.62962962962963 19.51851851851852 16.413793103448278 10.296296296296296 8.74074074074074
11.0 17.333333333333332 16.448275862068968 10.185185185185187 8.74074074074074
10.037037037037036 18.185185185185187 17.655172413793103 9.666666666666668 9.481481481481481
9.703703703703704 18.185185185185187 16.103448275862068 10.88888888888889 8.666666666666666
11.0 18.0 17.20689655172414 9.666666666666668 9.25925925925926
9.592592592592592 17.037037037037038 17.241379310344826 9.925925925925927 8.185185185185185
10.962962962962962 18.111111111111114 17.06896551724138 9.666666666666668 9.148148148148149
10.777777777777779 18.296296296296298 17.06896551724138 10.62962962962963 9.62962962962963
8.555555555555555 18.111111111111114 16.275862068965516 9.962962962962964 9.777777777777777
10.074074074074074 18.962962962962962 15.586206896551724 9.148148148148149 8.88888888888889
10.185185185185187 17.925925925925924 17.448275862068964 10.925925925925926 8.185185185185185
9.62962962962963 20.0 16.448275862068968 10.925925925925926 8.148148148148147
10.74074074074074 18.037037037037035 15.896551724137932 10.25925925925926 9.592592592592592
11.444444444444445 17.925925925925924 17.482758620689655 8.851851851851851 10.037037037037036
9.703703703703704 17.88888888888889 16.344827586206897 10.037037037037036 8.703703703703702
10.74074074074074 17.407407407407405 16.82758620689655 9.814814814814815 7.555555555555556
9.518518518518519 17.296296296296294 14.75862068965517 10.25925925925926 10.74074074074074
9.962962962962964 18.88888888888889 16.344827586206897 10.25925925925926 9.296296296296296
11.074074074074074 18.296296296296298 17.241379310344826 10.333333333333334 10.037037037037036
10.222222222222223 19.703703703703702 15.793103448275863 7.888888888888889 10.222222222222223
10.555555555555555 18.25925925925926 15.586206896551724 9.851851851851851 9.11111111111111
10.333333333333334 18.40740740740741 15.344827586206897 9.407407407407408 10.814814814814815
11.925925925925927 19.59259259259259 16.448275862068968 9.74074074074074 9.37037037037037
10.62962962962963 17.51851851851852 17.448275862068964 10.444444444444443 9.407407407407408
9.925925925925927 17.296296296296294 18.034482758620687 9.777777777777777 8.555555555555555
11.592592592592592 18.14814814814815 15.965517241379311 10.222222222222223 7.962962962962964
10.25925925925926 18.185185185185187 16.965517241379313 9.851851851851851 10.25925925925926
10.555555555555555 18.48148148148148 15.862068965517242 9.851851851851851 8.666666666666666
9.296296296296296 16.77777777777778 17.06896551724138 11.333333333333334 8.962962962962962
10.222222222222223 17.814814814814813 16.931034482758623 9.777777777777777 9.555555555555555
9.814814814814815 17.333333333333332 16.86206896551724 9.851851851851851 10.88888888888889
9.888888888888888 18.555555555555554 16.931034482758623 10.037037037037036 11.444444444444445
9.333333333333334 17.85185185185185 17.96551724137931 10.11111111111111 9.518518518518519
11.222222222222221 17.814814814814813 16.931034482758623 9.62962962962963 10.555555555555555
10.74074074074074 17.444444444444443 16.137931034482758 9.518518518518519 8.444444444444443
9.555555555555555 18.25925925925926 15.620689655172413 10.11111111111111 9.37037037037037
9.703703703703704 19.333333333333336 17.275862068965516 9.777777777777777 8.592592592592593
11.518518518518519 17.48148148148148 16.551724137931036 10.222222222222223 8.407407407407407
9.444444444444445 17.962962962962962 16.655172413793103 9.703703703703704 9.555555555555555
10.777777777777779 18.22222222222222 17.06896551724138 11.222222222222221 8.88888888888889
10.666666666666666 11.074074074074074 10.137931034482758 11.222222222222221 10.148148148148147
10.666666666666666 10.37037037037037 10.241379310344827 9.74074074074074 10.777777777777779
10.074074074074074 9.851851851851851 11.206896551724137 10.333333333333334 10.444444444444443
10.88888888888889 10.333333333333334 10.793103448275863 10.296296296296296 10.148148148148147
10.407407407407407 17.962962962962962 17.17241379310345 9.851851851851851 8.851851851851851
10.037037037037036 9.888888888888888 9.448275862068966 10.0 10.703703703703702
8.814814814814815 8.481481481481483 9.551724137931034 11.222222222222221 10.25925925925926
9.481481481481481 10.25925925925926 10.862068965517242 10.481481481481483 11.11111111111111
10.407407407407407 10.37037037037037 9.827586206896552 11.407407407407408 10.88888888888889
8.555555555555555 16.51851851851852 18.275862068965516 11.703703703703704 8.962962962962962
9.962962962962964 9.666666666666668 10.793103448275863 9.148148148148149 10.296296296296296
11.0 10.555555555555555 10.551724137931036 9.592592592592592 10.444444444444443
10.62962962962963 10.592592592592593 10.931034482758621 10.962962962962962 9.962962962962964
10.851851851851853 10.11111111111111 10.96551724137931 10.592592592592593 11.037037037037036
12.25925925925926 19.074074074074073 16.482758620689655 10.37037037037037 9.222222222222221
9.777777777777777 8.88888888888889 10.172413793103447 10.148148148148147 10.25925925925926
10.62962962962963 10.222222222222223 10.137931034482758 10.925925925925926 11.222222222222221
9.962962962962964 9.407407407407408 10.137931034482758 10.444444444444443 11.074074074074074
10.296296296296296 10.814814814814815 10.89655172413793 10.88888888888889 10.296296296296296
9.74074074074074 15.962962962962964 18.724137931034484 10.592592592592593 9.185185185185185
10.11111111111111 11.074074074074074 9.10344827586207 10.518518518518519 10.703703703703702
10.222222222222223 10.333333333333334 10.655172413793103 11.37037037037037 9.74074074074074
10.296296296296296 10.777777777777779 11.793103448275861 9.555555555555555 10.185185185185187
10.74074074074074 11.0 10.275862068965518 9.777777777777777 9.962962962962964
9.37037037037037 9.888888888888888 10.310344827586206 10.814814814814815 10.555555555555555
9.185185185185185 10.88888888888889 10.96551724137931 11.407407407407408 10.11111111111111
11.333333333333334 10.62962962962963 10.10344827586207 11.74074074074074 10.296296296296296
10.925925925925926 9.25925925925926 10.413793103448276 10.37037037037037 8.814814814814815
8.88888888888889 9.703703703703704 10.241379310344827 8.777777777777779 10.37037037037037
8.518518518518519 11.0 11.034482758620689 10.481481481481483 12.333333333333334
9.888888888888888 16.22222222222222 21.0 10.0 8.592592592592593
10.407407407407407 15.740740740740739 18.344827586206897 10.851851851851853 10.444444444444443
9.962962962962964 16.666666666666668 16.79310344827586 10.962962962962962 8.962962962962962
9.666666666666668 15.222222222222221 17.79310344827586 10.37037037037037 10.37037037037037
10.074074074074074 15.777777777777779 18.20689655172414 9.925925925925927 9.037037037037038
9.518518518518519 15.444444444444445 19.862068965517242 10.0 9.592592592592592
9.962962962962964 17.85185185185185 19.482758620689655 11.0 9.222222222222221
8.962962962962962 17.37037037037037 17.689655172413794 9.555555555555555 9.407407407407408
10.074074074074074 16.22222222222222 18.379310344827587 9.555555555555555 10.148148148148147
10.555555555555555 16.444444444444446 19.137931034482758 10.62962962962963 9.888888888888888
9.25925925925926 16.555555555555557 20.20689655172414 9.703703703703704 9.11111111111111
9.592592592592592 16.0 19.896551724137932 10.88888888888889 8.74074074074074
10.444444444444443 16.74074074074074 19.137931034482758 10.62962962962963 9.0
10.185185185185187 16.25925925925926 20.241379310344826 9.962962962962964 8.74074074074074
11.518518518518519 17.0 19.344827586206897 9.444444444444445 9.333333333333334
9.37037037037037 15.518518518518519 19.103448275862068 10.185185185185187 10.37037037037037
10.222222222222223 15.703703703703702 19.413793103448278 10.518518518518519 8.333333333333334
9.592592592592592 16.48148148148148 18.896551724137932 10.74074074074074 9.25925925925926
10.25925925925926 15.814814814814817 18.96551724137931 9.777777777777777 9.666666666666668
9.962962962962964 14.333333333333334 17.137931034482758 9.925925925925927 9.444444444444445
11.074074074074074 15.222222222222221 18.0 11.185185185185185 10.592592592592593
10.148148148148147 16.703703703703702 17.75862068965517 10.11111111111111 9.296296296296296
9.814814814814815 17.703703703703702 19.620689655172413 11.518518518518519 9.25925925925926
9.851851851851851 15.777777777777779 20.17241379310345 11.222222222222221 9.666666666666668
11.703703703703704 16.296296296296294 19.793103448275865 9.962962962962964 9.37037037037037
9.814814814814815 15.333333333333332 18.17241379310345 10.148148148148147 10.148148148148147
9.814814814814815 16.444444444444446 17.413793103448274 11.074074074074074 8.703703703703702
9.592592592592592 15.481481481481481 17.241379310344826 10.518518518518519 8.518518518518519
10.88888888888889 15.814814814814817 19.655172413793103 10.222222222222223 9.037037037037038
9.333333333333334 16.333333333333332 19.17241379310345 11.148148148148149 8.962962962962962
10.518518518518519 17.85185185185185 17.655172413793103 10.333333333333334 9.296296296296296
10.222222222222223 15.481481481481481 19.655172413793103 10.0 9.148148148148149
10.962962962962962 17.48148148148148 18.551724137931032 10.25925925925926 10.481481481481483
8.88888888888889 16.703703703703702 19.896551724137932 11.11111111111111 8.074074074074074
9.555555555555555 15.296296296296296 20.0 9.62962962962963 9.851851851851851
11.37037037037037 16.77777777777778 18.758620689655174 9.222222222222221 10.0
9.925925925925927 17.37037037037037 17.89655172413793 9.62962962962963 9.25925925925926
9.185185185185185 16.703703703703702 19.655172413793103 9.851851851851851 9.222222222222221
9.333333333333334 16.11111111111111 18.17241379310345 9.814814814814815 8.592592592592593
10.666666666666666 16.666666666666668 20.620689655172413 9.296296296296296 8.74074074074074
11.0 16.59259259259259 17.655172413793103 9.962962962962964 10.814814814814815
8.962962962962962 15.962962962962964 18.0 10.851851851851853 9.592592592592592
10.11111111111111 15.592592592592592 19.206896551724135 10.37037037037037 9.62962962962963
9.592592592592592 15.444444444444445 19.448275862068964 10.11111111111111 8.962962962962962
9.74074074074074 14.925925925925926 17.241379310344826 10.703703703703702 9.74074074074074
9.814814814814815 15.185185185185185 17.482758620689655 9.592592592592592 10.222222222222223
11.296296296296296 16.11111111111111 20.03448275862069 10.814814814814815 9.25925925925926
10.074074074074074 16.22222222222222 20.17241379310345 10.11111111111111 9.333333333333334
10.037037037037036 16.703703703703702 18.551724137931032 9.925925925925927 7.851851851851851
10.222222222222223 16.296296296296294 17.620689655172416 10.37037037037037 10.148148148148147
10.666666666666666 15.111111111111112 17.724137931034484 11.592592592592592 9.222222222222221
10.555555555555555 16.77777777777778 19.482758620689655 9.148148148148149 9.25925925925926
10.0 14.814814814814815 20.448275862068968 11.444444444444445 10.185185185185187
10.074074074074074 15.444444444444445 18.551724137931032 11.296296296296296 9.777777777777777
10.481481481481483 16.25925925925926 18.862068965517242 10.148148148148147 8.518518518518519
10.88888888888889 15.185185185185185 18.24137931034483 9.074074074074074 10.11111111111111
9.518518518518519 14.74074074074074 18.13793103448276 10.851851851851853 9.333333333333334
10.25925925925926 16.666666666666668 19.517241379310345 11.444444444444445 9.222222222222221
10.88888888888889 16.22222222222222 19.344827586206897 10.666666666666666 9.666666666666668
11.296296296296296 15.851851851851853 18.655172413793107 11.148148148148149 9.518518518518519
11.11111111111111 16.77777777777778 19.620689655172413 11.25925925925926 9.11111111111111
9.25925925925926 16.0 18.96551724137931 10.481481481481483 8.481481481481483
9.333333333333334 15.777777777777779 19.482758620689655 10.185185185185187 9.74074074074074
9.962962962962964 17.37037037037037 17.93103448275862 10.0 10.555555555555555
9.851851851851851 16.333333333333332 19.517241379310345 10.222222222222223 8.555555555555555
8.703703703703702 17.74074074074074 17.75862068965517 10.481481481481483 8.851851851851851
9.666666666666668 16.703703703703702 18.655172413793107 11.592592592592592 9.148148148148149
10.777777777777779 16.703703703703702 17.75862068965517 10.148148148148147 8.851851851851851
8.62962962962963 16.14814814814815 20.17241379310345 10.555555555555555 10.592592592592593
9.25925925925926 17.62962962962963 19.17241379310345 9.37037037037037 9.703703703703704
9.555555555555555 16.37037037037037 18.93103448275862 9.962962962962964 9.296296296296296
9.814814814814815 17.333333333333332 18.275862068965516 10.0 9.518518518518519
10.222222222222223 15.703703703703702 19.689655172413794 10.148148148148147 9.037037037037038
9.62962962962963 14.296296296296296 19.068965517241377 10.444444444444443 9.777777777777777
9.888888888888888 16.37037037037037 20.06896551724138 10.407407407407407 7.851851851851851
9.407407407407408 16.74074074074074 19.655172413793103 9.592592592592592 9.407407407407408
9.296296296296296 14.814814814814815 19.103448275862068 9.518518518518519 9.148148148148149
9.37037037037037 16.703703703703702 19.96551724137931 10.148148148148147 9.703703703703704
11.11111111111111 16.11111111111111 19.655172413793103 9.481481481481481 10.148148148148147
10.296296296296296 15.703703703703702 17.724137931034484 9.74074074074074 9.407407407407408
10.444444444444443 15.481481481481481 19.137931034482758 11.444444444444445 8.703703703703702
10.185185185185187 14.703703703703702 19.551724137931036 10.296296296296296 8.296296296296296
9.25925925925926 14.74074074074074 19.17241379310345 10.037037037037036 8.777777777777779
10.0 16.037037037037038 19.24137931034483 9.481481481481481 9.074074074074074
9.962962962962964 16.925925925925927 18.620689655172413 10.62962962962963 10.222222222222223
9.777777777777777 15.185185185185185 17.344827586206897 10.185185185185187 9.592592592592592
10.074074074074074 16.74074074074074 19.551724137931036 10.148148148148147 9.185185185185185
11.37037037037037 15.481481481481481 18.758620689655174 12.25925925925926 10.481481481481483
10.37037037037037 17.11111111111111 19.344827586206897 9.592592592592592 9.666666666666668
9.962962962962964 15.074074074074074 19.689655172413794 9.962962962962964 10.185185185185187
9.444444444444445 15.814814814814817 19.17241379310345 11.11111111111111 10.962962962962962
10.88888888888889 16.296296296296294 18.551724137931032 9.703703703703704 10.777777777777779
9.592592592592592 15.333333333333332 18.482758620689655 9.814814814814815 10.333333333333334
9.888888888888888 16.25925925925926 18.79310344827586 10.851851851851853 9.814814814814815
9.555555555555555 14.222222222222223 18.586206896551722 9.666666666666668 8.814814814814815
9.666666666666668 15.444444444444445 18.06896551724138 11.481481481481481 9.555555555555555
10.962962962962962 16.037037037037038 18.655172413793107 10.851851851851853 9.444444444444445
9.185185185185185 15.111111111111112 17.379310344827584 9.888888888888888 9.62962962962963
8.851851851851851 15.111111111111112 20.0 10.407407407407407 9.814814814814815
