0.0013986013986013986 0.17360114777618363 0.08583106267029972 0.0013422818791946308 0.0
0.0 0.1649928263988522 0.055858310626702996 0.0 0.0
0.0 0.17790530846484934 0.05994550408719346 0.0 0.0
0.0 0.15208034433285508 0.07356948228882834 0.0 0.0
0.0 0.1492109038737446 0.05040871934604905 0.0 0.0
0.0 0.1563845050215208 0.06948228882833787 0.0 0.0
0.0 0.19799139167862267 0.07629427792915532 0.0 0.0
0.0 0.15351506456241032 0.0667574931880109 0.0013422818791946308 0.0
0.0 0.2065997130559541 0.07356948228882834 0.0013422818791946308 0.0013986013986013986
0.0013986013986013986 0.20229555236728838 0.05722070844686648 0.0 0.0
0.0013986013986013986 0.15208034433285508 0.05858310626702997 0.0 0.0
0.0 0.13199426111908177 0.06267029972752045 0.0 0.0
0.0 0.16929698708751795 0.07629427792915532 0.0013422818791946308 0.0
0.0 0.18651362984218076 0.06403269754768393 0.0 0.0
0.0 0.22668579626972743 0.07629427792915532 0.0013422818791946308 0.0013986013986013986
0.0 0.16212338593974174 0.07084468664850137 0.0013422818791946308 0.0
0.0 0.1807747489239598 0.0681198910081744 0.0 0.0
0.0 0.1750358680057389 0.06267029972752045 0.0 0.0
0.0 0.19225251076040173 0.05040871934604905 0.0026845637583892616 0.0
0.0 0.242467718794835 0.08446866485013624 0.0 0.0
0.0 0.2080344332855093 0.07901907356948229 0.0 0.0
0.0 0.2309899569583931 0.07084468664850137 0.0 0.0
0.0013986013986013986 0.1908177905308465 0.06948228882833787 0.0 0.0
0.0 0.21951219512195122 0.05449591280653951 0.0 0.0
0.0 0.21233859397417504 0.05994550408719346 0.0013422818791946308 0.0
0.0013986013986013986 0.24820659971305598 0.06948228882833787 0.0 0.0
0.0 0.2065997130559541 0.0667574931880109 0.0 0.0
0.0 0.16642754662840747 0.06267029972752045 0.0 0.0
0.0 0.21377331420373027 0.06267029972752045 0.0 0.0
0.0 0.17647058823529413 0.10354223433242507 0.0 0.0
0.0 0.18507890961262555 0.07084468664850137 0.0 0.0
0.0013986013986013986 0.20373027259684362 0.05722070844686648 0.0 0.0
0.0 0.20516499282639883 0.05722070844686648 0.0 0.0
0.0 0.22668579626972743 0.06403269754768393 0.0 0.0
0.0 0.18364418938307028 0.0681198910081744 0.0 0.0
0.0 0.19799139167862267 0.061307901907356945 0.0026845637583892616 0.0
0.002797202797202797 0.19799139167862267 0.0681198910081744 0.0 0.0
0.0 0.19655667144906744 0.04632152588555858 0.0026845637583892616 0.0
0.0 0.21664275466284075 0.06403269754768393 0.0 0.0
0.0 0.20516499282639883 0.09673024523160763 0.0 0.0
0.0 0.20229555236728838 0.05858310626702997 0.0013422818791946308 0.0
0.0013986013986013986 0.19368723098995697 0.061307901907356945 0.0 0.0
0.0013986013986013986 0.22381635581061693 0.061307901907356945 0.0013422818791946308 0.0
0.0 0.2080344332855093 0.07084468664850137 0.0 0.0
0.0 0.19799139167862267 0.055858310626702996 0.0 0.0
0.0013986013986013986 0.2080344332855093 0.06539509536784742 0.0013422818791946308 0.0013986013986013986
0.0013986013986013986 0.2223816355810617 0.06948228882833787 0.0 0.0
0.0 0.21233859397417504 0.07356948228882834 0.0 0.0
0.002797202797202797 0.20229555236728838 0.04087193460490463 0.0 0.0
0.0 0.2309899569583931 0.0681198910081744 0.0013422818791946308 0.0
0.002797202797202797 0.1994261119081779 0.061307901907356945 0.0013422818791946308 0.0
0.0 0.25538020086083213 0.061307901907356945 0.0 0.0
0.002797202797202797 0.2381635581061693 0.07629427792915532 0.0 0.0
0.0 0.24820659971305598 0.08446866485013624 0.0013422818791946308 0.0013986013986013986
0.0013986013986013986 0.27403156384505023 0.09673024523160763 0.0013422818791946308 0.0
0.0 0.27546628407460544 0.06539509536784742 0.0 0.0
0.0 0.2783357245337159 0.0667574931880109 0.0 0.0
0.0013986013986013986 0.2812051649928264 0.05994550408719346 0.0 0.0
0.0 0.27546628407460544 0.0885558583106267 0.0013422818791946308 0.0
0.0013986013986013986 0.22668579626972743 0.06267029972752045 0.0013422818791946308 0.0
0.0 0.28837876614060254 0.08583106267029972 0.0 0.0
0.0 0.27259684361549497 0.08038147138964577 0.0 0.0
0.0 0.2381635581061693 0.07084468664850137 0.0013422818791946308 0.0
0.0 0.27259684361549497 0.07493188010899182 0.0 0.0013986013986013986
0.0 0.2826398852223816 0.08310626702997274 0.0013422818791946308 0.0
0.0 0.2783357245337159 0.07084468664850137 0.0013422818791946308 0.0
0.0 0.32568149210903874 0.0885558583106267 0.0 0.0
0.0 0.2797704447632712 0.06948228882833787 0.0 0.0
0.002797202797202797 0.3500717360114778 0.07084468664850137 0.0 0.0
0.0 0.2797704447632712 0.061307901907356945 0.0013422818791946308 0.0
0.0 0.3314203730272597 0.08038147138964577 0.0 0.0
0.0 0.32568149210903874 0.08038147138964577 0.0 0.0
0.0 0.33572453371592537 0.09809264305177112 0.0 0.0
0.0 0.28837876614060254 0.09536784741144413 0.0 0.0
0.0013986013986013986 0.27259684361549497 0.07493188010899182 0.0 0.0
0.0 0.2783357245337159 0.07629427792915532 0.0 0.0
0.0 0.32281205164992827 0.09536784741144413 0.0 0.0
0.0 0.2955523672883788 0.07901907356948229 0.0013422818791946308 0.0
0.0013986013986013986 0.34720229555236726 0.07629427792915532 0.0 0.0
0.0013986013986013986 0.3486370157819225 0.08174386920980926 0.0 0.0
0.0013986013986013986 0.34433285509325684 0.07084468664850137 0.0 0.0
0.0 0.35724533715925394 0.10354223433242507 0.0 0.0
0.0 0.2955523672883788 0.09400544959128065 0.0013422818791946308 0.0
0.0 0.4017216642754663 0.08583106267029972 0.0 0.0
0.0 0.35724533715925394 0.07901907356948229 0.0 0.0
0.0 0.3084648493543759 0.08446866485013624 0.0 0.0
0.0 0.36585365853658536 0.09264305177111716 0.0013422818791946308 0.0
0.0 0.3414634146341463 0.09673024523160763 0.0013422818791946308 0.0
0.0013986013986013986 0.32281205164992827 0.09128065395095368 0.0 0.0
0.0 0.37446197991391683 0.09536784741144413 0.0 0.0
0.002797202797202797 0.32281205164992827 0.07356948228882834 0.0 0.0
0.0 0.34576757532281205 0.09673024523160763 0.0 0.0
0.0 0.40889526542324245 0.09128065395095368 0.0 0.0
0.0 0.3730272596843615 0.07084468664850137 0.0013422818791946308 0.0
0.0013986013986013986 0.40746054519368724 0.10217983651226159 0.0 0.0
0.0013986013986013986 0.4447632711621234 0.11035422343324251 0.0 0.0
0.0 0.4175035868005739 0.10354223433242507 0.0 0.0
0.0 0.4490674318507891 0.1008174386920981 0.0013422818791946308 0.0
0.0 0.44763271162123386 0.1008174386920981 0.0013422818791946308 0.0
0.0 0.42324246771879487 0.11307901907356949 0.0 0.0
0.0013986013986013986 0.4806312769010043 0.12397820163487737 0.0 0.0
0.0 0.00860832137733142 0.0 0.0 0.0
0.0 0.011477761836441893 0.0 0.0 0.0
0.0 0.002869440459110473 0.0 0.0 0.0
0.0 0.00860832137733142 0.0 0.0 0.0013986013986013986
0.0 0.5494978479196556 0.12261580381471389 0.0 0.0
0.0 0.015781922525107607 0.0 0.0 0.0
0.0 0.005738880918220946 0.0 0.0 0.0
0.0 0.005738880918220946 0.0 0.0 0.0
0.0 0.01291248206599713 0.0 0.0 0.0
0.0 0.3098995695839311 0.22070844686648503 0.0 0.0
0.0 0.014347202295552367 0.0 0.0 0.0013986013986013986
0.0 0.01291248206599713 0.0 0.0 0.0
0.0 0.00860832137733142 0.0 0.0 0.0
0.0 0.011477761836441893 0.0 0.0 0.0
0.0 0.5251076040172167 0.09809264305177112 0.0013422818791946308 0.0
0.0 0.00430416068866571 0.0 0.0 0.0
0.0 0.007173601147776184 0.0 0.0 0.0
0.0 0.0014347202295552366 0.0 0.0 0.0
0.0 0.015781922525107607 0.0 0.0013422818791946308 0.0
0.0 0.2840746054519369 0.25476839237057225 0.0 0.0
0.0 0.00430416068866571 0.0 0.0 0.0
0.0 0.014347202295552367 0.0 0.0 0.0
0.0 0.01291248206599713 0.0 0.0 0.0
0.0 0.015781922525107607 0.0 0.0 0.0
0.0013986013986013986 0.007173601147776184 0.0 0.0 0.0
0.0 0.00430416068866571 0.0 0.0 0.0
0.0 0.007173601147776184 0.0 0.0 0.0
0.0 0.007173601147776184 0.0 0.0 0.0
0.0 0.00430416068866571 0.0 0.0 0.0
0.0 0.01291248206599713 0.0 0.0 0.0
0.0 0.2783357245337159 0.20980926430517713 0.0 0.0
0.0 0.2855093256814921 0.20299727520435967 0.0013422818791946308 0.0
0.0 0.2510760401721664 0.23978201634877383 0.004026845637583892 0.0
0.0013986013986013986 0.2510760401721664 0.21525885558583108 0.0026845637583892616 0.0
0.0013986013986013986 0.2783357245337159 0.22615803814713897 0.0 0.0
0.0 0.27403156384505023 0.19891008174386923 0.0013422818791946308 0.0
0.0 0.3199426111908178 0.23024523160762944 0.0013422818791946308 0.0
0.0 0.2812051649928264 0.21934604904632155 0.0026845637583892616 0.0
0.0013986013986013986 0.2654232424677188 0.24659400544959129 0.0013422818791946308 0.0013986013986013986
0.0 0.28981348637015786 0.20708446866485014 0.0 0.0
0.0 0.30129124820659975 0.20435967302452318 0.0013422818791946308 0.0
0.0 0.29124820659971307 0.24931880108991825 0.0 0.0
0.0 0.2654232424677188 0.2670299727520436 0.0 0.0
0.0 0.2998565279770445 0.25204359673024523 0.0013422818791946308 0.0
0.0013986013986013986 0.27546628407460544 0.2329700272479564 0.0 0.0
0.0 0.3084648493543759 0.2329700272479564 0.0013422818791946308 0.0
0.0 0.28837876614060254 0.1784741144414169 0.0026845637583892616 0.0
0.0 0.28694404591104733 0.2111716621253406 0.0 0.0
0.0 0.3098995695839311 0.23433242506811988 0.0 0.0
0.0 0.27259684361549497 0.23160762942779292 0.0 0.0
0.0 0.2769010043041607 0.20844686648501362 0.0 0.0
0.0 0.26255380200860834 0.19346049046321526 0.0 0.0
0.0 0.27116212338593976 0.23705722070844687 0.0 0.0
0.0 0.24390243902439024 0.24250681198910082 0.004026845637583892 0.0
0.0 0.2998565279770445 0.2111716621253406 0.0013422818791946308 0.0
0.0 0.2582496413199426 0.16893732970027248 0.0 0.0
0.0 0.24533715925394547 0.23841961852861035 0.0 0.0
0.0 0.25681492109038734 0.25340599455040874 0.0 0.0
0.0 0.26255380200860834 0.23433242506811988 0.0013422818791946308 0.0
0.0013986013986013986 0.28837876614060254 0.2016348773841962 0.0013422818791946308 0.0
0.0 0.2840746054519369 0.23160762942779292 0.0013422818791946308 0.0
0.0 0.27116212338593976 0.22343324250681199 0.0013422818791946308 0.0
0.0013986013986013986 0.2812051649928264 0.22615803814713897 0.0013422818791946308 0.0
0.0 0.2769010043041607 0.21525885558583108 0.0013422818791946308 0.0
0.0 0.2840746054519369 0.21389645776566757 0.0 0.0
0.0 0.23959827833572453 0.18392370572207084 0.0013422818791946308 0.0
0.0 0.30129124820659975 0.23160762942779292 0.0013422818791946308 0.0
0.0 0.28837876614060254 0.2438692098092643 0.0 0.0
0.0 0.2611190817790531 0.19754768392370572 0.0 0.0
0.0 0.2611190817790531 0.25885558583106266 0.004026845637583892 0.0
0.0 0.28837876614060254 0.22752043596730245 0.0013422818791946308 0.0
0.0 0.30703012912482064 0.2683923705722071 0.0013422818791946308 0.0
0.0 0.25538020086083213 0.18392370572207084 0.0 0.0
0.0 0.3113342898134864 0.2247956403269755 0.0013422818791946308 0.0
0.0 0.23959827833572453 0.23841961852861035 0.0026845637583892616 0.0
0.0 0.29124820659971307 0.22070844686648503 0.0013422818791946308 0.0
0.0 0.25538020086083213 0.2329700272479564 0.0013422818791946308 0.0
0.0 0.27546628407460544 0.20844686648501362 0.0 0.0
0.0 0.22812051649928264 0.2002724795640327 0.0026845637583892616 0.0
0.0 0.25968436154949787 0.2220708446866485 0.0 0.0
0.0013986013986013986 0.27116212338593976 0.1784741144414169 0.0 0.0
0.0 0.2582496413199426 0.23433242506811988 0.0026845637583892616 0.0
0.0013986013986013986 0.30129124820659975 0.24795640326975474 0.0013422818791946308 0.0
0.0 0.27546628407460544 0.22888283378746593 0.0013422818791946308 0.0
0.0 0.2697274031563845 0.2220708446866485 0.004026845637583892 0.0
0.0 0.23529411764705882 0.19209809264305175 0.0013422818791946308 0.0
0.0 0.2769010043041607 0.2220708446866485 0.0 0.0
0.0 0.29124820659971307 0.20435967302452318 0.0026845637583892616 0.0
0.0013986013986013986 0.3285509325681492 0.24250681198910082 0.0 0.0
0.0013986013986013986 0.2855093256814921 0.23705722070844687 0.0026845637583892616 0.0
0.0 0.2826398852223816 0.19209809264305175 0.0 0.0
0.0 0.2998565279770445 0.24523160762942778 0.0026845637583892616 0.0
0.0 0.25681492109038734 0.26021798365122617 0.004026845637583892 0.0
0.0013986013986013986 0.2783357245337159 0.19891008174386923 0.0013422818791946308 0.0
0.0 0.27259684361549497 0.24659400544959129 0.0013422818791946308 0.0
0.0 0.2855093256814921 0.2329700272479564 0.0 0.0
0.0013986013986013986 0.25538020086083213 0.22752043596730245 0.0013422818791946308 0.0
0.0 0.266857962697274 0.22888283378746593 0.0013422818791946308 0.0
0.0 0.2654232424677188 0.22070844686648503 0.0 0.0
0.0013986013986013986 0.2697274031563845 0.20844686648501362 0.0 0.0
0.0013986013986013986 0.2539454806312769 0.2016348773841962 0.0 0.0
0.0 0.2783357245337159 0.273841961852861 0.0 0.0013986013986013986
0.0 0.2941176470588235 0.20299727520435967 0.0013422818791946308 0.0
0.0013986013986013986 0.2797704447632712 0.20980926430517713 0.0 0.0
0.0 0.2926829268292683 0.2574931880108992 0.0013422818791946308 0.0
0.0 0.30129124820659975 0.21798365122615804 0.0 0.0
0.0 0.27259684361549497 0.21662125340599456 0.0 0.0
0.0 0.28837876614060254 0.18119891008174385 0.0013422818791946308 0.0013986013986013986
0.0 0.28694404591104733 0.2356948228882834 0.0013422818791946308 0.0
0.0 0.26398852223816355 0.23024523160762944 0.0 0.0013986013986013986
0.002797202797202797 0.2984218077474892 0.25204359673024523 0.0 0.0
0.0 0.2998565279770445 0.2506811989100818 0.0 0.0
0.0 0.24103299856527977 0.21662125340599456 0.0 0.0
0.0 0.28694404591104733 0.21934604904632155 0.0 0.0
0.0 0.30559540889526543 0.26021798365122617 0.0 0.0
0.0 0.28981348637015786 0.1880108991825613 0.0013422818791946308 0.0
0.0 0.2826398852223816 0.2125340599455041 0.0013422818791946308 0.0
0.0 0.24820659971305598 0.2125340599455041 0.0013422818791946308 0.0013986013986013986
0.0 0.296987087517934 0.2016348773841962 0.0 0.0
0.0 0.29124820659971307 0.19618528610354224 0.0013422818791946308 0.0
0.0 0.2826398852223816 0.2506811989100818 0.0 0.0
0.0 0.2984218077474892 0.21525885558583108 0.0 0.0
0.0 0.25538020086083213 0.20572207084468666 0.0 0.0013986013986013986
0.0013986013986013986 0.2697274031563845 0.25885558583106266 0.0013422818791946308 0.0
0.0 0.3127690100430416 0.22615803814713897 0.0026845637583892616 0.0
0.0 0.27116212338593976 0.21389645776566757 0.0013422818791946308 0.0
0.0 0.2941176470588235 0.22070844686648503 0.0 0.0
0.0 0.2682926829268293 0.20844686648501362 0.0013422818791946308 0.0
0.0 0.28694404591104733 0.2220708446866485 0.0013422818791946308 0.0
