18.666666666666668 33.666666666666664 25.833333333333332 13.333333333333334 14.666666666666666
15.333333333333332 34.166666666666664 25.333333333333332 15.833333333333334 13.166666666666666
15.333333333333332 32.5 30.5 14.5 12.666666666666666
15.166666666666666 33.833333333333336 23.666666666666664 16.333333333333332 12.166666666666666
14.833333333333334 30.333333333333332 27.166666666666664 17.0 11.666666666666668
14.0 30.666666666666664 30.166666666666668 13.833333333333332 14.5
10.0 31.333333333333332 29.0 16.5 13.5
17.833333333333332 31.666666666666668 29.0 13.5 12.166666666666666
18.5 31.833333333333332 27.666666666666664 17.833333333333332 13.833333333333332
14.166666666666666 32.833333333333336 27.5 15.0 13.333333333333334
15.0 32.666666666666664 26.166666666666668 16.0 15.5
17.833333333333332 31.0 25.333333333333332 14.833333333333334 14.166666666666666
14.0 33.666666666666664 25.0 16.0 14.333333333333334
14.833333333333334 33.166666666666664 27.5 16.5 14.166666666666666
16.333333333333332 33.5 26.0 13.833333333333332 12.833333333333334
18.0 35.333333333333336 25.0 17.333333333333332 12.0
15.5 36.0 24.5 15.333333333333332 14.0
16.166666666666664 30.833333333333336 27.166666666666664 14.166666666666666 15.0
13.833333333333332 31.166666666666664 30.0 14.666666666666666 12.666666666666666
15.833333333333334 29.333333333333332 29.5 17.333333333333332 13.666666666666668
15.166666666666666 29.5 24.833333333333332 14.0 14.5
13.0 33.833333333333336 29.0 15.5 13.0
18.166666666666668 33.833333333333336 26.166666666666668 13.0 13.666666666666668
18.666666666666668 32.33333333333333 25.333333333333332 16.0 14.5
16.833333333333332 32.0 28.833333333333332 15.333333333333332 10.333333333333334
14.666666666666666 31.666666666666668 28.666666666666668 16.166666666666664 14.833333333333334
15.333333333333332 29.333333333333332 30.0 13.666666666666668 12.833333333333334
15.666666666666666 32.33333333333333 25.333333333333332 12.833333333333334 12.0
14.333333333333334 33.5 29.5 14.333333333333334 15.0
15.333333333333332 33.0 23.5 18.5 13.833333333333332
14.5 31.5 26.0 16.5 11.833333333333332
17.0 32.833333333333336 28.0 12.333333333333334 13.166666666666666
15.0 31.333333333333332 29.5 14.333333333333334 13.333333333333334
15.666666666666666 34.0 27.166666666666664 12.666666666666666 16.166666666666664
16.166666666666664 30.0 26.166666666666668 18.333333333333332 13.666666666666668
15.666666666666666 30.0 28.333333333333332 15.5 14.0
14.5 29.5 27.166666666666664 18.5 15.666666666666666
12.0 34.5 27.5 13.833333333333332 14.333333333333334
18.166666666666668 29.333333333333332 25.666666666666668 15.166666666666666 11.833333333333332
15.666666666666666 31.166666666666664 28.833333333333332 15.333333333333332 12.666666666666666
15.5 32.833333333333336 29.5 15.0 12.166666666666666
16.5 29.333333333333332 23.5 12.833333333333334 14.333333333333334
15.5 31.0 30.0 16.0 12.5
15.5 33.333333333333336 27.333333333333336 15.333333333333332 11.0
16.666666666666668 33.666666666666664 28.166666666666668 17.666666666666668 13.666666666666668
13.666666666666668 30.333333333333332 28.0 17.666666666666668 17.166666666666668
20.333333333333332 33.0 26.333333333333332 14.5 12.833333333333334
15.333333333333332 33.333333333333336 28.166666666666668 17.0 15.5
14.0 35.666666666666664 23.5 16.166666666666664 13.0
16.666666666666668 26.833333333333336 25.666666666666668 15.333333333333332 11.5
15.333333333333332 32.0 26.5 14.833333333333334 13.166666666666666
15.166666666666666 33.666666666666664 27.666666666666664 15.333333333333332 15.166666666666666
13.166666666666666 31.166666666666664 29.833333333333332 11.166666666666666 14.0
15.5 33.166666666666664 26.666666666666668 16.833333333333332 12.833333333333334
14.833333333333334 33.166666666666664 24.666666666666668 15.333333333333332 13.666666666666668
14.833333333333334 34.5 28.5 15.0 12.166666666666666
15.0 35.833333333333336 27.666666666666664 14.333333333333334 12.166666666666666
16.666666666666668 34.333333333333336 28.333333333333332 16.666666666666668 12.833333333333334
14.666666666666666 34.0 28.333333333333332 17.833333333333332 13.666666666666668
16.833333333333332 33.333333333333336 27.166666666666664 16.0 11.166666666666666
14.666666666666666 30.5 28.0 15.166666666666666 13.666666666666668
15.0 32.16666666666667 28.666666666666668 12.666666666666666 14.833333333333334
13.333333333333334 30.166666666666668 26.833333333333336 16.5 13.0
16.666666666666668 36.166666666666664 26.833333333333336 12.833333333333334 13.666666666666668
14.333333333333334 31.166666666666664 23.0 12.833333333333334 16.166666666666664
14.333333333333334 31.0 24.0 16.666666666666668 13.0
14.5 33.666666666666664 27.166666666666664 16.333333333333332 11.833333333333332
15.333333333333332 34.166666666666664 26.666666666666668 13.333333333333334 13.666666666666668
13.333333333333334 27.833333333333336 26.333333333333332 15.833333333333334 15.666666666666666
14.833333333333334 30.333333333333332 27.333333333333336 15.5 12.0
15.666666666666666 31.666666666666668 26.166666666666668 15.666666666666666 13.333333333333334
17.166666666666668 34.333333333333336 27.333333333333336 17.666666666666668 13.5
16.666666666666668 29.666666666666668 26.833333333333336 16.0 12.833333333333334
18.666666666666668 30.833333333333336 27.166666666666664 15.833333333333334 11.166666666666666
14.666666666666666 32.833333333333336 24.833333333333332 14.833333333333334 13.333333333333334
14.166666666666666 31.833333333333332 26.666666666666668 16.5 13.0
15.833333333333334 32.16666666666667 27.333333333333336 15.333333333333332 9.5
13.666666666666668 32.5 28.0 18.333333333333332 13.0
15.5 34.5 28.333333333333332 16.333333333333332 13.166666666666666
15.5 31.666666666666668 24.5 14.666666666666666 15.333333333333332
16.0 28.5 25.5 16.166666666666664 15.166666666666666
17.5 33.666666666666664 27.166666666666664 13.333333333333334 14.666666666666666
15.5 32.5 23.833333333333336 17.0 12.666666666666666
17.333333333333332 32.33333333333333 25.5 13.0 12.666666666666666
13.666666666666668 30.833333333333336 27.0 15.166666666666666 15.5
14.166666666666666 30.0 30.0 14.666666666666666 12.5
16.5 31.666666666666668 26.5 15.666666666666666 13.833333333333332
14.5 33.5 29.833333333333332 17.666666666666668 13.5
14.166666666666666 31.333333333333332 28.166666666666668 14.166666666666666 14.166666666666666
13.5 33.833333333333336 27.833333333333336 17.333333333333332 13.666666666666668
16.833333333333332 29.833333333333332 29.333333333333332 18.0 12.666666666666666
16.166666666666664 32.16666666666667 25.166666666666668 15.166666666666666 13.833333333333332
15.5 33.166666666666664 26.5 14.333333333333334 13.166666666666666
14.666666666666666 34.666666666666664 27.333333333333336 15.166666666666666 13.5
13.333333333333334 34.5 31.833333333333332 12.666666666666666 10.5
15.833333333333334 31.666666666666668 28.5 16.0 14.0
17.5 28.666666666666668 29.166666666666668 17.166666666666668 12.5
16.166666666666664 31.666666666666668 25.666666666666668 14.333333333333334 14.166666666666666
13.5 31.666666666666668 29.166666666666668 15.166666666666666 13.833333333333332
14.166666666666666 29.5 31.166666666666664 15.5 14.833333333333334
15.5 32.666666666666664 25.833333333333332 15.333333333333332 12.333333333333334
13.666666666666668 15.5 13.0 14.833333333333334 17.0
17.5 16.0 14.0 14.5 15.0
14.833333333333334 14.833333333333334 14.666666666666666 15.333333333333332 16.333333333333332
15.333333333333332 13.666666666666668 13.666666666666668 15.166666666666666 15.5
16.5 33.0 25.833333333333332 17.333333333333332 12.666666666666666
14.666666666666666 17.5 12.5 14.0 14.833333333333334
14.666666666666666 14.333333333333334 17.0 14.666666666666666 15.666666666666666
15.666666666666666 13.833333333333332 16.666666666666668 13.0 14.5
16.166666666666664 15.5 13.666666666666668 16.0 15.5
13.333333333333334 27.333333333333336 34.666666666666664 15.666666666666666 12.833333333333334
17.666666666666668 15.666666666666666 12.666666666666666 18.666666666666668 17.5
15.0 13.833333333333332 14.833333333333334 16.833333333333332 17.666666666666668
15.833333333333334 14.5 15.166666666666666 17.5 14.666666666666666
15.666666666666666 15.0 14.833333333333334 16.333333333333332 13.333333333333334
15.5 33.833333333333336 25.833333333333332 12.5 13.5
16.333333333333332 11.333333333333334 16.5 17.166666666666668 16.166666666666664
16.5 14.0 12.0 15.166666666666666 15.333333333333332
17.5 14.0 14.833333333333334 16.5 13.166666666666666
16.666666666666668 12.5 16.0 17.166666666666668 17.0
16.5 27.833333333333336 29.833333333333332 15.5 13.0
15.833333333333334 15.666666666666666 16.166666666666664 12.833333333333334 16.5
14.666666666666666 14.833333333333334 12.5 14.5 14.666666666666666
19.833333333333336 14.833333333333334 17.666666666666668 15.333333333333332 17.0
12.833333333333334 12.333333333333334 16.833333333333332 13.333333333333334 15.0
12.666666666666666 15.333333333333332 17.0 14.0 13.0
15.666666666666666 14.166666666666666 14.166666666666666 16.333333333333332 15.166666666666666
17.666666666666668 13.333333333333334 16.0 16.0 14.5
14.833333333333334 18.5 13.166666666666666 11.666666666666668 19.333333333333336
13.5 14.833333333333334 13.333333333333334 17.333333333333332 16.5
14.333333333333334 15.833333333333334 15.5 14.333333333333334 15.333333333333332
14.5 28.833333333333332 29.833333333333332 17.166666666666668 13.333333333333334
16.0 29.333333333333332 30.333333333333332 15.333333333333332 12.333333333333334
11.666666666666668 27.5 30.333333333333332 13.333333333333334 11.5
12.333333333333334 26.833333333333336 29.5 14.833333333333334 12.333333333333334
14.166666666666666 27.166666666666664 34.333333333333336 16.666666666666668 13.166666666666666
14.5 29.5 26.833333333333336 16.166666666666664 14.5
15.0 28.833333333333332 30.833333333333336 15.166666666666666 13.0
14.333333333333334 29.833333333333332 30.0 15.0 14.5
13.833333333333332 29.5 30.5 15.666666666666666 14.0
15.0 26.0 29.5 16.0 12.833333333333334
16.333333333333332 28.5 32.666666666666664 14.166666666666666 12.666666666666666
13.166666666666666 25.0 31.333333333333332 16.333333333333332 13.333333333333334
13.833333333333332 27.833333333333336 31.333333333333332 15.166666666666666 12.0
15.5 29.166666666666668 31.0 14.0 15.333333333333332
14.333333333333334 24.333333333333332 30.166666666666668 14.0 13.333333333333334
13.0 29.0 27.833333333333336 18.0 14.0
14.666666666666666 32.833333333333336 31.333333333333332 12.666666666666666 11.0
15.666666666666666 30.333333333333332 30.666666666666664 16.666666666666668 12.833333333333334
16.0 30.666666666666664 29.0 16.5 15.333333333333332
14.5 28.333333333333332 30.833333333333336 13.666666666666668 13.5
14.5 27.5 32.0 14.333333333333334 12.166666666666666
15.333333333333332 26.0 29.0 14.0 14.166666666666666
13.333333333333334 30.5 31.333333333333332 14.5 12.5
12.333333333333334 27.5 29.0 14.833333333333334 11.833333333333332
14.833333333333334 25.833333333333332 30.333333333333332 16.166666666666664 15.5
11.166666666666666 28.0 34.5 16.833333333333332 14.166666666666666
13.666666666666668 28.5 30.833333333333336 15.0 14.666666666666666
16.166666666666664 29.333333333333332 30.166666666666668 16.833333333333332 12.0
16.333333333333332 30.5 31.5 17.166666666666668 14.5
15.166666666666666 27.333333333333336 29.666666666666668 13.833333333333332 16.0
13.666666666666668 27.5 27.833333333333336 20.333333333333332 12.833333333333334
17.166666666666668 27.5 31.666666666666668 16.5 13.666666666666668
13.5 27.666666666666664 31.833333333333332 14.666666666666666 15.666666666666666
14.666666666666666 29.166666666666668 32.0 15.5 14.0
14.333333333333334 27.166666666666664 30.666666666666664 16.5 9.666666666666668
11.5 25.333333333333332 31.166666666666664 16.166666666666664 15.833333333333334
13.333333333333334 27.666666666666664 28.5 16.166666666666664 16.833333333333332
16.833333333333332 30.5 30.0 16.666666666666668 14.166666666666666
12.666666666666666 28.333333333333332 31.166666666666664 16.666666666666668 13.5
14.333333333333334 28.5 31.833333333333332 17.166666666666668 12.833333333333334
17.833333333333332 28.5 30.0 19.0 14.0
13.5 27.5 33.333333333333336 16.5 13.333333333333334
14.5 27.833333333333336 31.5 15.333333333333332 13.5
15.333333333333332 27.833333333333336 30.666666666666664 14.0 14.5
14.666666666666666 28.833333333333332 31.0 16.166666666666664 12.333333333333334
16.0 28.833333333333332 30.5 17.5 10.833333333333334
15.0 27.0 31.666666666666668 15.666666666666666 11.166666666666666
14.5 29.5 33.666666666666664 16.166666666666664 15.0
9.5 26.5 31.5 15.333333333333332 13.666666666666668
14.166666666666666 30.5 26.833333333333336 14.666666666666666 15.5
15.166666666666666 28.166666666666668 28.666666666666668 16.666666666666668 12.333333333333334
16.0 23.666666666666664 27.5 15.333333333333332 14.333333333333334
16.166666666666664 31.166666666666664 32.33333333333333 14.666666666666666 12.0
15.5 26.5 32.0 13.333333333333334 13.333333333333334
16.166666666666664 29.5 28.5 16.666666666666668 14.666666666666666
14.166666666666666 29.0 30.166666666666668 16.166666666666664 12.166666666666666
14.333333333333334 25.666666666666668 31.833333333333332 13.666666666666668 14.333333333333334
13.333333333333334 25.833333333333332 30.5 14.333333333333334 13.5
12.166666666666666 27.666666666666664 30.5 16.833333333333332 11.833333333333332
12.666666666666666 30.5 28.166666666666668 15.666666666666666 13.666666666666668
15.166666666666666 27.166666666666664 28.666666666666668 15.0 13.833333333333332
19.5 30.5 29.0 16.5 12.333333333333334
14.0 27.333333333333336 31.5 18.5 12.5
15.0 28.333333333333332 29.0 15.833333333333334 15.333333333333332
13.5 31.166666666666664 31.666666666666668 16.166666666666664 14.166666666666666
15.166666666666666 28.5 27.833333333333336 16.0 13.5
12.166666666666666 30.333333333333332 33.166666666666664 17.833333333333332 11.5
14.166666666666666 31.333333333333332 30.666666666666664 17.5 11.5
14.666666666666666 25.666666666666668 30.666666666666664 15.666666666666666 14.5
13.333333333333334 26.833333333333336 32.833333333333336 15.0 13.5
17.5 30.666666666666664 32.33333333333333 12.666666666666666 14.0
15.166666666666666 28.0 32.666666666666664 16.166666666666664 12.0
11.5 30.166666666666668 29.333333333333332 15.333333333333332 13.833333333333332
15.833333333333334 31.666666666666668 29.666666666666668 15.833333333333334 9.833333333333332
15.5 30.0 32.5 16.833333333333332 13.166666666666666
14.0 28.833333333333332 30.666666666666664 18.166666666666668 13.5
12.5 25.166666666666668 30.833333333333336 15.5 13.0
16.5 30.5 28.166666666666668 15.166666666666666 13.166666666666666
16.166666666666664 29.0 31.833333333333332 15.833333333333334 15.333333333333332
15.166666666666666 28.5 30.5 17.666666666666668 11.833333333333332
11.833333333333332 28.0 31.5 17.5 12.5
14.833333333333334 26.666666666666668 33.666666666666664 16.666666666666668 12.5
11.833333333333332 31.166666666666664 30.0 15.833333333333334 11.5
15.666666666666666 28.833333333333332 31.0 16.833333333333332 14.333333333333334
16.833333333333332 29.666666666666668 30.166666666666668 15.0 14.0
14.333333333333334 28.333333333333332 32.33333333333333 13.5 14.5
15.666666666666666 30.5 27.333333333333336 19.666666666666664 12.166666666666666
14.0 24.5 29.666666666666668 13.5 14.5
12.166666666666666 27.5 30.333333333333332 16.833333333333332 14.5
13.5 27.833333333333336 31.666666666666668 15.833333333333334 13.666666666666668
16.333333333333332 28.5 29.166666666666668 12.666666666666666 14.333333333333334
15.0 27.0 31.5 15.833333333333334 14.0
14.833333333333334 29.5 30.5 18.666666666666668 13.333333333333334
16.166666666666664 28.0 32.666666666666664 17.333333333333332 12.666666666666666
15.666666666666666 27.333333333333336 28.833333333333332 14.166666666666666 12.666666666666666
15.333333333333332 25.666666666666668 27.333333333333336 17.5 11.333333333333334
14.166666666666666 27.833333333333336 29.0 17.833333333333332 13.5
13.333333333333334 28.333333333333332 31.666666666666668 16.666666666666668 13.0
13.5 29.166666666666668 27.166666666666664 16.0 13.5
