10.821428571428573 19.964285714285715 16.892857142857142 10.346153846153847 9.142857142857144
9.535714285714286 18.214285714285715 16.82142857142857 9.230769230769232 9.357142857142858
10.5 20.178571428571427 15.892857142857142 9.615384615384617 9.178571428571429
10.642857142857142 18.714285714285715 16.678571428571427 10.615384615384615 10.392857142857142
10.285714285714285 18.67857142857143 13.821428571428571 10.115384615384615 9.964285714285714
9.607142857142858 19.642857142857142 16.892857142857142 9.461538461538462 10.321428571428571
11.071428571428571 18.571428571428573 17.142857142857142 9.230769230769232 8.25
9.178571428571429 17.964285714285715 17.892857142857146 9.961538461538462 10.071428571428571
10.0 16.678571428571427 15.928571428571427 10.461538461538462 10.321428571428571
8.821428571428573 20.785714285714285 16.75 10.692307692307692 9.678571428571429
10.071428571428571 19.678571428571427 15.071428571428571 10.5 10.071428571428571
10.178571428571429 18.964285714285715 15.107142857142858 10.384615384615385 8.535714285714285
9.714285714285714 17.07142857142857 17.357142857142854 11.0 9.714285714285714
10.071428571428571 19.75 14.535714285714285 8.923076923076923 8.535714285714285
9.071428571428571 17.821428571428573 16.178571428571427 9.346153846153847 9.535714285714286
10.035714285714285 18.28571428571429 15.714285714285715 12.076923076923077 9.142857142857144
9.714285714285714 19.5 16.46428571428571 9.692307692307693 9.285714285714286
10.535714285714285 18.821428571428573 18.392857142857142 9.423076923076923 8.071428571428571
10.321428571428571 18.107142857142858 16.892857142857142 8.807692307692308 10.678571428571427
10.071428571428571 18.785714285714285 16.57142857142857 10.538461538461538 8.892857142857144
9.928571428571429 19.0 14.964285714285715 9.73076923076923 8.75
10.785714285714286 17.78571428571429 15.678571428571427 9.307692307692308 9.571428571428571
10.035714285714285 19.928571428571427 16.642857142857142 10.692307692307692 9.964285714285714
10.142857142857142 19.25 17.32142857142857 10.346153846153847 9.464285714285715
9.964285714285714 20.178571428571427 16.392857142857142 10.038461538461538 9.714285714285714
9.857142857142858 19.642857142857142 15.928571428571427 11.115384615384615 10.857142857142858
9.392857142857142 19.107142857142858 16.107142857142858 11.26923076923077 9.464285714285715
9.535714285714286 18.892857142857142 16.785714285714285 10.307692307692308 8.928571428571429
11.071428571428571 19.0 16.035714285714285 9.653846153846153 8.857142857142858
9.607142857142858 18.642857142857142 15.0 9.923076923076923 10.178571428571429
10.5 18.571428571428573 16.57142857142857 9.423076923076923 8.714285714285714
10.678571428571427 19.25 15.035714285714286 10.0 10.392857142857142
10.5 19.071428571428573 15.714285714285715 10.5 8.857142857142858
10.392857142857142 19.321428571428573 16.71428571428571 10.346153846153847 9.678571428571429
10.571428571428571 20.535714285714285 16.5 10.961538461538462 9.571428571428571
10.321428571428571 21.0 17.607142857142858 8.884615384615385 9.071428571428571
11.214285714285715 20.857142857142858 15.964285714285715 10.884615384615385 10.25
9.321428571428571 18.42857142857143 17.892857142857146 11.73076923076923 9.321428571428571
9.392857142857142 18.321428571428573 17.035714285714285 10.038461538461538 10.214285714285714
11.071428571428571 18.28571428571429 16.035714285714285 10.615384615384615 10.285714285714285
10.892857142857144 17.964285714285715 16.785714285714285 9.423076923076923 9.035714285714286
10.428571428571429 17.21428571428571 16.0 10.153846153846153 8.714285714285714
8.678571428571427 19.107142857142858 16.32142857142857 10.346153846153847 9.214285714285715
9.035714285714286 18.92857142857143 16.357142857142858 9.692307692307693 9.892857142857142
9.821428571428571 17.92857142857143 15.285714285714286 10.461538461538462 10.142857142857142
9.607142857142858 18.25 14.928571428571429 9.423076923076923 10.214285714285714
11.0 18.214285714285715 16.32142857142857 9.576923076923077 9.285714285714286
11.178571428571429 18.92857142857143 15.678571428571427 9.5 8.607142857142856
10.071428571428571 17.285714285714285 16.57142857142857 12.576923076923078 9.5
10.5 19.607142857142858 16.75 10.384615384615385 9.464285714285715
9.607142857142858 17.428571428571427 16.142857142857142 10.192307692307692 9.821428571428571
10.285714285714285 20.32142857142857 16.178571428571427 10.692307692307692 9.035714285714286
10.25 20.46428571428571 17.07142857142857 9.615384615384617 10.214285714285714
10.392857142857142 18.67857142857143 16.96428571428571 10.307692307692308 8.571428571428571
9.857142857142858 19.464285714285715 15.142857142857144 10.884615384615385 9.25
10.178571428571429 18.107142857142858 15.321428571428571 10.615384615384615 8.0
10.535714285714285 17.92857142857143 16.178571428571427 10.153846153846153 9.071428571428571
10.535714285714285 19.607142857142858 15.785714285714285 10.153846153846153 9.035714285714286
9.107142857142858 19.285714285714285 15.785714285714285 10.538461538461538 9.25
10.071428571428571 19.607142857142858 15.964285714285715 10.653846153846155 9.321428571428571
9.964285714285714 19.428571428571427 15.785714285714285 9.230769230769232 10.25
9.0 18.571428571428573 15.107142857142858 8.884615384615385 10.214285714285714
10.25 20.178571428571427 16.607142857142858 10.192307692307692 8.785714285714285
10.357142857142856 19.25 17.5 9.76923076923077 9.642857142857142
9.428571428571429 17.714285714285715 15.75 10.769230769230768 9.178571428571429
8.928571428571429 18.785714285714285 16.25 9.576923076923077 8.892857142857144
11.392857142857142 18.28571428571429 15.928571428571427 10.538461538461538 9.571428571428571
10.535714285714285 19.107142857142858 16.142857142857142 9.615384615384617 8.357142857142856
9.285714285714286 20.32142857142857 17.035714285714285 10.538461538461538 9.142857142857144
9.392857142857142 17.428571428571427 17.642857142857146 10.26923076923077 10.428571428571429
8.964285714285715 18.321428571428573 15.857142857142858 9.0 9.75
10.214285714285714 19.678571428571427 16.678571428571427 9.384615384615385 8.785714285714285
9.035714285714286 17.142857142857142 15.607142857142858 9.576923076923077 10.75
11.214285714285715 18.75 15.642857142857142 10.576923076923077 9.178571428571429
9.464285714285715 20.392857142857142 16.857142857142858 9.846153846153847 9.321428571428571
10.285714285714285 19.464285714285715 15.607142857142858 10.653846153846155 8.821428571428573
9.571428571428571 19.071428571428573 16.46428571428571 9.692307692307693 9.964285714285714
9.571428571428571 18.75 17.857142857142858 9.961538461538462 9.464285714285715
9.892857142857142 20.07142857142857 17.714285714285715 9.73076923076923 9.321428571428571
10.535714285714285 18.607142857142858 15.964285714285715 10.461538461538462 9.571428571428571
10.928571428571429 19.071428571428573 16.107142857142858 10.115384615384615 8.678571428571427
9.178571428571429 18.28571428571429 14.857142857142858 9.307692307692308 9.357142857142858
9.285714285714286 18.0 16.607142857142858 10.461538461538462 8.5
9.357142857142858 20.82142857142857 17.428571428571427 9.73076923076923 8.821428571428573
9.964285714285714 18.42857142857143 15.678571428571427 9.653846153846153 8.892857142857144
10.0 19.928571428571427 15.571428571428571 9.26923076923077 9.142857142857144
9.892857142857142 17.75 15.178571428571429 9.230769230769232 10.428571428571429
9.071428571428571 18.964285714285715 17.25 9.5 8.285714285714285
10.571428571428571 19.17857142857143 15.142857142857144 11.038461538461538 9.892857142857142
9.821428571428571 17.92857142857143 15.285714285714286 11.076923076923077 10.857142857142858
8.642857142857142 20.535714285714285 16.71428571428571 11.346153846153847 11.071428571428571
9.928571428571429 18.892857142857142 16.07142857142857 10.576923076923077 9.071428571428571
10.285714285714285 20.535714285714285 16.5 10.692307692307692 10.25
9.392857142857142 18.392857142857142 16.892857142857142 10.769230769230768 8.357142857142856
9.571428571428571 18.821428571428573 15.571428571428571 9.423076923076923 9.357142857142858
9.857142857142858 17.857142857142858 16.0 9.961538461538462 8.25
10.642857142857142 20.07142857142857 15.642857142857142 10.192307692307692 8.642857142857142
9.857142857142858 19.464285714285715 16.0 9.807692307692307 7.9642857142857135
10.142857142857142 18.571428571428573 16.107142857142858 10.615384615384615 9.0
10.642857142857142 17.821428571428573 15.5 10.423076923076923 9.428571428571429
9.464285714285715 18.464285714285715 17.57142857142857 10.346153846153847 8.678571428571427
10.642857142857142 9.714285714285714 10.285714285714285 10.884615384615385 10.785714285714286
10.321428571428571 10.678571428571427 10.428571428571429 10.346153846153847 10.25
10.607142857142856 11.214285714285715 11.0 10.461538461538462 8.5
10.107142857142858 10.535714285714285 10.392857142857142 10.23076923076923 10.392857142857142
9.714285714285714 19.214285714285715 17.035714285714285 10.615384615384615 10.107142857142858
10.642857142857142 10.75 10.428571428571429 9.576923076923077 10.25
10.642857142857142 10.607142857142856 11.214285714285715 10.461538461538462 10.678571428571427
9.857142857142858 10.714285714285714 9.607142857142858 10.153846153846153 11.107142857142858
10.607142857142856 10.75 9.964285714285714 10.115384615384615 10.285714285714285
9.178571428571429 16.428571428571427 18.571428571428573 10.26923076923077 9.821428571428571
10.392857142857142 10.392857142857142 9.392857142857142 11.23076923076923 10.035714285714285
10.142857142857142 10.571428571428571 9.357142857142858 10.961538461538462 10.321428571428571
10.642857142857142 10.214285714285714 10.75 10.384615384615385 10.821428571428573
11.535714285714286 9.75 9.892857142857142 9.115384615384615 10.678571428571427
10.035714285714285 19.0 15.642857142857142 9.923076923076923 8.928571428571429
10.964285714285715 10.678571428571427 10.607142857142856 10.538461538461538 10.142857142857142
9.5 10.857142857142858 10.321428571428571 10.769230769230768 9.785714285714286
10.285714285714285 10.857142857142858 10.035714285714285 10.576923076923077 11.0
11.428571428571429 10.0 9.928571428571429 10.038461538461538 10.678571428571427
9.142857142857144 16.07142857142857 17.25 10.038461538461538 10.035714285714285
9.821428571428571 9.964285714285714 11.0 9.576923076923077 9.892857142857142
11.25 10.75 9.785714285714286 10.0 10.25
9.214285714285715 10.857142857142858 9.964285714285714 10.038461538461538 10.321428571428571
9.071428571428571 9.357142857142858 10.142857142857142 9.923076923076923 10.357142857142856
9.285714285714286 10.178571428571429 10.642857142857142 10.423076923076923 9.678571428571429
9.892857142857142 10.071428571428571 9.964285714285714 9.615384615384617 9.857142857142858
9.642857142857142 10.678571428571427 9.928571428571429 10.038461538461538 10.964285714285715
9.857142857142858 10.535714285714285 9.964285714285714 10.653846153846155 11.571428571428571
10.535714285714285 9.964285714285714 9.178571428571429 11.038461538461538 10.571428571428571
10.5 9.678571428571429 10.464285714285714 9.653846153846153 11.214285714285715
11.392857142857142 16.107142857142858 18.142857142857142 11.192307692307692 8.535714285714285
10.035714285714285 16.214285714285715 17.035714285714285 9.653846153846153 9.178571428571429
9.25 15.0 17.714285714285715 10.807692307692308 9.642857142857142
10.035714285714285 16.71428571428571 18.53571428571429 10.076923076923077 9.821428571428571
10.035714285714285 16.178571428571427 18.571428571428573 10.23076923076923 8.964285714285715
10.035714285714285 16.678571428571427 18.821428571428573 9.846153846153847 8.928571428571429
9.928571428571429 17.07142857142857 17.21428571428571 10.346153846153847 10.071428571428571
9.142857142857144 17.21428571428571 18.25 10.307692307692308 10.642857142857142
10.464285714285714 16.07142857142857 17.285714285714285 10.076923076923077 8.571428571428571
9.214285714285715 15.964285714285715 18.714285714285715 10.730769230769232 9.571428571428571
9.678571428571429 16.107142857142858 19.535714285714285 10.0 10.035714285714285
10.75 15.857142857142858 17.67857142857143 9.923076923076923 9.5
10.714285714285714 16.892857142857142 17.821428571428573 8.923076923076923 10.5
10.285714285714285 17.714285714285715 17.46428571428571 9.192307692307692 9.392857142857142
9.285714285714286 15.642857142857142 18.321428571428573 10.076923076923077 9.071428571428571
10.607142857142856 15.571428571428571 18.28571428571429 10.846153846153845 10.0
10.714285714285714 16.71428571428571 19.357142857142858 9.692307692307693 7.785714285714286
10.428571428571429 17.25 20.142857142857142 10.307692307692308 10.0
9.75 16.82142857142857 16.142857142857142 10.692307692307692 9.285714285714286
9.357142857142858 17.0 18.321428571428573 9.0 10.607142857142856
10.5 15.25 18.5 10.153846153846153 9.392857142857142
10.142857142857142 17.178571428571427 20.214285714285715 11.0 9.25
10.464285714285714 19.285714285714285 17.21428571428571 10.192307692307692 9.178571428571429
11.107142857142858 15.857142857142858 19.678571428571427 9.73076923076923 8.321428571428571
9.892857142857142 17.32142857142857 18.321428571428573 10.307692307692308 11.0
10.928571428571429 15.464285714285715 17.107142857142854 10.346153846153847 8.678571428571427
9.464285714285715 16.357142857142858 19.464285714285715 9.76923076923077 9.071428571428571
10.071428571428571 16.142857142857142 18.28571428571429 10.961538461538462 9.321428571428571
9.785714285714286 17.428571428571427 17.75 10.26923076923077 9.0
10.214285714285714 18.142857142857142 17.25 10.038461538461538 9.035714285714286
10.0 17.142857142857142 18.321428571428573 11.615384615384617 9.285714285714286
9.75 16.535714285714285 17.392857142857142 9.923076923076923 9.321428571428571
8.892857142857144 16.25 18.03571428571429 9.846153846153847 8.25
9.142857142857144 16.142857142857142 17.67857142857143 9.73076923076923 9.071428571428571
9.428571428571429 17.642857142857146 19.285714285714285 10.115384615384615 9.428571428571429
10.428571428571429 17.357142857142854 17.428571428571427 11.73076923076923 9.5
9.785714285714286 17.78571428571429 17.78571428571429 9.884615384615383 8.892857142857144
9.035714285714286 15.535714285714286 18.321428571428573 9.653846153846153 9.75
9.857142857142858 16.678571428571427 18.464285714285715 10.038461538461538 9.75
9.321428571428571 17.285714285714285 19.392857142857142 8.923076923076923 9.5
10.75 17.035714285714285 19.428571428571427 9.538461538461538 9.892857142857142
10.607142857142856 16.71428571428571 19.357142857142858 10.692307692307692 9.892857142857142
11.392857142857142 17.107142857142854 18.607142857142858 10.423076923076923 9.464285714285715
10.821428571428573 16.142857142857142 18.92857142857143 11.423076923076923 9.642857142857142
10.214285714285714 17.035714285714285 18.42857142857143 10.423076923076923 9.285714285714286
10.642857142857142 17.0 20.178571428571427 10.461538461538462 9.75
11.571428571428571 17.392857142857142 17.0 10.384615384615385 9.857142857142858
10.642857142857142 16.892857142857142 18.53571428571429 11.153846153846153 9.714285714285714
10.428571428571429 17.142857142857142 18.214285714285715 9.923076923076923 8.928571428571429
10.571428571428571 17.357142857142854 20.07142857142857 10.26923076923077 9.535714285714286
11.428571428571429 15.964285714285715 19.107142857142858 10.192307692307692 9.392857142857142
10.142857142857142 18.464285714285715 18.071428571428573 11.076923076923077 9.535714285714286
9.071428571428571 16.607142857142858 18.214285714285715 10.384615384615385 10.821428571428573
9.25 16.535714285714285 17.964285714285715 11.0 9.5
9.714285714285714 16.82142857142857 18.92857142857143 10.538461538461538 8.821428571428573
9.142857142857144 17.92857142857143 20.142857142857142 10.346153846153847 9.714285714285714
10.642857142857142 18.42857142857143 18.785714285714285 11.538461538461538 9.785714285714286
10.714285714285714 16.428571428571427 18.107142857142858 11.961538461538462 8.642857142857142
10.178571428571429 16.392857142857142 18.964285714285715 11.538461538461538 9.642857142857142
9.535714285714286 18.071428571428573 17.035714285714285 9.192307692307692 9.964285714285714
10.821428571428573 16.892857142857142 19.464285714285715 9.346153846153847 9.214285714285715
9.678571428571429 17.21428571428571 17.964285714285715 10.538461538461538 9.607142857142858
10.357142857142856 16.607142857142858 19.607142857142858 11.538461538461538 9.714285714285714
10.464285714285714 17.892857142857146 18.214285714285715 11.23076923076923 9.607142857142858
11.285714285714286 17.46428571428571 19.392857142857142 10.0 9.857142857142858
9.678571428571429 16.928571428571427 18.892857142857142 10.23076923076923 9.642857142857142
10.321428571428571 17.428571428571427 20.857142857142858 11.73076923076923 9.892857142857142
9.5 17.964285714285715 18.357142857142858 9.538461538461538 9.678571428571429
9.857142857142858 17.607142857142858 19.17857142857143 11.384615384615385 9.642857142857142
10.928571428571429 17.035714285714285 18.75 11.26923076923077 9.821428571428571
9.5 18.0 17.92857142857143 10.307692307692308 10.071428571428571
11.0 16.678571428571427 18.0 10.884615384615385 9.285714285714286
9.857142857142858 16.0 17.857142857142858 10.23076923076923 9.428571428571429
9.607142857142858 18.464285714285715 16.82142857142857 11.5 9.357142857142858
10.178571428571429 17.035714285714285 18.75 10.115384615384615 9.214285714285715
11.75 16.107142857142858 19.82142857142857 11.307692307692308 9.857142857142858
10.714285714285714 18.642857142857142 17.607142857142858 9.230769230769232 9.321428571428571
10.357142857142856 17.21428571428571 19.0 10.576923076923077 10.821428571428573
9.285714285714286 16.32142857142857 18.892857142857142 12.384615384615385 8.785714285714285
10.428571428571429 16.46428571428571 19.892857142857142 10.615384615384615 8.607142857142856
9.035714285714286 16.46428571428571 18.53571428571429 11.192307692307692 8.607142857142856
9.821428571428571 18.357142857142858 19.464285714285715 10.576923076923077 9.821428571428571
9.642857142857142 18.5 17.178571428571427 10.884615384615385 8.821428571428573
9.607142857142858 17.92857142857143 17.964285714285715 11.038461538461538 9.428571428571429
10.714285714285714 17.607142857142858 19.428571428571427 10.384615384615385 9.821428571428571
11.321428571428571 17.75 18.714285714285715 9.692307692307693 9.785714285714286
10.571428571428571 16.75 18.42857142857143 12.384615384615385 9.142857142857144
9.785714285714286 17.07142857142857 19.214285714285715 10.307692307692308 9.428571428571429
10.678571428571427 17.75 18.357142857142858 10.076923076923077 9.25
9.321428571428571 17.67857142857143 17.32142857142857 10.461538461538462 9.428571428571429
10.392857142857142 17.142857142857142 19.607142857142858 9.230769230769232 9.25
9.178571428571429 17.21428571428571 20.57142857142857 10.192307692307692 8.892857142857144
10.785714285714286 16.535714285714285 18.42857142857143 12.192307692307692 9.428571428571429
9.892857142857142 17.607142857142858 17.78571428571429 11.076923076923077 9.214285714285715
9.642857142857142 18.25 18.25 11.307692307692308 9.285714285714286
9.321428571428571 15.714285714285715 19.678571428571427 10.192307692307692 10.285714285714285
11.392857142857142 15.357142857142858 20.142857142857142 10.692307692307692 9.214285714285715
10.071428571428571 16.928571428571427 17.357142857142854 9.807692307692307 9.214285714285715
9.571428571428571 17.75 16.57142857142857 10.538461538461538 9.214285714285715
