73.0 70.5 71.53333333333333 70.23076923076924 71.92307692307692
71.58333333333333 70.14285714285714 71.66666666666667 71.46153846153847 72.53846153846153
72.33333333333333 69.07142857142857 71.46666666666667 70.07692307692308 72.15384615384615
72.83333333333333 68.85714285714285 71.0 71.0 71.38461538461539
73.41666666666667 69.64285714285714 71.6 71.0 73.23076923076923
73.66666666666667 71.64285714285715 72.0 71.0 73.07692307692308
72.75 70.64285714285715 72.06666666666666 70.3076923076923 71.23076923076924
70.33333333333333 68.14285714285714 71.13333333333334 69.92307692307692 71.53846153846153
72.91666666666667 70.71428571428572 72.33333333333333 71.46153846153847 72.38461538461539
72.75 70.78571428571429 71.8 71.23076923076924 72.15384615384615
74.16666666666667 71.92857142857143 72.73333333333333 71.0 72.07692307692308
71.83333333333333 70.92857142857143 72.6 71.07692307692308 72.6923076923077
73.0 69.35714285714285 71.46666666666667 69.76923076923076 71.76923076923076
73.0 71.71428571428572 72.13333333333333 71.76923076923076 72.61538461538461
74.33333333333333 72.35714285714286 73.86666666666666 72.0 73.76923076923077
72.16666666666667 71.07142857142858 71.6 71.07692307692308 73.15384615384615
71.83333333333333 70.21428571428571 71.53333333333333 71.53846153846153 72.38461538461539
72.58333333333333 69.21428571428571 71.46666666666667 70.92307692307692 71.53846153846153
75.16666666666667 71.28571428571429 72.6 71.0 72.76923076923077
75.25 71.57142857142858 72.8 72.92307692307692 73.76923076923077
70.83333333333333 68.71428571428571 69.6 69.38461538461537 70.92307692307692
72.41666666666667 70.35714285714286 73.4 72.61538461538461 72.76923076923077
72.5 71.0 72.06666666666666 71.3076923076923 71.6923076923077
74.75 72.78571428571429 72.53333333333333 72.38461538461539 74.0
72.75 71.28571428571429 72.53333333333333 73.3076923076923 73.6923076923077
71.66666666666667 68.92857142857142 71.0 70.0 71.38461538461539
72.08333333333333 71.64285714285715 72.06666666666666 71.07692307692308 72.53846153846153
73.0 71.14285714285715 72.33333333333333 71.6923076923077 73.07692307692308
73.0 70.64285714285715 72.26666666666668 72.15384615384615 72.07692307692308
72.08333333333333 70.64285714285715 71.53333333333333 70.92307692307692 72.07692307692308
73.41666666666667 71.57142857142858 71.73333333333333 71.3076923076923 72.92307692307692
73.16666666666667 70.92857142857143 72.86666666666666 72.76923076923077 73.23076923076923
73.91666666666667 71.85714285714286 71.8 70.6923076923077 72.76923076923077
73.83333333333333 71.5 72.33333333333333 71.46153846153847 72.76923076923077
72.58333333333333 71.14285714285715 73.2 72.23076923076924 73.76923076923077
72.25 71.0 69.93333333333334 69.92307692307692 73.23076923076923
71.91666666666667 70.35714285714286 72.26666666666668 72.15384615384615 73.6923076923077
72.75 72.92857142857143 73.2 71.07692307692308 72.92307692307692
73.58333333333333 71.78571428571429 73.73333333333333 72.38461538461539 73.84615384615385
73.41666666666667 71.57142857142858 72.2 71.15384615384615 72.84615384615385
73.25 72.14285714285715 73.53333333333335 72.6923076923077 73.6923076923077
71.08333333333333 70.0 71.6 71.3076923076923 72.6923076923077
71.66666666666667 69.57142857142857 71.2 70.6923076923077 72.15384615384615
72.41666666666667 70.07142857142857 72.66666666666667 70.61538461538463 72.76923076923077
71.5 68.78571428571428 71.26666666666667 71.23076923076924 72.15384615384615
73.41666666666667 70.71428571428572 72.53333333333333 70.92307692307692 73.38461538461539
71.25 69.14285714285714 70.73333333333333 70.38461538461537 71.61538461538461
71.41666666666667 69.57142857142857 71.6 70.07692307692308 72.23076923076924
73.16666666666667 70.71428571428572 72.33333333333333 71.6923076923077 71.53846153846153
74.58333333333333 71.64285714285715 73.0 72.0 74.0
72.0 70.57142857142858 71.93333333333334 70.3076923076923 72.23076923076924
72.5 71.07142857142858 72.8 71.61538461538461 73.07692307692308
74.33333333333333 71.71428571428572 73.80000000000001 72.15384615384615 74.38461538461539
72.58333333333333 70.85714285714286 71.93333333333334 71.23076923076924 72.84615384615385
69.83333333333333 68.71428571428571 70.13333333333334 68.84615384615385 70.0
73.08333333333333 71.07142857142858 71.8 69.84615384615385 70.84615384615385
73.25 72.0 72.0 72.46153846153847 72.92307692307692
72.83333333333333 70.78571428571429 73.13333333333333 70.84615384615385 73.15384615384615
71.41666666666667 69.42857142857142 70.0 69.38461538461537 70.92307692307692
73.25 71.35714285714286 72.06666666666666 69.84615384615385 72.07692307692308
72.58333333333333 69.71428571428571 72.13333333333333 70.38461538461537 71.84615384615385
72.41666666666667 71.0 73.0 72.0 72.23076923076924
74.16666666666667 72.0 72.26666666666668 71.0 72.46153846153847
72.75 71.35714285714286 72.73333333333333 71.84615384615385 72.84615384615385
73.0 69.78571428571428 72.4 70.46153846153847 72.46153846153847
73.33333333333333 70.28571428571428 71.8 72.07692307692308 72.46153846153847
73.66666666666667 71.21428571428572 71.8 73.07692307692308 73.0
73.83333333333333 70.5 71.86666666666666 72.3076923076923 72.6923076923077
73.25 70.42857142857143 71.53333333333333 71.38461538461539 72.92307692307692
72.91666666666667 70.78571428571429 71.53333333333333 70.92307692307692 72.61538461538461
73.41666666666667 70.0 71.26666666666667 70.07692307692308 71.76923076923076
72.75 71.14285714285715 71.06666666666666 70.23076923076924 72.23076923076924
73.33333333333333 71.14285714285715 73.2 71.46153846153847 73.23076923076923
72.75 69.35714285714285 72.46666666666667 71.38461538461539 72.38461538461539
74.08333333333333 70.0 72.4 72.23076923076924 74.38461538461539
72.16666666666667 70.28571428571428 72.0 72.38461538461539 73.07692307692308
70.83333333333333 68.42857142857142 71.8 70.61538461538463 71.84615384615385
73.0 71.57142857142858 72.46666666666667 71.23076923076924 73.07692307692308
73.91666666666667 71.5 72.8 71.84615384615385 72.53846153846153
74.5 71.71428571428572 73.66666666666667 72.92307692307692 74.0
72.16666666666667 70.64285714285715 72.4 71.46153846153847 72.84615384615385
72.41666666666667 69.28571428571428 72.13333333333333 70.84615384615385 72.3076923076923
71.91666666666667 68.71428571428571 70.33333333333333 70.3076923076923 70.92307692307692
73.75 71.57142857142858 71.46666666666667 71.38461538461539 72.15384615384615
73.75 70.57142857142858 72.6 72.53846153846153 73.0
72.08333333333333 68.42857142857142 70.66666666666667 70.84615384615385 72.07692307692308
73.0 69.57142857142857 72.26666666666668 71.6923076923077 72.3076923076923
75.33333333333333 69.21428571428571 73.46666666666667 72.76923076923077 72.53846153846153
74.08333333333333 70.5 71.93333333333334 73.61538461538461 73.46153846153847
72.33333333333333 68.92857142857142 71.06666666666666 69.92307692307692 72.38461538461539
73.66666666666667 70.28571428571428 71.6 70.23076923076924 72.15384615384615
72.0 69.14285714285714 71.53333333333333 71.07692307692308 71.6923076923077
74.25 70.07142857142857 72.86666666666666 71.38461538461539 72.53846153846153
71.83333333333333 70.35714285714286 71.2 71.07692307692308 72.23076923076924
73.0 70.71428571428572 72.2 70.61538461538463 71.92307692307692
73.5 69.78571428571428 71.93333333333334 71.07692307692308 72.3076923076923
72.41666666666667 69.28571428571428 71.2 70.53846153846153 72.38461538461539
71.75 68.64285714285714 70.93333333333334 70.84615384615385 72.76923076923077
72.5 69.14285714285714 70.93333333333334 71.0 73.07692307692308
72.75 68.85714285714285 72.4 70.38461538461537 72.46153846153847
74.16666666666667 70.57142857142858 72.26666666666668 71.15384615384615 73.53846153846153
66.5 66.14285714285714 65.46666666666667 64.92307692307692 64.6923076923077
67.25 66.85714285714285 66.66666666666667 66.07692307692308 65.92307692307692
65.91666666666667 66.42857142857143 66.60000000000001 66.46153846153847 66.23076923076923
66.41666666666667 66.71428571428571 66.53333333333333 67.07692307692308 66.46153846153847
72.16666666666667 69.07142857142857 72.46666666666667 72.46153846153847 73.53846153846153
66.41666666666667 65.85714285714285 66.13333333333334 66.53846153846153 65.84615384615384
65.08333333333334 65.0 65.46666666666667 66.15384615384616 65.53846153846153
64.58333333333334 65.92857142857143 65.46666666666667 64.92307692307692 65.38461538461539
65.91666666666667 65.5 66.93333333333334 66.53846153846153 67.23076923076923
71.25 70.14285714285714 71.0 71.46153846153847 73.15384615384615
66.5 67.57142857142857 66.66666666666667 66.0 66.15384615384616
66.91666666666667 67.57142857142857 66.8 67.15384615384615 66.38461538461539
67.41666666666667 67.42857142857143 67.86666666666667 67.61538461538461 67.76923076923077
65.83333333333333 66.92857142857143 67.4 65.84615384615384 66.3076923076923
71.5 69.0 71.66666666666667 71.53846153846153 70.92307692307692
66.0 66.35714285714285 66.46666666666665 66.07692307692308 66.46153846153847
66.58333333333333 65.28571428571428 65.46666666666667 66.38461538461539 64.92307692307692
64.75 65.07142857142857 65.13333333333334 64.23076923076923 66.53846153846153
66.33333333333333 66.07142857142857 66.66666666666667 65.61538461538461 65.84615384615384
71.75 70.64285714285715 69.86666666666666 71.07692307692308 73.3076923076923
65.58333333333333 65.14285714285714 65.26666666666667 65.07692307692308 65.61538461538461
66.66666666666667 67.0 66.66666666666667 66.84615384615385 66.76923076923077
66.41666666666667 66.71428571428571 66.53333333333333 66.6923076923077 66.6923076923077
66.08333333333333 65.78571428571428 66.8 67.61538461538461 65.61538461538461
65.08333333333334 64.71428571428571 66.0 65.84615384615384 64.84615384615384
66.75 65.78571428571428 66.13333333333334 67.07692307692308 66.61538461538461
65.75 66.71428571428571 65.86666666666667 65.15384615384616 67.07692307692308
66.0 67.0 66.06666666666666 67.3076923076923 66.53846153846153
65.5 65.64285714285714 65.86666666666667 65.53846153846153 65.6923076923077
65.66666666666667 66.07142857142857 66.13333333333334 66.23076923076923 65.0
73.66666666666667 70.28571428571428 70.13333333333334 72.0 72.6923076923077
72.08333333333333 70.5 71.93333333333334 71.53846153846153 72.07692307692308
72.16666666666667 70.78571428571429 70.8 71.61538461538461 73.0
72.41666666666667 69.71428571428571 71.2 72.61538461538461 73.23076923076923
70.5 68.71428571428571 69.93333333333334 70.3076923076923 71.84615384615385
72.41666666666667 70.35714285714286 70.53333333333333 73.0 73.61538461538461
73.25 70.57142857142858 73.06666666666666 73.38461538461539 74.15384615384616
73.5 71.0 71.33333333333333 72.3076923076923 73.53846153846153
74.33333333333333 70.64285714285715 71.26666666666667 73.0 74.84615384615384
71.83333333333333 70.07142857142857 70.2 71.92307692307692 73.53846153846153
72.41666666666667 70.42857142857143 69.06666666666666 71.76923076923076 73.53846153846153
72.83333333333333 70.71428571428572 69.2 72.07692307692308 73.07692307692308
72.16666666666667 70.85714285714286 69.46666666666667 72.53846153846153 72.53846153846153
73.25 70.78571428571429 70.4 72.6923076923077 73.23076923076923
72.75 70.85714285714286 69.53333333333333 71.84615384615385 73.84615384615385
74.41666666666667 70.64285714285715 70.6 74.15384615384616 75.23076923076923
74.58333333333333 71.42857142857143 70.6 73.15384615384615 73.61538461538461
72.83333333333333 70.14285714285714 68.66666666666667 70.76923076923076 72.6923076923077
73.25 69.64285714285714 71.26666666666667 73.3076923076923 73.92307692307692
72.25 69.28571428571428 67.73333333333333 72.3076923076923 72.6923076923077
74.33333333333333 71.35714285714286 68.2 72.23076923076924 73.07692307692308
72.58333333333333 68.64285714285714 67.0 71.76923076923076 74.23076923076923
72.66666666666667 69.71428571428571 66.53333333333333 72.46153846153847 73.53846153846153
72.33333333333333 69.42857142857142 66.53333333333333 72.23076923076924 74.3076923076923
72.41666666666667 67.85714285714285 65.46666666666667 70.3076923076923 72.61538461538461
71.33333333333333 67.71428571428571 63.666666666666664 71.0 72.3076923076923
71.91666666666667 67.21428571428571 65.0 71.15384615384615 73.38461538461539
71.66666666666667 69.0 64.13333333333334 71.6923076923077 72.92307692307692
72.91666666666667 69.21428571428571 63.2 71.84615384615385 73.15384615384615
73.33333333333333 69.35714285714285 63.733333333333334 72.6923076923077 74.38461538461539
72.41666666666667 67.5 62.0 71.76923076923076 72.6923076923077
73.91666666666667 68.07142857142857 62.13333333333333 73.76923076923077 73.53846153846153
72.41666666666667 67.42857142857143 62.06666666666666 73.53846153846153 74.92307692307692
73.41666666666667 67.71428571428571 59.333333333333336 73.6923076923077 74.23076923076923
72.83333333333333 67.14285714285714 56.86666666666667 73.0 74.07692307692308
74.25 67.78571428571428 57.6 72.76923076923077 74.46153846153847
73.75 66.92857142857143 54.66666666666667 73.84615384615385 76.53846153846155
74.41666666666667 66.78571428571428 54.06666666666666 72.15384615384615 74.6923076923077
72.91666666666667 65.28571428571428 52.400000000000006 72.07692307692308 74.3076923076923
74.66666666666667 66.5 52.733333333333334 72.38461538461539 74.84615384615384
73.08333333333333 64.5 50.0 71.76923076923076 74.61538461538461
73.75 66.5 52.2 73.23076923076923 75.15384615384616
73.83333333333333 64.57142857142857 50.333333333333336 73.3076923076923 75.61538461538461
73.25 63.14285714285714 47.0 72.0 74.07692307692308
73.5 66.0 49.13333333333333 72.92307692307692 75.0
73.66666666666667 63.42857142857143 45.93333333333333 72.92307692307692 75.0
75.16666666666667 64.57142857142857 45.333333333333336 74.23076923076923 75.76923076923077
74.91666666666667 63.35714285714286 41.333333333333336 74.53846153846153 76.0
73.91666666666667 62.07142857142857 39.86666666666667 73.0 75.3076923076923
73.08333333333333 60.92857142857143 37.666666666666664 72.15384615384615 74.23076923076923
73.16666666666667 60.785714285714285 37.93333333333333 74.38461538461539 75.84615384615384
72.83333333333333 60.0 34.06666666666667 71.84615384615385 75.6923076923077
75.25 61.785714285714285 33.333333333333336 72.76923076923077 77.15384615384616
73.66666666666667 59.714285714285715 29.333333333333332 74.38461538461539 75.23076923076923
76.08333333333334 60.35714285714286 29.333333333333332 76.61538461538461 77.69230769230768
75.33333333333333 59.142857142857146 26.200000000000003 73.76923076923077 77.15384615384616
74.75 57.5 23.066666666666666 74.07692307692308 77.53846153846155
75.08333333333333 57.214285714285715 21.333333333333332 74.07692307692308 76.6923076923077
76.5 57.214285714285715 19.599999999999998 74.53846153846153 78.61538461538461
74.5 56.64285714285714 18.8 75.15384615384616 78.0
74.83333333333333 54.57142857142857 14.733333333333333 74.15384615384616 77.61538461538461
75.66666666666666 55.42857142857143 14.733333333333333 75.38461538461539 78.23076923076923
76.16666666666666 54.07142857142857 12.666666666666666 73.84615384615385 77.69230769230768
76.58333333333334 53.142857142857146 12.066666666666666 75.46153846153845 79.07692307692307
75.41666666666667 51.5 10.933333333333334 75.0 78.30769230769232
76.08333333333334 50.21428571428571 8.866666666666667 74.23076923076923 77.84615384615384
77.08333333333334 49.42857142857142 7.4 74.38461538461539 78.84615384615384
75.83333333333334 49.71428571428571 7.133333333333334 74.23076923076923 80.0
75.5 49.5 7.0 73.76923076923077 78.61538461538461
76.33333333333334 48.285714285714285 6.733333333333333 74.61538461538461 79.38461538461539
77.66666666666666 48.785714285714285 5.933333333333333 75.15384615384616 80.07692307692308
77.83333333333334 47.785714285714285 4.866666666666667 76.15384615384616 81.46153846153847
77.75 45.5 3.7333333333333334 73.0 78.46153846153845
77.58333333333334 45.285714285714285 2.9333333333333336 74.6923076923077 80.23076923076923
78.0 46.857142857142854 3.4 75.07692307692308 81.0
77.16666666666666 44.285714285714285 2.4 75.3076923076923 80.23076923076923
78.5 44.785714285714285 2.8666666666666667 75.76923076923077 80.23076923076923
77.0 43.142857142857146 2.7333333333333334 76.0 80.76923076923077
76.66666666666666 43.57142857142858 2.7333333333333334 74.53846153846153 79.61538461538461
76.91666666666666 43.28571428571429 2.2666666666666666 75.15384615384616 80.6923076923077
79.83333333333334 44.35714285714286 2.2666666666666666 75.23076923076923 81.61538461538461
77.58333333333334 43.214285714285715 2.6666666666666665 75.0 80.6923076923077
78.25 43.714285714285715 2.3333333333333335 74.6923076923077 80.61538461538461
78.33333333333334 43.642857142857146 2.6666666666666665 75.92307692307692 82.6923076923077
77.91666666666666 44.07142857142858 2.8 75.3076923076923 79.92307692307693
78.16666666666666 43.78571428571429 2.4666666666666663 74.15384615384616 80.6923076923077
79.16666666666666 43.42857142857143 2.2666666666666666 76.38461538461539 82.6923076923077
77.33333333333334 42.357142857142854 2.6 73.53846153846153 80.53846153846155
76.75 41.07142857142857 2.6 73.84615384615385 80.0
79.08333333333334 42.5 2.7333333333333334 75.6923076923077 81.92307692307692
77.25 42.285714285714285 1.7333333333333332 72.84615384615385 79.38461538461539
78.0 43.714285714285715 1.8666666666666667 75.0 81.76923076923077
78.08333333333334 43.28571428571429 2.2 74.46153846153847 81.0
77.41666666666666 41.285714285714285 1.8 73.61538461538461 81.07692307692308
78.33333333333334 41.07142857142857 1.4666666666666668 74.38461538461539 81.3076923076923
77.91666666666666 41.714285714285715 1.8 74.46153846153847 81.07692307692308
78.66666666666666 42.14285714285714 2.1333333333333333 76.46153846153845 81.76923076923077
78.75 43.5 1.7333333333333332 74.92307692307692 82.15384615384616
76.83333333333334 42.71428571428571 1.9333333333333333 74.53846153846153 80.15384615384616
