32935.000 -0.400 -0.400 0.185
32936.000 -0.400 -0.331 0.019
32937.000 -0.400 -0.262 0.287
32938.000 -0.400 -0.192 0.223
32939.000 -0.400 -0.123 0.297
32940.000 -0.400 -0.054 0.332
32941.000 -0.400 0.015 0.272
32942.000 -0.400 0.085 0.383
32943.000 -0.400 0.154 0.444
32944.000 -0.400 0.223 0.118
32945.000 -0.400 0.292 0.465
32946.000 -0.400 0.362 0.265
32947.000 -0.400 0.431 0.123
32948.000 -0.331 -0.400 0.498
32949.000 -0.331 -0.331 0.292
32950.000 -0.331 -0.262 0.341
32951.000 -0.331 -0.192 0.314
32952.000 -0.331 -0.123 0.497
32953.000 -0.331 -0.054 0.402
32954.000 -0.331 0.015 0.160
32955.000 -0.331 0.085 0.075
32956.000 -0.331 0.154 0.224
32957.000 -0.331 0.223 0.073
32958.000 -0.331 0.292 0.225
32959.000 -0.331 0.362 0.357
32960.000 -0.331 0.431 0.471
32961.000 -0.262 -0.400 0.284
32962.000 -0.262 -0.331 0.287
32963.000 -0.262 -0.262 0.294
32964.000 -0.262 -0.192 0.475
32965.000 -0.262 -0.123 0.238
32966.000 -0.262 -0.054 0.298
32967.000 -0.262 0.015 0.263
32968.000 -0.262 0.085 0.403
32969.000 -0.262 0.154 0.478
32970.000 -0.262 0.223 0.230
32971.000 -0.262 0.292 0.427
32972.000 -0.262 0.362 0.319
32973.000 -0.262 0.431 0.333
32974.000 -0.192 -0.400 0.072
32975.000 -0.192 -0.331 0.216
32976.000 -0.192 -0.262 0.342
32977.000 -0.192 -0.192 0.039
32978.000 -0.192 -0.123 0.233
32979.000 -0.192 -0.054 0.289
32980.000 -0.192 0.015 0.046
32981.000 -0.192 0.085 0.120
32982.000 -0.192 0.154 0.373
32983.000 -0.192 0.223 0.344
32984.000 -0.192 0.292 0.420
32985.000 -0.192 0.362 0.394
32986.000 -0.192 0.431 0.347
32987.000 -0.123 -0.400 0.322
32988.000 -0.123 -0.331 0.122
32989.000 -0.123 -0.262 0.304
32990.000 -0.123 -0.192 0.374
32991.000 -0.123 -0.123 0.107
32992.000 -0.123 -0.054 0.193
32993.000 -0.123 0.015 0.059
32994.000 -0.123 0.085 0.231
32995.000 -0.123 0.154 0.385
32996.000 -0.123 0.223 0.462
32997.000 -0.123 0.292 0.283
32998.000 -0.123 0.362 0.175
32999.000 -0.123 0.431 0.416
33000.000 -0.054 -0.400 0.322
33001.000 -0.054 -0.331 0.090
33002.000 -0.054 -0.262 0.437
33003.000 -0.054 -0.192 0.262
33004.000 -0.054 -0.123 0.174
33005.000 -0.054 -0.054 0.013
33006.000 -0.054 0.015 0.468
33007.000 -0.054 0.085 0.257
33008.000 -0.054 0.154 0.174
33009.000 -0.054 0.223 0.338
33010.000 -0.054 0.292 0.455
33011.000 -0.054 0.362 0.145
33012.000 -0.054 0.431 0.285
33013.000 0.015 -0.400 0.359
33014.000 0.015 -0.331 0.452
33015.000 0.015 -0.262 0.292
33016.000 0.015 -0.192 0.426
33017.000 0.015 -0.123 0.188
33018.000 0.015 -0.054 0.250
33019.000 0.015 0.015 0.270
33020.000 0.015 0.085 0.268
33021.000 0.015 0.154 0.416
33022.000 0.015 0.223 0.484
33023.000 0.015 0.292 0.024
33024.000 0.015 0.362 0.462
33025.000 0.015 0.431 0.005
33026.000 0.085 -0.400 0.374
33027.000 0.085 -0.331 0.176
33028.000 0.085 -0.262 0.061
33029.000 0.085 -0.192 0.349
33030.000 0.085 -0.123 0.233
33031.000 0.085 -0.054 0.267
33032.000 0.085 0.015 0.211
33033.000 0.085 0.085 0.272
33034.000 0.085 0.154 0.166
33035.000 0.085 0.223 0.238
33036.000 0.085 0.292 0.007
33037.000 0.085 0.362 0.401
33038.000 0.085 0.431 0.100
33039.000 0.154 -0.400 0.335
33040.000 0.154 -0.331 0.027
33041.000 0.154 -0.262 0.433
33042.000 0.154 -0.192 0.484
33043.000 0.154 -0.123 0.472
33044.000 0.154 -0.054 0.271
33045.000 0.154 0.015 0.159
33046.000 0.154 0.085 0.359
33047.000 0.154 0.154 0.204
33048.000 0.154 0.223 0.167
33049.000 0.154 0.292 0.087
33050.000 0.154 0.362 0.441
33051.000 0.154 0.431 0.398
33052.000 0.223 -0.400 0.490
33053.000 0.223 -0.331 0.172
33054.000 0.223 -0.262 0.219
33055.000 0.223 -0.192 0.275
33056.000 0.223 -0.123 0.038
33057.000 0.223 -0.054 0.132
33058.000 0.223 0.015 0.026
33059.000 0.223 0.085 0.026
33060.000 0.223 0.154 0.399
33061.000 0.223 0.223 0.461
33062.000 0.223 0.292 0.335
33063.000 0.223 0.362 0.079
33064.000 0.223 0.431 0.196
33065.000 0.292 -0.400 0.405
33066.000 0.292 -0.331 0.098
33067.000 0.292 -0.262 0.288
33068.000 0.292 -0.192 0.065
33069.000 0.292 -0.123 0.172
33070.000 0.292 -0.054 0.026
33071.000 0.292 0.015 0.180
33072.000 0.292 0.085 0.083
33073.000 0.292 0.154 0.018
33074.000 0.292 0.223 0.019
33075.000 0.292 0.292 0.004
33076.000 0.292 0.362 0.486
33077.000 0.292 0.431 0.419
33078.000 0.362 -0.400 0.205
33079.000 0.362 -0.331 0.035
33080.000 0.362 -0.262 0.468
33081.000 0.362 -0.192 0.079
33082.000 0.362 -0.123 0.039
33083.000 0.362 -0.054 0.476
33084.000 0.362 0.015 0.486
33085.000 0.362 0.085 0.303
33086.000 0.362 0.154 0.248
33087.000 0.362 0.223 0.266
33088.000 0.362 0.292 0.027
33089.000 0.362 0.431 0.447
33090.000 0.431 -0.400 0.049
33091.000 0.431 -0.331 0.377
33092.000 0.431 -0.262 0.185
33093.000 0.431 -0.192 0.234
33094.000 0.431 -0.123 0.219
33095.000 0.431 -0.054 0.369
33096.000 0.431 0.015 0.365
33097.000 0.431 0.085 0.109
33098.000 0.431 0.154 0.051
33099.000 0.431 0.223 0.192
33100.000 0.431 0.292 0.180
33101.000 0.431 0.362 0.496
33102.000 0.431 0.431 0.252
