0.0 0.16513157894736843 0.07113821138211382 0.0 0.0
0.0006443298969072165 0.15 0.08197831978319782 0.0007374631268436578 0.0
0.0019329896907216496 0.15657894736842107 0.05894308943089431 0.0 0.0007142857142857143
0.001288659793814433 0.14342105263157895 0.06978319783197831 0.0022123893805309734 0.0
0.0006443298969072165 0.17763157894736845 0.06639566395663957 0.0007374631268436578 0.0
0.0 0.15592105263157893 0.07046070460704608 0.0 0.0
0.0019329896907216496 0.1736842105263158 0.0494579945799458 0.0007374631268436578 0.0
0.001288659793814433 0.17039473684210527 0.07723577235772358 0.0022123893805309734 0.0
0.002577319587628866 0.17105263157894737 0.06571815718157181 0.0 0.0
0.001288659793814433 0.16052631578947368 0.05623306233062331 0.0 0.0
0.0019329896907216496 0.14276315789473684 0.05420054200542006 0.0 0.0
0.0006443298969072165 0.16644736842105262 0.05758807588075881 0.0 0.0
0.0006443298969072165 0.17828947368421053 0.07046070460704608 0.0007374631268436578 0.0007142857142857143
0.0006443298969072165 0.16513157894736843 0.07113821138211382 0.0007374631268436578 0.0007142857142857143
0.0006443298969072165 0.1842105263157895 0.06368563685636856 0.0 0.0
0.001288659793814433 0.1861842105263158 0.06707317073170732 0.0 0.0
0.0 0.16578947368421051 0.07926829268292683 0.0007374631268436578 0.0
0.0019329896907216496 0.19342105263157894 0.08062330623306234 0.0 0.0
0.0 0.15526315789473683 0.07859078590785908 0.0 0.0
0.0006443298969072165 0.16907894736842105 0.07791327913279132 0.0 0.0
0.0006443298969072165 0.1842105263157895 0.06639566395663957 0.0022123893805309734 0.0
0.0006443298969072165 0.18947368421052632 0.05826558265582656 0.0007374631268436578 0.0
0.0 0.1644736842105263 0.0494579945799458 0.0007374631268436578 0.0
0.0006443298969072165 0.17894736842105263 0.07249322493224933 0.0007374631268436578 0.0
0.0006443298969072165 0.16842105263157894 0.07384823848238482 0.0 0.0
0.001288659793814433 0.20131578947368423 0.07452574525745258 0.0 0.0
0.0 0.17105263157894737 0.08468834688346884 0.0007374631268436578 0.0
0.0006443298969072165 0.17171052631578948 0.06029810298102981 0.0007374631268436578 0.0
0.0006443298969072165 0.1585526315789474 0.05962059620596206 0.0007374631268436578 0.0
0.0006443298969072165 0.20592105263157895 0.09010840108401083 0.0007374631268436578 0.0
0.0006443298969072165 0.19868421052631577 0.07791327913279132 0.0014749262536873156 0.0
0.0019329896907216496 0.1842105263157895 0.05962059620596206 0.0007374631268436578 0.0
0.001288659793814433 0.1993421052631579 0.06504065040650406 0.0007374631268436578 0.0
0.002577319587628866 0.17828947368421053 0.08536585365853658 0.0 0.0
0.0 0.18092105263157895 0.06029810298102981 0.0022123893805309734 0.0
0.0006443298969072165 0.2138157894736842 0.09010840108401083 0.0 0.0
0.0 0.19078947368421054 0.07994579945799457 0.0007374631268436578 0.0
0.0006443298969072165 0.17105263157894737 0.07249322493224933 0.0022123893805309734 0.0014285714285714286
0.0 0.18881578947368421 0.07994579945799457 0.0 0.0
0.0 0.2131578947368421 0.08536585365853658 0.0 0.0
0.001288659793814433 0.21644736842105264 0.07926829268292683 0.0 0.0
0.0 0.1875 0.06910569105691057 0.0007374631268436578 0.0
0.001288659793814433 0.23684210526315788 0.08197831978319782 0.0007374631268436578 0.0
0.0006443298969072165 0.24013157894736842 0.07859078590785908 0.0 0.0
0.0006443298969072165 0.28618421052631576 0.09349593495934959 0.0 0.0
0.0 0.26776315789473687 0.07723577235772358 0.0007374631268436578 0.0
0.0006443298969072165 0.23684210526315788 0.10094850948509486 0.0 0.0
0.0019329896907216496 0.2631578947368421 0.09688346883468835 0.0 0.0
0.001288659793814433 0.2467105263157895 0.06233062330623307 0.0007374631268436578 0.0
0.0006443298969072165 0.2822368421052632 0.09146341463414634 0.0 0.0
0.0019329896907216496 0.24144736842105263 0.06233062330623307 0.0007374631268436578 0.0
0.002577319587628866 0.28355263157894733 0.07926829268292683 0.0 0.0
0.0019329896907216496 0.3092105263157895 0.07791327913279132 0.0 0.0
0.0 0.31644736842105264 0.10975609756097561 0.0007374631268436578 0.0
0.0032216494845360827 0.25592105263157894 0.08604336043360433 0.0 0.0
0.0006443298969072165 0.3046052631578947 0.08401084010840108 0.0 0.0
0.001288659793814433 0.2881578947368421 0.08875338753387534 0.0014749262536873156 0.0
0.0006443298969072165 0.2934210526315789 0.07655826558265583 0.0 0.0
0.0006443298969072165 0.2967105263157894 0.10975609756097561 0.0007374631268436578 0.0
0.0 0.3230263157894737 0.11991869918699187 0.0007374631268436578 0.0
0.0006443298969072165 0.30526315789473685 0.07926829268292683 0.0 0.0
0.0019329896907216496 0.34210526315789475 0.09823848238482384 0.0 0.0
0.0006443298969072165 0.29210526315789476 0.10027100271002709 0.0007374631268436578 0.0
0.0006443298969072165 0.3177631578947368 0.10094850948509486 0.0007374631268436578 0.0
0.001288659793814433 0.3638157894736842 0.08468834688346884 0.0007374631268436578 0.0
0.0006443298969072165 0.34013157894736845 0.12533875338753386 0.0 0.0
0.0006443298969072165 0.35131578947368425 0.12059620596205962 0.0022123893805309734 0.0
0.0 0.36776315789473685 0.10907859078590786 0.0022123893805309734 0.0
0.0 0.39473684210526316 0.10907859078590786 0.0007374631268436578 0.0
0.001288659793814433 0.41907894736842105 0.11720867208672087 0.0 0.0
0.0006443298969072165 0.4052631578947368 0.09146341463414634 0.0 0.0
0.0006443298969072165 0.41710526315789476 0.13008130081300812 0.0 0.0
0.0 0.3993421052631579 0.12804878048780488 0.0 0.0
0.002577319587628866 0.45592105263157895 0.11788617886178862 0.0007374631268436578 0.0
0.0006443298969072165 0.4618421052631579 0.11585365853658536 0.0 0.0
0.0006443298969072165 0.4263157894736842 0.13550135501355012 0.0007374631268436578 0.0
0.0 0.47828947368421054 0.12466124661246614 0.0 0.0
0.0019329896907216496 0.4421052631578948 0.11991869918699187 0.0 0.0007142857142857143
0.001288659793814433 0.43157894736842106 0.11111111111111112 0.0014749262536873156 0.0
0.0 0.4697368421052632 0.12262872628726287 0.0014749262536873156 0.0007142857142857143
0.001288659793814433 0.4901315789473684 0.12533875338753386 0.0 0.0
0.0006443298969072165 0.5098684210526315 0.13956639566395662 0.0 0.0
0.0019329896907216496 0.5184210526315789 0.1443089430894309 0.0014749262536873156 0.0
0.0 0.5618421052631579 0.1443089430894309 0.0 0.0
0.0019329896907216496 0.5256578947368421 0.13279132791327913 0.0014749262536873156 0.0
0.0006443298969072165 0.5861842105263158 0.1443089430894309 0.0007374631268436578 0.0
0.0006443298969072165 0.5888157894736843 0.13821138211382114 0.0007374631268436578 0.0
0.0 0.5986842105263158 0.15040650406504064 0.0 0.0
0.001288659793814433 0.6493421052631579 0.14159891598915988 0.0 0.0
0.0006443298969072165 0.6355263157894736 0.14905149051490515 0.0007374631268436578 0.0
0.001288659793814433 0.6506578947368421 0.1565040650406504 0.0 0.0
0.0 0.6519736842105263 0.15311653116531165 0.0007374631268436578 0.0
0.0019329896907216496 0.6703947368421053 0.16869918699186992 0.0 0.0
0.0006443298969072165 0.6381578947368421 0.16260162601626016 0.0 0.0
0.0019329896907216496 0.6625 0.15514905149051492 0.0007374631268436578 0.0
0.0 0.7144736842105264 0.17073170731707316 0.0007374631268436578 0.0
0.0019329896907216496 0.7697368421052632 0.16666666666666666 0.0014749262536873156 0.0
0.0019329896907216496 0.7789473684210526 0.1741192411924119 0.0014749262536873156 0.0
0.0 0.7769736842105263 0.19444444444444442 0.0014749262536873156 0.0
0.0006443298969072165 0.7842105263157895 0.17682926829268292 0.0 0.0
0.001288659793814433 0.8065789473684211 0.1815718157181572 0.0 0.0
0.0 0.03355263157894737 0.0027100271002710027 0.0 0.0
0.0 0.039473684210526314 0.004065040650406504 0.0 0.0
0.0 0.05197368421052632 0.0006775067750677507 0.0 0.0
0.0 0.04407894736842105 0.002032520325203252 0.0 0.0
0.0 0.8427631578947369 0.18631436314363142 0.0014749262536873156 0.0
0.0 0.04671052631578947 0.0033875338753387536 0.0 0.0
0.0 0.0375 0.0047425474254742545 0.0 0.0
0.0 0.0375 0.002032520325203252 0.0 0.0
0.0 0.0375 0.0033875338753387536 0.0 0.0
0.0 0.5888157894736843 0.27574525745257455 0.0 0.0
0.0 0.04013157894736842 0.0027100271002710027 0.0 0.0014285714285714286
0.0 0.04144736842105263 0.0013550135501355014 0.0 0.0007142857142857143
0.0 0.038815789473684206 0.0027100271002710027 0.0 0.0
0.0 0.042105263157894736 0.0027100271002710027 0.0 0.0
0.001288659793814433 0.7848684210526315 0.18902439024390244 0.0014749262536873156 0.0
0.0 0.0375 0.0027100271002710027 0.0 0.0
0.0 0.03618421052631579 0.002032520325203252 0.0 0.0
0.0 0.03684210526315789 0.0033875338753387536 0.0 0.0
0.0 0.03618421052631579 0.004065040650406504 0.0 0.0007142857142857143
0.0 0.594078947368421 0.30284552845528456 0.0014749262536873156 0.0007142857142857143
0.0 0.030263157894736843 0.0013550135501355014 0.0 0.0
0.0 0.038815789473684206 0.0 0.0 0.0
0.0 0.03223684210526316 0.0027100271002710027 0.0 0.0
0.0 0.04407894736842105 0.002032520325203252 0.0 0.0
0.0 0.039473684210526314 0.002032520325203252 0.0 0.0
0.0 0.0375 0.0033875338753387536 0.0 0.0
0.0 0.035526315789473684 0.0006775067750677507 0.0 0.0
0.0 0.03684210526315789 0.0033875338753387536 0.0 0.0
0.0 0.026315789473684213 0.0013550135501355014 0.0 0.0
0.0 0.03355263157894737 0.002032520325203252 0.0 0.0
0.0006443298969072165 0.6335526315789474 0.3170731707317073 0.0029498525073746312 0.0007142857142857143
0.0006443298969072165 0.6092105263157894 0.2960704607046071 0.0007374631268436578 0.0007142857142857143
0.0 0.5815789473684211 0.31842818428184283 0.0029498525073746312 0.0
0.0 0.5638157894736842 0.2886178861788618 0.0007374631268436578 0.0
0.0 0.5723684210526315 0.260840108401084 0.0022123893805309734 0.0
0.0 0.5710526315789474 0.32588075880758804 0.0007374631268436578 0.0
0.0 0.6342105263157896 0.30149051490514905 0.0007374631268436578 0.0
0.0006443298969072165 0.6124999999999999 0.3231707317073171 0.0036873156342182895 0.0014285714285714286
0.0 0.6335526315789474 0.33062330623306235 0.0007374631268436578 0.0
0.0 0.6026315789473684 0.30758807588075876 0.0014749262536873156 0.0
0.0 0.5921052631578948 0.33604336043360433 0.0007374631268436578 0.0
0.001288659793814433 0.6223684210526316 0.3130081300813008 0.0007374631268436578 0.0
0.0 0.5980263157894736 0.32046070460704607 0.0014749262536873156 0.0
0.0 0.5828947368421052 0.3421409214092141 0.0 0.0
0.0006443298969072165 0.5835526315789473 0.31775067750677505 0.0029498525073746312 0.0
0.001288659793814433 0.5875 0.3434959349593496 0.0007374631268436578 0.0
0.0 0.5861842105263158 0.3611111111111111 0.0014749262536873156 0.0
0.0006443298969072165 0.5842105263157895 0.3895663956639567 0.0022123893805309734 0.0007142857142857143
0.0 0.5776315789473685 0.3882113821138211 0.0014749262536873156 0.0
0.002577319587628866 0.5677631578947369 0.4071815718157181 0.0014749262536873156 0.0
0.0 0.5651315789473684 0.4356368563685637 0.0007374631268436578 0.0
0.0006443298969072165 0.6421052631578947 0.47764227642276424 0.0014749262536873156 0.0
0.0 0.6006578947368422 0.481029810298103 0.0036873156342182895 0.0
0.0006443298969072165 0.5625 0.4817073170731707 0.0014749262536873156 0.0
0.0006443298969072165 0.6092105263157894 0.46815718157181574 0.0022123893805309734 0.0
0.001288659793814433 0.5973684210526315 0.5338753387533874 0.0036873156342182895 0.0
0.0 0.5927631578947369 0.5806233062330622 0.0014749262536873156 0.0007142857142857143
0.0 0.5447368421052631 0.5264227642276422 0.0007374631268436578 0.0
0.0 0.5802631578947368 0.5941734417344173 0.0014749262536873156 0.0007142857142857143
0.0 0.6230263157894738 0.5880758807588076 0.0 0.0007142857142857143
0.0 0.5736842105263158 0.638888888888889 0.0007374631268436578 0.0
0.0006443298969072165 0.5453947368421053 0.6449864498644987 0.0029498525073746312 0.0
0.0 0.5730263157894737 0.6720867208672087 0.0029498525073746312 0.0
0.0 0.6039473684210527 0.7235772357723577 0.0029498525073746312 0.0
0.001288659793814433 0.6138157894736842 0.8170731707317073 0.0007374631268436578 0.0
0.0 0.5888157894736843 0.8333333333333334 0.0014749262536873156 0.0
0.0 0.5697368421052632 0.943089430894309 0.0022123893805309734 0.0007142857142857143
0.0 0.5815789473684211 0.9505420054200543 0.0007374631268436578 0.0
0.0 0.5921052631578948 1.0128726287262872 0.0029498525073746312 0.0
0.0006443298969072165 0.5776315789473685 1.0006775067750677 0.0 0.0
0.0006443298969072165 0.6157894736842106 1.0941734417344173 0.0014749262536873156 0.0
0.0 0.5743421052631579 1.084688346883469 0.0029498525073746312 0.0
0.0006443298969072165 0.5828947368421052 1.1226287262872627 0.0014749262536873156 0.0
0.0 0.6085526315789473 1.173441734417344 0.0007374631268436578 0.0
0.0006443298969072165 0.5868421052631578 1.1233062330623307 0.0014749262536873156 0.0
0.0006443298969072165 0.5960526315789474 1.2716802168021681 0.0007374631268436578 0.0
0.0019329896907216496 0.6210526315789473 1.2838753387533877 0.0036873156342182895 0.0
0.0006443298969072165 0.6131578947368421 1.415989159891599 0.0022123893805309734 0.0
0.0 0.6065789473684211 1.448509485094851 0.0007374631268436578 0.0
0.0 0.5782894736842105 1.5237127371273713 0.0014749262536873156 0.0
0.0 0.6335526315789474 1.5542005420054201 0.0 0.0
0.0 0.611842105263158 1.6151761517615177 0.0007374631268436578 0.0
0.0006443298969072165 0.6046052631578948 1.7357723577235773 0.0007374631268436578 0.0
0.0006443298969072165 0.6322368421052631 1.8407859078590787 0.0 0.0
0.0 0.6578947368421052 1.9491869918699187 0.0014749262536873156 0.0
0.0006443298969072165 0.5901315789473683 2.0067750677506777 0.0 0.0
0.0006443298969072165 0.6526315789473685 2.119918699186992 0.0007374631268436578 0.0
0.001288659793814433 0.675 2.1910569105691056 0.0 0.0
0.0 0.6618421052631579 2.2642276422764227 0.0022123893805309734 0.0
0.0 0.65 2.3658536585365852 0.0022123893805309734 0.0
0.0006443298969072165 0.6546052631578947 2.533875338753387 0.0022123893805309734 0.0
0.0 0.6546052631578947 2.55420054200542 0.0007374631268436578 0.0
0.0006443298969072165 0.7013157894736842 2.6991869918699187 0.0022123893805309734 0.0
0.0006443298969072165 0.7348684210526316 2.7642276422764227 0.0014749262536873156 0.0
0.001288659793814433 0.7493421052631578 2.931571815718157 0.0014749262536873156 0.0
0.0 0.6848684210526316 3.11449864498645 0.0022123893805309734 0.0
0.0 0.7572368421052631 3.182249322493225 0.0007374631268436578 0.0
0.0 0.7335526315789473 3.190379403794038 0.0 0.0
0.0 0.7210526315789474 3.268292682926829 0.0007374631268436578 0.0
0.0006443298969072165 0.75 3.3658536585365852 0.0007374631268436578 0.0
0.0006443298969072165 0.7782894736842105 3.549457994579946 0.0022123893805309734 0.0
0.001288659793814433 0.7769736842105263 3.7398373983739837 0.0007374631268436578 0.0
0.0 0.7822368421052632 3.926829268292683 0.0 0.0
0.0006443298969072165 0.8197368421052632 4.076558265582656 0.0 0.0
0.0 0.8164473684210527 4.1063685636856375 0.0 0.0
0.0006443298969072165 0.8802631578947369 4.400406504065041 0.0022123893805309734 0.0
0.0 0.8605263157894737 4.476964769647696 0.0007374631268436578 0.0
0.0 0.8328947368421052 4.457994579945799 0.0 0.0
0.0006443298969072165 0.8848684210526316 4.476964769647696 0.0007374631268436578 0.0
0.0 0.8421052631578948 4.485772357723577 0.0014749262536873156 0.0
0.0 0.8690789473684211 4.467479674796748 0.0007374631268436578 0.0
0.0 0.905921052631579 4.544037940379404 0.0 0.0
0.0 0.8526315789473684 4.46409214092141 0.0022123893805309734 0.0
0.0006443298969072165 0.8888157894736842 4.553523035230352 0.0 0.0
0.0 0.8506578947368422 4.439024390243902 0.0014749262536873156 0.0
0.0 0.861842105263158 4.458672086720867 0.0 0.0
0.0 0.8901315789473684 4.637533875338753 0.0029498525073746312 0.0007142857142857143
0.0006443298969072165 0.8723684210526316 4.553523035230352 0.0014749262536873156 0.0
0.0 0.9269736842105263 4.649051490514905 0.0036873156342182895 0.0
0.0 0.9131578947368421 4.564363143631437 0.0 0.0
0.0 0.9085526315789473 4.77710027100271 0.0 0.0
0.0 0.9131578947368421 4.743224932249323 0.0007374631268436578 0.0
0.0006443298969072165 0.918421052631579 4.7513550135501355 0.0007374631268436578 0.0
0.0006443298969072165 0.8644736842105263 4.767615176151762 0.0007374631268436578 0.0
0.0 0.9171052631578948 4.8197831978319785 0.0 0.0
0.0 0.8901315789473684 4.8001355013550135 0.0007374631268436578 0.0
0.0019329896907216496 0.9427631578947369 4.773712737127371 0.0 0.0
0.0006443298969072165 0.8960526315789474 4.754065040650406 0.0 0.0
0.0006443298969072165 0.8894736842105263 4.713414634146341 0.0 0.0
