0.0 0.1644736842105263 0.07046070460704608 0.0 0.0
0.001288659793814433 0.15789473684210525 0.08401084010840108 0.0014749262536873156 0.0
0.002577319587628866 0.14342105263157895 0.05962059620596206 0.0 0.0014285714285714286
0.001288659793814433 0.14078947368421052 0.07588075880758807 0.0029498525073746312 0.0
0.0 0.1631578947368421 0.06639566395663957 0.0 0.0
0.0 0.1355263157894737 0.06910569105691057 0.0 0.0
0.001288659793814433 0.15394736842105264 0.03929539295392954 0.0 0.0
0.001288659793814433 0.15921052631578947 0.07317073170731707 0.0014749262536873156 0.0
0.002577319587628866 0.15789473684210525 0.06504065040650406 0.0 0.0
0.002577319587628866 0.15 0.05555555555555556 0.0 0.0
0.002577319587628866 0.1105263157894737 0.04878048780487805 0.0 0.0
0.001288659793814433 0.14605263157894738 0.050135501355013545 0.0 0.0
0.001288659793814433 0.16578947368421051 0.06097560975609756 0.0 0.0
0.001288659793814433 0.14736842105263157 0.07181571815718156 0.0014749262536873156 0.0
0.001288659793814433 0.15 0.05555555555555556 0.0 0.0
0.001288659793814433 0.16710526315789476 0.05420054200542006 0.0 0.0
0.0 0.14868421052631578 0.08130081300813008 0.0 0.0
0.002577319587628866 0.17894736842105263 0.07723577235772358 0.0 0.0
0.0 0.12236842105263157 0.08536585365853658 0.0 0.0
0.001288659793814433 0.14078947368421052 0.06910569105691057 0.0 0.0
0.0 0.15789473684210525 0.07181571815718156 0.0 0.0
0.0 0.1644736842105263 0.05420054200542006 0.0 0.0
0.0 0.15526315789473683 0.04336043360433604 0.0 0.0
0.001288659793814433 0.14605263157894738 0.07046070460704608 0.0014749262536873156 0.0
0.001288659793814433 0.14210526315789473 0.056910569105691054 0.0 0.0
0.002577319587628866 0.16578947368421051 0.06639566395663957 0.0 0.0
0.0 0.15 0.07317073170731707 0.0 0.0
0.0 0.1236842105263158 0.05284552845528455 0.0 0.0
0.0 0.11447368421052631 0.04742547425474255 0.0014749262536873156 0.0
0.0 0.15394736842105264 0.08401084010840108 0.0 0.0
0.001288659793814433 0.15789473684210525 0.07452574525745258 0.0014749262536873156 0.0
0.001288659793814433 0.13421052631578947 0.06097560975609756 0.0 0.0
0.001288659793814433 0.15263157894736842 0.05284552845528455 0.0 0.0
0.002577319587628866 0.11578947368421053 0.05555555555555556 0.0 0.0
0.0 0.13026315789473686 0.044715447154471545 0.0014749262536873156 0.0
0.001288659793814433 0.125 0.08130081300813008 0.0 0.0
0.0 0.13026315789473686 0.06775067750677506 0.0 0.0
0.0 0.10526315789473685 0.050135501355013545 0.0014749262536873156 0.0014285714285714286
0.0 0.11710526315789474 0.06910569105691057 0.0 0.0
0.0 0.12631578947368421 0.07994579945799457 0.0 0.0
0.0 0.13289473684210526 0.05826558265582656 0.0 0.0
0.0 0.11710526315789474 0.05284552845528455 0.0 0.0
0.002577319587628866 0.15394736842105264 0.05555555555555556 0.0014749262536873156 0.0
0.0 0.15263157894736842 0.06504065040650406 0.0 0.0
0.0 0.18289473684210528 0.06910569105691057 0.0 0.0
0.0 0.16842105263157894 0.06504065040650406 0.0 0.0
0.001288659793814433 0.13289473684210526 0.07859078590785908 0.0 0.0
0.002577319587628866 0.14736842105263157 0.05826558265582656 0.0 0.0
0.001288659793814433 0.14078947368421052 0.05555555555555556 0.0 0.0
0.0 0.1368421052631579 0.07859078590785908 0.0 0.0
0.0 0.1118421052631579 0.050135501355013545 0.0014749262536873156 0.0
0.003865979381443299 0.15789473684210525 0.04065040650406504 0.0 0.0
0.001288659793814433 0.1723684210526316 0.05420054200542006 0.0 0.0
0.0 0.15263157894736842 0.07317073170731707 0.0 0.0
0.002577319587628866 0.1105263157894737 0.050135501355013545 0.0 0.0
0.0 0.14473684210526316 0.06910569105691057 0.0 0.0
0.0 0.11710526315789474 0.06910569105691057 0.0 0.0
0.0 0.1276315789473684 0.04065040650406504 0.0 0.0
0.001288659793814433 0.1131578947368421 0.08265582655826559 0.0 0.0
0.0 0.1236842105263158 0.07588075880758807 0.0 0.0
0.001288659793814433 0.12105263157894737 0.05420054200542006 0.0 0.0
0.001288659793814433 0.13947368421052633 0.056910569105691054 0.0 0.0
0.0 0.11973684210526316 0.06097560975609756 0.0014749262536873156 0.0
0.001288659793814433 0.1 0.07588075880758807 0.0014749262536873156 0.0
0.001288659793814433 0.14210526315789473 0.04878048780487805 0.0 0.0
0.0 0.14078947368421052 0.07588075880758807 0.0 0.0
0.0 0.10921052631578948 0.07452574525745258 0.0 0.0
0.0 0.12631578947368421 0.06097560975609756 0.0014749262536873156 0.0
0.0 0.12105263157894737 0.05420054200542006 0.0014749262536873156 0.0
0.0 0.1381578947368421 0.06910569105691057 0.0 0.0
0.0 0.1276315789473684 0.04336043360433604 0.0 0.0
0.0 0.09868421052631579 0.06910569105691057 0.0 0.0
0.0 0.13026315789473686 0.050135501355013545 0.0 0.0
0.005154639175257732 0.1368421052631579 0.05420054200542006 0.0014749262536873156 0.0
0.001288659793814433 0.14473684210526316 0.04607046070460704 0.0 0.0
0.001288659793814433 0.1118421052631579 0.07588075880758807 0.0014749262536873156 0.0
0.0 0.14210526315789473 0.04742547425474255 0.0 0.0
0.0 0.1131578947368421 0.050135501355013545 0.0 0.0014285714285714286
0.001288659793814433 0.10657894736842105 0.044715447154471545 0.0029498525073746312 0.0
0.0 0.11447368421052631 0.04878048780487805 0.0014749262536873156 0.0014285714285714286
0.0 0.1355263157894737 0.044715447154471545 0.0 0.0
0.0 0.14605263157894738 0.06504065040650406 0.0 0.0
0.002577319587628866 0.12894736842105264 0.07588075880758807 0.0014749262536873156 0.0
0.0 0.1381578947368421 0.06504065040650406 0.0 0.0
0.0 0.11578947368421053 0.06775067750677506 0.0014749262536873156 0.0
0.001288659793814433 0.15263157894736842 0.05826558265582656 0.0 0.0
0.0 0.1131578947368421 0.050135501355013545 0.0014749262536873156 0.0
0.0 0.1381578947368421 0.05826558265582656 0.0 0.0
0.001288659793814433 0.11710526315789474 0.051490514905149054 0.0 0.0
0.001288659793814433 0.12236842105263157 0.05420054200542006 0.0 0.0
0.002577319587628866 0.13026315789473686 0.06233062330623307 0.0 0.0
0.0 0.0868421052631579 0.06233062330623307 0.0 0.0
0.001288659793814433 0.11578947368421053 0.05420054200542006 0.0 0.0
0.001288659793814433 0.07894736842105263 0.05826558265582656 0.0 0.0
0.001288659793814433 0.10263157894736842 0.06097560975609756 0.0014749262536873156 0.0
0.0 0.11447368421052631 0.05962059620596206 0.0 0.0
0.001288659793814433 0.1381578947368421 0.050135501355013545 0.0014749262536873156 0.0
0.001288659793814433 0.12631578947368421 0.06233062330623307 0.0014749262536873156 0.0
0.0 0.1105263157894737 0.06097560975609756 0.0014749262536873156 0.0
0.0 0.1105263157894737 0.050135501355013545 0.0 0.0
0.001288659793814433 0.10263157894736842 0.050135501355013545 0.0 0.0
0.0 0.0013157894736842105 0.0 0.0 0.0
0.0 0.0 0.0 0.0 0.0
0.0 0.0 0.0 0.0 0.0
0.0 0.0013157894736842105 0.0 0.0 0.0
0.0 0.1105263157894737 0.05555555555555556 0.0014749262536873156 0.0
0.0 0.0 0.0013550135501355014 0.0 0.0
0.0 0.0 0.0 0.0 0.0
0.0 0.0 0.0 0.0 0.0
0.0 0.0013157894736842105 0.0 0.0 0.0
0.0 0.042105263157894736 0.11246612466124661 0.0 0.0
0.0 0.0 0.0 0.0 0.002857142857142857
0.0 0.0 0.0 0.0 0.0014285714285714286
0.0 0.0 0.0 0.0 0.0
0.0 0.0 0.0 0.0 0.0
0.002577319587628866 0.09078947368421052 0.06233062330623307 0.0014749262536873156 0.0
0.0 0.0 0.0 0.0 0.0
0.0 0.0 0.0 0.0 0.0
0.0 0.0 0.0 0.0 0.0
0.0 0.0 0.0 0.0 0.0014285714285714286
0.0 0.04868421052631579 0.13550135501355012 0.0 0.0014285714285714286
0.0 0.0 0.0013550135501355014 0.0 0.0
0.0 0.0 0.0 0.0 0.0
0.0 0.0 0.0 0.0 0.0
0.0 0.0 0.0 0.0 0.0
0.0 0.0 0.0 0.0 0.0
0.0 0.0 0.0 0.0 0.0
0.0 0.0 0.0 0.0 0.0
0.0 0.0 0.0 0.0 0.0
0.0 0.0 0.0 0.0 0.0
0.0 0.0 0.0 0.0 0.0
0.0 0.08289473684210526 0.14227642276422764 0.0014749262536873156 0.0014285714285714286
0.0 0.03684210526315789 0.14227642276422764 0.0 0.0
0.0 0.04342105263157895 0.17073170731707316 0.004424778761061947 0.0
0.0 0.03289473684210526 0.14634146341463414 0.0 0.0
0.0 0.035526315789473684 0.14092140921409216 0.0 0.0
0.0 0.06578947368421052 0.17615176151761516 0.0 0.0
0.0 0.060526315789473685 0.16802168021680217 0.0014749262536873156 0.0
0.001288659793814433 0.05394736842105263 0.16260162601626016 0.0 0.002857142857142857
0.0 0.05526315789473685 0.18834688346883469 0.0 0.0
0.0 0.06710526315789474 0.2046070460704607 0.0 0.0
0.0 0.04868421052631579 0.23170731707317072 0.0 0.0
0.001288659793814433 0.07763157894736841 0.2127371273712737 0.0014749262536873156 0.0
0.0 0.075 0.23848238482384823 0.0 0.0
0.0 0.04078947368421053 0.2764227642276423 0.0 0.0
0.0 0.07105263157894737 0.24119241192411925 0.0014749262536873156 0.0
0.002577319587628866 0.0618421052631579 0.26287262872628725 0.0 0.0
0.0 0.06842105263157895 0.3211382113821138 0.0014749262536873156 0.0
0.0 0.06315789473684211 0.34417344173441733 0.0029498525073746312 0.0
0.0 0.05921052631578947 0.36178861788617883 0.0 0.0
0.002577319587628866 0.06973684210526317 0.42140921409214094 0.0 0.0
0.0 0.08026315789473684 0.45663956639566394 0.0 0.0
0.001288659793814433 0.10921052631578948 0.513550135501355 0.0 0.0
0.0 0.07631578947368421 0.537940379403794 0.0058997050147492625 0.0
0.0 0.075 0.5487804878048781 0.0029498525073746312 0.0
0.001288659793814433 0.07894736842105263 0.5338753387533874 0.0029498525073746312 0.0
0.002577319587628866 0.0881578947368421 0.6558265582655826 0.0 0.0
0.0 0.09210526315789475 0.7317073170731707 0.0029498525073746312 0.0014285714285714286
0.0 0.08947368421052632 0.6761517615176151 0.0014749262536873156 0.0
0.0 0.0881578947368421 0.8048780487804877 0.0014749262536873156 0.0
0.0 0.11578947368421053 0.8075880758807589 0.0 0.0014285714285714286
0.0 0.09210526315789475 0.9132791327913279 0.0 0.0
0.0 0.1105263157894737 0.9092140921409214 0.0 0.0
0.0 0.09473684210526316 0.975609756097561 0.0029498525073746312 0.0
0.0 0.13947368421052633 1.0745257452574526 0.0029498525073746312 0.0
0.001288659793814433 0.1368421052631579 1.2398373983739837 0.0 0.0
0.0 0.13947368421052633 1.3224932249322494 0.0029498525073746312 0.0
0.0 0.13947368421052633 1.5433604336043358 0.0029498525073746312 0.0014285714285714286
0.0 0.15263157894736842 1.58130081300813 0.0 0.0
0.0 0.14868421052631578 1.6720867208672088 0.004424778761061947 0.0
0.0 0.16842105263157894 1.6504065040650406 0.0 0.0
0.0 0.19210526315789472 1.8089430894308942 0.0029498525073746312 0.0
0.0 0.16842105263157894 1.8333333333333333 0.0014749262536873156 0.0
0.001288659793814433 0.17894736842105263 1.9254742547425476 0.0014749262536873156 0.0
0.0 0.21447368421052632 2.0121951219512195 0.0 0.0
0.0 0.18026315789473685 1.975609756097561 0.0014749262536873156 0.0
0.001288659793814433 0.21578947368421053 2.2235772357723578 0.0014749262536873156 0.0
0.002577319587628866 0.2236842105263158 2.2615176151761514 0.0058997050147492625 0.0
0.001288659793814433 0.23157894736842105 2.5501355013550135 0.004424778761061947 0.0
0.0 0.25921052631578945 2.6084010840108403 0.0 0.0
0.0 0.24605263157894736 2.7560975609756095 0.0029498525073746312 0.0
0.0 0.29736842105263156 2.83739837398374 0.0 0.0
0.0 0.2657894736842105 2.9661246612466123 0.0014749262536873156 0.0
0.001288659793814433 0.2934210526315789 3.18970189701897 0.0014749262536873156 0.0
0.001288659793814433 0.3289473684210526 3.382113821138211 0.0 0.0
0.0 0.3592105263157894 3.639566395663957 0.0 0.0
0.0 0.32763157894736844 3.7642276422764227 0.0 0.0
0.0 0.3868421052631579 3.957994579945799 0.0 0.0
0.001288659793814433 0.4197368421052632 4.124661246612466 0.0 0.0
0.0 0.43552631578947365 4.272357723577236 0.0014749262536873156 0.0
0.0 0.4328947368421053 4.481029810298103 0.0014749262536873156 0.0
0.0 0.4605263157894737 4.823848238482385 0.0029498525073746312 0.0
0.0 0.4236842105263158 4.8861788617886175 0.0014749262536873156 0.0
0.001288659793814433 0.5131578947368421 5.17479674796748 0.0 0.0
0.0 0.5552631578947369 5.32520325203252 0.0014749262536873156 0.0
0.0 0.5605263157894737 5.6436314363143625 0.0014749262536873156 0.0
0.0 0.5789473684210527 6.018970189701896 0.0014749262536873156 0.0
0.0 0.6526315789473685 6.136856368563685 0.0 0.0
0.0 0.611842105263158 6.169376693766938 0.0 0.0
0.0 0.6144736842105263 6.341463414634147 0.0014749262536873156 0.0
0.001288659793814433 0.6539473684210526 6.5501355013550135 0.0 0.0
0.0 0.7118421052631578 6.888888888888889 0.0014749262536873156 0.0
0.001288659793814433 0.7315789473684211 7.260162601626016 0.0014749262536873156 0.0
0.0 0.7736842105263158 7.651761517615176 0.0 0.0
0.001288659793814433 0.8263157894736842 7.968834688346884 0.0 0.0
0.0 0.8355263157894738 8.046070460704607 0.0 0.0
0.001288659793814433 0.9460526315789474 8.61111111111111 0.0029498525073746312 0.0
0.0 0.9473684210526315 8.787262872628727 0.0 0.0
0.0 0.9565789473684211 8.735772357723578 0.0 0.0
0.0 0.9828947368421054 8.777777777777779 0.0014749262536873156 0.0
0.0 0.9394736842105263 8.800813008130081 0.0 0.0
0.0 0.9486842105263158 8.78048780487805 0.0014749262536873156 0.0
0.0 0.986842105263158 8.897018970189702 0.0 0.0
0.0 0.9407894736842105 8.76558265582656 0.0029498525073746312 0.0
0.001288659793814433 0.9921052631578946 8.92818428184282 0.0 0.0
0.0 0.9302631578947369 8.71409214092141 0.0 0.0
0.0 0.9421052631578947 8.757452574525745 0.0 0.0
0.0 0.9894736842105264 9.107046070460704 0.004424778761061947 0.0
0.0 0.981578947368421 8.939024390243901 0.0 0.0
0.0 1.0473684210526315 9.098915989159892 0.0029498525073746312 0.0
0.0 1.0144736842105262 8.955284552845528 0.0 0.0
0.0 1.0355263157894736 9.387533875338752 0.0 0.0
0.0 1.0250000000000001 9.325203252032521 0.0014749262536873156 0.0
0.001288659793814433 1.0539473684210527 9.336043360433603 0.0 0.0
0.001288659793814433 1.0157894736842106 9.39159891598916 0.0 0.0
0.0 1.075 9.468834688346883 0.0 0.0
0.0 1.0421052631578949 9.441734417344174 0.0 0.0
0.003865979381443299 1.088157894736842 9.3739837398374 0.0 0.0
0.001288659793814433 1.0276315789473682 9.33739837398374 0.0 0.0
0.0 1.0250000000000001 9.269647696476966 0.0 0.0
