15.5 30.833333333333336 26.166666666666668 14.200000000000001 12.8
14.833333333333334 31.0 27.833333333333336 15.2 12.200000000000001
16.666666666666668 31.166666666666664 28.833333333333332 17.8 12.8
14.5 28.666666666666668 28.666666666666668 14.4 11.0
16.833333333333332 31.5 27.333333333333336 16.400000000000002 13.2
14.5 32.833333333333336 28.166666666666668 14.0 12.8
15.833333333333334 32.666666666666664 25.666666666666668 17.4 14.8
17.166666666666668 29.5 24.0 15.6 15.4
14.5 33.0 28.5 14.0 12.6
13.666666666666668 29.666666666666668 25.833333333333332 16.8 13.4
11.666666666666668 35.833333333333336 26.333333333333332 14.0 13.0
14.666666666666666 33.166666666666664 27.666666666666664 14.0 14.4
14.333333333333334 31.333333333333332 26.666666666666668 16.0 14.8
14.166666666666666 33.833333333333336 25.666666666666668 16.0 13.2
13.666666666666668 34.833333333333336 28.5 18.8 15.2
13.666666666666668 33.666666666666664 26.666666666666668 16.8 17.4
15.166666666666666 31.666666666666668 27.0 16.2 13.4
15.5 29.833333333333332 28.333333333333332 13.2 14.0
14.166666666666666 32.5 27.5 17.6 11.799999999999999
15.166666666666666 32.666666666666664 28.666666666666668 17.8 12.0
14.833333333333334 30.666666666666664 26.333333333333332 16.8 12.6
16.833333333333332 30.0 29.333333333333332 11.4 14.0
14.333333333333334 30.666666666666664 25.666666666666668 15.2 13.6
14.666666666666666 31.833333333333332 27.5 13.6 16.400000000000002
15.166666666666666 33.0 26.333333333333332 18.2 12.0
17.666666666666668 32.833333333333336 27.0 14.6 11.2
15.166666666666666 32.666666666666664 28.0 14.200000000000001 13.0
16.333333333333332 34.5 27.0 14.8 10.4
19.666666666666664 32.0 25.666666666666668 13.799999999999999 12.4
15.833333333333334 31.666666666666668 31.166666666666664 14.8 13.0
13.166666666666666 33.166666666666664 26.166666666666668 13.799999999999999 14.4
14.0 32.16666666666667 26.5 14.200000000000001 15.6
14.5 32.666666666666664 25.333333333333332 15.4 13.2
15.166666666666666 31.5 25.833333333333332 16.8 12.4
14.333333333333334 34.166666666666664 26.666666666666668 15.8 12.200000000000001
13.666666666666668 32.666666666666664 28.5 17.0 15.8
12.833333333333334 36.0 32.33333333333333 13.4 10.4
14.666666666666666 30.5 24.666666666666668 15.6 15.6
13.666666666666668 31.5 26.333333333333332 16.6 16.6
14.333333333333334 31.666666666666668 28.5 13.799999999999999 14.0
13.333333333333334 37.333333333333336 27.833333333333336 16.6 12.0
13.5 32.33333333333333 28.833333333333332 17.2 13.6
14.833333333333334 32.16666666666667 25.333333333333332 16.0 12.8
15.166666666666666 34.833333333333336 26.5 17.6 11.6
16.833333333333332 33.666666666666664 25.0 16.6 14.4
15.833333333333334 34.833333333333336 28.0 15.8 13.0
15.5 35.333333333333336 24.333333333333332 15.4 15.0
14.5 34.5 27.833333333333336 13.4 12.8
16.166666666666664 32.833333333333336 26.166666666666668 13.799999999999999 13.6
17.333333333333332 33.833333333333336 25.833333333333332 17.8 15.6
14.333333333333334 32.666666666666664 26.333333333333332 16.2 13.2
15.333333333333332 32.666666666666664 28.333333333333332 15.6 12.200000000000001
13.666666666666668 35.0 28.333333333333332 15.4 9.4
15.5 32.16666666666667 27.166666666666664 14.200000000000001 12.8
14.166666666666666 31.166666666666664 26.5 13.6 13.799999999999999
18.166666666666668 33.333333333333336 25.5 13.799999999999999 12.6
14.833333333333334 32.5 28.333333333333332 14.4 16.400000000000002
16.333333333333332 34.0 25.166666666666668 13.799999999999999 13.0
13.833333333333332 32.0 24.833333333333332 13.799999999999999 10.8
16.666666666666668 30.333333333333332 27.5 14.8 14.200000000000001
14.833333333333334 32.33333333333333 29.333333333333332 15.6 12.4
15.5 33.333333333333336 30.0 15.8 13.2
15.5 33.0 27.666666666666664 16.2 15.6
15.333333333333332 32.33333333333333 28.0 14.8 13.799999999999999
17.0 33.833333333333336 24.5 18.2 10.200000000000001
15.833333333333334 33.0 25.833333333333332 14.8 14.6
15.666666666666666 30.166666666666668 28.5 17.2 10.4
14.5 33.666666666666664 27.833333333333336 13.2 13.4
15.333333333333332 30.0 25.166666666666668 14.200000000000001 15.6
14.166666666666666 35.166666666666664 28.833333333333332 13.4 13.2
15.333333333333332 33.666666666666664 26.666666666666668 14.4 13.0
12.666666666666666 32.666666666666664 27.166666666666664 15.4 14.200000000000001
15.166666666666666 30.666666666666664 29.666666666666668 18.599999999999998 13.799999999999999
17.0 32.33333333333333 29.0 14.4 13.799999999999999
16.0 30.166666666666668 27.166666666666664 17.8 13.2
14.166666666666666 32.833333333333336 26.5 15.4 15.0
14.833333333333334 33.0 26.666666666666668 15.4 10.6
12.333333333333334 31.5 29.333333333333332 16.400000000000002 13.2
12.5 32.33333333333333 28.666666666666668 16.6 10.4
15.0 31.0 27.833333333333336 17.8 12.200000000000001
15.833333333333334 32.666666666666664 27.5 15.6 13.0
16.833333333333332 33.333333333333336 23.166666666666664 15.6 12.6
15.0 30.166666666666668 25.833333333333332 14.4 12.6
16.166666666666664 34.833333333333336 26.5 16.8 14.200000000000001
17.166666666666668 29.0 26.666666666666668 15.6 12.200000000000001
15.166666666666666 31.0 25.166666666666668 16.400000000000002 13.2
13.333333333333334 33.5 25.166666666666668 18.0 10.0
16.166666666666664 32.33333333333333 26.333333333333332 12.8 14.0
15.166666666666666 30.666666666666664 26.833333333333336 17.6 14.200000000000001
12.166666666666666 32.5 24.666666666666668 16.6 11.2
13.833333333333332 35.166666666666664 27.5 14.4 15.0
14.5 31.166666666666664 28.5 14.4 12.6
14.666666666666666 34.5 30.166666666666668 15.8 12.8
14.166666666666666 29.833333333333332 27.166666666666664 16.400000000000002 13.4
16.833333333333332 32.16666666666667 27.0 15.8 12.0
15.833333333333334 31.833333333333332 26.333333333333332 14.8 14.0
12.666666666666666 33.833333333333336 27.666666666666664 15.0 14.6
12.833333333333334 31.666666666666668 27.833333333333336 14.200000000000001 13.2
10.333333333333334 32.666666666666664 28.166666666666668 12.8 15.8
11.833333333333332 32.33333333333333 28.333333333333332 15.8 14.200000000000001
13.833333333333332 32.33333333333333 29.666666666666668 12.6 12.8
15.0 17.5 14.833333333333334 14.8 14.6
13.5 15.333333333333332 15.0 17.2 14.6
15.5 16.5 13.833333333333332 13.4 15.4
15.0 14.833333333333334 15.166666666666666 15.8 13.0
15.5 28.166666666666668 29.166666666666668 15.8 13.0
15.166666666666666 12.833333333333334 16.166666666666664 14.4 17.8
18.166666666666668 12.0 14.833333333333334 18.2 12.4
15.0 14.5 13.666666666666668 10.8 15.2
18.0 16.333333333333332 15.666666666666666 15.8 16.2
15.666666666666666 27.166666666666664 30.666666666666664 14.6 15.6
15.833333333333334 14.166666666666666 15.166666666666666 15.2 15.8
15.0 17.0 18.166666666666668 18.599999999999998 17.4
15.333333333333332 15.833333333333334 15.5 16.8 16.6
15.5 19.166666666666664 14.0 12.0 15.6
18.0 36.0 27.0 15.4 12.8
13.333333333333334 16.0 16.666666666666668 14.4 17.6
15.5 15.166666666666666 13.833333333333332 15.6 12.6
14.0 17.0 15.333333333333332 12.0 18.4
15.333333333333332 12.666666666666666 16.0 11.4 16.0
14.333333333333334 26.333333333333332 31.833333333333332 16.400000000000002 12.200000000000001
14.0 15.5 13.5 13.799999999999999 14.200000000000001
14.166666666666666 15.333333333333332 15.333333333333332 17.6 12.8
16.166666666666664 15.5 15.333333333333332 15.6 16.8
16.333333333333332 12.333333333333334 13.833333333333332 14.6 16.0
14.5 15.166666666666666 15.666666666666666 14.8 13.2
14.833333333333334 14.166666666666666 14.666666666666666 16.400000000000002 17.0
15.166666666666666 17.333333333333332 16.166666666666664 15.6 16.0
13.0 15.0 15.333333333333332 16.8 16.6
17.166666666666668 14.833333333333334 15.0 14.6 13.0
15.666666666666666 14.166666666666666 13.833333333333332 14.200000000000001 15.0
13.666666666666668 29.0 32.5 15.2 14.6
12.333333333333334 28.833333333333332 30.666666666666664 13.799999999999999 14.0
14.0 28.333333333333332 33.166666666666664 13.799999999999999 13.799999999999999
13.666666666666668 28.0 28.5 18.2 14.8
15.666666666666666 29.333333333333332 27.5 15.0 13.799999999999999
12.5 30.333333333333332 30.333333333333332 15.6 12.4
15.0 27.833333333333336 33.166666666666664 11.2 15.8
16.5 33.666666666666664 32.5 13.4 14.0
14.833333333333334 30.0 35.333333333333336 16.6 10.4
13.0 30.0 33.833333333333336 14.4 13.0
12.166666666666666 27.666666666666664 31.333333333333332 15.6 15.0
14.166666666666666 30.833333333333336 32.0 15.4 11.2
14.666666666666666 30.166666666666668 30.833333333333336 16.2 14.4
15.5 28.0 31.833333333333332 14.6 15.8
12.333333333333334 29.5 29.833333333333332 18.0 13.4
13.0 25.666666666666668 33.666666666666664 16.400000000000002 10.4
14.833333333333334 27.833333333333336 31.666666666666668 18.4 11.6
15.666666666666666 30.333333333333332 31.666666666666668 16.0 13.6
17.666666666666668 29.0 33.5 14.8 14.8
13.0 30.5 33.5 15.4 13.2
11.666666666666668 31.5 34.333333333333336 16.2 12.4
13.166666666666666 30.333333333333332 32.33333333333333 19.599999999999998 16.0
14.5 29.5 31.5 13.2 12.6
15.0 27.333333333333336 34.666666666666664 16.0 14.8
13.5 28.5 34.166666666666664 15.6 13.0
16.166666666666664 23.833333333333336 30.833333333333336 12.6 15.0
14.333333333333334 28.666666666666668 32.33333333333333 19.0 10.6
15.0 30.166666666666668 32.16666666666667 12.6 12.6
14.5 27.333333333333336 32.666666666666664 18.599999999999998 10.8
14.5 31.166666666666664 34.333333333333336 18.2 12.8
15.166666666666666 25.666666666666668 32.666666666666664 15.4 12.6
15.166666666666666 28.333333333333332 38.83333333333333 13.0 12.0
16.666666666666668 29.5 33.333333333333336 20.2 13.0
13.666666666666668 26.166666666666668 35.0 19.400000000000002 8.4
13.833333333333332 27.833333333333336 37.0 15.6 13.799999999999999
14.166666666666666 32.666666666666664 33.166666666666664 17.0 13.2
14.833333333333334 28.333333333333332 36.333333333333336 14.8 13.0
14.833333333333334 31.666666666666668 37.83333333333333 15.4 12.4
12.5 32.833333333333336 37.0 15.2 11.2
14.833333333333334 33.0 35.5 16.0 7.2
13.0 25.333333333333332 36.5 12.6 13.6
13.666666666666668 30.666666666666664 38.5 15.2 10.8
14.833333333333334 27.0 36.833333333333336 18.2 15.4
11.5 32.16666666666667 36.166666666666664 15.4 11.799999999999999
15.0 28.666666666666668 34.833333333333336 16.8 12.6
14.666666666666666 30.0 37.83333333333333 17.8 10.4
14.333333333333334 33.333333333333336 38.16666666666667 11.2 10.6
13.166666666666666 30.333333333333332 37.166666666666664 17.4 13.6
10.333333333333334 31.5 40.5 14.200000000000001 12.6
15.333333333333332 30.5 38.5 13.2 12.200000000000001
14.166666666666666 30.666666666666664 38.33333333333333 14.8 13.0
14.0 32.33333333333333 39.5 13.0 14.4
14.5 32.833333333333336 40.666666666666664 17.2 12.8
13.833333333333332 32.33333333333333 41.166666666666664 16.8 10.8
13.333333333333334 30.333333333333332 44.833333333333336 18.2 11.6
13.666666666666668 33.0 41.833333333333336 14.8 12.4
12.333333333333334 32.666666666666664 41.666666666666664 18.0 12.0
13.0 30.0 42.0 16.2 12.200000000000001
11.0 33.333333333333336 45.5 18.2 11.2
12.833333333333334 32.16666666666667 44.833333333333336 17.0 12.0
13.5 30.833333333333336 45.5 16.0 13.4
13.666666666666668 32.16666666666667 45.66666666666667 15.6 13.0
12.5 30.5 46.5 17.6 11.4
13.5 31.5 45.83333333333333 16.400000000000002 13.799999999999999
12.5 34.166666666666664 44.166666666666664 15.8 11.4
13.833333333333332 36.333333333333336 43.833333333333336 20.0 10.200000000000001
12.333333333333334 36.333333333333336 44.833333333333336 16.8 9.4
12.666666666666666 33.833333333333336 44.5 18.2 10.0
13.166666666666666 32.5 43.833333333333336 15.6 10.6
12.833333333333334 31.833333333333332 46.5 16.0 12.6
14.0 36.5 45.5 16.0 10.200000000000001
13.333333333333334 34.666666666666664 48.0 17.0 12.0
12.0 34.833333333333336 45.333333333333336 17.6 7.6
11.166666666666666 35.5 50.166666666666664 15.0 9.0
13.166666666666666 37.333333333333336 50.166666666666664 15.8 12.6
13.5 38.0 46.83333333333333 15.8 10.4
16.0 34.5 46.33333333333333 15.8 13.4
13.5 35.5 49.333333333333336 17.2 14.0
13.0 36.833333333333336 47.33333333333333 17.4 13.2
12.166666666666666 34.0 48.666666666666664 15.2 11.799999999999999
13.833333333333332 36.666666666666664 47.66666666666667 15.0 11.2
12.833333333333334 34.166666666666664 46.5 18.599999999999998 13.2
15.333333333333332 37.333333333333336 49.666666666666664 13.799999999999999 11.4
16.166666666666664 33.833333333333336 53.5 18.8 10.6
12.333333333333334 35.5 45.83333333333333 15.0 11.4
8.333333333333334 37.83333333333333 49.333333333333336 15.2 9.0
13.5 35.0 48.0 20.2 10.4
11.166666666666666 37.5 47.33333333333333 18.8 12.0
14.666666666666666 35.666666666666664 47.83333333333333 16.400000000000002 11.6
13.5 38.0 52.0 15.4 11.0
14.5 35.833333333333336 48.16666666666667 14.6 12.6
14.666666666666666 35.333333333333336 49.666666666666664 16.2 10.4
11.666666666666668 34.333333333333336 46.66666666666667 18.4 10.8
11.0 36.333333333333336 49.333333333333336 18.2 11.4
13.833333333333332 37.333333333333336 49.833333333333336 17.0 11.799999999999999
11.0 35.166666666666664 49.666666666666664 16.8 9.6
13.166666666666666 36.333333333333336 50.166666666666664 16.400000000000002 12.4
12.166666666666666 33.833333333333336 51.833333333333336 18.8 13.4
12.5 33.166666666666664 50.0 18.4 12.8
