0.0 0.16826265389876882 0.03611111111111111 0.0013550135501355014 0.0
0.0 0.15047879616963064 0.03888888888888889 0.0013550135501355014 0.0
0.001402524544179523 0.17510259917920656 0.0375 0.0013550135501355014 0.0
0.004207573632538569 0.15047879616963064 0.044444444444444446 0.0 0.0
0.001402524544179523 0.12995896032831736 0.03611111111111111 0.0 0.0
0.0 0.13406292749658003 0.02777777777777778 0.0 0.0
0.0 0.15047879616963064 0.02361111111111111 0.0 0.0
0.001402524544179523 0.14911080711354308 0.034722222222222224 0.0 0.001485884101040119
0.002805049088359046 0.12585499316005472 0.02777777777777778 0.0 0.0
0.001402524544179523 0.12448700410396717 0.03333333333333333 0.0 0.0
0.001402524544179523 0.12448700410396717 0.05555555555555556 0.0 0.0
0.001402524544179523 0.16142270861833105 0.020833333333333332 0.0013550135501355014 0.0
0.002805049088359046 0.19015047879616964 0.04027777777777778 0.0 0.0
0.0 0.15868673050615595 0.034722222222222224 0.0 0.0
0.001402524544179523 0.16142270861833105 0.03611111111111111 0.0 0.0
0.001402524544179523 0.13816689466484267 0.048611111111111105 0.004065040650406504 0.0
0.0 0.1709986320109439 0.044444444444444446 0.0 0.0
0.002805049088359046 0.17510259917920656 0.07222222222222222 0.0 0.0
0.0 0.12448700410396717 0.04722222222222222 0.0013550135501355014 0.0
0.001402524544179523 0.15595075239398085 0.030555555555555555 0.0 0.0
0.002805049088359046 0.15321477428180577 0.0375 0.0 0.0
0.001402524544179523 0.14500683994528044 0.043055555555555555 0.0 0.0
0.0 0.11901504787961696 0.0375 0.0 0.0
0.0 0.17510259917920656 0.03333333333333333 0.0 0.0
0.0 0.15047879616963064 0.03194444444444445 0.0 0.0
0.0 0.17510259917920656 0.06111111111111111 0.0 0.0
0.002805049088359046 0.12038303693570451 0.04583333333333334 0.0 0.0
0.0 0.16005471956224349 0.03611111111111111 0.0 0.0
0.0 0.11354309165526676 0.041666666666666664 0.0 0.0
0.001402524544179523 0.11627906976744187 0.03611111111111111 0.0 0.0
0.002805049088359046 0.15321477428180577 0.03611111111111111 0.0 0.0
0.0 0.13679890560875513 0.03888888888888889 0.0 0.0
0.001402524544179523 0.12722298221614226 0.043055555555555555 0.0013550135501355014 0.0
0.001402524544179523 0.17920656634746923 0.044444444444444446 0.0 0.0
0.001402524544179523 0.14500683994528044 0.04583333333333334 0.0 0.0
0.0 0.1094391244870041 0.043055555555555555 0.0013550135501355014 0.0
0.002805049088359046 0.15321477428180577 0.05277777777777778 0.0013550135501355014 0.0
0.001402524544179523 0.1627906976744186 0.044444444444444446 0.0027100271002710027 0.0
0.002805049088359046 0.13406292749658003 0.044444444444444446 0.0 0.0
0.001402524544179523 0.14500683994528044 0.044444444444444446 0.0013550135501355014 0.0
0.0 0.13132694938440492 0.04583333333333334 0.0 0.0
0.0 0.12585499316005472 0.02777777777777778 0.0 0.0
0.0 0.15868673050615595 0.041666666666666664 0.0 0.001485884101040119
0.0 0.12448700410396717 0.02638888888888889 0.0 0.0
0.0 0.11491108071135431 0.04027777777777778 0.0013550135501355014 0.0
0.0 0.13816689466484267 0.04722222222222222 0.0013550135501355014 0.001485884101040119
0.001402524544179523 0.15595075239398085 0.041666666666666664 0.0 0.0
0.001402524544179523 0.16826265389876882 0.034722222222222224 0.0 0.0
0.0 0.1094391244870041 0.03888888888888889 0.0 0.0
0.0 0.1709986320109439 0.03333333333333333 0.0 0.0
0.001402524544179523 0.14774281805745554 0.03194444444444445 0.0 0.0
0.001402524544179523 0.12448700410396717 0.034722222222222224 0.0 0.0
0.0 0.13406292749658003 0.029166666666666667 0.0013550135501355014 0.0
0.0 0.173734610123119 0.04583333333333334 0.0 0.001485884101040119
0.001402524544179523 0.1354309165526676 0.04027777777777778 0.0 0.0
0.0 0.11627906976744187 0.03333333333333333 0.0 0.0
0.001402524544179523 0.16826265389876882 0.03194444444444445 0.0 0.0
0.0 0.12859097127222982 0.030555555555555555 0.0 0.0
0.0 0.15047879616963064 0.04027777777777778 0.0 0.0
0.002805049088359046 0.13132694938440492 0.04722222222222222 0.0 0.0
0.0 0.13406292749658003 0.025 0.0 0.0
0.0 0.10807113543091655 0.0375 0.0 0.0
0.001402524544179523 0.09712722298221614 0.041666666666666664 0.0 0.0
0.0 0.1039671682626539 0.041666666666666664 0.0013550135501355014 0.0
0.001402524544179523 0.11764705882352941 0.034722222222222224 0.0 0.0
0.0 0.106703146374829 0.058333333333333334 0.0 0.0
0.001402524544179523 0.11080711354309167 0.03333333333333333 0.0 0.001485884101040119
0.0 0.11627906976744187 0.0375 0.0 0.0
0.0 0.12038303693570451 0.03333333333333333 0.0 0.0
0.001402524544179523 0.14500683994528044 0.043055555555555555 0.0013550135501355014 0.0
0.001402524544179523 0.13132694938440492 0.0375 0.0 0.0
0.001402524544179523 0.146374829001368 0.044444444444444446 0.0013550135501355014 0.0
0.002805049088359046 0.12038303693570451 0.044444444444444446 0.0 0.0
0.001402524544179523 0.09165526675786594 0.041666666666666664 0.0 0.0
0.0 0.12038303693570451 0.04722222222222222 0.0 0.0
0.001402524544179523 0.12038303693570451 0.03194444444444445 0.0 0.001485884101040119
0.002805049088359046 0.1354309165526676 0.03888888888888889 0.0 0.0
0.001402524544179523 0.11764705882352941 0.05416666666666666 0.0 0.0
0.002805049088359046 0.13132694938440492 0.0375 0.0013550135501355014 0.0
0.0 0.106703146374829 0.04583333333333334 0.0027100271002710027 0.0
0.0 0.12585499316005472 0.0375 0.0 0.0
0.002805049088359046 0.1121751025991792 0.041666666666666664 0.0 0.0
0.0 0.11491108071135431 0.02361111111111111 0.0 0.0
0.001402524544179523 0.12995896032831736 0.043055555555555555 0.0 0.0
0.001402524544179523 0.12585499316005472 0.03611111111111111 0.0 0.0
0.0 0.11901504787961696 0.043055555555555555 0.0 0.0
0.0 0.11627906976744187 0.043055555555555555 0.0 0.0
0.002805049088359046 0.12311901504787962 0.025 0.0 0.0
0.0 0.12175102599179206 0.03888888888888889 0.0 0.0
0.001402524544179523 0.14090287277701777 0.0375 0.0013550135501355014 0.0
0.001402524544179523 0.10807113543091655 0.05555555555555556 0.0 0.0
0.001402524544179523 0.11491108071135431 0.043055555555555555 0.0 0.0
0.0 0.11354309165526676 0.03611111111111111 0.0 0.0
0.0 0.106703146374829 0.030555555555555555 0.0 0.0
0.004207573632538569 0.14774281805745554 0.04722222222222222 0.0 0.0
0.001402524544179523 0.07387140902872777 0.034722222222222224 0.0 0.0
0.001402524544179523 0.13679890560875513 0.0625 0.0 0.0
0.0 0.08891928864569083 0.034722222222222224 0.0 0.0
0.0 0.1039671682626539 0.06805555555555555 0.0013550135501355014 0.0
0.001402524544179523 0.10259917920656635 0.04027777777777778 0.0 0.0
0.001402524544179523 0.1354309165526676 0.03611111111111111 0.0 0.0
0.0 0.0 0.001388888888888889 0.0 0.0
0.0 0.0 0.0 0.0 0.0
0.0 0.0 0.0 0.0 0.0
0.0 0.0 0.001388888888888889 0.0 0.0
0.001402524544179523 0.1354309165526676 0.025 0.0 0.0
0.0 0.0 0.0 0.0 0.0
0.0 0.0 0.0 0.0 0.0
0.0 0.0 0.0 0.0 0.0
0.0 0.0 0.0 0.0 0.0
0.0 0.036935704514363885 0.12222222222222222 0.0 0.0
0.0 0.0 0.0 0.0 0.001485884101040119
0.0 0.0 0.0 0.0 0.0
0.0 0.0 0.0 0.0 0.0
0.0 0.0 0.0 0.0 0.0
0.002805049088359046 0.11764705882352941 0.048611111111111105 0.0 0.0
0.0 0.0 0.0 0.0 0.0
0.0 0.0 0.0 0.0 0.0
0.0 0.0 0.0 0.0 0.0
0.0 0.0013679890560875513 0.0 0.0 0.0
0.001402524544179523 0.02188782489740082 0.12222222222222222 0.0013550135501355014 0.0
0.0 0.0 0.0 0.0 0.0
0.0 0.0 0.0 0.0 0.0
0.0 0.0 0.0 0.0 0.0
0.0 0.0 0.001388888888888889 0.0 0.0
0.0 0.0 0.0 0.0 0.001485884101040119
0.001402524544179523 0.0 0.0 0.0 0.0
0.0 0.0013679890560875513 0.0 0.0 0.0
0.0 0.0 0.0 0.0 0.0
0.0 0.0 0.0 0.0013550135501355014 0.0
0.0 0.0013679890560875513 0.0 0.0 0.0
0.001402524544179523 0.028727770177838577 0.11388888888888889 0.0013550135501355014 0.0
0.0 0.03556771545827634 0.1375 0.0013550135501355014 0.0
0.001402524544179523 0.030095759233926128 0.11111111111111112 0.0 0.0
0.0 0.03283173734610123 0.11527777777777777 0.0 0.0
0.0 0.04377564979480164 0.1486111111111111 0.0 0.0
0.0 0.03830369357045144 0.1513888888888889 0.0013550135501355014 0.0
0.0 0.05198358413132695 0.13333333333333333 0.0 0.0
0.0 0.04240766073871409 0.1277777777777778 0.0 0.0
0.0 0.027359781121751026 0.17777777777777778 0.0027100271002710027 0.0
0.0 0.03967168262653899 0.18194444444444446 0.0 0.0
0.0 0.04240766073871409 0.15833333333333333 0.0013550135501355014 0.0
0.0 0.049247606019151846 0.22361111111111112 0.0027100271002710027 0.0
0.0 0.0506155950752394 0.23888888888888887 0.0027100271002710027 0.0
0.0 0.04514363885088919 0.2152777777777778 0.0 0.0
0.0 0.04377564979480164 0.24583333333333332 0.0013550135501355014 0.0
0.0 0.047879616963064295 0.275 0.0 0.0
0.0 0.04514363885088919 0.25277777777777777 0.0013550135501355014 0.0
0.0 0.04514363885088919 0.2722222222222222 0.0013550135501355014 0.0
0.0 0.028727770177838577 0.29027777777777775 0.0027100271002710027 0.0
0.0 0.057455540355677154 0.3680555555555555 0.0013550135501355014 0.0
0.002805049088359046 0.05198358413132695 0.3819444444444445 0.0013550135501355014 0.0
0.0 0.04240766073871409 0.36388888888888893 0.0013550135501355014 0.0
0.001402524544179523 0.06566347469220246 0.38333333333333336 0.0 0.0
0.0 0.04103967168262654 0.475 0.0 0.0
0.0 0.06429548563611491 0.4736111111111111 0.0 0.0
0.001402524544179523 0.036935704514363885 0.4666666666666667 0.0013550135501355014 0.0
0.0 0.03967168262653899 0.5777777777777777 0.0013550135501355014 0.0
0.0 0.04377564979480164 0.5513888888888889 0.0013550135501355014 0.0
0.0 0.06429548563611491 0.5888888888888889 0.0 0.0
0.0 0.057455540355677154 0.6638888888888889 0.0 0.0
0.0 0.07523939808481532 0.7930555555555555 0.0 0.0
0.001402524544179523 0.058823529411764705 0.8180555555555556 0.0 0.0
0.0 0.0560875512995896 0.9013888888888889 0.0 0.001485884101040119
0.0 0.06429548563611491 0.9333333333333333 0.0 0.0
0.0 0.03967168262653899 1.011111111111111 0.0027100271002710027 0.0
0.0 0.06155950752393981 1.0097222222222222 0.0013550135501355014 0.0
0.001402524544179523 0.06839945280437756 1.1402777777777777 0.0 0.0
0.0 0.049247606019151846 1.1555555555555554 0.0 0.0
0.0 0.06839945280437756 1.2458333333333333 0.0 0.0
0.0 0.08618331053351573 1.3930555555555555 0.0013550135501355014 0.0
0.001402524544179523 0.09439124487004104 1.3819444444444446 0.0 0.0
0.0 0.08755129958960328 1.675 0.0 0.0
0.0 0.1094391244870041 1.7111111111111112 0.0 0.0
0.0 0.09028727770177838 1.8347222222222221 0.0013550135501355014 0.0
0.0 0.09712722298221614 1.9166666666666665 0.0013550135501355014 0.0
0.0 0.10533515731874146 2.0569444444444445 0.0 0.0
0.002805049088359046 0.10259917920656635 2.1819444444444445 0.0013550135501355014 0.0
0.0 0.14500683994528044 2.4319444444444445 0.0013550135501355014 0.0
0.001402524544179523 0.12585499316005472 2.3833333333333333 0.0 0.0
0.0 0.13816689466484267 2.595833333333333 0.004065040650406504 0.0
0.0 0.12995896032831736 2.745833333333333 0.0 0.0
0.001402524544179523 0.12585499316005472 2.811111111111111 0.0013550135501355014 0.0
0.0 0.14774281805745554 2.904166666666667 0.004065040650406504 0.0
0.0 0.173734610123119 3.088888888888889 0.0 0.0
0.0 0.16415868673050615 3.1319444444444446 0.0 0.0
0.001402524544179523 0.19151846785225718 3.1819444444444445 0.0027100271002710027 0.0
0.0 0.19288645690834474 3.415277777777778 0.0027100271002710027 0.001485884101040119
0.0 0.22982216142270862 3.490277777777778 0.0 0.0
0.0 0.21067031463748292 3.716666666666667 0.0 0.0
0.0 0.24076607387140903 3.7916666666666665 0.0027100271002710027 0.0
0.001402524544179523 0.2612859097127223 3.8805555555555555 0.0 0.0
0.0 0.24623803009575923 4.033333333333333 0.0 0.001485884101040119
0.0 0.29958960328317374 4.138888888888889 0.0 0.0
0.001402524544179523 0.28317373461012313 4.354166666666667 0.0 0.0
0.001402524544179523 0.32147742818057456 4.527777777777779 0.0 0.0
0.0 0.30369357045143636 4.5777777777777775 0.0013550135501355014 0.0
0.0 0.3119015047879617 4.6402777777777775 0.0 0.0
0.0 0.3419972640218878 4.797222222222222 0.0 0.0
0.0 0.36114911080711354 4.968055555555555 0.0 0.0
0.0 0.3419972640218878 5.091666666666667 0.0013550135501355014 0.0
0.0 0.38850889192886456 5.2555555555555555 0.0013550135501355014 0.0
0.001402524544179523 0.39808481532147744 5.252777777777778 0.0 0.0
0.0 0.4021887824897401 5.427777777777778 0.0027100271002710027 0.0
0.002805049088359046 0.42270861833105333 5.759722222222223 0.0 0.0
0.0 0.4610123119015048 5.804166666666666 0.0 0.0
0.0 0.49794801641586867 6.122222222222223 0.0 0.0
0.0 0.5129958960328317 6.161111111111111 0.0 0.0
0.001402524544179523 0.5389876880984952 6.593055555555555 0.0013550135501355014 0.0
0.001402524544179523 0.5512995896032832 6.702777777777778 0.0 0.0
0.002805049088359046 0.5663474692202463 6.780555555555555 0.0027100271002710027 0.0
0.0 0.6101231190150479 7.019444444444445 0.0 0.0
0.0 0.6087551299589604 7.195833333333334 0.0 0.0
0.0 0.6238030095759234 7.3180555555555555 0.0027100271002710027 0.0
0.0 0.6703146374829001 7.668055555555555 0.0 0.0
0.001402524544179523 0.7113543091655267 8.061111111111112 0.0 0.0
0.0 0.7373461012311902 8.177777777777779 0.0027100271002710027 0.0
0.001402524544179523 0.7606019151846786 8.272222222222222 0.0013550135501355014 0.0
0.0 0.7688098495212038 8.465277777777779 0.0 0.0
0.0 0.8276333789329686 8.695833333333333 0.0013550135501355014 0.0
0.0 0.8645690834473324 8.847222222222221 0.0 0.0
0.001402524544179523 0.8686730506155951 9.151388888888889 0.0 0.0
0.0 0.8727770177838577 9.248611111111112 0.0 0.0
0.0 0.9069767441860466 9.33888888888889 0.0 0.0
0.0 0.9562243502051984 9.655555555555557 0.0 0.0
0.0 0.9781121751025993 9.870833333333334 0.0027100271002710027 0.0
0.001402524544179523 1.0136798905608755 9.98611111111111 0.0 0.0
0.0 1.0355677154582765 10.343055555555555 0.0 0.0
0.0 1.1299589603283173 10.570833333333333 0.0013550135501355014 0.0
0.001402524544179523 1.121751025991792 10.555555555555555 0.0 0.0
