9.666666666666668 21.06896551724138 17.774193548387096 11.222222222222221 10.148148148148147
9.777777777777777 20.379310344827587 14.774193548387098 10.814814814814815 9.37037037037037
11.037037037037036 18.724137931034484 16.225806451612904 9.481481481481481 10.148148148148147
11.333333333333334 20.0 17.64516129032258 9.777777777777777 8.518518518518519
11.296296296296296 21.10344827586207 15.870967741935486 11.592592592592592 9.333333333333334
11.25925925925926 20.482758620689655 17.06451612903226 9.296296296296296 8.777777777777779
10.74074074074074 20.275862068965516 15.903225806451614 9.185185185185185 10.148148148148147
8.555555555555555 19.0 17.451612903225804 11.296296296296296 9.962962962962964
8.851851851851851 18.551724137931032 16.580645161290324 10.222222222222223 9.148148148148149
9.37037037037037 20.86206896551724 17.70967741935484 10.296296296296296 8.518518518518519
10.296296296296296 18.586206896551722 15.741935483870966 10.11111111111111 8.962962962962962
10.222222222222223 19.17241379310345 16.451612903225808 10.481481481481483 8.925925925925926
11.333333333333334 20.482758620689655 16.612903225806452 9.74074074074074 9.407407407407408
11.185185185185185 20.482758620689655 14.64516129032258 11.407407407407408 9.444444444444445
10.592592592592593 19.551724137931036 17.129032258064516 9.777777777777777 9.296296296296296
9.62962962962963 20.620689655172413 15.903225806451614 9.962962962962964 8.88888888888889
9.62962962962963 21.0 16.161290322580644 9.962962962962964 9.148148148148149
9.518518518518519 19.379310344827587 15.29032258064516 10.962962962962962 10.555555555555555
11.851851851851851 18.482758620689655 16.741935483870968 10.333333333333334 9.0
10.851851851851853 20.655172413793103 16.774193548387096 9.666666666666668 8.74074074074074
10.74074074074074 19.379310344827587 16.483870967741936 9.703703703703704 9.444444444444445
10.481481481481483 18.896551724137932 16.870967741935484 10.0 8.296296296296296
10.74074074074074 20.379310344827587 16.38709677419355 10.481481481481483 9.037037037037038
10.777777777777779 19.82758620689655 16.612903225806452 8.185185185185185 9.592592592592592
10.518518518518519 19.82758620689655 15.032258064516128 8.333333333333334 8.962962962962962
10.481481481481483 19.17241379310345 15.806451612903228 10.37037037037037 9.25925925925926
9.666666666666668 20.724137931034484 15.903225806451614 11.407407407407408 9.11111111111111
10.703703703703702 19.75862068965517 15.935483870967742 10.777777777777779 8.925925925925926
10.407407407407407 20.0 15.741935483870966 9.925925925925927 9.25925925925926
9.518518518518519 19.620689655172413 15.580645161290322 9.481481481481481 9.592592592592592
10.444444444444443 19.655172413793103 16.35483870967742 11.0 9.814814814814815
9.666666666666668 20.17241379310345 16.483870967741936 9.851851851851851 8.555555555555555
9.481481481481481 21.03448275862069 15.516129032258064 9.925925925925927 9.74074074074074
9.925925925925927 19.068965517241377 17.451612903225804 10.037037037037036 9.925925925925927
9.37037037037037 20.517241379310345 17.193548387096776 9.518518518518519 9.481481481481481
10.703703703703702 19.103448275862068 17.129032258064516 10.62962962962963 7.592592592592593
10.481481481481483 17.79310344827586 16.516129032258064 10.185185185185187 9.222222222222221
10.925925925925926 20.965517241379313 16.161290322580644 9.703703703703704 9.11111111111111
9.925925925925927 19.137931034482758 16.32258064516129 9.0 9.62962962962963
9.37037037037037 19.551724137931036 15.903225806451614 10.0 8.333333333333334
10.666666666666666 17.551724137931036 16.516129032258064 11.407407407407408 9.851851851851851
10.37037037037037 20.344827586206893 15.580645161290322 9.777777777777777 9.62962962962963
9.962962962962964 19.96551724137931 16.032258064516128 10.444444444444443 8.88888888888889
9.25925925925926 20.275862068965516 15.35483870967742 9.888888888888888 8.703703703703702
8.88888888888889 18.620689655172413 16.096774193548388 9.962962962962964 8.74074074074074
10.25925925925926 18.96551724137931 16.483870967741936 8.666666666666666 8.555555555555555
10.777777777777779 19.931034482758623 15.903225806451614 10.074074074074074 8.666666666666666
10.148148148148147 18.17241379310345 16.225806451612904 9.11111111111111 9.851851851851851
10.0 19.551724137931036 16.032258064516128 10.851851851851853 10.148148148148147
9.407407407407408 19.586206896551722 15.967741935483872 10.148148148148147 9.296296296296296
10.88888888888889 19.620689655172413 16.451612903225808 8.518518518518519 10.25925925925926
10.814814814814815 19.103448275862068 15.677419354838708 9.481481481481481 9.333333333333334
9.592592592592592 19.310344827586206 17.29032258064516 11.25925925925926 9.851851851851851
10.185185185185187 20.103448275862068 15.225806451612904 10.666666666666666 8.481481481481483
11.296296296296296 18.896551724137932 16.096774193548388 9.62962962962963 9.037037037037038
10.037037037037036 18.93103448275862 17.548387096774196 11.0 9.11111111111111
10.925925925925926 18.758620689655174 16.0 9.74074074074074 9.925925925925927
9.37037037037037 21.0 16.677419354838708 9.444444444444445 10.222222222222223
10.37037037037037 17.93103448275862 16.096774193548388 9.703703703703704 8.185185185185185
9.555555555555555 19.82758620689655 17.93548387096774 9.925925925925927 9.703703703703704
11.407407407407408 18.758620689655174 15.483870967741936 9.148148148148149 9.518518518518519
11.851851851851851 19.82758620689655 15.935483870967742 9.666666666666668 8.555555555555555
11.148148148148149 19.793103448275865 15.935483870967742 10.481481481481483 9.74074074074074
11.185185185185185 19.24137931034483 16.451612903225808 10.407407407407407 9.814814814814815
10.25925925925926 17.82758620689655 15.64516129032258 10.407407407407407 9.222222222222221
10.62962962962963 18.275862068965516 16.870967741935484 9.25925925925926 9.185185185185185
10.814814814814815 17.241379310344826 16.838709677419352 10.88888888888889 9.962962962962964
10.74074074074074 20.06896551724138 16.64516129032258 10.925925925925926 9.0
10.222222222222223 19.75862068965517 15.774193548387098 9.592592592592592 8.925925925925926
10.518518518518519 19.24137931034483 16.774193548387096 9.925925925925927 9.62962962962963
11.444444444444445 19.896551724137932 15.032258064516128 10.25925925925926 9.11111111111111
11.185185185185185 18.586206896551722 15.35483870967742 10.148148148148147 9.888888888888888
10.037037037037036 19.862068965517242 15.451612903225806 9.74074074074074 8.62962962962963
9.62962962962963 20.275862068965516 16.161290322580644 11.851851851851851 9.185185185185185
10.148148148148147 19.586206896551722 15.483870967741936 10.333333333333334 9.666666666666668
10.407407407407407 19.068965517241377 17.03225806451613 9.481481481481481 9.481481481481481
9.0 19.793103448275865 15.61290322580645 9.11111111111111 8.962962962962962
9.444444444444445 20.344827586206893 16.774193548387096 9.962962962962964 10.407407407407407
10.777777777777779 19.103448275862068 16.38709677419355 10.37037037037037 8.814814814814815
10.851851851851853 19.103448275862068 16.193548387096772 11.185185185185185 9.333333333333334
10.296296296296296 19.103448275862068 18.35483870967742 10.074074074074074 9.962962962962964
11.148148148148149 21.06896551724138 16.38709677419355 10.296296296296296 9.407407407407408
9.777777777777777 18.310344827586206 15.806451612903228 11.62962962962963 9.148148148148149
10.037037037037036 19.96551724137931 16.225806451612904 9.25925925925926 9.11111111111111
9.962962962962964 20.724137931034484 16.774193548387096 10.185185185185187 7.888888888888889
10.518518518518519 20.0 16.967741935483872 10.296296296296296 8.703703703703702
9.962962962962964 17.724137931034484 16.741935483870968 10.11111111111111 9.481481481481481
9.777777777777777 18.96551724137931 17.774193548387096 9.555555555555555 11.148148148148149
10.481481481481483 19.862068965517242 17.06451612903226 10.444444444444443 9.555555555555555
11.407407407407408 17.724137931034484 15.967741935483872 9.518518518518519 8.555555555555555
10.444444444444443 19.03448275862069 17.161290322580644 9.74074074074074 9.592592592592592
11.11111111111111 17.482758620689655 15.677419354838708 9.888888888888888 9.0
10.037037037037036 18.896551724137932 16.161290322580644 9.777777777777777 8.296296296296296
10.814814814814815 20.482758620689655 16.225806451612904 8.814814814814815 10.0
10.333333333333334 19.0 16.935483870967744 11.333333333333334 8.444444444444443
10.814814814814815 20.482758620689655 17.29032258064516 10.25925925925926 8.592592592592593
9.777777777777777 19.379310344827587 17.32258064516129 10.666666666666666 8.814814814814815
10.037037037037036 18.344827586206897 17.161290322580644 10.037037037037036 10.185185185185187
9.555555555555555 18.82758620689655 15.35483870967742 10.074074074074074 8.666666666666666
10.481481481481483 18.96551724137931 17.64516129032258 9.666666666666668 11.037037037037036
8.777777777777779 18.517241379310345 16.41935483870968 9.851851851851851 9.777777777777777
9.925925925925927 10.379310344827585 9.0 11.11111111111111 9.25925925925926
10.666666666666666 9.206896551724137 10.580645161290322 10.555555555555555 10.666666666666666
10.62962962962963 10.310344827586206 10.419354838709676 10.666666666666666 10.666666666666666
12.074074074074074 11.034482758620689 10.806451612903226 9.25925925925926 11.0
11.296296296296296 17.93103448275862 16.032258064516128 10.925925925925926 9.185185185185185
11.37037037037037 10.689655172413792 11.032258064516128 10.037037037037036 10.481481481481483
10.0 9.517241379310345 9.709677419354838 10.25925925925926 9.888888888888888
11.0 10.413793103448276 10.03225806451613 10.62962962962963 9.11111111111111
10.222222222222223 10.689655172413792 10.387096774193548 11.444444444444445 10.592592592592593
10.88888888888889 15.448275862068966 18.032258064516128 9.185185185185185 10.0
10.0 11.172413793103448 10.96774193548387 10.11111111111111 10.333333333333334
11.25925925925926 10.482758620689657 11.70967741935484 10.185185185185187 11.185185185185185
9.74074074074074 9.413793103448276 11.35483870967742 11.481481481481481 9.925925925925927
10.555555555555555 9.896551724137932 10.483870967741936 9.703703703703704 11.518518518518519
9.925925925925927 18.586206896551722 16.064516129032256 10.74074074074074 10.148148148148147
10.555555555555555 10.551724137931036 10.129032258064516 9.888888888888888 9.481481481481481
9.592592592592592 10.03448275862069 10.516129032258066 9.555555555555555 9.74074074074074
10.037037037037036 10.344827586206897 10.580645161290322 10.555555555555555 9.444444444444445
9.851851851851851 9.689655172413794 10.064516129032258 10.666666666666666 11.0
10.703703703703702 17.137931034482758 18.58064516129032 10.518518518518519 9.777777777777777
10.185185185185187 10.241379310344827 9.935483870967742 9.74074074074074 9.518518518518519
10.777777777777779 10.827586206896552 11.225806451612902 10.185185185185187 10.925925925925926
10.703703703703702 10.827586206896552 9.645161290322582 10.814814814814815 9.962962962962964
10.037037037037036 10.620689655172415 10.096774193548386 10.11111111111111 11.185185185185185
11.407407407407408 10.96551724137931 9.387096774193548 10.222222222222223 11.407407407407408
9.888888888888888 9.241379310344827 10.67741935483871 8.074074074074074 10.814814814814815
11.11111111111111 12.931034482758621 10.870967741935484 10.185185185185187 9.555555555555555
10.518518518518519 10.862068965517242 10.903225806451612 10.074074074074074 10.444444444444443
10.444444444444443 9.931034482758621 9.870967741935484 9.592592592592592 10.0
10.37037037037037 10.137931034482758 11.193548387096774 9.925925925925927 11.185185185185185
11.074074074074074 16.482758620689655 17.419354838709676 10.481481481481483 8.814814814814815
10.703703703703702 17.89655172413793 17.870967741935484 10.074074074074074 9.666666666666668
10.185185185185187 18.379310344827587 18.870967741935484 10.407407407407407 9.74074074074074
10.814814814814815 17.0 18.032258064516128 9.62962962962963 9.0
10.333333333333334 16.72413793103448 19.58064516129032 10.481481481481483 10.11111111111111
10.851851851851853 17.310344827586206 18.645161290322584 11.185185185185185 10.37037037037037
9.62962962962963 18.275862068965516 18.387096774193548 10.777777777777779 7.814814814814814
10.296296296296296 16.344827586206897 19.903225806451616 11.074074074074074 8.814814814814815
9.962962962962964 17.10344827586207 18.193548387096776 11.11111111111111 9.0
9.666666666666668 18.310344827586206 17.129032258064516 10.148148148148147 8.88888888888889
9.851851851851851 16.379310344827587 18.161290322580648 10.555555555555555 9.11111111111111
10.222222222222223 17.241379310344826 17.129032258064516 9.666666666666668 8.407407407407407
9.851851851851851 16.89655172413793 18.903225806451612 11.222222222222221 8.37037037037037
12.333333333333334 16.551724137931036 16.548387096774196 9.444444444444445 10.148148148148147
9.62962962962963 15.862068965517242 18.516129032258064 10.666666666666666 10.037037037037036
10.925925925925926 17.75862068965517 18.645161290322584 10.222222222222223 8.555555555555555
9.555555555555555 16.137931034482758 17.419354838709676 10.74074074074074 9.333333333333334
10.555555555555555 17.0 18.870967741935484 10.777777777777779 9.62962962962963
10.555555555555555 17.689655172413794 17.35483870967742 9.333333333333334 10.148148148148147
10.074074074074074 17.0 17.838709677419356 9.185185185185185 9.814814814814815
10.0 17.379310344827584 19.322580645161292 10.74074074074074 10.444444444444443
9.666666666666668 17.275862068965516 18.129032258064516 9.444444444444445 9.518518518518519
10.481481481481483 17.96551724137931 18.0 9.851851851851851 8.592592592592593
11.296296296296296 15.965517241379311 18.225806451612904 11.592592592592592 7.703703703703704
10.444444444444443 18.10344827586207 18.806451612903228 9.74074074074074 9.481481481481481
10.25925925925926 17.137931034482758 18.225806451612904 10.925925925925926 9.518518518518519
9.62962962962963 17.310344827586206 18.903225806451612 11.222222222222221 8.62962962962963
10.37037037037037 15.827586206896553 17.580645161290324 11.222222222222221 9.851851851851851
10.666666666666666 16.379310344827587 18.032258064516128 11.925925925925927 8.851851851851851
9.37037037037037 17.241379310344826 17.70967741935484 10.555555555555555 8.148148148148147
9.222222222222221 16.586206896551726 17.516129032258068 11.37037037037037 8.814814814814815
9.74074074074074 17.724137931034484 19.35483870967742 9.888888888888888 9.62962962962963
10.296296296296296 18.379310344827587 18.903225806451612 9.592592592592592 8.851851851851851
11.037037037037036 16.620689655172413 18.70967741935484 11.592592592592592 8.88888888888889
10.592592592592593 16.551724137931036 18.516129032258064 10.407407407407407 8.925925925925926
10.37037037037037 17.275862068965516 18.483870967741936 10.851851851851853 8.703703703703702
9.555555555555555 15.517241379310345 17.93548387096774 10.814814814814815 10.851851851851853
9.11111111111111 17.17241379310345 16.64516129032258 11.444444444444445 9.481481481481481
9.777777777777777 16.310344827586206 18.096774193548388 10.333333333333334 9.37037037037037
9.518518518518519 17.344827586206897 18.806451612903228 10.88888888888889 8.037037037037036
10.296296296296296 17.689655172413794 17.838709677419356 9.703703703703704 8.518518518518519
9.777777777777777 16.0 18.322580645161292 11.666666666666668 9.333333333333334
9.851851851851851 16.586206896551726 20.129032258064516 10.62962962962963 8.074074074074074
9.481481481481481 17.862068965517242 19.225806451612904 11.518518518518519 9.11111111111111
9.11111111111111 18.413793103448274 18.35483870967742 10.703703703703702 9.555555555555555
9.814814814814815 16.75862068965517 18.967741935483872 10.11111111111111 9.518518518518519
10.333333333333334 16.17241379310345 18.096774193548388 10.851851851851853 9.666666666666668
9.703703703703704 18.034482758620687 18.419354838709676 9.888888888888888 8.407407407407407
10.222222222222223 15.827586206896553 18.35483870967742 9.888888888888888 9.925925925925927
10.407407407407407 17.20689655172414 19.290322580645164 11.0 9.333333333333334
10.62962962962963 17.17241379310345 17.774193548387096 10.222222222222223 9.25925925925926
10.37037037037037 17.689655172413794 17.96774193548387 10.74074074074074 9.296296296296296
10.88888888888889 15.965517241379311 17.29032258064516 10.518518518518519 9.555555555555555
8.814814814814815 16.03448275862069 18.93548387096774 10.62962962962963 8.185185185185185
9.222222222222221 16.655172413793103 16.967741935483872 9.333333333333334 9.555555555555555
10.222222222222223 16.137931034482758 18.35483870967742 9.962962962962964 8.148148148148147
10.25925925925926 16.206896551724135 17.93548387096774 11.888888888888888 9.296296296296296
9.962962962962964 19.379310344827587 17.870967741935484 10.444444444444443 9.11111111111111
10.592592592592593 16.965517241379313 16.967741935483872 11.074074074074074 9.851851851851851
10.333333333333334 17.241379310344826 18.870967741935484 10.407407407407407 9.148148148148149
10.333333333333334 17.482758620689655 17.96774193548387 11.407407407407408 10.296296296296296
9.962962962962964 17.96551724137931 18.193548387096776 10.851851851851853 9.333333333333334
8.592592592592593 18.13793103448276 16.35483870967742 9.555555555555555 9.296296296296296
11.333333333333334 16.448275862068968 19.032258064516128 9.074074074074074 9.666666666666668
9.444444444444445 17.75862068965517 18.741935483870968 11.037037037037036 8.74074074074074
10.37037037037037 17.06896551724138 17.419354838709676 10.666666666666666 7.666666666666666
10.0 18.482758620689655 17.258064516129032 12.037037037037036 10.74074074074074
9.296296296296296 16.551724137931036 17.70967741935484 12.25925925925926 9.407407407407408
10.592592592592593 18.517241379310345 18.451612903225804 10.777777777777779 8.25925925925926
9.222222222222221 17.689655172413794 17.129032258064516 9.814814814814815 9.37037037037037
11.148148148148149 16.03448275862069 19.35483870967742 10.296296296296296 9.851851851851851
9.814814814814815 16.586206896551726 18.387096774193548 11.222222222222221 11.148148148148149
9.37037037037037 18.06896551724138 17.258064516129032 10.592592592592593 9.37037037037037
9.37037037037037 17.82758620689655 18.93548387096774 10.555555555555555 9.962962962962964
9.703703703703704 17.241379310344826 19.548387096774192 9.703703703703704 10.148148148148147
9.703703703703704 17.0 18.032258064516128 10.703703703703702 8.592592592592593
10.0 17.620689655172416 17.516129032258068 10.814814814814815 9.185185185185185
10.962962962962962 17.862068965517242 16.38709677419355 9.148148148148149 9.592592592592592
9.814814814814815 17.448275862068964 19.419354838709676 10.62962962962963 9.333333333333334
8.37037037037037 18.0 18.61290322580645 10.296296296296296 9.518518518518519
8.37037037037037 16.03448275862069 19.032258064516128 10.185185185185187 8.666666666666666
9.333333333333334 18.24137931034483 17.580645161290324 11.481481481481481 10.222222222222223
10.333333333333334 16.655172413793103 17.838709677419356 10.0 9.333333333333334
10.777777777777779 18.82758620689655 18.93548387096774 10.185185185185187 8.777777777777779
9.814814814814815 17.79310344827586 17.870967741935484 11.25925925925926 10.444444444444443
10.703703703703702 17.20689655172414 17.70967741935484 10.074074074074074 8.777777777777779
10.444444444444443 17.20689655172414 17.096774193548388 11.0 8.962962962962962
10.148148148148147 16.413793103448278 19.612903225806452 10.296296296296296 8.88888888888889
10.037037037037036 17.344827586206897 18.193548387096776 10.185185185185187 9.074074074074074
10.222222222222223 15.172413793103448 16.967741935483872 9.592592592592592 9.37037037037037
10.444444444444443 18.034482758620687 18.387096774193548 10.851851851851853 8.88888888888889
10.444444444444443 17.379310344827584 18.322580645161292 9.222222222222221 7.407407407407407
11.962962962962964 17.241379310344826 17.451612903225804 11.11111111111111 9.11111111111111
10.555555555555555 17.310344827586206 17.516129032258068 10.37037037037037 8.88888888888889
10.222222222222223 18.896551724137932 18.06451612903226 8.851851851851851 8.592592592592593
11.0 17.689655172413794 18.741935483870968 10.814814814814815 8.703703703703702
10.11111111111111 16.620689655172413 17.870967741935484 10.296296296296296 9.25925925925926
9.481481481481481 15.862068965517242 19.129032258064516 10.074074074074074 9.296296296296296
11.074074074074074 16.82758620689655 18.35483870967742 11.592592592592592 10.11111111111111
