32935.000 -0.400 -0.400 0.473
32936.000 -0.400 -0.331 0.204
32937.000 -0.400 -0.262 0.315
32938.000 -0.400 -0.192 0.426
32939.000 -0.400 -0.123 0.227
32940.000 -0.400 -0.054 0.433
32941.000 -0.400 0.015 0.268
32942.000 -0.400 0.085 0.317
32943.000 -0.400 0.154 0.427
32944.000 -0.400 0.223 0.472
32945.000 -0.400 0.292 0.044
32946.000 -0.400 0.362 0.446
32947.000 -0.400 0.431 0.188
32948.000 -0.331 -0.400 0.315
32949.000 -0.331 -0.331 0.318
32950.000 -0.331 -0.262 0.326
32951.000 -0.331 -0.192 0.057
32952.000 -0.331 -0.123 0.448
32953.000 -0.331 -0.054 0.461
32954.000 -0.331 0.015 0.313
32955.000 -0.331 0.085 0.050
32956.000 -0.331 0.154 0.101
32957.000 -0.331 0.223 0.413
32958.000 -0.331 0.292 0.361
32959.000 -0.331 0.362 0.190
32960.000 -0.331 0.431 0.067
32961.000 -0.262 -0.400 0.392
32962.000 -0.262 -0.331 0.092
32963.000 -0.262 -0.262 0.354
32964.000 -0.262 -0.192 0.101
32965.000 -0.262 -0.123 0.166
32966.000 -0.262 -0.054 0.067
32967.000 -0.262 0.015 0.490
32968.000 -0.262 0.085 0.388
32969.000 -0.262 0.154 0.181
32970.000 -0.262 0.223 0.232
32971.000 -0.262 0.292 0.070
32972.000 -0.262 0.362 0.106
32973.000 -0.262 0.431 0.389
32974.000 -0.192 -0.400 0.063
32975.000 -0.192 -0.331 0.498
32976.000 -0.192 -0.262 0.415
32977.000 -0.192 -0.192 0.319
32978.000 -0.192 -0.123 0.118
32979.000 -0.192 -0.054 0.228
32980.000 -0.192 0.015 0.129
32981.000 -0.192 0.085 0.274
32982.000 -0.192 0.154 0.200
32983.000 -0.192 0.223 0.284
32984.000 -0.192 0.292 0.440
32985.000 -0.192 0.362 0.035
32986.000 -0.192 0.431 0.271
32987.000 -0.123 -0.400 0.072
32988.000 -0.123 -0.331 0.043
32989.000 -0.123 -0.262 0.315
32990.000 -0.123 -0.192 0.156
32991.000 -0.123 -0.123 0.262
32992.000 -0.123 -0.054 0.142
32993.000 -0.123 0.015 0.339
32994.000 -0.123 0.085 0.209
32995.000 -0.123 0.154 0.251
32996.000 -0.123 0.223 0.328
32997.000 -0.123 0.292 0.042
32998.000 -0.123 0.362 0.211
32999.000 -0.123 0.431 0.019
33000.000 -0.054 -0.400 0.498
33001.000 -0.054 -0.331 0.406
33002.000 -0.054 -0.262 0.438
33003.000 -0.054 -0.192 0.371
33004.000 -0.054 -0.123 0.496
33005.000 -0.054 -0.054 0.171
33006.000 -0.054 0.015 0.113
33007.000 -0.054 0.085 0.450
33008.000 -0.054 0.154 0.043
33009.000 -0.054 0.223 0.088
33010.000 -0.054 0.292 0.065
33011.000 -0.054 0.362 0.292
33012.000 -0.054 0.431 0.461
33013.000 0.015 -0.400 0.298
33014.000 0.015 -0.331 0.334
33015.000 0.015 -0.262 0.348
33016.000 0.015 -0.192 0.163
33017.000 0.015 -0.123 0.054
33018.000 0.015 -0.054 0.290
33019.000 0.015 0.015 0.020
33020.000 0.015 0.085 0.055
33021.000 0.015 0.154 0.333
33022.000 0.015 0.223 0.244
33023.000 0.015 0.292 0.273
33024.000 0.015 0.362 0.314
33025.000 0.015 0.431 0.404
33026.000 0.085 -0.400 0.284
33027.000 0.085 -0.331 0.160
33028.000 0.085 -0.262 0.095
33029.000 0.085 -0.192 0.362
33030.000 0.085 -0.123 0.189
33031.000 0.085 -0.054 0.316
33032.000 0.085 0.015 0.467
33033.000 0.085 0.085 0.026
33034.000 0.085 0.154 0.323
33035.000 0.085 0.223 0.466
33036.000 0.085 0.292 0.338
33037.000 0.085 0.362 0.273
33038.000 0.085 0.431 0.480
33039.000 0.154 -0.400 0.491
33040.000 0.154 -0.331 0.478
33041.000 0.154 -0.262 0.140
33042.000 0.154 -0.192 0.322
33043.000 0.154 -0.123 0.258
33044.000 0.154 -0.054 0.403
33045.000 0.154 0.015 0.158
33046.000 0.154 0.085 0.078
33047.000 0.154 0.154 0.165
33048.000 0.154 0.223 0.438
33049.000 0.154 0.292 0.369
33050.000 0.154 0.362 0.224
33051.000 0.154 0.431 0.105
33052.000 0.223 -0.400 0.178
33053.000 0.223 -0.331 0.496
33054.000 0.223 -0.262 0.025
33055.000 0.223 -0.192 0.301
33056.000 0.223 -0.123 0.017
33057.000 0.223 -0.054 0.058
33058.000 0.223 0.015 0.336
33059.000 0.223 0.085 0.490
33060.000 0.223 0.154 0.044
33061.000 0.223 0.223 0.194
33062.000 0.223 0.292 0.256
33063.000 0.223 0.362 0.479
33064.000 0.223 0.431 0.395
33065.000 0.292 -0.400 0.008
33066.000 0.292 -0.331 0.413
33067.000 0.292 -0.262 0.173
33068.000 0.292 -0.123 0.427
33069.000 0.292 -0.054 0.280
33070.000 0.292 0.015 0.298
33071.000 0.292 0.085 0.414
33072.000 0.292 0.154 0.022
33073.000 0.292 0.223 0.227
33074.000 0.292 0.292 0.488
33075.000 0.292 0.362 0.302
33076.000 0.292 0.431 0.458
33077.000 0.362 -0.400 0.194
33078.000 0.362 -0.331 0.242
33079.000 0.362 -0.262 0.276
33080.000 0.362 -0.192 0.017
33081.000 0.362 -0.123 0.352
33082.000 0.362 -0.054 0.359
33083.000 0.362 0.015 0.128
33084.000 0.362 0.085 0.447
33085.000 0.362 0.154 0.210
33086.000 0.362 0.223 0.298
33087.000 0.362 0.292 0.454
33088.000 0.362 0.362 0.475
33089.000 0.362 0.431 0.198
33090.000 0.431 -0.400 0.210
33091.000 0.431 -0.331 0.497
33092.000 0.431 -0.262 0.188
33093.000 0.431 -0.192 0.231
33094.000 0.431 -0.123 0.313
33095.000 0.431 -0.054 0.159
33096.000 0.431 0.015 0.333
33097.000 0.431 0.085 0.181
33098.000 0.431 0.154 0.406
33099.000 0.431 0.223 0.183
33100.000 0.431 0.292 0.257
33101.000 0.431 0.362 0.437
33102.000 0.431 0.431 0.492
