0.0028011204481792717 0.13965087281795513 0.06342780026990553 0.0 0.0
0.0 0.16708229426433915 0.058029689608636977 0.0 0.0
0.0014005602240896359 0.11596009975062345 0.07152496626180836 0.0013812154696132596 0.0
0.0 0.16209476309226933 0.07557354925775979 0.0013812154696132596 0.0
0.0 0.15336658354114713 0.08502024291497975 0.0013812154696132596 0.0
0.0014005602240896359 0.15211970074812967 0.06342780026990553 0.0013812154696132596 0.0
0.0070028011204481795 0.1770573566084788 0.07152496626180836 0.0 0.0
0.0014005602240896359 0.1433915211970075 0.07017543859649122 0.0 0.0
0.0 0.15087281795511223 0.05398110661268556 0.0 0.001364256480218281
0.0028011204481792717 0.1483790523690773 0.0796221322537112 0.0013812154696132596 0.0
0.0 0.18703241895261846 0.0796221322537112 0.0013812154696132596 0.0
0.0 0.14214463840399003 0.07422402159244265 0.0 0.0
0.0014005602240896359 0.17206982543640897 0.06612685560053981 0.0 0.0
0.0 0.11845386533665836 0.0553306342780027 0.0 0.0
0.0 0.15087281795511223 0.07827260458839407 0.0 0.0
0.0 0.14962593516209474 0.06477732793522267 0.0 0.0
0.0014005602240896359 0.15835411471321695 0.09581646423751687 0.0013812154696132596 0.0
0.0014005602240896359 0.18453865336658354 0.06072874493927126 0.0013812154696132596 0.0
0.0 0.16334164588528677 0.07422402159244265 0.0 0.0
0.004201680672268907 0.185785536159601 0.07287449392712551 0.0 0.0
0.0014005602240896359 0.13840399002493764 0.06747638326585695 0.0 0.0
0.0 0.14463840399002495 0.08906882591093118 0.0013812154696132596 0.0
0.0028011204481792717 0.17581047381546136 0.07017543859649122 0.0013812154696132596 0.0
0.0 0.18703241895261846 0.07827260458839407 0.0 0.0
0.0014005602240896359 0.1433915211970075 0.048582995951417005 0.0 0.0
0.0 0.20947630922693267 0.059379217273954114 0.0 0.0
0.0 0.19326683291770574 0.06072874493927126 0.0013812154696132596 0.0
0.004201680672268907 0.18453865336658354 0.07287449392712551 0.0013812154696132596 0.0
0.0 0.1708229426433915 0.06747638326585695 0.0013812154696132596 0.0
0.0028011204481792717 0.1596009975062344 0.05668016194331984 0.0013812154696132596 0.0
0.0014005602240896359 0.19326683291770574 0.06477732793522267 0.0 0.0
0.0 0.19077306733167082 0.07422402159244265 0.0 0.0
0.0 0.18952618453865339 0.06477732793522267 0.0 0.0
0.0014005602240896359 0.1882793017456359 0.07287449392712551 0.0 0.0
0.0014005602240896359 0.18079800498753118 0.06882591093117409 0.0 0.0
0.0056022408963585435 0.1708229426433915 0.07017543859649122 0.0013812154696132596 0.0
0.0 0.16209476309226933 0.058029689608636977 0.0 0.0
0.0 0.1882793017456359 0.04993252361673414 0.0 0.0
0.0028011204481792717 0.21072319201995013 0.06882591093117409 0.0 0.0
0.0014005602240896359 0.20199501246882792 0.07692307692307693 0.0 0.0
0.0 0.24688279301745636 0.10661268556005399 0.0 0.0
0.0014005602240896359 0.19950124688279303 0.07692307692307693 0.0 0.0
0.0 0.20698254364089777 0.06882591093117409 0.0 0.0
0.0014005602240896359 0.19201995012468828 0.07152496626180836 0.0 0.0
0.0028011204481792717 0.2007481296758105 0.10931174089068826 0.0 0.0
0.0014005602240896359 0.22443890274314215 0.10256410256410256 0.0 0.0
0.0014005602240896359 0.21072319201995013 0.07017543859649122 0.0 0.0
0.0014005602240896359 0.22693266832917705 0.08097165991902834 0.0013812154696132596 0.0
0.0 0.20947630922693267 0.0796221322537112 0.0 0.0
0.0 0.24189526184538654 0.09581646423751687 0.0 0.0
0.0014005602240896359 0.2668329177057357 0.09851551956815115 0.0 0.0
0.004201680672268907 0.2643391521197007 0.06612685560053981 0.0 0.0
0.0014005602240896359 0.2668329177057357 0.07017543859649122 0.0 0.0
0.0 0.27930174563591026 0.10931174089068826 0.0013812154696132596 0.0
0.0 0.3167082294264339 0.07557354925775979 0.0 0.0
0.0028011204481792717 0.3104738154613466 0.09581646423751687 0.0 0.0
0.0028011204481792717 0.3391521197007481 0.11201079622132254 0.0 0.0
0.0 0.3765586034912718 0.12280701754385966 0.0013812154696132596 0.0
0.0 0.341645885286783 0.07557354925775979 0.0 0.0
0.0014005602240896359 0.34663341645885287 0.08636977058029689 0.0 0.001364256480218281
0.0 0.37905236907730677 0.06747638326585695 0.0 0.0
0.0014005602240896359 0.3728179551122195 0.10661268556005399 0.0 0.0
0.0014005602240896359 0.4201995012468828 0.10931174089068826 0.0 0.0
0.0 0.4401496259351621 0.10121457489878542 0.0 0.0
0.0014005602240896359 0.4251870324189526 0.08097165991902834 0.0 0.0
0.0 0.4401496259351621 0.10931174089068826 0.0013812154696132596 0.0
0.0 0.44389027431421446 0.08367071524966262 0.0013812154696132596 0.0
0.0070028011204481795 0.47381546134663344 0.11605937921727395 0.0 0.0
0.0014005602240896359 0.5174563591022444 0.09176788124156546 0.0 0.0
0.0 0.5037406483790524 0.11875843454790823 0.0 0.0
0.0014005602240896359 0.5673316708229427 0.11470985155195682 0.0 0.0
0.0 0.5897755610972568 0.11336032388663968 0.0013812154696132596 0.0
0.0014005602240896359 0.5586034912718205 0.09176788124156546 0.0 0.0
0.0014005602240896359 0.5997506234413965 0.10256410256410256 0.0 0.0
0.0014005602240896359 0.5810473815461347 0.10526315789473685 0.0013812154696132596 0.0
0.0014005602240896359 0.6134663341645885 0.1282051282051282 0.0 0.0
0.0 0.6745635910224439 0.11470985155195682 0.0 0.0
0.0014005602240896359 0.6433915211970075 0.12280701754385966 0.0 0.0
0.0 0.6471321695760598 0.1106612685560054 0.0 0.0
0.0014005602240896359 0.6246882793017456 0.11605937921727395 0.0 0.0
0.0014005602240896359 0.6371571072319202 0.12685560053981107 0.0027624309392265192 0.0
0.0 0.7581047381546135 0.13630229419703102 0.0 0.0
0.0014005602240896359 0.7755610972568578 0.13360323886639675 0.0 0.0
0.0 0.8129675810473815 0.15654520917678813 0.0 0.0
0.0 0.7705735660847881 0.1484480431848853 0.0 0.0
0.0014005602240896359 0.7630922693266833 0.14170040485829957 0.0 0.0
0.0014005602240896359 0.7992518703241895 0.16464237516869096 0.0 0.0
0.0 0.8241895261845387 0.15114709851551958 0.0027624309392265192 0.0
0.0014005602240896359 0.8316708229426434 0.16059379217273953 0.0013812154696132596 0.0
0.0 0.8653366583541147 0.14304993252361672 0.0 0.0
0.0 0.9289276807980049 0.1390013495276653 0.0 0.0
0.0014005602240896359 0.9576059850374065 0.15114709851551958 0.0 0.0
0.0028011204481792717 0.942643391521197 0.1484480431848853 0.0 0.0
0.0 0.9850374064837905 0.12955465587044535 0.0013812154696132596 0.0
0.004201680672268907 1.0399002493765586 0.14979757085020243 0.0 0.0
0.0 1.0299251870324189 0.17139001349527663 0.0 0.0
0.0 1.0149625935162094 0.13225371120107962 0.0 0.0
0.0 1.128428927680798 0.22672064777327935 0.0013812154696132596 0.0
0.0 1.1408977556109725 0.18758434547908232 0.0 0.0
0.0028011204481792717 1.160847880299252 0.2010796221322537 0.0 0.0
0.0014005602240896359 1.1296758104738154 0.1862348178137652 0.0 0.0
0.0 0.03865336658354115 0.0 0.0 0.001364256480218281
0.0 0.041147132169576064 0.0 0.0 0.0
0.0 0.04239401496259351 0.0 0.0 0.0
0.0 0.031172069825436407 0.0 0.0013812154696132596 0.001364256480218281
0.0028011204481792717 1.174563591022444 0.2105263157894737 0.0 0.0
0.0 0.041147132169576064 0.0 0.0 0.0
0.0 0.041147132169576064 0.0 0.0 0.0
0.0 0.04488778054862843 0.0 0.0 0.0
0.0 0.03366583541147132 0.0 0.0 0.001364256480218281
0.0 0.8927680798004988 0.3468286099865047 0.0 0.0
0.0 0.05486284289276808 0.0 0.0 0.0
0.0 0.03865336658354115 0.0 0.0 0.0
0.0 0.03865336658354115 0.0 0.0 0.0
0.0 0.037406483790523685 0.0 0.0 0.0
0.0 1.1870324189526185 0.1862348178137652 0.0 0.0
0.0 0.059850374064837904 0.001349527665317139 0.0 0.0
0.0 0.04364089775561097 0.0 0.0 0.0
0.0 0.03491271820448878 0.0 0.0 0.0
0.0 0.037406483790523685 0.0 0.0 0.0
0.0014005602240896359 0.9389027431421446 0.30904183535762486 0.0013812154696132596 0.0
0.0 0.041147132169576064 0.0 0.0 0.0
0.0 0.028678304239401497 0.0 0.0 0.001364256480218281
0.0 0.02743142144638404 0.0 0.0 0.0
0.0 0.037406483790523685 0.0 0.0 0.0
0.0 0.05486284289276808 0.0 0.0 0.0
0.0 0.04239401496259351 0.0 0.0 0.0
0.0 0.03491271820448878 0.0 0.0 0.0
0.0 0.03865336658354115 0.0 0.0 0.0
0.0 0.0399002493765586 0.0 0.0 0.0
0.0 0.03366583541147132 0.0 0.0 0.0
0.0 0.8690773067331671 0.31039136302294196 0.0 0.0
0.0 0.8466334164588528 0.3535762483130904 0.0 0.0
0.0 0.9239401496259352 0.32388663967611336 0.0 0.0
0.0 0.8728179551122195 0.3036437246963563 0.0013812154696132596 0.001364256480218281
0.0 0.8728179551122195 0.32118758434547906 0.0013812154696132596 0.0
0.0 0.844139650872818 0.31713900134952766 0.0 0.0
0.0 0.915211970074813 0.368421052631579 0.0027624309392265192 0.0
0.0 0.8628428927680798 0.3184885290148448 0.0 0.0
0.0 0.8578553615960101 0.2941970310391363 0.0055248618784530384 0.0
0.0 0.8578553615960101 0.23751686909581646 0.0013812154696132596 0.0
0.0014005602240896359 0.844139650872818 0.29149797570850206 0.0013812154696132596 0.0
0.0 0.8952618453865336 0.28609986504723345 0.0 0.0
0.0014005602240896359 0.9339152119700749 0.3333333333333333 0.0 0.0
0.0 0.9064837905236908 0.3225371120107962 0.0 0.0
0.0 0.8915211970074813 0.31309041835357626 0.0013812154696132596 0.0
0.0014005602240896359 0.8728179551122195 0.3049932523616734 0.0 0.0
0.0014005602240896359 0.8615960099750624 0.31039136302294196 0.0 0.0
0.0 0.8703241895261846 0.29149797570850206 0.0027624309392265192 0.0
0.0 0.8591022443890274 0.32118758434547906 0.0013812154696132596 0.0
0.0014005602240896359 0.8578553615960101 0.2766531713900135 0.0027624309392265192 0.0
0.0 0.8291770573566084 0.3117408906882591 0.0013812154696132596 0.0
0.0 0.8129675810473815 0.300944669365722 0.004143646408839779 0.0
0.0 0.844139650872818 0.27125506072874495 0.0027624309392265192 0.001364256480218281
0.0014005602240896359 0.8428927680798005 0.29149797570850206 0.004143646408839779 0.0
0.0014005602240896359 0.8341645885286784 0.31039136302294196 0.0013812154696132596 0.001364256480218281
0.0 0.8453865336658354 0.31713900134952766 0.0 0.0
0.0014005602240896359 0.8753117206982544 0.25371120107962214 0.0 0.0
0.0 0.8802992518703242 0.2807017543859649 0.0013812154696132596 0.0
0.0 0.7780548628428927 0.2941970310391363 0.0 0.0
0.0 0.8915211970074813 0.3036437246963563 0.0 0.0
0.0 0.8316708229426434 0.24291497975708504 0.0 0.0
0.0 0.830423940149626 0.2361673414304993 0.0027624309392265192 0.0
0.0 0.8503740648379052 0.2901484480431849 0.0 0.0
0.0 0.7955112219451371 0.2672064777327935 0.0027624309392265192 0.0
0.0014005602240896359 0.8092269326683292 0.26450742240215924 0.0 0.0
0.0014005602240896359 0.8154613466334165 0.2780026990553306 0.0 0.0
0.0 0.814214463840399 0.30904183535762486 0.0027624309392265192 0.0
0.0014005602240896359 0.8241895261845387 0.24696356275303644 0.0013812154696132596 0.0
0.0 0.7980049875311721 0.252361673414305 0.0013812154696132596 0.0
0.0014005602240896359 0.8316708229426434 0.23481781376518218 0.0 0.0
0.0 0.8241895261845387 0.26450742240215924 0.0013812154696132596 0.0
0.0 0.8541147132169576 0.2672064777327935 0.0013812154696132596 0.001364256480218281
0.0 0.8179551122194514 0.31713900134952766 0.0 0.0
0.0 0.8391521197007481 0.23346828609986503 0.004143646408839779 0.0
0.0 0.8428927680798005 0.27260458839406204 0.0 0.0
0.0 0.8092269326683292 0.23076923076923075 0.0013812154696132596 0.0
0.0 0.7705735660847881 0.2941970310391363 0.0013812154696132596 0.0
0.0 0.8453865336658354 0.26450742240215924 0.0027624309392265192 0.0
0.0 0.7892768079800498 0.252361673414305 0.0 0.0
0.0 0.8341645885286784 0.28205128205128205 0.0 0.0
0.0 0.8241895261845387 0.2941970310391363 0.0013812154696132596 0.0
0.0 0.8129675810473815 0.26855600539811064 0.0013812154696132596 0.0
0.0014005602240896359 0.8628428927680798 0.28609986504723345 0.0013812154696132596 0.0
0.0 0.8254364089775561 0.23481781376518218 0.0027624309392265192 0.0
0.0 0.8104738154613466 0.2496626180836707 0.0 0.0
0.0014005602240896359 0.8428927680798005 0.2078272604588394 0.0013812154696132596 0.0
0.0 0.7967581047381547 0.22267206477732793 0.0013812154696132596 0.0
0.0 0.8541147132169576 0.27935222672064774 0.0 0.0
0.0 0.8279301745635911 0.19163292847503374 0.0027624309392265192 0.0
0.0 0.830423940149626 0.2496626180836707 0.0 0.0
0.0014005602240896359 0.7917705735660848 0.27125506072874495 0.0013812154696132596 0.0
0.0 0.8279301745635911 0.26450742240215924 0.004143646408839779 0.0
0.0014005602240896359 0.8603491271820449 0.2941970310391363 0.0013812154696132596 0.0
0.0 0.8603491271820449 0.27935222672064774 0.0 0.0
0.0 0.8566084788029925 0.25101214574898784 0.0 0.0
0.0 0.8491271820448878 0.2874493927125506 0.0 0.0
0.0014005602240896359 0.8379052369077307 0.2456140350877193 0.0013812154696132596 0.0
0.0014005602240896359 0.8266832917705735 0.2550607287449393 0.0013812154696132596 0.0
0.0014005602240896359 0.8952618453865336 0.2874493927125506 0.008287292817679558 0.0
0.0014005602240896359 0.8740648379052368 0.23076923076923075 0.0 0.0
0.0014005602240896359 0.8092269326683292 0.21727395411605938 0.0 0.0
0.0 0.8204488778054863 0.27125506072874495 0.0 0.0
0.0 0.8192019950124689 0.30634278002699056 0.0 0.0
0.0 0.8403990024937656 0.2631578947368421 0.0 0.0
0.0 0.8229426433915211 0.27260458839406204 0.0 0.0
0.0 0.8354114713216958 0.26855600539811064 0.0027624309392265192 0.0
0.0014005602240896359 0.8254364089775561 0.25371120107962214 0.0 0.0
0.0 0.7768079800498754 0.23886639676113358 0.0 0.0
0.0 0.8915211970074813 0.3265856950067476 0.004143646408839779 0.0
0.0 0.8379052369077307 0.22267206477732793 0.0 0.0
0.0014005602240896359 0.8179551122194514 0.25101214574898784 0.0 0.0
0.0 0.8516209476309227 0.2874493927125506 0.0 0.0
0.0014005602240896359 0.8553615960099751 0.24156545209176788 0.0 0.001364256480218281
0.0 0.8466334164588528 0.2564102564102564 0.0 0.0
0.0 0.8703241895261846 0.26180836707152494 0.006906077348066298 0.0
0.0014005602240896359 0.7917705735660848 0.23751686909581646 0.0027624309392265192 0.0
0.0 0.7992518703241895 0.28205128205128205 0.0 0.001364256480218281
0.0 0.8316708229426434 0.28205128205128205 0.0013812154696132596 0.0
0.0028011204481792717 0.8391521197007481 0.252361673414305 0.0027624309392265192 0.0
0.0 0.8204488778054863 0.21322537112010798 0.0 0.0
0.0014005602240896359 0.8428927680798005 0.24021592442645076 0.0 0.0
0.0014005602240896359 0.8391521197007481 0.22267206477732793 0.0 0.0
0.0 0.8117206982543641 0.2658569500674764 0.0 0.0
0.0 0.8329177057356608 0.25775978407557354 0.0013812154696132596 0.0
0.0 0.8366583541147132 0.2361673414304993 0.0 0.0
0.0 0.800498753117207 0.2321187584345479 0.0 0.0
0.0 0.7593516209476309 0.21862348178137653 0.0013812154696132596 0.0
0.0014005602240896359 0.8266832917705735 0.27260458839406204 0.0 0.0
0.0014005602240896359 0.8541147132169576 0.26855600539811064 0.0013812154696132596 0.0
