32935.000 -0.400 -0.400 0.032
32936.000 -0.400 -0.331 0.404
32937.000 -0.400 -0.262 0.254
32938.000 -0.400 -0.192 0.492
32939.000 -0.400 -0.123 0.147
32940.000 -0.400 -0.054 0.214
32941.000 -0.400 0.015 0.117
32942.000 -0.400 0.085 0.147
32943.000 -0.400 0.154 0.360
32944.000 -0.400 0.223 0.138
32945.000 -0.400 0.292 0.380
32946.000 -0.400 0.362 0.081
32947.000 -0.400 0.431 0.263
32948.000 -0.331 -0.400 0.137
32949.000 -0.331 -0.331 0.027
32950.000 -0.331 -0.262 0.455
32951.000 -0.331 -0.192 0.306
32952.000 -0.331 -0.123 0.390
32953.000 -0.331 -0.054 0.281
32954.000 -0.331 0.015 0.206
32955.000 -0.331 0.085 0.054
32956.000 -0.331 0.154 0.224
32957.000 -0.331 0.223 0.316
32958.000 -0.331 0.292 0.008
32959.000 -0.331 0.362 0.262
32960.000 -0.331 0.431 0.276
32961.000 -0.262 -0.400 0.000
32962.000 -0.262 -0.331 0.263
32963.000 -0.262 -0.262 0.101
32964.000 -0.262 -0.192 0.128
32965.000 -0.262 -0.123 0.308
32966.000 -0.262 -0.054 0.080
32967.000 -0.262 0.015 0.354
32968.000 -0.262 0.085 0.406
32969.000 -0.262 0.154 0.274
32970.000 -0.262 0.223 0.170
32971.000 -0.262 0.292 0.353
32972.000 -0.262 0.362 0.063
32973.000 -0.262 0.431 0.313
32974.000 -0.192 -0.400 0.171
32975.000 -0.192 -0.331 0.006
32976.000 -0.192 -0.262 0.119
32977.000 -0.192 -0.192 0.258
32978.000 -0.192 -0.123 0.092
32979.000 -0.192 -0.054 0.291
32980.000 -0.192 0.015 0.120
32981.000 -0.192 0.085 0.159
32982.000 -0.192 0.154 0.009
32983.000 -0.192 0.223 0.329
32984.000 -0.192 0.292 0.329
32985.000 -0.192 0.362 0.241
32986.000 -0.192 0.431 0.012
32987.000 -0.123 -0.400 0.445
32988.000 -0.123 -0.331 0.152
32989.000 -0.123 -0.262 0.274
32990.000 -0.123 -0.192 0.100
32991.000 -0.123 -0.123 0.143
32992.000 -0.123 -0.054 0.391
32993.000 -0.123 0.015 0.096
32994.000 -0.123 0.085 0.220
32995.000 -0.123 0.154 0.458
32996.000 -0.123 0.223 0.228
32997.000 -0.123 0.292 0.143
32998.000 -0.123 0.362 0.450
32999.000 -0.123 0.431 0.445
33000.000 -0.054 -0.400 0.151
33001.000 -0.054 -0.331 0.018
33002.000 -0.054 -0.262 0.489
33003.000 -0.054 -0.192 0.412
33004.000 -0.054 -0.123 0.408
33005.000 -0.054 -0.054 0.131
33006.000 -0.054 0.015 0.423
33007.000 -0.054 0.085 0.314
33008.000 -0.054 0.154 0.190
33009.000 -0.054 0.223 0.123
33010.000 -0.054 0.292 0.022
33011.000 -0.054 0.362 0.172
33012.000 -0.054 0.431 0.182
33013.000 0.015 -0.400 0.327
33014.000 0.015 -0.331 0.208
33015.000 0.015 -0.262 0.227
33016.000 0.015 -0.192 0.184
33017.000 0.015 -0.123 0.357
33018.000 0.015 -0.054 0.420
33019.000 0.015 0.015 0.081
33020.000 0.015 0.085 0.145
33021.000 0.015 0.154 0.049
33022.000 0.015 0.223 0.356
33023.000 0.015 0.292 0.008
33024.000 0.015 0.362 0.317
33025.000 0.085 -0.400 0.343
33026.000 0.085 -0.331 0.159
33027.000 0.085 -0.262 0.341
33028.000 0.085 -0.192 0.030
33029.000 0.085 -0.123 0.393
33030.000 0.085 -0.054 0.215
33031.000 0.085 0.015 0.047
33032.000 0.085 0.085 0.172
33033.000 0.085 0.154 0.248
33034.000 0.085 0.223 0.091
33035.000 0.085 0.292 0.413
33036.000 0.085 0.362 0.323
33037.000 0.085 0.431 0.400
33038.000 0.154 -0.400 0.031
33039.000 0.154 -0.331 0.021
33040.000 0.154 -0.262 0.063
33041.000 0.154 -0.192 0.455
33042.000 0.154 -0.123 0.210
33043.000 0.154 -0.054 0.448
33044.000 0.154 0.015 0.125
33045.000 0.154 0.085 0.176
33046.000 0.154 0.154 0.029
33047.000 0.154 0.223 0.396
33048.000 0.154 0.292 0.439
33049.000 0.154 0.362 0.282
33050.000 0.154 0.431 0.137
33051.000 0.223 -0.400 0.105
33052.000 0.223 -0.331 0.398
33053.000 0.223 -0.262 0.481
33054.000 0.223 -0.192 0.300
33055.000 0.223 -0.123 0.446
33056.000 0.223 -0.054 0.082
33057.000 0.223 0.015 0.048
33058.000 0.223 0.085 0.458
33059.000 0.223 0.154 0.263
33060.000 0.223 0.223 0.063
33061.000 0.223 0.292 0.068
33062.000 0.223 0.362 0.081
33063.000 0.223 0.431 0.108
33064.000 0.292 -0.400 0.202
33065.000 0.292 -0.331 0.038
33066.000 0.292 -0.262 0.412
33067.000 0.292 -0.192 0.328
33068.000 0.292 -0.123 0.072
33069.000 0.292 -0.054 0.487
33070.000 0.292 0.015 0.008
33071.000 0.292 0.085 0.345
33072.000 0.292 0.154 0.444
33073.000 0.292 0.223 0.026
33074.000 0.292 0.292 0.431
33075.000 0.292 0.362 0.430
33076.000 0.292 0.431 0.314
33077.000 0.362 -0.400 0.414
33078.000 0.362 -0.331 0.009
33079.000 0.362 -0.262 0.194
33080.000 0.362 -0.192 0.391
33081.000 0.362 -0.123 0.180
33082.000 0.362 -0.054 0.089
33083.000 0.362 0.015 0.151
33084.000 0.362 0.085 0.377
33085.000 0.362 0.154 0.227
33086.000 0.362 0.223 0.451
33087.000 0.362 0.292 0.439
33088.000 0.362 0.362 0.195
33089.000 0.362 0.431 0.464
33090.000 0.431 -0.400 0.357
33091.000 0.431 -0.331 0.487
33092.000 0.431 -0.262 0.017
33093.000 0.431 -0.192 0.435
33094.000 0.431 -0.123 0.290
33095.000 0.431 -0.054 0.473
33096.000 0.431 0.015 0.035
33097.000 0.431 0.085 0.335
33098.000 0.431 0.154 0.043
33099.000 0.431 0.223 0.445
33100.000 0.431 0.292 0.413
33101.000 0.431 0.362 0.172
33102.000 0.431 0.431 0.468
