0.0 0.17366946778711484 0.07681755829903977 0.0 0.0
0.0 0.13865546218487396 0.04801097393689986 0.0 0.0
0.0 0.1904761904761905 0.07133058984910837 0.0028776978417266188 0.0
0.0 0.1400560224089636 0.042524005486968455 0.0 0.0
0.0 0.16106442577030813 0.06035665294924555 0.0 0.0
0.0 0.17647058823529413 0.06035665294924555 0.0 0.0
0.0 0.17086834733893558 0.05898491083676269 0.0014388489208633094 0.0
0.0 0.18627450980392157 0.0617283950617284 0.0014388489208633094 0.0
0.0 0.19467787114845939 0.0644718792866941 0.0 0.0
0.0 0.226890756302521 0.04526748971193416 0.0014388489208633094 0.0
0.0 0.12464985994397758 0.0617283950617284 0.0 0.0
0.0014684287812041115 0.2030812324929972 0.07544581618655694 0.0014388489208633094 0.0
0.0 0.2030812324929972 0.07544581618655694 0.0014388489208633094 0.0
0.0 0.21008403361344538 0.09739368998628258 0.0 0.0
0.0 0.15826330532212884 0.07270233196159122 0.0 0.0
0.0 0.18067226890756302 0.06995884773662552 0.0 0.0
0.0 0.19327731092436976 0.09190672153635117 0.0014388489208633094 0.0
0.0 0.2072829131652661 0.0644718792866941 0.0 0.0
0.0 0.18487394957983191 0.05624142661179698 0.0 0.0
0.0014684287812041115 0.2338935574229692 0.05898491083676269 0.0 0.0
0.0 0.18907563025210083 0.07133058984910837 0.0 0.0
0.002936857562408223 0.2338935574229692 0.0644718792866941 0.0014388489208633094 0.0
0.0 0.1792717086834734 0.0823045267489712 0.0 0.0
0.0 0.21708683473389356 0.10150891632373114 0.0 0.0
0.0 0.2927170868347339 0.07956104252400548 0.0 0.0
0.002936857562408223 0.19607843137254902 0.0823045267489712 0.0 0.0
0.0014684287812041115 0.21568627450980393 0.06995884773662552 0.0 0.0
0.0014684287812041115 0.3067226890756303 0.08916323731138545 0.0 0.0
0.0014684287812041115 0.24369747899159666 0.07133058984910837 0.0 0.0
0.0014684287812041115 0.26750700280112044 0.09465020576131687 0.0 0.0
0.0 0.23249299719887956 0.07133058984910837 0.0 0.0
0.0 0.22829131652661067 0.07544581618655694 0.0 0.0
0.0 0.30392156862745096 0.07407407407407407 0.0 0.0
0.0 0.2507002801120448 0.07544581618655694 0.0 0.0
0.0 0.2773109243697479 0.08093278463648834 0.0 0.0
0.0014684287812041115 0.2815126050420168 0.11522633744855966 0.0 0.0
0.0 0.25210084033613445 0.08093278463648834 0.0 0.0
0.0 0.3249299719887955 0.08641975308641975 0.0 0.0
0.0 0.3025210084033613 0.11248285322359396 0.0 0.0
0.0 0.3151260504201681 0.13717421124828533 0.0 0.0
0.0014684287812041115 0.31092436974789917 0.09602194787379972 0.0 0.0
0.004405286343612334 0.3277310924369748 0.07270233196159122 0.0 0.0014450867052023123
0.0 0.3557422969187675 0.09602194787379972 0.0 0.0
0.0 0.29971988795518206 0.07956104252400548 0.004316546762589928 0.0
0.0 0.3319327731092437 0.10150891632373114 0.0 0.0
0.0014684287812041115 0.33753501400560226 0.09053497942386832 0.0014388489208633094 0.0
0.0 0.3753501400560224 0.11796982167352538 0.0 0.0
0.0 0.37675070028011204 0.11659807956104253 0.0014388489208633094 0.0
0.0014684287812041115 0.3641456582633053 0.11934156378600823 0.0 0.0
0.0 0.396358543417367 0.1234567901234568 0.0 0.0
0.0 0.3907563025210084 0.13031550068587106 0.0 0.0
0.0 0.4649859943977591 0.13031550068587106 0.0 0.0
0.0 0.42436974789915966 0.102880658436214 0.0 0.0
0.0 0.4173669467787115 0.12482853223593965 0.0 0.0
0.0 0.48179271708683474 0.13580246913580246 0.0 0.0
0.0014684287812041115 0.3907563025210084 0.12482853223593965 0.0 0.0
0.0 0.47478991596638653 0.14128943758573387 0.0014388489208633094 0.0
0.0 0.44677871148459386 0.13443072702331962 0.0 0.0014450867052023123
0.0014684287812041115 0.5154061624649859 0.12482853223593965 0.0014388489208633094 0.0
0.0 0.4873949579831933 0.16872427983539096 0.0 0.0
0.0014684287812041115 0.5952380952380953 0.13443072702331962 0.0 0.0
0.0014684287812041115 0.5672268907563025 0.15912208504801095 0.0 0.0
0.0014684287812041115 0.5798319327731093 0.1522633744855967 0.0 0.0
0.0 0.5532212885154061 0.13168724279835392 0.0014388489208633094 0.0
0.0 0.6792717086834734 0.18381344307270234 0.0 0.0
0.0014684287812041115 0.6554621848739496 0.15363511659807955 0.0014388489208633094 0.0
0.0014684287812041115 0.7086834733893557 0.15775034293552814 0.0014388489208633094 0.0
0.0014684287812041115 0.7226890756302521 0.16323731138545955 0.0 0.0
0.0014684287812041115 0.6400560224089635 0.18244170096021947 0.0014388489208633094 0.0
0.0 0.7857142857142857 0.17558299039780523 0.0 0.0
0.0 0.7030812324929973 0.18106995884773663 0.0014388489208633094 0.0
0.0 0.7198879551820728 0.18381344307270234 0.0028776978417266188 0.0
0.0 0.7857142857142857 0.16872427983539096 0.0 0.0
0.0 0.8557422969187675 0.1783264746227709 0.0 0.0
0.0 0.8081232492997199 0.2112482853223594 0.0 0.0
0.0 0.8557422969187675 0.18381344307270234 0.0014388489208633094 0.0
0.0 0.8823529411764707 0.19478737997256515 0.0 0.0
0.0 0.8725490196078431 0.1934156378600823 0.0 0.0
0.0014684287812041115 0.9425770308123249 0.2030178326474623 0.0 0.0
0.0 0.9117647058823529 0.21810699588477367 0.0 0.0
0.0 1.0588235294117647 0.2085048010973937 0.0 0.0
0.0 1.0630252100840336 0.2606310013717421 0.0 0.0
0.0014684287812041115 1.0434173669467788 0.23456790123456792 0.0 0.0
0.0014684287812041115 1.1484593837535013 0.23593964334705075 0.0014388489208633094 0.0
0.0 1.0714285714285714 0.22222222222222224 0.0 0.0
0.0 1.107843137254902 0.23456790123456792 0.0 0.0
0.0014684287812041115 1.1680672268907561 0.2716049382716049 0.0 0.0
0.0014684287812041115 1.1792717086834734 0.25102880658436216 0.0014388489208633094 0.0
0.0 1.1820728291316527 0.25925925925925924 0.0028776978417266188 0.0
0.002936857562408223 1.2633053221288515 0.252400548696845 0.0 0.0
0.0 1.2773109243697478 0.24554183813443073 0.0 0.0
0.0 1.3711484593837535 0.2770919067215364 0.0 0.0
0.0 1.23109243697479 0.27983539094650206 0.0 0.0
0.0014684287812041115 1.4607843137254901 0.27434842249657065 0.0 0.0
0.0 1.3557422969187674 0.28532235939643347 0.0 0.0
0.0 1.3445378151260505 0.3045267489711934 0.0014388489208633094 0.0
0.0014684287812041115 1.4817927170868348 0.30864197530864196 0.0 0.0
0.0014684287812041115 1.5658263305322129 0.3100137174211248 0.0 0.0
0.0 1.5294117647058825 0.3333333333333333 0.0 0.0014450867052023123
0.0 1.6974789915966386 0.299039780521262 0.0 0.0
0.0 1.7619047619047619 0.34019204389574764 0.0 0.0
0.0 0.07282913165266107 0.03566529492455418 0.0 0.0
0.0 0.07282913165266107 0.028806584362139915 0.0 0.0
0.0 0.07983193277310924 0.02606310013717421 0.0 0.0
0.0014684287812041115 0.07282913165266107 0.019204389574759943 0.0 0.0
0.0 1.6862745098039216 0.3566529492455418 0.0014388489208633094 0.0
0.0 0.07142857142857144 0.03566529492455418 0.0 0.0
0.0 0.07563025210084033 0.027434842249657063 0.0 0.0
0.0 0.07563025210084033 0.03292181069958848 0.0 0.0
0.0 0.06722689075630252 0.023319615912208505 0.0 0.0014450867052023123
0.0 1.299719887955182 0.45267489711934156 0.0014388489208633094 0.0
0.0 0.058823529411764705 0.024691358024691357 0.0 0.0
0.0 0.09523809523809525 0.024691358024691357 0.0 0.0
0.0 0.06582633053221289 0.03978052126200274 0.0 0.0
0.0 0.07983193277310924 0.01783264746227709 0.0 0.0
0.002936857562408223 1.665266106442577 0.3072702331961591 0.0 0.0
0.0 0.0784313725490196 0.023319615912208505 0.0 0.0
0.0014684287812041115 0.0896358543417367 0.03155006858710562 0.0 0.0
0.0 0.07703081232492998 0.012345679012345678 0.0 0.0
0.0 0.10084033613445378 0.02606310013717421 0.0 0.0
0.0 1.2913165266106443 0.5377229080932785 0.0014388489208633094 0.0
0.0 0.058823529411764705 0.015089163237311387 0.0014388489208633094 0.0
0.0 0.07282913165266107 0.03429355281207133 0.0 0.0
0.0 0.08683473389355742 0.03566529492455418 0.0 0.0
0.0 0.07282913165266107 0.024691358024691357 0.0 0.0014450867052023123
0.0 0.0896358543417367 0.0205761316872428 0.0 0.0
0.0 0.0784313725490196 0.03155006858710562 0.0 0.0
0.0 0.07983193277310924 0.03292181069958848 0.0 0.0
0.0 0.09943977591036415 0.027434842249657063 0.0 0.0
0.0 0.07563025210084033 0.01783264746227709 0.0 0.0
0.0 0.056022408963585436 0.023319615912208505 0.0 0.0
0.0 1.3123249299719888 0.46502057613168724 0.0 0.0
0.0 1.319327731092437 0.4732510288065843 0.0014388489208633094 0.0
0.0 1.280112044817927 0.4705075445816187 0.0 0.0
0.0 1.2745098039215688 0.4444444444444445 0.004316546762589928 0.0014450867052023123
0.0 1.2450980392156863 0.4622770919067215 0.0 0.0
0.0014684287812041115 1.3039215686274508 0.46090534979423864 0.0028776978417266188 0.0
0.0 1.2661064425770308 0.4156378600823045 0.0 0.0
0.0 1.3459383753501402 0.4663923182441701 0.0014388489208633094 0.0
0.0 1.30812324929972 0.43072702331961593 0.0014388489208633094 0.0
0.0 1.2226890756302522 0.44170096021947874 0.0014388489208633094 0.0
0.0 1.2450980392156863 0.43072702331961593 0.0 0.0
0.0 1.2605042016806725 0.48696844993141286 0.0 0.0
0.0 1.3067226890756303 0.4320987654320988 0.0 0.0
0.0014684287812041115 1.2871148459383754 0.44718792866941015 0.0 0.0
0.0 1.2478991596638656 0.4554183813443073 0.0014388489208633094 0.0
0.0 1.2745098039215688 0.40877914951989025 0.0014388489208633094 0.0
0.0 1.2394957983193278 0.4170096021947874 0.0 0.0
0.0 1.2605042016806725 0.5020576131687243 0.0 0.0
0.0 1.2605042016806725 0.42386831275720166 0.0014388489208633094 0.0
0.0 1.2002801120448179 0.39094650205761317 0.0 0.0
0.0 1.2549019607843137 0.45679012345679015 0.0014388489208633094 0.0
0.0 1.2156862745098038 0.39643347050754457 0.0014388489208633094 0.0
0.0 1.2605042016806725 0.3676268861454047 0.0 0.0
0.0 1.2787114845938377 0.40329218106995884 0.004316546762589928 0.0
0.0 1.1904761904761907 0.4224965706447188 0.0 0.0
0.002936857562408223 1.2324929971988796 0.3566529492455418 0.0 0.0
0.0 1.2717086834733893 0.3731138545953361 0.0 0.0
0.0014684287812041115 1.2450980392156863 0.4348422496570645 0.0014388489208633094 0.0
0.0 1.2226890756302522 0.43072702331961593 0.0014388489208633094 0.0
0.0 1.3123249299719888 0.4430727023319616 0.0014388489208633094 0.0
0.0014684287812041115 1.2605042016806725 0.4060356652949246 0.0 0.0
0.0 1.2549019607843137 0.39780521262002744 0.0 0.0014450867052023123
0.0 1.242296918767507 0.3840877914951989 0.0 0.0
0.0 1.1792717086834734 0.37037037037037035 0.0 0.0
0.0 1.246498599439776 0.3484224965706447 0.0 0.0
0.0 1.2128851540616248 0.38271604938271603 0.0014388489208633094 0.0
0.0 1.142857142857143 0.3758573388203018 0.0 0.0
0.0 1.1820728291316527 0.3758573388203018 0.0 0.0
0.0014684287812041115 1.1596638655462186 0.37997256515775035 0.0014388489208633094 0.0014450867052023123
0.0 1.1862745098039216 0.35802469135802467 0.0 0.0
0.0 1.2170868347338937 0.401920438957476 0.0014388489208633094 0.0
0.0 1.1834733893557423 0.3840877914951989 0.0028776978417266188 0.0
0.0 1.165266106442577 0.3717421124828532 0.0014388489208633094 0.0
0.0 1.1862745098039216 0.3786008230452675 0.0 0.0
0.0 1.1708683473389356 0.3868312757201646 0.0014388489208633094 0.0
0.0 1.19187675070028 0.3689986282578875 0.0014388489208633094 0.0
0.0 1.208683473389356 0.3936899862825789 0.0014388489208633094 0.0
0.0014684287812041115 1.207282913165266 0.38134430727023316 0.0 0.0
0.0014684287812041115 1.19187675070028 0.31961591220850477 0.0 0.0
0.0 1.1568627450980393 0.3566529492455418 0.0 0.0
0.0 1.1988795518207283 0.38134430727023316 0.0014388489208633094 0.0
0.0 1.1540616246498598 0.37037037037037035 0.0014388489208633094 0.0
0.0 1.173669467787115 0.3868312757201646 0.0 0.0
0.0 1.226890756302521 0.3689986282578875 0.0014388489208633094 0.0014450867052023123
0.0 1.23109243697479 0.3676268861454047 0.0014388489208633094 0.0
0.002936857562408223 1.1680672268907561 0.39094650205761317 0.0014388489208633094 0.0
0.0 1.2324929971988796 0.39643347050754457 0.0014388489208633094 0.0
0.0 1.1638655462184873 0.3950617283950617 0.0014388489208633094 0.0
0.0 1.2703081232492999 0.39780521262002744 0.0 0.0
0.0 1.1932773109243697 0.3689986282578875 0.0014388489208633094 0.0
0.0014684287812041115 1.1666666666666667 0.345679012345679 0.0014388489208633094 0.0
0.0 1.1134453781512605 0.3758573388203018 0.0 0.0
0.0 1.1148459383753502 0.38545953360768176 0.0 0.0
0.002936857562408223 1.1274509803921569 0.36351165980795613 0.0 0.0
0.0014684287812041115 1.112044817927171 0.34156378600823045 0.0 0.0
0.0 1.2324929971988796 0.39780521262002744 0.0 0.0
0.0 1.19187675070028 0.36213991769547327 0.0014388489208633094 0.0
0.0 1.2198879551820727 0.38134430727023316 0.0028776978417266188 0.0
0.0014684287812041115 1.1862745098039216 0.3607681755829904 0.0 0.0
0.0 1.165266106442577 0.36488340192043894 0.0 0.0
0.0 1.173669467787115 0.3882030178326475 0.0 0.0
0.0 1.2226890756302522 0.3772290809327846 0.004316546762589928 0.0
0.0 1.165266106442577 0.36213991769547327 0.0028776978417266188 0.0
0.0014684287812041115 1.176470588235294 0.401920438957476 0.0014388489208633094 0.0
0.0 1.1820728291316527 0.3717421124828532 0.0028776978417266188 0.0
0.002936857562408223 1.110644257703081 0.3566529492455418 0.0 0.0
0.0 1.2240896358543416 0.3689986282578875 0.0 0.0
0.0014684287812041115 1.1260504201680672 0.3388203017832648 0.0 0.0
0.0 1.1288515406162465 0.36213991769547327 0.0014388489208633094 0.0
0.0 1.1988795518207283 0.355281207133059 0.0 0.0
0.0 1.2521008403361344 0.3868312757201646 0.0014388489208633094 0.0
0.0 1.1288515406162465 0.3443072702331961 0.0 0.0
0.0 1.2016806722689075 0.36351165980795613 0.0 0.0
0.0 1.1596638655462186 0.3484224965706447 0.0014388489208633094 0.0
0.0 1.208683473389356 0.4074074074074074 0.0 0.0
0.0014684287812041115 1.1260504201680672 0.3525377229080933 0.0 0.0
0.0 1.180672268907563 0.3566529492455418 0.0014388489208633094 0.0
0.0 1.1554621848739497 0.40329218106995884 0.0014388489208633094 0.0
0.0 1.2016806722689075 0.38271604938271603 0.0028776978417266188 0.0
0.0 1.1638655462184873 0.3758573388203018 0.0 0.0
0.0 1.1862745098039216 0.3525377229080933 0.0 0.0
0.0 1.211484593837535 0.3717421124828532 0.0014388489208633094 0.0
0.0 1.1876750700280112 0.3676268861454047 0.0 0.0
0.0 1.1834733893557423 0.3525377229080933 0.0 0.0
0.0 1.1246498599439776 0.35802469135802467 0.0014388489208633094 0.0014450867052023123
0.0014684287812041115 1.1666666666666667 0.3607681755829904 0.0 0.0
0.0 1.1904761904761907 0.35939643347050754 0.0 0.0
0.002936857562408223 1.2226890756302522 0.38134430727023316 0.0 0.0
0.0 1.2282913165266105 0.3991769547325103 0.004316546762589928 0.0
