0.0014684287812041115 0.18627450980392157 0.0644718792866941 0.0 0.0
0.0014684287812041115 0.17647058823529413 0.04801097393689986 0.0014388489208633094 0.0
0.0 0.1834733893557423 0.04938271604938271 0.0 0.0
0.0 0.16806722689075632 0.04526748971193416 0.0 0.0
0.0 0.15546218487394958 0.04389574759945131 0.0 0.0
0.0 0.14565826330532214 0.05075445816186557 0.0 0.0
0.0 0.16106442577030813 0.0617283950617284 0.0 0.0
0.0014684287812041115 0.18207282913165265 0.0411522633744856 0.0014388489208633094 0.0
0.0 0.2030812324929972 0.05212620027434842 0.0 0.0
0.0 0.21288515406162464 0.04663923182441701 0.0 0.0
0.0 0.11064425770308124 0.03292181069958848 0.0 0.0
0.0 0.18907563025210083 0.06310013717421124 0.0014388489208633094 0.0
0.0014684287812041115 0.1988795518207283 0.06858710562414266 0.0 0.0
0.0 0.2072829131652661 0.05486968449931413 0.0 0.0
0.0 0.15126050420168066 0.05761316872427983 0.0 0.0
0.0 0.15406162464985995 0.037037037037037035 0.0 0.0
0.0 0.17787114845938376 0.07544581618655694 0.0 0.0
0.0 0.13165266106442577 0.05898491083676269 0.0 0.0
0.0014684287812041115 0.13585434173669467 0.04801097393689986 0.0 0.0
0.0 0.2072829131652661 0.03840877914951989 0.0 0.0
0.0014684287812041115 0.14985994397759103 0.07544581618655694 0.0 0.0
0.0014684287812041115 0.18627450980392157 0.05212620027434842 0.0014388489208633094 0.0
0.0 0.1484593837535014 0.05624142661179698 0.0 0.0
0.0 0.17366946778711484 0.07133058984910837 0.0 0.0
0.0 0.18627450980392157 0.04663923182441701 0.0 0.0
0.0 0.16526610644257705 0.04389574759945131 0.0 0.0
0.0 0.13585434173669467 0.05212620027434842 0.0028776978417266188 0.0
0.0 0.1792717086834734 0.05486968449931413 0.0 0.0
0.0 0.15406162464985995 0.05486968449931413 0.0 0.0
0.0014684287812041115 0.12885154061624648 0.04663923182441701 0.0 0.0
0.0 0.14985994397759103 0.04801097393689986 0.0014388489208633094 0.0
0.0 0.1330532212885154 0.04801097393689986 0.0 0.0
0.0014684287812041115 0.16806722689075632 0.03840877914951989 0.0 0.0
0.0 0.12605042016806722 0.06858710562414266 0.0014388489208633094 0.0
0.0 0.11484593837535013 0.04663923182441701 0.0014388489208633094 0.0
0.0014684287812041115 0.19467787114845939 0.05486968449931413 0.0 0.0
0.0014684287812041115 0.17086834733893558 0.053497942386831275 0.0 0.0
0.0 0.15966386554621848 0.05898491083676269 0.0 0.0
0.0 0.15126050420168066 0.03978052126200274 0.0 0.0
0.0 0.16246498599439774 0.07407407407407407 0.0 0.0
0.0014684287812041115 0.17647058823529413 0.037037037037037035 0.0 0.0
0.0014684287812041115 0.14565826330532214 0.042524005486968455 0.0 0.0
0.0 0.14565826330532214 0.03566529492455418 0.0 0.0
0.0 0.1484593837535014 0.04938271604938271 0.0 0.0
0.0014684287812041115 0.16106442577030813 0.04526748971193416 0.0014388489208633094 0.0
0.0 0.15266106442577032 0.03978052126200274 0.0 0.0
0.0014684287812041115 0.17787114845938376 0.04526748971193416 0.0 0.0
0.0 0.16246498599439774 0.06035665294924555 0.0014388489208633094 0.0
0.002936857562408223 0.1092436974789916 0.04526748971193416 0.0014388489208633094 0.0
0.0 0.1372549019607843 0.04663923182441701 0.0 0.0
0.0 0.1722689075630252 0.0644718792866941 0.0 0.0
0.0 0.1568627450980392 0.06584362139917696 0.0 0.0
0.0 0.14145658263305322 0.0617283950617284 0.0 0.0
0.0 0.1484593837535014 0.04938271604938271 0.0 0.0
0.0 0.14425770308123248 0.04938271604938271 0.0 0.0
0.0 0.10364145658263305 0.042524005486968455 0.0014388489208633094 0.0
0.0 0.1400560224089636 0.05212620027434842 0.0 0.0
0.0014684287812041115 0.12885154061624648 0.05486968449931413 0.0 0.0
0.0 0.16946778711484592 0.04526748971193416 0.0 0.0
0.0014684287812041115 0.14705882352941174 0.05212620027434842 0.0 0.0
0.0 0.1638655462184874 0.0617283950617284 0.0 0.0
0.0 0.14985994397759103 0.05761316872427983 0.0 0.0
0.0 0.1400560224089636 0.07270233196159122 0.0 0.0
0.002936857562408223 0.12324929971988796 0.06858710562414266 0.0 0.0014450867052023123
0.0 0.13865546218487396 0.053497942386831275 0.0 0.0
0.0014684287812041115 0.12885154061624648 0.05075445816186557 0.0014388489208633094 0.0
0.0014684287812041115 0.18487394957983191 0.06310013717421124 0.0014388489208633094 0.0
0.0 0.17366946778711484 0.04663923182441701 0.0 0.0
0.0 0.12885154061624648 0.04801097393689986 0.0 0.0
0.0 0.1568627450980392 0.05898491083676269 0.0014388489208633094 0.0014450867052023123
0.0 0.12464985994397758 0.030178326474622773 0.0 0.0
0.0 0.1400560224089636 0.03566529492455418 0.0 0.0
0.0 0.1400560224089636 0.03155006858710562 0.0014388489208633094 0.0
0.0014684287812041115 0.16526610644257705 0.05075445816186557 0.0 0.0
0.0014684287812041115 0.13585434173669467 0.05212620027434842 0.0 0.0
0.0 0.13865546218487396 0.05761316872427983 0.0 0.0
0.002936857562408223 0.15966386554621848 0.05212620027434842 0.0028776978417266188 0.0
0.0014684287812041115 0.12464985994397758 0.028806584362139915 0.0057553956834532375 0.0
0.0 0.1372549019607843 0.03978052126200274 0.0 0.0
0.0 0.14285714285714288 0.04938271604938271 0.0 0.0
0.0014684287812041115 0.15266106442577032 0.03566529492455418 0.0014388489208633094 0.0
0.002936857562408223 0.13865546218487396 0.05075445816186557 0.0 0.0
0.0014684287812041115 0.12324929971988796 0.04526748971193416 0.0 0.0
0.0014684287812041115 0.16526610644257705 0.04526748971193416 0.0 0.0
0.0014684287812041115 0.12885154061624648 0.030178326474622773 0.0014388489208633094 0.0
0.0 0.12044817927170869 0.04526748971193416 0.0 0.0014450867052023123
0.0014684287812041115 0.13165266106442577 0.03978052126200274 0.0014388489208633094 0.0
0.0 0.15266106442577032 0.05761316872427983 0.0 0.0
0.0 0.12324929971988796 0.02606310013717421 0.0 0.0
0.0014684287812041115 0.15266106442577032 0.04389574759945131 0.0 0.0
0.0 0.14285714285714288 0.04389574759945131 0.0 0.0
0.0 0.14145658263305322 0.06035665294924555 0.0 0.0
0.0 0.10364145658263305 0.03429355281207133 0.0 0.0
0.0 0.15266106442577032 0.03429355281207133 0.0 0.0
0.0 0.13585434173669467 0.037037037037037035 0.0 0.0
0.0 0.11484593837535013 0.05486968449931413 0.0 0.0
0.0 0.09523809523809525 0.05212620027434842 0.0 0.0
0.0 0.1372549019607843 0.04938271604938271 0.0 0.0
0.0 0.15126050420168066 0.06858710562414266 0.0 0.0
0.0 0.14985994397759103 0.042524005486968455 0.0 0.0
0.0 0.1792717086834734 0.03840877914951989 0.0 0.0
0.0014684287812041115 0.0 0.0 0.0 0.0
0.0 0.0 0.0 0.0 0.0
0.0 0.0 0.0 0.0 0.0
0.0 0.0 0.0 0.0 0.0
0.0 0.13025210084033614 0.03840877914951989 0.0 0.0
0.0 0.0 0.0 0.0 0.0
0.0 0.0 0.0 0.0 0.0
0.0 0.0 0.0013717421124828533 0.0 0.0
0.0 0.0 0.0 0.0 0.0
0.0 0.04201680672268908 0.1262002743484225 0.0 0.0
0.0 0.0 0.0 0.0 0.0
0.0 0.0 0.0 0.0 0.0
0.0014684287812041115 0.0014005602240896359 0.0 0.0 0.0
0.0 0.0 0.0 0.0 0.0
0.004405286343612334 0.09523809523809525 0.04801097393689986 0.0 0.0
0.0 0.0 0.0 0.0 0.0
0.0 0.0 0.0 0.0 0.0
0.0 0.0 0.0 0.0 0.0
0.0 0.0 0.0 0.0 0.0
0.0 0.058823529411764705 0.13305898491083676 0.0028776978417266188 0.0
0.0 0.0 0.0 0.0 0.0
0.0 0.0 0.0 0.0 0.0
0.0 0.0 0.0 0.0 0.0
0.0 0.0 0.0 0.0 0.0
0.0 0.0 0.0 0.0014388489208633094 0.0
0.0 0.0 0.0 0.0014388489208633094 0.0
0.0 0.0 0.0 0.0 0.0
0.0 0.0 0.0 0.0 0.0
0.0014684287812041115 0.0014005602240896359 0.0 0.0 0.0
0.0 0.0 0.0 0.0 0.0014450867052023123
0.0 0.04621848739495798 0.10150891632373114 0.0 0.0
0.0 0.0700280112044818 0.11659807956104253 0.0 0.0
0.0 0.05322128851540616 0.12482853223593965 0.0 0.0
0.0 0.05182072829131652 0.149519890260631 0.0014388489208633094 0.0
0.0 0.0546218487394958 0.1262002743484225 0.0 0.0
0.0 0.04761904761904762 0.12482853223593965 0.0 0.0
0.0014684287812041115 0.06302521008403361 0.11659807956104253 0.0014388489208633094 0.0
0.0 0.05742296918767507 0.13305898491083676 0.0028776978417266188 0.0
0.0 0.04481792717086835 0.14814814814814814 0.0 0.0
0.0 0.0392156862745098 0.1289437585733882 0.0 0.0
0.0 0.04621848739495798 0.14540466392318244 0.0014388489208633094 0.0
0.0 0.058823529411764705 0.17421124828532236 0.0 0.0
0.0 0.06442577030812324 0.1879286694101509 0.0028776978417266188 0.0
0.0 0.07142857142857144 0.205761316872428 0.0 0.0
0.0 0.05742296918767507 0.24554183813443073 0.0014388489208633094 0.0014450867052023123
0.0 0.06162464985994398 0.21810699588477367 0.0014388489208633094 0.0
0.0014684287812041115 0.04341736694677871 0.23456790123456792 0.0014388489208633094 0.0
0.0 0.07142857142857144 0.3141289437585734 0.0014388489208633094 0.0
0.0 0.04621848739495798 0.27983539094650206 0.0 0.0
0.002936857562408223 0.04481792717086835 0.28257887517146774 0.0 0.0
0.0 0.04481792717086835 0.3607681755829904 0.0 0.0014450867052023123
0.0014684287812041115 0.0546218487394958 0.34293552812071326 0.0028776978417266188 0.0
0.0 0.05322128851540616 0.3717421124828532 0.0028776978417266188 0.0
0.0 0.09943977591036415 0.46913580246913583 0.0014388489208633094 0.0
0.0 0.06862745098039215 0.5034293552812071 0.0028776978417266188 0.0028901734104046246
0.0 0.07282913165266107 0.4993141289437586 0.0014388489208633094 0.0
0.0 0.08123249299719887 0.522633744855967 0.0 0.0
0.0 0.07282913165266107 0.5953360768175583 0.0 0.0
0.0 0.08403361344537816 0.6241426611796982 0.0 0.0
0.0 0.10644257703081232 0.6790123456790124 0.0 0.0
0.0 0.10504201680672269 0.7037037037037037 0.0028776978417266188 0.0
0.0 0.1092436974789916 0.8436213991769548 0.0 0.0
0.0 0.09243697478991596 0.8587105624142661 0.0 0.0
0.0014684287812041115 0.0938375350140056 0.9698216735253772 0.0028776978417266188 0.0
0.0 0.10084033613445378 0.9423868312757202 0.0028776978417266188 0.0
0.0 0.10644257703081232 1.0603566529492456 0.0014388489208633094 0.0
0.0 0.09803921568627451 1.045267489711934 0.0057553956834532375 0.0
0.0 0.11204481792717087 1.0260631001371743 0.0014388489208633094 0.0
0.002936857562408223 0.10364145658263305 1.101508916323731 0.0 0.0
0.0 0.10644257703081232 1.0548696844993142 0.0028776978417266188 0.0
0.0 0.11764705882352941 1.223593964334705 0.0014388489208633094 0.0
0.0 0.1092436974789916 1.2729766803840876 0.0 0.0
0.0 0.09943977591036415 1.278463648834019 0.0 0.0
0.0 0.1134453781512605 1.2674897119341564 0.0 0.0
0.0 0.11764705882352941 1.2620027434842251 0.0028776978417266188 0.0
0.0 0.13445378151260504 1.3196159122085047 0.0 0.0
0.0 0.13585434173669467 1.289437585733882 0.0014388489208633094 0.0
0.0014684287812041115 0.12464985994397758 1.4183813443072701 0.0057553956834532375 0.0
0.0 0.13445378151260504 1.337448559670782 0.0 0.0
0.0 0.14705882352941174 1.4732510288065843 0.0 0.0
0.0 0.14705882352941174 1.570644718792867 0.0 0.0
0.0 0.13865546218487396 1.4814814814814814 0.0 0.0
0.0 0.12464985994397758 1.4814814814814814 0.0 0.0
0.0 0.14565826330532214 1.5349794238683128 0.004316546762589928 0.0
0.0 0.13585434173669467 1.4828532235939644 0.0 0.0
0.0 0.14425770308123248 1.4540466392318245 0.0 0.0
0.0014684287812041115 0.15826330532212884 1.5267489711934157 0.0014388489208633094 0.0
0.0 0.12324929971988796 1.46639231824417 0.0 0.0
0.0 0.15266106442577032 1.513031550068587 0.0 0.0
0.0 0.1568627450980392 1.4897119341563787 0.0 0.0
0.0 0.12885154061624648 1.4705075445816187 0.0014388489208633094 0.0
0.002936857562408223 0.14565826330532214 1.4718792866941015 0.0 0.0
0.0 0.1372549019607843 1.5102880658436213 0.0014388489208633094 0.0
0.0 0.1134453781512605 1.4430727023319616 0.0 0.0
0.0 0.13165266106442577 1.47599451303155 0.0014388489208633094 0.0
0.0 0.15126050420168066 1.4622770919067214 0.0014388489208633094 0.0
0.0 0.14985994397759103 1.448559670781893 0.0014388489208633094 0.0
0.0 0.16806722689075632 1.4609053497942386 0.0014388489208633094 0.0
0.0 0.13165266106442577 1.4842249657064472 0.0 0.0
0.0014684287812041115 0.11624649859943978 1.4801097393689986 0.0 0.0
0.0 0.14565826330532214 1.496570644718793 0.0 0.0
0.0 0.13585434173669467 1.5102880658436213 0.0014388489208633094 0.0
0.0014684287812041115 0.1568627450980392 1.4746227709190671 0.004316546762589928 0.0014450867052023123
0.0 0.15966386554621848 1.5349794238683128 0.0014388489208633094 0.0014450867052023123
0.0 0.14985994397759103 1.4883401920438957 0.0 0.0
0.002936857562408223 0.12324929971988796 1.4581618655692732 0.0 0.0
0.0014684287812041115 0.13585434173669467 1.47599451303155 0.0 0.0
0.002936857562408223 0.12464985994397758 1.4279835390946503 0.0 0.0
0.0 0.14145658263305322 1.48559670781893 0.0014388489208633094 0.0
0.0 0.15826330532212884 1.4540466392318245 0.0028776978417266188 0.0
0.0 0.16946778711484592 1.5089163237311385 0.0 0.0
0.0 0.12184873949579833 1.4540466392318245 0.0 0.0
0.0 0.15406162464985995 1.5061728395061729 0.0014388489208633094 0.0
0.0 0.13585434173669467 1.4115226337448559 0.0 0.0014450867052023123
0.0 0.1400560224089636 1.5349794238683128 0.0014388489208633094 0.0
0.0014684287812041115 0.12885154061624648 1.4705075445816187 0.0014388489208633094 0.0
0.0 0.1484593837535014 1.4458161865569275 0.0014388489208633094 0.0
0.0 0.13445378151260504 1.4993141289437586 0.0014388489208633094 0.0
0.0 0.14565826330532214 1.46639231824417 0.0 0.0
0.0 0.12605042016806722 1.477366255144033 0.0014388489208633094 0.0
0.0 0.16106442577030813 1.5020576131687244 0.0 0.0
0.0 0.14565826330532214 1.4869684499314129 0.0 0.0
0.0 0.12745098039215688 1.4526748971193417 0.0 0.0
0.0 0.1400560224089636 1.4458161865569275 0.0028776978417266188 0.0
0.0014684287812041115 0.11904761904761904 1.4732510288065843 0.0014388489208633094 0.0
0.0 0.1330532212885154 1.4910836762688615 0.0014388489208633094 0.0
0.0 0.11484593837535013 1.4609053497942386 0.0014388489208633094 0.0
0.0 0.1400560224089636 1.5212620027434842 0.0014388489208633094 0.0
0.0 0.1568627450980392 1.496570644718793 0.0014388489208633094 0.0
