17.666666666666668 30.0 28.400000000000002 15.833333333333334 15.5
16.666666666666668 25.5 29.2 15.5 14.666666666666666
13.833333333333332 29.333333333333332 30.599999999999998 15.666666666666666 14.5
16.5 29.5 25.0 15.333333333333332 15.0
14.0 29.833333333333332 27.599999999999998 15.833333333333334 11.0
15.333333333333332 30.666666666666664 30.599999999999998 15.833333333333334 12.166666666666666
19.5 27.666666666666664 28.8 15.166666666666666 14.5
16.166666666666664 29.166666666666668 29.6 16.5 16.333333333333332
14.166666666666666 29.5 27.799999999999997 13.666666666666668 13.333333333333334
18.5 32.0 24.2 15.666666666666666 12.833333333333334
15.833333333333334 29.833333333333332 29.0 15.166666666666666 14.5
16.833333333333332 27.5 30.200000000000003 15.833333333333334 12.0
19.0 24.833333333333332 28.2 17.666666666666668 15.0
16.5 29.666666666666668 26.200000000000003 13.0 14.833333333333334
15.5 30.166666666666668 29.8 16.5 12.5
14.5 29.5 27.2 14.5 13.5
16.666666666666668 29.5 29.4 17.0 13.0
14.5 27.666666666666664 26.0 15.833333333333334 14.0
16.5 30.333333333333332 30.599999999999998 16.166666666666664 13.833333333333332
15.833333333333334 26.166666666666668 28.6 17.833333333333332 12.666666666666666
17.666666666666668 28.0 29.6 13.833333333333332 12.5
17.166666666666668 29.666666666666668 30.4 13.5 13.5
18.166666666666668 24.0 34.6 17.666666666666668 11.833333333333332
17.166666666666668 31.666666666666668 26.599999999999998 14.5 14.166666666666666
16.5 30.666666666666664 25.8 16.166666666666664 15.666666666666666
17.0 30.833333333333336 31.2 15.666666666666666 10.666666666666666
14.5 26.333333333333332 27.599999999999998 15.833333333333334 12.666666666666666
15.5 25.0 28.2 14.0 14.166666666666666
15.5 25.833333333333332 27.799999999999997 15.333333333333332 15.333333333333332
17.833333333333332 29.166666666666668 27.599999999999998 13.833333333333332 13.5
17.0 28.333333333333332 28.400000000000002 13.5 11.833333333333332
16.5 29.166666666666668 31.2 15.333333333333332 14.666666666666666
16.5 30.666666666666664 25.4 17.166666666666668 11.666666666666668
16.5 27.833333333333336 29.6 13.833333333333332 12.0
17.333333333333332 29.5 23.2 16.5 13.666666666666668
15.666666666666666 29.0 28.6 15.166666666666666 12.0
15.333333333333332 32.33333333333333 27.799999999999997 15.833333333333334 14.333333333333334
18.166666666666668 26.333333333333332 28.2 14.166666666666666 12.5
15.666666666666666 29.666666666666668 27.0 18.333333333333332 13.666666666666668
14.666666666666666 31.166666666666664 30.4 18.666666666666668 13.0
16.5 30.666666666666664 29.8 18.833333333333332 15.666666666666666
15.333333333333332 28.333333333333332 28.8 15.833333333333334 14.666666666666666
16.666666666666668 26.333333333333332 29.4 18.333333333333332 11.5
20.333333333333332 30.0 31.2 14.666666666666666 13.0
17.666666666666668 29.0 30.0 13.5 14.5
17.333333333333332 28.5 28.8 17.333333333333332 11.666666666666668
16.166666666666664 29.5 28.6 12.666666666666666 13.833333333333332
17.0 29.666666666666668 27.2 15.5 14.833333333333334
15.333333333333332 27.166666666666664 29.2 16.0 16.333333333333332
13.333333333333334 28.833333333333332 30.599999999999998 18.333333333333332 13.666666666666668
17.833333333333332 27.333333333333336 30.599999999999998 14.5 13.0
15.833333333333334 28.666666666666668 28.8 14.833333333333334 12.833333333333334
17.5 28.666666666666668 26.599999999999998 16.333333333333332 13.166666666666666
16.333333333333332 32.5 30.8 15.5 13.5
16.5 30.166666666666668 27.0 14.333333333333334 15.0
18.5 28.166666666666668 24.8 16.333333333333332 15.166666666666666
17.333333333333332 31.333333333333332 33.2 14.833333333333334 16.333333333333332
17.833333333333332 29.666666666666668 30.8 17.666666666666668 13.166666666666666
16.333333333333332 30.166666666666668 31.6 15.5 14.0
15.0 28.666666666666668 31.2 14.333333333333334 13.5
16.0 30.666666666666664 29.8 14.0 15.0
14.833333333333334 31.166666666666664 29.8 12.5 13.0
15.333333333333332 31.0 30.4 13.5 11.5
15.0 30.166666666666668 28.0 14.333333333333334 13.333333333333334
18.166666666666668 29.166666666666668 30.8 15.0 11.166666666666666
18.333333333333332 29.833333333333332 27.799999999999997 15.666666666666666 13.833333333333332
17.0 29.166666666666668 26.599999999999998 18.333333333333332 12.333333333333334
18.833333333333332 30.333333333333332 28.6 14.0 13.5
15.833333333333334 30.333333333333332 28.2 17.333333333333332 15.166666666666666
15.0 27.333333333333336 29.4 15.0 12.666666666666666
17.833333333333332 30.833333333333336 25.8 14.0 12.333333333333334
17.833333333333332 31.0 28.400000000000002 12.5 11.833333333333332
15.333333333333332 28.0 28.6 17.5 11.0
16.666666666666668 25.833333333333332 31.0 14.166666666666666 13.333333333333334
15.833333333333334 32.833333333333336 32.800000000000004 16.666666666666668 9.333333333333334
17.0 28.333333333333332 30.8 16.833333333333332 14.666666666666666
16.833333333333332 28.0 26.200000000000003 17.833333333333332 12.5
17.666666666666668 28.0 30.0 15.666666666666666 14.833333333333334
16.5 30.333333333333332 26.0 16.166666666666664 10.333333333333334
16.666666666666668 28.5 28.0 14.0 13.166666666666666
19.333333333333336 27.666666666666664 32.0 15.833333333333334 11.166666666666666
18.666666666666668 27.666666666666664 31.8 16.833333333333332 10.666666666666666
14.333333333333334 31.5 28.0 12.833333333333334 11.0
17.833333333333332 32.5 24.6 16.333333333333332 15.0
17.666666666666668 27.666666666666664 28.8 13.666666666666668 12.833333333333334
14.833333333333334 33.5 30.599999999999998 12.333333333333334 12.0
17.0 30.166666666666668 30.4 15.666666666666666 13.333333333333334
17.0 29.0 27.2 16.0 14.5
16.666666666666668 29.5 27.2 13.333333333333334 11.0
17.166666666666668 28.166666666666668 29.6 17.5 14.333333333333334
14.333333333333334 31.166666666666664 29.8 14.0 13.0
16.166666666666664 31.5 28.400000000000002 12.833333333333334 14.5
17.666666666666668 28.833333333333332 29.6 14.333333333333334 13.0
13.833333333333332 28.5 32.2 17.166666666666668 12.333333333333334
14.0 29.666666666666668 28.400000000000002 13.666666666666668 12.666666666666666
17.166666666666668 35.0 30.0 15.166666666666666 12.333333333333334
13.5 31.333333333333332 27.2 14.333333333333334 10.666666666666666
20.0 29.5 29.0 13.833333333333332 13.333333333333334
18.0 30.0 31.6 16.166666666666664 12.166666666666666
14.666666666666666 31.166666666666664 32.0 15.5 12.166666666666666
17.166666666666668 29.0 28.8 14.0 10.833333333333334
16.0 14.333333333333334 14.4 15.0 15.5
16.666666666666668 15.833333333333334 18.8 15.166666666666666 17.333333333333332
14.166666666666666 20.333333333333332 15.6 13.333333333333334 17.666666666666668
14.833333333333334 14.0 15.4 14.666666666666666 15.333333333333332
19.166666666666664 28.666666666666668 27.0 14.166666666666666 13.166666666666666
15.5 16.5 13.2 16.333333333333332 13.666666666666668
14.166666666666666 16.166666666666664 16.0 13.166666666666666 14.166666666666666
17.166666666666668 17.0 12.6 14.5 17.833333333333332
12.833333333333334 14.666666666666666 15.0 15.0 16.833333333333332
15.333333333333332 27.666666666666664 34.2 15.5 15.0
15.333333333333332 16.166666666666664 16.2 12.166666666666666 16.666666666666668
17.0 13.333333333333334 16.2 14.0 13.166666666666666
15.0 11.333333333333334 15.8 15.333333333333332 16.166666666666664
15.666666666666666 16.666666666666668 15.6 14.666666666666666 14.666666666666666
17.5 33.0 25.8 17.0 11.5
14.833333333333334 14.0 13.0 16.0 14.0
15.666666666666666 13.5 16.6 13.833333333333332 16.833333333333332
12.0 14.666666666666666 12.8 16.0 13.833333333333332
14.5 16.166666666666664 13.6 17.5 17.5
15.5 28.5 28.0 15.0 12.666666666666666
16.5 14.333333333333334 14.0 14.0 13.166666666666666
14.666666666666666 15.833333333333334 14.0 15.333333333333332 17.833333333333332
18.0 16.5 16.6 14.166666666666666 16.166666666666664
14.5 15.166666666666666 12.6 13.166666666666666 13.166666666666666
14.0 15.666666666666666 18.0 14.166666666666666 18.0
16.666666666666668 17.333333333333332 11.6 14.666666666666666 15.166666666666666
14.0 14.5 13.6 19.333333333333336 13.5
12.666666666666666 17.5 15.4 20.0 17.166666666666668
16.333333333333332 16.0 15.8 15.5 15.166666666666666
16.166666666666664 15.0 12.8 13.5 13.5
16.5 28.666666666666668 33.4 16.666666666666668 11.833333333333332
13.666666666666668 26.5 34.4 15.333333333333332 12.333333333333334
15.666666666666666 30.5 29.6 13.833333333333332 15.0
17.333333333333332 26.666666666666668 33.6 18.166666666666668 13.166666666666666
17.5 29.0 32.599999999999994 15.666666666666666 12.5
13.833333333333332 25.333333333333332 29.8 14.666666666666666 15.0
15.5 27.5 30.0 14.833333333333334 10.666666666666666
15.5 26.833333333333336 32.0 17.166666666666668 13.5
15.5 27.333333333333336 32.2 17.833333333333332 10.833333333333334
17.333333333333332 28.833333333333332 31.4 14.5 11.166666666666666
15.666666666666666 27.5 34.2 14.666666666666666 11.666666666666668
15.5 26.833333333333336 35.2 16.5 13.166666666666666
15.0 26.5 32.2 21.0 12.666666666666666
15.0 26.0 33.2 14.833333333333334 15.5
15.5 27.5 33.6 14.666666666666666 11.333333333333334
16.166666666666664 25.666666666666668 30.0 15.0 14.833333333333334
15.0 28.5 33.4 17.833333333333332 12.0
15.333333333333332 30.833333333333336 32.599999999999994 14.333333333333334 12.5
15.333333333333332 25.833333333333332 32.800000000000004 16.5 13.5
14.166666666666666 25.166666666666668 34.8 15.166666666666666 13.166666666666666
12.666666666666666 24.5 32.800000000000004 16.166666666666664 14.0
17.333333333333332 24.0 35.0 16.833333333333332 17.333333333333332
13.666666666666668 25.333333333333332 34.8 18.5 14.333333333333334
14.666666666666666 28.333333333333332 31.0 16.666666666666668 13.666666666666668
15.5 27.833333333333336 31.0 18.166666666666668 14.666666666666666
17.0 27.666666666666664 31.2 17.333333333333332 10.833333333333334
15.166666666666666 28.166666666666668 35.8 16.0 10.166666666666666
17.0 27.833333333333336 28.6 14.833333333333334 13.333333333333334
17.833333333333332 28.333333333333332 32.2 14.5 13.166666666666666
15.5 26.666666666666668 30.200000000000003 15.5 16.333333333333332
15.833333333333334 27.166666666666664 32.800000000000004 16.333333333333332 15.333333333333332
14.166666666666666 31.166666666666664 30.4 15.5 11.0
14.0 26.166666666666668 31.8 16.833333333333332 12.333333333333334
15.333333333333332 30.333333333333332 32.800000000000004 17.5 12.0
15.333333333333332 24.333333333333332 31.8 17.166666666666668 13.5
16.833333333333332 25.5 34.6 14.833333333333334 12.833333333333334
17.333333333333332 24.833333333333332 33.8 15.666666666666666 14.166666666666666
17.166666666666668 25.833333333333332 30.200000000000003 16.166666666666664 12.0
15.0 30.166666666666668 33.4 14.833333333333334 12.666666666666666
14.5 29.166666666666668 31.2 19.166666666666664 13.0
16.333333333333332 27.0 33.4 19.666666666666664 12.666666666666666
15.333333333333332 27.833333333333336 30.0 16.0 14.0
16.833333333333332 31.166666666666664 33.8 12.333333333333334 16.0
15.166666666666666 26.5 36.2 15.333333333333332 13.666666666666668
13.833333333333332 28.5 35.0 15.666666666666666 14.333333333333334
12.833333333333334 24.666666666666668 37.400000000000006 14.833333333333334 14.833333333333334
15.5 24.666666666666668 31.8 15.666666666666666 13.166666666666666
14.833333333333334 23.833333333333336 35.4 16.5 10.333333333333334
15.333333333333332 24.666666666666668 32.800000000000004 19.0 11.166666666666666
16.166666666666664 27.666666666666664 34.4 17.166666666666668 11.166666666666666
17.166666666666668 25.333333333333332 34.4 16.833333333333332 11.666666666666668
15.5 29.0 34.2 15.5 14.0
15.333333333333332 31.166666666666664 35.0 19.833333333333336 12.333333333333334
17.833333333333332 25.833333333333332 33.6 14.833333333333334 12.166666666666666
18.5 29.166666666666668 36.8 18.166666666666668 12.5
18.833333333333332 28.0 35.6 16.666666666666668 16.0
14.833333333333334 28.666666666666668 36.0 16.333333333333332 11.5
16.666666666666668 28.666666666666668 38.0 15.166666666666666 11.666666666666668
15.333333333333332 29.0 31.6 17.0 11.333333333333334
18.0 27.5 28.6 14.0 13.333333333333334
14.333333333333334 28.5 32.0 13.5 12.833333333333334
15.666666666666666 27.333333333333336 30.0 16.5 14.0
17.0 25.666666666666668 35.2 16.0 11.0
14.166666666666666 26.833333333333336 35.0 15.0 15.333333333333332
17.333333333333332 27.166666666666664 32.4 16.0 12.166666666666666
16.166666666666664 28.5 33.6 15.5 13.0
17.333333333333332 28.666666666666668 32.4 15.333333333333332 11.833333333333332
15.166666666666666 28.166666666666668 31.0 16.333333333333332 15.333333333333332
12.666666666666666 27.0 33.4 15.5 13.333333333333334
15.333333333333332 28.333333333333332 36.0 16.666666666666668 13.333333333333334
18.166666666666668 28.0 32.800000000000004 16.833333333333332 11.833333333333332
15.333333333333332 26.0 32.599999999999994 16.5 13.833333333333332
17.0 28.666666666666668 31.0 16.833333333333332 13.833333333333332
16.0 30.5 33.2 15.833333333333334 11.333333333333334
17.5 27.666666666666664 33.6 13.833333333333332 11.5
15.166666666666666 28.166666666666668 36.2 17.5 14.5
18.166666666666668 26.0 37.199999999999996 16.5 10.666666666666666
15.333333333333332 25.166666666666668 32.4 16.333333333333332 13.5
13.5 26.5 32.4 17.666666666666668 14.0
14.5 25.5 31.8 15.5 12.833333333333334
17.833333333333332 26.666666666666668 34.8 15.0 11.166666666666666
16.833333333333332 27.166666666666664 33.0 14.166666666666666 11.833333333333332
13.0 24.166666666666668 32.800000000000004 17.333333333333332 13.333333333333334
16.666666666666668 25.666666666666668 32.800000000000004 13.5 11.333333333333334
15.0 26.666666666666668 34.6 15.166666666666666 11.0
16.333333333333332 28.833333333333332 34.0 16.166666666666664 13.5
14.333333333333334 25.5 34.2 14.166666666666666 13.666666666666668
17.833333333333332 29.833333333333332 35.6 16.666666666666668 12.166666666666666
15.333333333333332 28.833333333333332 32.599999999999994 17.166666666666668 13.166666666666666
14.0 28.833333333333332 35.6 14.333333333333334 13.666666666666668
14.333333333333334 26.5 37.199999999999996 17.833333333333332 11.5
16.833333333333332 26.666666666666668 37.0 15.666666666666666 12.666666666666666
16.666666666666668 29.333333333333332 38.6 15.166666666666666 12.166666666666666
12.833333333333334 27.666666666666664 31.6 14.333333333333334 15.0
17.333333333333332 23.833333333333336 36.2 14.833333333333334 12.666666666666666
15.833333333333334 29.833333333333332 35.8 14.5 12.333333333333334
12.666666666666666 27.833333333333336 31.6 16.333333333333332 12.833333333333334
14.166666666666666 27.166666666666664 30.8 18.0 11.833333333333332
15.833333333333334 30.333333333333332 32.2 14.5 14.0
