10.214285714285714 18.821428571428573 16.89655172413793 9.653846153846153 8.071428571428571
11.178571428571429 18.607142857142858 14.689655172413792 10.115384615384615 9.821428571428571
10.214285714285714 18.17857142857143 15.689655172413792 9.384615384615385 9.321428571428571
9.892857142857142 16.607142857142858 15.655172413793103 8.615384615384615 8.714285714285714
11.142857142857144 18.642857142857142 15.965517241379311 10.153846153846153 9.75
10.75 19.964285714285715 15.931034482758621 10.346153846153847 9.5
10.785714285714286 19.25 15.448275862068966 11.26923076923077 9.678571428571429
10.571428571428571 20.285714285714285 15.827586206896553 9.923076923076923 8.392857142857142
10.25 20.142857142857142 16.655172413793103 9.73076923076923 8.857142857142858
9.964285714285714 19.107142857142858 15.793103448275863 9.807692307692307 10.0
10.678571428571427 18.107142857142858 16.75862068965517 9.884615384615383 9.071428571428571
10.535714285714285 18.214285714285715 15.517241379310345 10.653846153846155 8.642857142857142
10.785714285714286 18.071428571428573 16.75862068965517 9.615384615384617 9.75
10.0 20.785714285714285 16.655172413793103 10.884615384615385 8.892857142857144
10.142857142857142 18.5 15.206896551724137 10.384615384615385 8.821428571428573
8.821428571428573 18.857142857142858 15.06896551724138 8.692307692307692 9.214285714285715
10.035714285714285 17.67857142857143 16.655172413793103 9.884615384615383 9.964285714285714
9.928571428571429 19.928571428571427 15.10344827586207 10.384615384615385 8.285714285714285
11.285714285714286 19.035714285714285 15.620689655172413 10.5 11.285714285714286
11.142857142857144 18.464285714285715 15.241379310344827 10.807692307692308 9.607142857142858
10.785714285714286 19.071428571428573 15.827586206896553 10.461538461538462 9.392857142857142
9.571428571428571 18.607142857142858 16.17241379310345 10.384615384615385 8.964285714285715
10.892857142857144 19.571428571428573 14.586206896551724 9.653846153846153 8.892857142857144
9.857142857142858 19.928571428571427 15.896551724137932 10.346153846153847 9.25
10.607142857142856 19.535714285714285 16.206896551724135 10.538461538461538 9.928571428571429
9.107142857142858 19.892857142857142 16.931034482758623 10.730769230769232 9.25
10.357142857142856 18.357142857142858 15.586206896551724 8.923076923076923 9.321428571428571
10.607142857142856 18.5 14.793103448275863 10.0 10.392857142857142
11.107142857142858 18.107142857142858 16.206896551724135 10.846153846153845 8.678571428571427
9.642857142857142 18.392857142857142 16.275862068965516 10.461538461538462 10.214285714285714
9.714285714285714 18.42857142857143 15.206896551724137 10.076923076923077 9.107142857142858
10.285714285714285 19.285714285714285 15.10344827586207 9.538461538461538 8.035714285714285
9.928571428571429 18.857142857142858 16.03448275862069 9.461538461538462 8.785714285714285
10.678571428571427 20.25 15.620689655172413 9.76923076923077 8.607142857142856
11.607142857142858 20.57142857142857 15.689655172413792 10.769230769230768 8.642857142857142
10.964285714285715 18.785714285714285 17.448275862068964 9.615384615384617 10.142857142857142
10.964285714285715 20.214285714285715 16.413793103448278 11.153846153846153 9.607142857142858
11.25 17.92857142857143 15.448275862068966 9.73076923076923 9.678571428571429
10.714285714285714 20.607142857142858 16.448275862068968 10.076923076923077 9.571428571428571
11.071428571428571 18.392857142857142 16.06896551724138 11.26923076923077 9.035714285714286
11.5 17.67857142857143 15.172413793103448 9.884615384615383 9.214285714285715
10.928571428571429 18.53571428571429 16.75862068965517 9.5 9.285714285714286
10.714285714285714 17.92857142857143 16.103448275862068 9.230769230769232 9.035714285714286
10.928571428571429 19.964285714285715 15.10344827586207 11.807692307692307 8.857142857142858
9.857142857142858 18.071428571428573 14.517241379310345 10.846153846153845 8.678571428571427
8.607142857142856 16.214285714285715 15.413793103448276 9.230769230769232 9.964285714285714
10.5 16.96428571428571 15.034482758620689 10.769230769230768 9.0
10.107142857142858 18.785714285714285 16.344827586206897 10.730769230769232 8.785714285714285
10.821428571428573 19.035714285714285 16.517241379310345 9.307692307692308 8.821428571428573
10.178571428571429 18.53571428571429 16.206896551724135 10.26923076923077 8.607142857142856
9.392857142857142 18.464285714285715 15.620689655172413 10.576923076923077 9.535714285714286
9.857142857142858 18.03571428571429 14.586206896551724 11.076923076923077 9.357142857142858
10.392857142857142 18.42857142857143 15.172413793103448 9.884615384615383 9.5
10.714285714285714 19.035714285714285 15.034482758620689 9.961538461538462 7.928571428571429
11.035714285714286 17.892857142857146 14.241379310344827 11.23076923076923 11.071428571428571
9.75 21.464285714285715 14.413793103448276 10.192307692307692 8.821428571428573
10.392857142857142 18.142857142857142 16.103448275862068 9.923076923076923 9.678571428571429
9.535714285714286 18.03571428571429 15.931034482758621 9.307692307692308 9.107142857142858
10.357142857142856 19.82142857142857 16.344827586206897 9.461538461538462 9.892857142857142
10.178571428571429 17.75 15.482758620689655 11.038461538461538 8.785714285714285
10.357142857142856 19.392857142857142 17.413793103448274 10.26923076923077 9.071428571428571
10.5 19.357142857142858 14.655172413793103 11.115384615384615 8.821428571428573
9.714285714285714 18.321428571428573 16.310344827586206 9.76923076923077 8.428571428571429
9.535714285714286 19.75 16.448275862068968 9.192307692307692 9.785714285714286
10.107142857142858 18.0 14.89655172413793 10.192307692307692 10.0
10.392857142857142 19.82142857142857 15.793103448275863 9.307692307692308 9.785714285714286
10.75 18.28571428571429 16.17241379310345 10.115384615384615 9.321428571428571
9.642857142857142 17.25 15.275862068965516 10.692307692307692 9.678571428571429
10.464285714285714 18.821428571428573 14.0 9.76923076923077 10.285714285714285
9.142857142857144 17.535714285714285 16.103448275862068 8.923076923076923 8.75
9.75 19.25 14.517241379310345 10.038461538461538 8.464285714285714
10.0 17.75 14.724137931034482 10.192307692307692 9.607142857142858
9.071428571428571 18.642857142857142 15.793103448275863 10.038461538461538 9.428571428571429
9.071428571428571 19.107142857142858 16.344827586206897 8.923076923076923 9.785714285714286
9.607142857142858 20.0 15.482758620689655 8.538461538461538 8.857142857142858
10.928571428571429 18.214285714285715 14.724137931034482 8.538461538461538 9.821428571428571
9.785714285714286 17.67857142857143 16.75862068965517 10.576923076923077 9.678571428571429
10.785714285714286 18.28571428571429 15.413793103448276 11.076923076923077 8.571428571428571
10.714285714285714 18.25 15.310344827586206 9.884615384615383 9.5
9.964285714285714 18.964285714285715 16.655172413793103 9.73076923076923 9.035714285714286
10.464285714285714 20.428571428571427 16.241379310344826 9.73076923076923 9.178571428571429
10.714285714285714 18.642857142857142 15.10344827586207 10.423076923076923 10.178571428571429
10.964285714285715 18.142857142857142 15.379310344827587 8.846153846153845 9.214285714285715
11.321428571428571 21.142857142857142 15.034482758620689 10.461538461538462 9.321428571428571
10.928571428571429 19.714285714285715 16.586206896551726 9.961538461538462 9.785714285714286
10.071428571428571 18.392857142857142 15.206896551724137 10.807692307692308 8.607142857142856
9.392857142857142 20.178571428571427 15.517241379310345 11.076923076923077 9.75
10.607142857142856 19.107142857142858 15.10344827586207 9.884615384615383 8.428571428571429
9.607142857142858 21.285714285714285 14.551724137931036 9.230769230769232 8.357142857142856
10.571428571428571 18.17857142857143 15.06896551724138 11.807692307692307 9.0
9.821428571428571 19.357142857142858 16.17241379310345 9.576923076923077 8.678571428571427
9.642857142857142 19.857142857142858 17.0 10.0 9.285714285714286
10.107142857142858 18.28571428571429 16.241379310344826 10.346153846153847 8.464285714285714
9.535714285714286 19.142857142857142 16.03448275862069 10.461538461538462 9.285714285714286
9.357142857142858 19.642857142857142 15.344827586206897 10.23076923076923 9.214285714285715
10.821428571428573 18.28571428571429 15.827586206896553 10.5 9.714285714285714
9.642857142857142 17.107142857142854 16.06896551724138 11.0 10.142857142857142
10.107142857142858 18.464285714285715 14.586206896551724 9.961538461538462 8.857142857142858
8.785714285714285 18.42857142857143 16.0 10.884615384615385 8.571428571428571
10.178571428571429 19.214285714285715 16.551724137931036 10.423076923076923 9.428571428571429
10.821428571428573 20.035714285714285 15.793103448275863 9.846153846153847 9.357142857142858
9.75 9.5 10.551724137931036 10.961538461538462 11.25
10.535714285714285 10.178571428571429 9.724137931034482 9.923076923076923 8.928571428571429
10.214285714285714 9.964285714285714 9.896551724137932 11.23076923076923 10.714285714285714
10.785714285714286 10.678571428571427 9.620689655172415 10.0 9.892857142857142
9.5 19.857142857142858 15.620689655172413 10.461538461538462 9.25
10.0 10.642857142857142 10.10344827586207 10.923076923076923 10.392857142857142
10.285714285714285 11.0 10.931034482758621 10.769230769230768 9.392857142857142
10.357142857142856 9.892857142857142 11.034482758620689 9.615384615384617 10.892857142857144
11.035714285714286 10.785714285714286 11.0 9.153846153846153 10.107142857142858
9.857142857142858 16.46428571428571 18.586206896551722 10.807692307692308 10.357142857142856
10.642857142857142 11.464285714285715 9.896551724137932 8.846153846153845 10.214285714285714
10.678571428571427 10.285714285714285 10.0 10.038461538461538 10.392857142857142
10.964285714285715 10.035714285714285 11.10344827586207 10.692307692307692 10.5
9.928571428571429 10.785714285714286 10.137931034482758 11.0 10.75
9.535714285714286 18.214285714285715 17.137931034482758 8.153846153846153 8.821428571428573
9.821428571428571 10.25 10.03448275862069 10.0 11.0
9.357142857142858 10.25 10.241379310344827 11.038461538461538 10.0
9.607142857142858 9.892857142857142 10.517241379310345 10.038461538461538 10.285714285714285
9.5 10.25 9.689655172413794 11.73076923076923 9.071428571428571
10.071428571428571 17.607142857142858 17.724137931034484 9.884615384615383 9.142857142857144
9.392857142857142 10.214285714285714 9.655172413793103 11.307692307692308 10.5
9.428571428571429 10.857142857142858 10.862068965517242 10.615384615384615 11.142857142857144
10.928571428571429 10.0 10.724137931034482 10.384615384615385 11.285714285714286
9.392857142857142 10.785714285714286 10.10344827586207 10.384615384615385 10.785714285714286
9.464285714285715 9.785714285714286 9.793103448275861 9.615384615384617 11.0
9.892857142857142 10.035714285714285 10.448275862068964 10.461538461538462 10.607142857142856
10.25 9.642857142857142 8.96551724137931 9.230769230769232 10.928571428571429
10.964285714285715 9.928571428571429 10.379310344827585 8.923076923076923 9.107142857142858
10.178571428571429 10.5 10.310344827586206 10.423076923076923 9.857142857142858
9.928571428571429 10.785714285714286 10.10344827586207 10.692307692307692 10.357142857142856
8.142857142857142 17.821428571428573 18.79310344827586 11.192307692307692 9.607142857142858
10.071428571428571 18.17857142857143 17.82758620689655 10.538461538461538 10.142857142857142
10.321428571428571 15.785714285714285 17.06896551724138 9.961538461538462 9.964285714285714
10.607142857142856 17.25 17.448275862068964 10.769230769230768 9.214285714285715
9.464285714285715 16.107142857142858 18.24137931034483 9.615384615384617 9.107142857142858
9.964285714285714 15.392857142857142 18.79310344827586 10.192307692307692 9.535714285714286
10.964285714285715 17.46428571428571 18.344827586206897 11.538461538461538 8.607142857142856
10.607142857142856 16.857142857142858 18.13793103448276 9.692307692307693 9.285714285714286
9.5 15.964285714285715 18.82758620689655 10.423076923076923 10.071428571428571
9.642857142857142 18.392857142857142 17.241379310344826 9.961538461538462 8.75
8.821428571428573 17.07142857142857 19.103448275862068 9.230769230769232 8.571428571428571
8.928571428571429 17.285714285714285 17.413793103448274 9.653846153846153 9.892857142857142
9.678571428571429 17.21428571428571 17.96551724137931 10.038461538461538 7.571428571428572
10.928571428571429 17.46428571428571 17.655172413793103 10.307692307692308 8.25
10.714285714285714 17.035714285714285 18.10344827586207 10.153846153846153 9.178571428571429
10.321428571428571 16.607142857142858 18.724137931034484 9.153846153846153 9.5
10.678571428571427 15.821428571428573 17.310344827586206 10.346153846153847 9.178571428571429
9.964285714285714 17.714285714285715 19.655172413793103 9.230769230769232 9.5
11.214285714285715 16.392857142857142 17.82758620689655 11.0 10.214285714285714
8.5 17.57142857142857 18.448275862068964 10.846153846153845 8.285714285714285
9.964285714285714 17.46428571428571 16.931034482758623 9.961538461538462 8.785714285714285
11.214285714285715 16.75 17.379310344827584 10.730769230769232 9.107142857142858
9.75 16.107142857142858 18.344827586206897 10.26923076923077 9.071428571428571
10.107142857142858 15.678571428571427 17.0 11.807692307692307 9.285714285714286
9.892857142857142 16.142857142857142 17.689655172413794 11.538461538461538 9.571428571428571
11.321428571428571 16.928571428571427 18.034482758620687 9.615384615384617 9.321428571428571
9.75 17.25 17.655172413793103 10.576923076923077 8.892857142857144
9.821428571428571 15.321428571428571 16.89655172413793 10.923076923076923 9.5
9.428571428571429 15.678571428571427 17.379310344827584 10.346153846153847 8.785714285714285
11.5 16.214285714285715 19.310344827586206 9.76923076923077 8.964285714285715
9.714285714285714 16.607142857142858 19.068965517241377 9.653846153846153 9.5
10.428571428571429 17.0 17.551724137931036 10.807692307692308 8.857142857142858
9.107142857142858 18.142857142857142 19.620689655172413 10.769230769230768 8.678571428571427
10.928571428571429 18.214285714285715 18.20689655172414 8.769230769230768 10.035714285714285
9.464285714285715 16.25 18.034482758620687 10.730769230769232 9.285714285714286
9.75 16.142857142857142 17.06896551724138 10.769230769230768 10.035714285714285
10.392857142857142 16.392857142857142 20.448275862068968 11.346153846153847 8.642857142857142
9.964285714285714 15.642857142857142 17.82758620689655 9.884615384615383 8.678571428571427
11.25 15.964285714285715 16.448275862068968 11.038461538461538 9.535714285714286
10.392857142857142 17.607142857142858 18.724137931034484 9.423076923076923 9.464285714285715
9.571428571428571 17.285714285714285 17.517241379310345 10.846153846153845 9.5
10.0 15.928571428571427 18.551724137931032 10.576923076923077 9.857142857142858
9.107142857142858 16.57142857142857 17.689655172413794 9.615384615384617 9.607142857142858
9.535714285714286 18.28571428571429 17.137931034482758 10.5 9.357142857142858
11.392857142857142 17.285714285714285 18.17241379310345 10.846153846153845 8.928571428571429
10.5 16.214285714285715 16.965517241379313 10.346153846153847 10.071428571428571
9.321428571428571 16.25 16.586206896551726 10.807692307692308 10.785714285714286
9.392857142857142 15.535714285714286 18.758620689655174 10.0 10.107142857142858
10.535714285714285 15.821428571428573 19.482758620689655 10.653846153846155 9.392857142857142
10.392857142857142 16.75 18.06896551724138 10.769230769230768 9.678571428571429
10.285714285714285 17.5 16.965517241379313 10.576923076923077 9.071428571428571
10.035714285714285 17.78571428571429 16.206896551724135 9.884615384615383 9.785714285714286
9.0 15.428571428571429 17.655172413793103 11.26923076923077 9.035714285714286
10.035714285714285 17.142857142857142 18.06896551724138 10.115384615384615 8.428571428571429
9.678571428571429 16.46428571428571 18.586206896551722 10.923076923076923 9.928571428571429
10.75 16.46428571428571 18.758620689655174 9.653846153846153 9.75
10.571428571428571 15.785714285714285 17.655172413793103 12.038461538461538 9.142857142857144
9.142857142857144 16.71428571428571 18.17241379310345 10.461538461538462 9.071428571428571
9.535714285714286 14.928571428571429 18.20689655172414 10.846153846153845 9.928571428571429
10.535714285714285 15.607142857142858 17.275862068965516 10.846153846153845 9.428571428571429
8.464285714285714 17.535714285714285 18.06896551724138 9.461538461538462 9.142857142857144
9.428571428571429 17.0 18.482758620689655 10.923076923076923 9.107142857142858
9.535714285714286 17.428571428571427 17.93103448275862 11.038461538461538 8.285714285714285
10.142857142857142 17.285714285714285 18.24137931034483 10.769230769230768 9.607142857142858
10.678571428571427 17.357142857142854 19.206896551724135 10.961538461538462 9.214285714285715
9.571428571428571 16.535714285714285 16.241379310344826 12.615384615384615 9.142857142857144
9.892857142857142 15.285714285714286 17.82758620689655 10.26923076923077 9.107142857142858
10.607142857142856 17.035714285714285 16.689655172413794 11.115384615384615 9.392857142857142
11.464285714285715 16.535714285714285 18.06896551724138 9.73076923076923 9.142857142857144
11.107142857142858 18.857142857142858 19.0 10.769230769230768 10.0
9.321428571428571 18.464285714285715 18.896551724137932 10.076923076923077 9.035714285714286
12.642857142857142 16.928571428571427 18.0 11.461538461538462 10.214285714285714
8.571428571428571 16.75 17.379310344827584 11.23076923076923 10.321428571428571
9.535714285714286 17.57142857142857 18.620689655172413 10.769230769230768 9.464285714285715
8.678571428571427 18.464285714285715 18.17241379310345 11.423076923076923 9.214285714285715
10.357142857142856 16.5 18.655172413793107 10.076923076923077 9.75
10.535714285714285 17.035714285714285 17.689655172413794 11.346153846153847 9.178571428571429
10.928571428571429 16.357142857142858 18.79310344827586 10.769230769230768 10.535714285714285
11.285714285714286 17.714285714285715 18.275862068965516 10.5 8.714285714285714
10.285714285714285 17.0 19.96551724137931 12.0 7.9642857142857135
9.714285714285714 17.142857142857142 18.517241379310345 11.5 9.071428571428571
10.107142857142858 17.21428571428571 19.931034482758623 11.384615384615385 9.928571428571429
9.25 16.46428571428571 16.551724137931036 11.653846153846153 9.392857142857142
9.857142857142858 17.178571428571427 19.689655172413794 11.115384615384615 9.821428571428571
9.964285714285714 18.17857142857143 18.79310344827586 10.538461538461538 9.0
10.035714285714285 16.642857142857142 18.24137931034483 11.346153846153847 10.285714285714285
10.785714285714286 16.785714285714285 16.75862068965517 10.153846153846153 10.464285714285714
8.785714285714285 15.607142857142858 19.068965517241377 12.0 8.928571428571429
10.178571428571429 17.107142857142854 19.689655172413794 10.576923076923077 10.214285714285714
9.464285714285715 17.25 18.655172413793107 9.884615384615383 9.392857142857142
10.928571428571429 16.678571428571427 17.517241379310345 12.0 9.357142857142858
11.321428571428571 15.678571428571427 18.24137931034483 10.538461538461538 10.142857142857142
9.75 16.785714285714285 17.482758620689655 9.923076923076923 8.607142857142856
10.071428571428571 16.107142857142858 18.17241379310345 10.192307692307692 10.0
9.714285714285714 17.75 18.586206896551722 10.153846153846153 10.178571428571429
9.892857142857142 18.714285714285715 18.96551724137931 11.461538461538462 8.0
10.25 16.035714285714285 18.93103448275862 9.692307692307693 8.357142857142856
10.142857142857142 16.678571428571427 17.586206896551726 10.769230769230768 8.535714285714285
9.678571428571429 17.285714285714285 17.310344827586206 10.076923076923077 10.464285714285714
