87.88888888888889 81.4 83.375 84.9 86.0
87.22222222222223 81.0 83.375 84.3 85.55555555555556
86.44444444444444 80.3 82.5 85.2 85.66666666666667
86.44444444444444 80.69999999999999 83.875 83.8 85.55555555555556
87.88888888888889 81.10000000000001 83.625 85.8 86.33333333333333
86.33333333333333 80.10000000000001 83.5 83.6 84.88888888888889
86.11111111111111 81.69999999999999 84.125 85.2 85.88888888888889
86.88888888888889 80.4 82.5 84.3 85.44444444444444
87.0 79.8 83.5 85.2 85.66666666666667
86.77777777777777 80.8 83.25 83.9 85.77777777777777
86.55555555555556 80.60000000000001 82.5 85.0 85.77777777777777
86.77777777777777 79.8 82.5 85.4 85.11111111111111
86.22222222222223 79.69999999999999 82.125 84.0 83.88888888888889
86.55555555555556 81.60000000000001 83.875 84.2 87.0
88.0 81.0 84.5 85.7 85.55555555555556
86.22222222222223 79.5 84.125 84.1 83.66666666666667
86.77777777777777 80.9 83.0 84.3 85.11111111111111
86.44444444444444 79.0 82.625 84.1 86.11111111111111
86.44444444444444 80.60000000000001 84.5 83.7 85.33333333333333
86.44444444444444 79.5 83.125 84.4 84.66666666666667
85.55555555555556 79.39999999999999 83.625 83.7 85.44444444444444
86.88888888888889 80.10000000000001 82.375 84.3 85.11111111111111
86.0 80.0 83.125 85.2 85.0
86.55555555555556 79.60000000000001 82.5 83.6 85.33333333333333
87.33333333333333 79.5 82.875 84.6 86.22222222222223
87.66666666666667 78.39999999999999 82.125 84.1 84.66666666666667
86.44444444444444 77.89999999999999 82.875 84.4 86.0
87.22222222222223 78.60000000000001 82.25 84.8 85.11111111111111
86.88888888888889 79.0 83.25 84.4 85.0
85.55555555555556 77.39999999999999 81.75 84.8 85.22222222222223
87.44444444444444 79.10000000000001 83.75 85.8 86.33333333333333
85.44444444444444 77.3 83.125 83.5 85.55555555555556
88.0 78.8 82.875 84.3 85.66666666666667
87.11111111111111 78.0 81.875 84.4 84.66666666666667
87.0 78.60000000000001 82.625 84.8 84.77777777777777
86.66666666666667 78.39999999999999 83.0 84.3 84.55555555555556
85.55555555555556 77.0 82.125 85.9 85.22222222222223
87.44444444444444 78.3 82.25 84.5 85.0
86.55555555555556 77.0 82.25 84.1 84.88888888888889
87.0 76.5 82.0 85.1 85.33333333333333
87.11111111111111 77.60000000000001 83.25 84.6 85.0
86.33333333333333 76.30000000000001 82.875 83.8 85.0
86.11111111111111 76.2 81.625 83.9 85.11111111111111
85.66666666666667 76.1 82.5 85.0 85.55555555555556
88.11111111111111 76.2 81.875 84.9 86.33333333333333
85.77777777777777 75.89999999999999 82.25 85.2 84.66666666666667
86.66666666666667 75.7 82.5 84.4 85.33333333333333
87.66666666666667 74.5 82.5 84.7 84.55555555555556
85.88888888888889 75.7 82.25 84.7 84.22222222222223
86.33333333333333 73.6 81.875 84.4 86.22222222222223
87.77777777777777 74.7 83.5 84.8 86.44444444444444
85.55555555555556 73.4 83.25 84.7 85.44444444444444
86.44444444444444 72.4 81.5 85.8 85.33333333333333
87.11111111111111 74.30000000000001 82.25 84.4 85.55555555555556
86.88888888888889 73.6 81.625 84.0 86.11111111111111
87.33333333333333 72.2 81.0 85.4 85.44444444444444
87.0 74.1 82.375 84.3 85.11111111111111
86.88888888888889 72.7 81.75 84.9 85.22222222222223
87.66666666666667 72.8 81.375 84.6 85.66666666666667
86.44444444444444 72.1 80.25 85.4 85.55555555555556
86.44444444444444 70.7 81.875 83.8 85.0
86.11111111111111 71.9 81.875 84.4 85.44444444444444
86.22222222222223 68.0 81.0 84.7 85.66666666666667
86.77777777777777 70.5 82.625 84.6 86.33333333333333
85.77777777777777 70.4 80.625 83.3 85.44444444444444
85.77777777777777 68.5 81.0 84.1 85.77777777777777
87.22222222222223 68.9 81.5 85.3 86.33333333333333
85.55555555555556 67.6 79.375 84.6 84.44444444444444
86.33333333333333 67.4 79.625 84.0 85.66666666666667
86.55555555555556 66.60000000000001 79.875 83.9 85.33333333333333
87.88888888888889 67.5 80.25 84.9 85.66666666666667
86.33333333333333 64.5 79.875 84.9 85.0
86.11111111111111 65.10000000000001 80.5 84.2 84.66666666666667
86.22222222222223 66.5 79.875 83.8 85.44444444444444
85.77777777777777 66.0 80.25 84.9 85.11111111111111
87.33333333333333 67.10000000000001 80.75 84.8 84.77777777777777
86.88888888888889 65.0 79.625 84.6 84.55555555555556
87.11111111111111 64.8 79.625 84.9 84.88888888888889
87.22222222222223 63.8 78.5 84.0 85.0
85.88888888888889 63.9 80.5 84.5 85.0
86.66666666666667 63.70000000000001 79.0 84.7 85.55555555555556
87.11111111111111 64.0 78.5 84.9 85.44444444444444
86.44444444444444 63.0 79.625 84.1 84.44444444444444
86.55555555555556 60.1 76.5 84.1 85.33333333333333
86.88888888888889 60.6 79.125 85.4 85.88888888888889
85.22222222222223 61.0 77.875 84.2 84.77777777777777
87.11111111111111 58.2 78.25 85.4 86.22222222222223
87.0 59.8 77.25 84.8 85.66666666666667
86.0 59.4 79.75 83.7 85.0
85.77777777777777 59.2 80.25 85.9 87.11111111111111
87.0 56.4 78.875 85.4 86.22222222222223
86.33333333333333 56.599999999999994 77.375 83.9 85.44444444444444
86.44444444444444 56.9 78.25 84.0 84.33333333333333
86.88888888888889 56.7 79.0 83.6 85.77777777777777
87.0 55.7 77.375 85.2 85.66666666666667
86.55555555555556 54.6 77.75 84.3 85.22222222222223
87.0 52.8 76.625 84.4 86.22222222222223
86.0 53.0 77.375 83.9 85.0
86.55555555555556 49.6 77.0 85.2 86.0
86.0 48.5 77.0 83.8 85.33333333333333
86.55555555555556 49.0 76.875 84.2 85.11111111111111
81.33333333333333 78.39999999999999 79.75 81.0 81.55555555555556
82.1111111111111 79.0 81.5 81.60000000000001 82.33333333333333
81.1111111111111 79.69999999999999 81.875 81.19999999999999 82.44444444444444
82.0 80.19999999999999 82.25 81.10000000000001 81.44444444444444
86.22222222222223 47.800000000000004 77.5 83.6 85.66666666666667
81.66666666666667 79.5 81.875 82.19999999999999 81.44444444444444
83.11111111111111 80.60000000000001 82.625 82.5 82.33333333333333
81.0 77.8 80.125 81.4 81.0
81.44444444444444 78.89999999999999 80.75 81.4 81.33333333333333
86.44444444444444 57.3 75.25 84.9 84.88888888888889
81.66666666666667 80.0 81.0 82.3 82.1111111111111
82.77777777777779 78.39999999999999 80.75 81.69999999999999 81.22222222222223
82.0 79.9 81.75 81.8 80.88888888888889
82.0 79.2 81.25 81.5 81.1111111111111
87.11111111111111 47.199999999999996 75.0 84.7 85.66666666666667
80.88888888888889 79.2 81.375 82.10000000000001 82.66666666666667
81.66666666666667 78.39999999999999 81.625 81.69999999999999 81.77777777777779
81.22222222222223 79.5 81.625 81.19999999999999 81.44444444444444
81.77777777777779 79.10000000000001 81.75 82.19999999999999 81.44444444444444
86.66666666666667 57.1 74.375 84.3 85.33333333333333
81.1111111111111 78.0 80.875 80.8 81.55555555555556
82.55555555555554 80.19999999999999 81.25 81.19999999999999 81.88888888888889
81.66666666666667 80.10000000000001 81.75 81.9 83.44444444444444
81.77777777777779 79.10000000000001 80.125 81.9 81.22222222222223
81.0 78.0 80.25 80.60000000000001 80.33333333333334
81.66666666666667 79.3 80.75 80.8 81.0
82.0 79.0 80.625 81.8 82.22222222222223
82.44444444444444 79.5 81.0 81.9 81.44444444444444
81.0 78.8 79.625 79.69999999999999 79.66666666666666
81.88888888888889 79.3 81.0 81.69999999999999 81.44444444444444
85.44444444444444 56.4 74.75 83.2 85.22222222222223
87.0 57.7 75.0 85.8 85.44444444444444
87.33333333333333 56.4 74.375 84.2 85.44444444444444
86.22222222222223 54.0 73.375 85.9 85.77777777777777
87.22222222222223 57.3 76.125 84.7 86.0
86.0 55.9 75.0 84.4 86.22222222222223
87.0 56.7 73.5 84.7 85.44444444444444
86.44444444444444 56.599999999999994 75.0 83.4 84.55555555555556
85.77777777777777 57.8 74.875 84.7 85.0
87.55555555555556 58.3 74.375 84.2 86.0
87.22222222222223 58.3 75.75 85.2 85.11111111111111
86.55555555555556 55.9 73.875 84.4 84.88888888888889
87.11111111111111 58.9 75.5 85.8 87.33333333333333
87.11111111111111 57.1 74.125 85.2 85.66666666666667
86.33333333333333 58.5 75.25 84.8 84.33333333333333
85.44444444444444 57.4 75.25 83.4 84.66666666666667
86.44444444444444 56.9 74.5 84.1 85.55555555555556
87.0 56.9 74.125 84.2 85.0
87.22222222222223 56.7 73.0 84.2 85.66666666666667
86.77777777777777 60.1 76.25 84.6 86.55555555555556
86.0 57.4 75.25 84.7 85.44444444444444
85.66666666666667 56.7 73.625 83.5 84.44444444444444
86.88888888888889 57.9 74.125 85.2 87.11111111111111
86.66666666666667 56.9 73.75 84.7 85.55555555555556
86.11111111111111 55.9 74.875 84.5 85.55555555555556
85.77777777777777 57.4 75.625 83.5 85.11111111111111
86.44444444444444 58.6 75.875 84.9 85.77777777777777
87.22222222222223 61.0 73.875 84.4 85.77777777777777
86.66666666666667 57.8 76.375 84.8 86.0
87.33333333333333 58.4 75.5 85.3 86.11111111111111
86.44444444444444 55.9 74.0 85.2 85.66666666666667
87.11111111111111 57.2 75.125 84.5 86.66666666666667
86.0 57.2 73.5 85.2 84.77777777777777
87.55555555555556 59.1 74.375 85.1 85.66666666666667
85.55555555555556 57.7 74.25 85.3 85.22222222222223
86.88888888888889 59.9 75.125 84.5 85.77777777777777
86.0 56.5 73.0 84.0 85.33333333333333
86.33333333333333 57.8 73.375 83.7 85.44444444444444
86.0 57.0 73.375 84.2 85.22222222222223
86.55555555555556 57.8 73.375 85.6 85.0
86.66666666666667 56.9 73.375 85.0 85.55555555555556
86.77777777777777 60.400000000000006 75.375 84.4 85.88888888888889
86.77777777777777 57.0 72.5 84.8 86.77777777777777
87.66666666666667 57.4 71.625 85.0 86.0
87.11111111111111 59.2 72.25 84.9 85.77777777777777
87.44444444444444 58.5 72.75 85.1 85.44444444444444
87.0 58.9 72.875 85.2 85.77777777777777
87.55555555555556 58.8 70.875 84.9 85.66666666666667
87.22222222222223 59.3 73.0 85.1 86.55555555555556
86.66666666666667 57.9 72.5 84.4 86.33333333333333
87.77777777777777 57.4 72.125 84.6 86.11111111111111
87.33333333333333 58.7 72.0 85.0 85.11111111111111
87.11111111111111 58.7 71.375 85.7 86.11111111111111
86.11111111111111 55.5 69.0 84.8 85.33333333333333
88.0 57.5 71.125 85.0 86.33333333333333
87.22222222222223 57.1 70.5 84.7 85.33333333333333
87.77777777777777 59.9 70.25 85.2 86.33333333333333
87.44444444444444 58.8 70.5 86.1 86.55555555555556
87.0 58.4 68.0 85.2 85.66666666666667
88.33333333333333 59.5 69.75 86.8 87.0
87.44444444444444 60.199999999999996 69.375 85.1 86.66666666666667
87.66666666666667 57.4 68.0 85.6 85.55555555555556
88.0 58.9 68.125 85.5 86.55555555555556
87.66666666666667 57.7 67.0 85.8 87.22222222222223
87.77777777777777 59.0 68.125 85.4 87.22222222222223
87.88888888888889 56.9 66.0 86.0 87.11111111111111
89.22222222222221 57.6 66.125 85.7 86.88888888888889
88.55555555555556 58.5 67.375 86.3 86.55555555555556
87.44444444444444 56.5 65.125 85.4 86.44444444444444
88.66666666666667 58.9 66.875 86.7 87.22222222222223
88.33333333333333 57.9 65.0 86.7 88.44444444444446
86.44444444444444 58.0 65.875 86.0 86.77777777777777
89.8888888888889 58.4 64.75 87.1 88.22222222222221
89.11111111111111 58.8 63.5 86.5 87.66666666666667
87.66666666666667 56.0 62.5 86.1 87.22222222222223
89.77777777777777 58.7 62.875 86.0 86.88888888888889
87.88888888888889 56.099999999999994 59.5 85.6 87.0
87.77777777777777 58.1 61.125 86.1 87.66666666666667
88.33333333333333 56.2 57.0 85.3 87.33333333333333
88.22222222222221 57.0 57.75 85.8 87.77777777777777
88.88888888888889 58.5 58.0 86.3 88.44444444444446
88.33333333333333 57.8 57.75 85.9 87.22222222222223
88.44444444444446 58.2 56.875 85.7 86.11111111111111
89.77777777777777 57.0 56.875 86.4 88.11111111111111
88.66666666666667 58.2 58.375 86.2 88.0
89.44444444444444 57.3 56.375 86.9 87.66666666666667
89.44444444444444 58.0 56.75 86.6 88.33333333333333
89.0 57.2 56.0 85.8 87.11111111111111
88.44444444444446 57.5 55.625 84.7 88.55555555555556
90.0 57.4 57.125 85.7 89.0
90.66666666666667 58.3 56.375 87.1 87.77777777777777
88.66666666666667 57.7 57.625 85.2 89.55555555555556
88.77777777777777 55.300000000000004 56.0 86.3 88.22222222222221
89.0 57.3 55.375 86.7 89.0
89.22222222222221 55.300000000000004 54.0 87.1 88.44444444444446
88.88888888888889 57.0 55.5 86.5 87.44444444444444
88.22222222222221 57.4 54.375 85.9 87.55555555555556
90.55555555555556 58.3 55.0 87.9 89.33333333333333
90.44444444444444 56.099999999999994 55.25 87.5 87.55555555555556
