32935.000 -0.400 -0.400 0.065
32936.000 -0.400 -0.331 0.302
32937.000 -0.400 -0.262 0.257
32938.000 -0.400 -0.192 0.423
32939.000 -0.400 -0.123 0.215
32940.000 -0.400 -0.054 0.460
32941.000 -0.400 0.015 0.021
32942.000 -0.400 0.085 0.454
32943.000 -0.400 0.154 0.055
32944.000 -0.400 0.223 0.167
32945.000 -0.400 0.292 0.278
32946.000 -0.400 0.362 0.182
32947.000 -0.400 0.431 0.033
32948.000 -0.331 -0.400 0.289
32949.000 -0.331 -0.331 0.430
32950.000 -0.331 -0.262 0.340
32951.000 -0.331 -0.192 0.311
32952.000 -0.331 -0.123 0.429
32953.000 -0.331 -0.054 0.378
32954.000 -0.331 0.015 0.166
32955.000 -0.331 0.085 0.295
32956.000 -0.331 0.154 0.145
32957.000 -0.331 0.223 0.133
32958.000 -0.331 0.292 0.060
32959.000 -0.331 0.362 0.083
32960.000 -0.331 0.431 0.090
32961.000 -0.262 -0.400 0.000
32962.000 -0.262 -0.331 0.313
32963.000 -0.262 -0.262 0.040
32964.000 -0.262 -0.192 0.438
32965.000 -0.262 -0.123 0.062
32966.000 -0.262 -0.054 0.239
32967.000 -0.262 0.015 0.321
32968.000 -0.262 0.085 0.286
32969.000 -0.262 0.154 0.113
32970.000 -0.262 0.223 0.193
32971.000 -0.262 0.292 0.127
32972.000 -0.262 0.362 0.311
32973.000 -0.262 0.431 0.089
32974.000 -0.192 -0.400 0.167
32975.000 -0.192 -0.331 0.099
32976.000 -0.192 -0.192 0.345
32977.000 -0.192 -0.123 0.410
32978.000 -0.192 -0.054 0.398
32979.000 -0.192 0.015 0.374
32980.000 -0.192 0.085 0.134
32981.000 -0.192 0.154 0.221
32982.000 -0.192 0.223 0.129
32983.000 -0.192 0.292 0.012
32984.000 -0.192 0.362 0.228
32985.000 -0.192 0.431 0.334
32986.000 -0.123 -0.400 0.099
32987.000 -0.123 -0.331 0.154
32988.000 -0.123 -0.262 0.384
32989.000 -0.123 -0.192 0.150
32990.000 -0.123 -0.123 0.223
32991.000 -0.123 -0.054 0.470
32992.000 -0.123 0.015 0.044
32993.000 -0.123 0.085 0.380
32994.000 -0.123 0.154 0.304
32995.000 -0.123 0.223 0.220
32996.000 -0.123 0.292 0.096
32997.000 -0.123 0.362 0.325
32998.000 -0.123 0.431 0.425
32999.000 -0.054 -0.400 0.056
33000.000 -0.054 -0.331 0.024
33001.000 -0.054 -0.262 0.119
33002.000 -0.054 -0.192 0.302
33003.000 -0.054 -0.123 0.202
33004.000 -0.054 -0.054 0.418
33005.000 -0.054 0.015 0.328
33006.000 -0.054 0.085 0.343
33007.000 -0.054 0.154 0.144
33008.000 -0.054 0.223 0.374
33009.000 -0.054 0.292 0.137
33010.000 -0.054 0.362 0.349
33011.000 -0.054 0.431 0.351
33012.000 0.015 -0.400 0.101
33013.000 0.015 -0.331 0.035
33014.000 0.015 -0.262 0.380
33015.000 0.015 -0.192 0.127
33016.000 0.015 -0.123 0.315
33017.000 0.015 -0.054 0.463
33018.000 0.015 0.015 0.142
33019.000 0.015 0.085 0.399
33020.000 0.015 0.154 0.229
33021.000 0.015 0.223 0.130
33022.000 0.015 0.292 0.125
33023.000 0.015 0.362 0.214
33024.000 0.015 0.431 0.035
33025.000 0.085 -0.400 0.155
33026.000 0.085 -0.331 0.458
33027.000 0.085 -0.262 0.448
33028.000 0.085 -0.192 0.451
33029.000 0.085 -0.123 0.355
33030.000 0.085 -0.054 0.456
33031.000 0.085 0.015 0.136
33032.000 0.085 0.085 0.300
33033.000 0.085 0.154 0.287
33034.000 0.085 0.223 0.449
33035.000 0.085 0.292 0.095
33036.000 0.085 0.362 0.416
33037.000 0.085 0.431 0.314
33038.000 0.154 -0.400 0.175
33039.000 0.154 -0.331 0.498
33040.000 0.154 -0.262 0.111
33041.000 0.154 -0.192 0.246
33042.000 0.154 -0.123 0.124
33043.000 0.154 -0.054 0.117
33044.000 0.154 0.015 0.456
33045.000 0.154 0.085 0.297
33046.000 0.154 0.154 0.227
33047.000 0.154 0.223 0.320
33048.000 0.154 0.292 0.186
33049.000 0.154 0.362 0.494
33050.000 0.154 0.431 0.169
33051.000 0.223 -0.400 0.098
33052.000 0.223 -0.331 0.442
33053.000 0.223 -0.262 0.431
33054.000 0.223 -0.192 0.480
33055.000 0.223 -0.123 0.242
33056.000 0.223 -0.054 0.001
33057.000 0.223 0.015 0.102
33058.000 0.223 0.085 0.151
33059.000 0.223 0.154 0.223
33060.000 0.223 0.223 0.030
33061.000 0.223 0.292 0.208
33062.000 0.223 0.362 0.493
33063.000 0.223 0.431 0.096
33064.000 0.292 -0.400 0.126
33065.000 0.292 -0.331 0.076
33066.000 0.292 -0.262 0.459
33067.000 0.292 -0.192 0.041
33068.000 0.292 -0.123 0.110
33069.000 0.292 -0.054 0.177
33070.000 0.292 0.015 0.087
33071.000 0.292 0.085 0.067
33072.000 0.292 0.154 0.228
33073.000 0.292 0.223 0.334
33074.000 0.292 0.292 0.324
33075.000 0.292 0.362 0.429
33076.000 0.292 0.431 0.437
33077.000 0.362 -0.400 0.182
33078.000 0.362 -0.331 0.486
33079.000 0.362 -0.262 0.017
33080.000 0.362 -0.192 0.228
33081.000 0.362 -0.123 0.109
33082.000 0.362 -0.054 0.321
33083.000 0.362 0.015 0.233
33084.000 0.362 0.085 0.241
33085.000 0.362 0.154 0.479
33086.000 0.362 0.223 0.470
33087.000 0.362 0.292 0.400
33088.000 0.362 0.362 0.144
33089.000 0.362 0.431 0.229
33090.000 0.431 -0.400 0.406
33091.000 0.431 -0.331 0.406
33092.000 0.431 -0.262 0.196
33093.000 0.431 -0.192 0.286
33094.000 0.431 -0.123 0.150
33095.000 0.431 -0.054 0.488
33096.000 0.431 0.015 0.286
33097.000 0.431 0.085 0.443
33098.000 0.431 0.154 0.052
33099.000 0.431 0.223 0.050
33100.000 0.431 0.292 0.236
33101.000 0.431 0.362 0.075
33102.000 0.431 0.431 0.248
