0.0 0.1507607192254495 0.052554744525547446 0.0 0.0
0.0 0.12033195020746888 0.03795620437956204 0.0 0.0
0.0014064697609001407 0.1272475795297372 0.04817518248175182 0.0 0.0
0.0 0.11618257261410789 0.04671532846715329 0.0 0.0
0.0 0.17289073305670816 0.042335766423357665 0.0013192612137203166 0.0
0.0014064697609001407 0.1673582295988935 0.05693430656934306 0.0 0.0
0.0 0.14246196403872752 0.04671532846715329 0.0 0.0
0.0 0.15352697095435683 0.03941605839416058 0.0 0.0
0.0014064697609001407 0.16182572614107885 0.032116788321167884 0.0 0.0
0.0 0.13278008298755187 0.03941605839416058 0.0 0.0
0.0 0.15767634854771787 0.05839416058394161 0.0 0.0
0.0 0.1479944674965422 0.035036496350364967 0.0 0.0
0.0014064697609001407 0.13278008298755187 0.04525547445255475 0.0 0.0
0.0 0.12033195020746888 0.04525547445255475 0.002638522427440633 0.0
0.0014064697609001407 0.11618257261410789 0.03649635036496351 0.0 0.0
0.0 0.13416320885200553 0.04671532846715329 0.0 0.0
0.0028129395218002813 0.14522821576763487 0.029197080291970805 0.0 0.0
0.0 0.1396957123098202 0.052554744525547446 0.0 0.0
0.0 0.09820193637621023 0.032116788321167884 0.0013192612137203166 0.0
0.0 0.1230982019363762 0.040875912408759124 0.0013192612137203166 0.0
0.0 0.12033195020746888 0.06277372262773721 0.0013192612137203166 0.0
0.0014064697609001407 0.1272475795297372 0.06131386861313869 0.0 0.0
0.0 0.12586445366528354 0.035036496350364967 0.0 0.0
0.0 0.12586445366528354 0.03649635036496351 0.0 0.0
0.0 0.1507607192254495 0.0437956204379562 0.0 0.0
0.0 0.1632088520055325 0.049635036496350364 0.0013192612137203166 0.0
0.0028129395218002813 0.14661134163208853 0.032116788321167884 0.0 0.0
0.0014064697609001407 0.14661134163208853 0.04525547445255475 0.0 0.0
0.0028129395218002813 0.11203319502074688 0.03649635036496351 0.0 0.0
0.0 0.13278008298755187 0.05693430656934306 0.0 0.0
0.0014064697609001407 0.1355463347164592 0.0437956204379562 0.0 0.0
0.0 0.13278008298755187 0.05547445255474452 0.0 0.0
0.0 0.10235131396957123 0.033576642335766425 0.0 0.0
0.0028129395218002813 0.13001383125864455 0.052554744525547446 0.0 0.0
0.0028129395218002813 0.1313969571230982 0.03649635036496351 0.0013192612137203166 0.0013850415512465374
0.0 0.13416320885200553 0.040875912408759124 0.0 0.0
0.0 0.14522821576763487 0.04671532846715329 0.0 0.0
0.0014064697609001407 0.11341632088520055 0.0437956204379562 0.0 0.0
0.0028129395218002813 0.1230982019363762 0.029197080291970805 0.0 0.0
0.0 0.11756569847856155 0.05547445255474452 0.0 0.0
0.0014064697609001407 0.11065006915629322 0.05693430656934306 0.0013192612137203166 0.0
0.0028129395218002813 0.12863070539419086 0.026277372262773723 0.0013192612137203166 0.0013850415512465374
0.0014064697609001407 0.12863070539419086 0.04817518248175182 0.0 0.0
0.0 0.11894882434301521 0.033576642335766425 0.0 0.0
0.0 0.12033195020746888 0.042335766423357665 0.0 0.0
0.0014064697609001407 0.11618257261410789 0.042335766423357665 0.0 0.0
0.0 0.10373443983402489 0.035036496350364967 0.0013192612137203166 0.0
0.0014064697609001407 0.16459197786998617 0.033576642335766425 0.0 0.0
0.0 0.09958506224066391 0.024817518248175182 0.0 0.0
0.0014064697609001407 0.11756569847856155 0.04817518248175182 0.002638522427440633 0.0
0.0 0.1438450899031812 0.040875912408759124 0.0 0.0
0.0014064697609001407 0.13001383125864455 0.03795620437956204 0.0 0.0
0.0014064697609001407 0.11894882434301521 0.0437956204379562 0.0013192612137203166 0.0
0.0 0.09681881051175657 0.029197080291970805 0.0013192612137203166 0.0013850415512465374
0.0 0.1507607192254495 0.03941605839416058 0.0 0.0
0.0014064697609001407 0.1230982019363762 0.032116788321167884 0.0013192612137203166 0.0
0.0 0.11203319502074688 0.033576642335766425 0.0 0.0
0.0 0.1355463347164592 0.03941605839416058 0.0 0.0
0.0014064697609001407 0.10926694329183956 0.06715328467153285 0.002638522427440633 0.0013850415512465374
0.0 0.11618257261410789 0.033576642335766425 0.0 0.0
0.0028129395218002813 0.12033195020746888 0.03941605839416058 0.0 0.0
0.0028129395218002813 0.0912863070539419 0.033576642335766425 0.0013192612137203166 0.0
0.0014064697609001407 0.1313969571230982 0.04671532846715329 0.0 0.0
0.0 0.10650069156293224 0.033576642335766425 0.0 0.0
0.0 0.11756569847856155 0.035036496350364967 0.0 0.0
0.0028129395218002813 0.12171507607192254 0.03649635036496351 0.0 0.0
0.0014064697609001407 0.11756569847856155 0.03649635036496351 0.0 0.0
0.0014064697609001407 0.13278008298755187 0.03795620437956204 0.0013192612137203166 0.0
0.0014064697609001407 0.12863070539419086 0.042335766423357665 0.0 0.0
0.0 0.13416320885200553 0.05693430656934306 0.002638522427440633 0.0
0.0 0.11065006915629322 0.05547445255474452 0.0 0.0
0.0 0.1438450899031812 0.03649635036496351 0.0 0.0013850415512465374
0.0014064697609001407 0.11756569847856155 0.030656934306569347 0.0 0.0013850415512465374
0.0 0.11756569847856155 0.035036496350364967 0.0013192612137203166 0.0
0.0014064697609001407 0.11618257261410789 0.035036496350364967 0.0 0.0
0.0 0.10926694329183956 0.030656934306569347 0.002638522427440633 0.0
0.0 0.14246196403872752 0.051094890510948905 0.0013192612137203166 0.0
0.0014064697609001407 0.11479944674965423 0.040875912408759124 0.0 0.0
0.0 0.1078838174273859 0.03941605839416058 0.0 0.0
0.0 0.13416320885200553 0.042335766423357665 0.0 0.0
0.0014064697609001407 0.12033195020746888 0.042335766423357665 0.0013192612137203166 0.0
0.0014064697609001407 0.11894882434301521 0.03649635036496351 0.0 0.0
0.0 0.11203319502074688 0.03649635036496351 0.0 0.0
0.0 0.1313969571230982 0.04671532846715329 0.0 0.0
0.0 0.10926694329183956 0.033576642335766425 0.0013192612137203166 0.0
0.0 0.13278008298755187 0.04671532846715329 0.0 0.0
0.0 0.11618257261410789 0.051094890510948905 0.0 0.0
0.0 0.10650069156293224 0.033576642335766425 0.0 0.0
0.0 0.09820193637621023 0.03795620437956204 0.0013192612137203166 0.0
0.0014064697609001407 0.12171507607192254 0.035036496350364967 0.0 0.0013850415512465374
0.0014064697609001407 0.11479944674965423 0.04525547445255475 0.0013192612137203166 0.0
0.0 0.10235131396957123 0.03649635036496351 0.0 0.0
0.0028129395218002813 0.0912863070539419 0.029197080291970805 0.0 0.0
0.0 0.09681881051175657 0.03941605839416058 0.0 0.0
0.0028129395218002813 0.09681881051175657 0.04671532846715329 0.0 0.0
0.0 0.09266943291839558 0.03941605839416058 0.0 0.0013850415512465374
0.0014064697609001407 0.08437067773167357 0.051094890510948905 0.0 0.0
0.0 0.09820193637621023 0.0218978102189781 0.0 0.0013850415512465374
0.0 0.11618257261410789 0.05693430656934306 0.0 0.0
0.0014064697609001407 0.1230982019363762 0.051094890510948905 0.0013192612137203166 0.0
0.0 0.09681881051175657 0.03795620437956204 0.0013192612137203166 0.0
0.0 0.0 0.0 0.0 0.0
0.0 0.0 0.0 0.0 0.0
0.0 0.0 0.0 0.0 0.0013850415512465374
0.0 0.0013831258644536654 0.0 0.0 0.0
0.0014064697609001407 0.1230982019363762 0.02773722627737226 0.0013192612137203166 0.0
0.0 0.0 0.0 0.0 0.0
0.0 0.0 0.0 0.0 0.0
0.0 0.0 0.0 0.0 0.0013850415512465374
0.0 0.0 0.0 0.0 0.0
0.0 0.02627939142461964 0.10218978102189781 0.0 0.0
0.0 0.0 0.0 0.0013192612137203166 0.0
0.0 0.0 0.0 0.0 0.0
0.0 0.0 0.0 0.0013192612137203166 0.0
0.0 0.0027662517289073307 0.0 0.0 0.0
0.0 0.11065006915629322 0.040875912408759124 0.0 0.0
0.0 0.0 0.0 0.0 0.0
0.0 0.0 0.0 0.0 0.0
0.0 0.0 0.0 0.0 0.0
0.0 0.0 0.0 0.0 0.002770083102493075
0.0014064697609001407 0.051175656984785614 0.1094890510948905 0.0 0.0
0.0 0.0 0.0014598540145985403 0.0 0.0
0.0 0.0 0.0 0.0 0.0
0.0 0.0 0.0014598540145985403 0.0 0.0
0.0 0.0 0.0 0.0 0.0
0.0 0.0 0.0 0.0 0.0
0.0 0.0 0.0 0.0 0.0
0.0 0.0 0.0 0.0 0.0013850415512465374
0.0 0.0 0.0 0.0 0.0
0.0 0.0 0.0 0.0 0.0
0.0 0.0 0.0 0.0 0.0
0.0 0.042876901798063624 0.08029197080291971 0.002638522427440633 0.0
0.0 0.04149377593360996 0.10218978102189781 0.0 0.0
0.0 0.03734439834024896 0.15766423357664233 0.0 0.0
0.0 0.056708160442600276 0.1416058394160584 0.005277044854881266 0.0
0.0 0.03734439834024896 0.11824817518248176 0.0 0.0013850415512465374
0.0 0.051175656984785614 0.13284671532846717 0.0013192612137203166 0.0
0.0014064697609001407 0.04149377593360996 0.16058394160583941 0.0013192612137203166 0.0
0.0 0.056708160442600276 0.1386861313868613 0.0013192612137203166 0.0013850415512465374
0.0 0.05394190871369295 0.15328467153284672 0.0 0.0
0.0014064697609001407 0.04426002766251729 0.14452554744525548 0.0 0.0
0.0 0.03872752420470262 0.16058394160583941 0.002638522427440633 0.0
0.0 0.03319502074688797 0.17226277372262772 0.0 0.0013850415512465374
0.0 0.04149377593360996 0.21751824817518248 0.005277044854881266 0.0
0.0014064697609001407 0.049792531120331954 0.14890510948905109 0.0 0.0
0.0 0.04149377593360996 0.16496350364963502 0.0 0.0
0.0014064697609001407 0.042876901798063624 0.1678832116788321 0.0013192612137203166 0.0
0.0 0.040110650069156296 0.19124087591240876 0.002638522427440633 0.0
0.0 0.04702627939142462 0.2321167883211679 0.0013192612137203166 0.0
0.0014064697609001407 0.049792531120331954 0.23941605839416058 0.0 0.0
0.0 0.0359612724757953 0.24963503649635038 0.0 0.0
0.0014064697609001407 0.04149377593360996 0.2598540145985402 0.002638522427440633 0.0
0.0014064697609001407 0.056708160442600276 0.25547445255474455 0.0 0.0
0.0014064697609001407 0.030428769017980636 0.31386861313868614 0.0 0.0
0.0 0.04702627939142462 0.3197080291970803 0.005277044854881266 0.0
0.0014064697609001407 0.042876901798063624 0.3489051094890511 0.0013192612137203166 0.0
0.0014064697609001407 0.04149377593360996 0.4043795620437956 0.002638522427440633 0.0
0.0 0.051175656984785614 0.4248175182481752 0.0 0.0
0.0014064697609001407 0.03734439834024896 0.47153284671532847 0.0 0.0
0.0014064697609001407 0.04426002766251729 0.4890510948905109 0.0 0.0
0.0 0.04564315352697095 0.5708029197080292 0.002638522427440633 0.0
0.0 0.0636237897648686 0.5182481751824817 0.002638522427440633 0.0
0.0 0.05255878284923928 0.6321167883211678 0.0013192612137203166 0.0
0.0 0.0719225449515906 0.7255474452554744 0.0013192612137203166 0.0
0.0 0.048409405255878286 0.7372262773722628 0.0 0.0
0.0 0.05532503457814661 0.8014598540145985 0.0 0.0
0.0 0.05532503457814661 0.7503649635036496 0.0 0.0
0.0 0.06639004149377593 0.891970802919708 0.002638522427440633 0.0
0.0 0.059474412171507604 0.9284671532846716 0.0 0.0
0.0 0.09405255878284924 1.0394160583941607 0.0 0.0
0.0 0.07330567081604426 1.143065693430657 0.0 0.0
0.0 0.08160442600276625 1.2160583941605838 0.0 0.0
0.0 0.07330567081604426 1.2656934306569343 0.0013192612137203166 0.0013850415512465374
0.0014064697609001407 0.0912863070539419 1.383941605839416 0.002638522427440633 0.0013850415512465374
0.0 0.10096818810511757 1.5547445255474452 0.0013192612137203166 0.0
0.0 0.07745504840940524 1.5576642335766422 0.0013192612137203166 0.0
0.0 0.10235131396957123 1.6846715328467152 0.0 0.0
0.0014064697609001407 0.11618257261410789 1.7664233576642336 0.003957783641160949 0.0
0.0 0.10373443983402489 1.9503649635036497 0.0 0.0
0.0014064697609001407 0.11065006915629322 1.8861313868613139 0.0 0.0013850415512465374
0.0 0.09681881051175657 1.9737226277372262 0.0013192612137203166 0.0
0.0014064697609001407 0.11065006915629322 1.997080291970803 0.0 0.0
0.0 0.1272475795297372 2.0802919708029197 0.003957783641160949 0.0
0.0 0.13278008298755187 2.208759124087591 0.0 0.0
0.0 0.12033195020746888 2.297810218978102 0.0013192612137203166 0.0
0.0014064697609001407 0.12033195020746888 2.381021897810219 0.0 0.0
0.0 0.1438450899031812 2.543065693430657 0.002638522427440633 0.0
0.0 0.14522821576763487 2.6613138686131386 0.002638522427440633 0.0
0.0 0.15629322268326418 2.8145985401459854 0.0 0.0
0.0014064697609001407 0.16182572614107885 2.9839416058394157 0.0 0.0
0.0 0.1825726141078838 3.213138686131387 0.0 0.0
0.0028129395218002813 0.18118948824343015 3.230656934306569 0.0013192612137203166 0.0
0.0 0.19225449515905949 3.47007299270073 0.002638522427440633 0.0
0.0 0.2157676348547718 3.570802919708029 0.0 0.0
0.0 0.21023513139695713 3.718248175182482 0.0 0.0
0.004219409282700422 0.20608575380359612 3.7868613138686134 0.0 0.0
0.0 0.22544951590594745 3.910948905109489 0.002638522427440633 0.0
0.0 0.24896265560165975 4.290510948905109 0.002638522427440633 0.0
0.0014064697609001407 0.26141078838174275 4.274452554744525 0.005277044854881266 0.0
0.0 0.2710926694329184 4.4481751824817515 0.0 0.0
0.0 0.2959889349930844 4.718248175182482 0.0 0.0
0.0 0.2876901798063624 4.998540145985402 0.0013192612137203166 0.0
0.0 0.3112033195020747 5.074452554744526 0.0 0.0013850415512465374
0.0 0.3195020746887967 5.194160583941605 0.0 0.0013850415512465374
0.0014064697609001407 0.33609958506224064 5.5445255474452555 0.0013192612137203166 0.0
0.0 0.36929460580912865 5.652554744525547 0.0 0.0
0.0 0.3623789764868603 5.78978102189781 0.0013192612137203166 0.0
0.0 0.3872752420470263 6.230656934306569 0.0013192612137203166 0.0
0.0 0.40802213001383125 6.424817518248175 0.0 0.0
0.0014064697609001407 0.4495159059474412 6.8 0.002638522427440633 0.0
0.0 0.43706777316735823 6.963503649635036 0.0013192612137203166 0.0
0.0 0.45228215767634855 7.197080291970803 0.003957783641160949 0.0
0.0 0.46473029045643155 7.278832116788321 0.0 0.0013850415512465374
0.0 0.45643153526970953 7.25109489051095 0.0013192612137203166 0.0
0.0014064697609001407 0.4785615491009682 7.214598540145985 0.002638522427440633 0.0
0.0 0.46473029045643155 7.2364963503649635 0.0 0.0
0.0 0.5172890733056708 7.52992700729927 0.0 0.0
0.0 0.5076071922544951 7.478832116788322 0.0 0.0
0.0014064697609001407 0.49377593360995853 7.452554744525547 0.0013192612137203166 0.0
0.0 0.4854771784232365 7.567883211678833 0.0013192612137203166 0.0
0.0 0.5048409405255878 7.439416058394161 0.002638522427440633 0.0
0.0 0.4591977869986169 7.543065693430657 0.0 0.0
0.0 0.4854771784232365 7.569343065693431 0.0 0.0
0.0 0.5186721991701245 7.532846715328467 0.0 0.0
0.0 0.5283540802213001 7.607299270072993 0.0 0.0
0.0 0.5242047026279392 7.689051094890511 0.0013192612137203166 0.0
0.0014064697609001407 0.5242047026279392 7.531386861313869 0.0013192612137203166 0.0
0.0 0.47994467496542187 7.6335766423357665 0.0013192612137203166 0.0013850415512465374
0.0 0.5325034578146611 7.588321167883212 0.0 0.0
0.0 0.47994467496542187 7.683211678832117 0.002638522427440633 0.0
