0.0028129395218002813 0.21715076071922546 0.051094890510948905 0.0013192612137203166 0.0
0.0 0.16044260027662519 0.03649635036496351 0.0013192612137203166 0.0
0.0014064697609001407 0.1908713692946058 0.04671532846715329 0.0013192612137203166 0.0
0.0014064697609001407 0.1230982019363762 0.040875912408759124 0.0 0.0
0.0 0.18948824343015214 0.07007299270072993 0.0 0.0
0.0028129395218002813 0.21300138312586447 0.04671532846715329 0.0 0.0
0.0 0.16459197786998617 0.04817518248175182 0.0 0.0
0.0028129395218002813 0.2226832641770401 0.06423357664233577 0.0 0.0
0.0 0.23374827109266944 0.03649635036496351 0.0 0.0
0.0 0.1701244813278008 0.04671532846715329 0.0013192612137203166 0.0
0.0014064697609001407 0.18672199170124482 0.07153284671532847 0.0013192612137203166 0.0
0.0028129395218002813 0.21715076071922546 0.04817518248175182 0.0 0.0
0.0 0.21161825726141079 0.049635036496350364 0.0013192612137203166 0.0
0.0014064697609001407 0.15767634854771787 0.052554744525547446 0.0 0.0013850415512465374
0.0014064697609001407 0.1798063623789765 0.04817518248175182 0.0 0.0
0.0 0.21161825726141079 0.04817518248175182 0.0 0.0
0.0 0.18810511756569848 0.04671532846715329 0.0 0.0
0.0028129395218002813 0.24343015214384509 0.051094890510948905 0.0 0.0
0.0 0.21991701244813278 0.030656934306569347 0.0013192612137203166 0.0
0.0 0.22130013831258644 0.040875912408759124 0.0 0.0
0.0014064697609001407 0.18672199170124482 0.06423357664233577 0.0 0.0
0.0028129395218002813 0.22959889349930845 0.06715328467153285 0.0 0.0
0.0 0.22959889349930845 0.04817518248175182 0.0 0.0
0.0014064697609001407 0.2503457814661134 0.03795620437956204 0.0 0.0
0.0 0.29322268326417705 0.07007299270072993 0.0 0.0
0.0 0.32918395573997233 0.08321167883211679 0.0 0.0
0.0014064697609001407 0.27385892116182575 0.059854014598540145 0.0013192612137203166 0.0
0.0 0.3084370677731673 0.04525547445255475 0.0 0.0
0.0014064697609001407 0.29322268326417705 0.042335766423357665 0.0 0.0
0.0014064697609001407 0.29322268326417705 0.05401459854014598 0.0 0.0
0.0 0.32088520055325037 0.06715328467153285 0.0 0.0
0.0 0.34716459197787 0.05693430656934306 0.0 0.0
0.0014064697609001407 0.2641770401106501 0.04817518248175182 0.0 0.0
0.0014064697609001407 0.33609958506224064 0.06277372262773721 0.0 0.0
0.0014064697609001407 0.33886583679114796 0.05547445255474452 0.0 0.0
0.0014064697609001407 0.3236514522821577 0.0437956204379562 0.0 0.0
0.0014064697609001407 0.34993084370677735 0.07737226277372262 0.0 0.0
0.0014064697609001407 0.3900414937759336 0.06861313868613139 0.0013192612137203166 0.0
0.0014064697609001407 0.42047026279391425 0.07007299270072993 0.0013192612137203166 0.0
0.0028129395218002813 0.4315352697095436 0.051094890510948905 0.0 0.0
0.0 0.4218533886583679 0.06861313868613139 0.0 0.0
0.0028129395218002813 0.43983402489626555 0.06861313868613139 0.0013192612137203166 0.0013850415512465374
0.0014064697609001407 0.45228215767634855 0.06131386861313869 0.0 0.0
0.0014064697609001407 0.4591977869986169 0.05547445255474452 0.0 0.0
0.0014064697609001407 0.4495159059474412 0.06861313868613139 0.0013192612137203166 0.0
0.0014064697609001407 0.4536652835408022 0.0437956204379562 0.0 0.0
0.0014064697609001407 0.5311203319502075 0.05547445255474452 0.0 0.0
0.0014064697609001407 0.573997233748271 0.051094890510948905 0.0 0.0
0.0014064697609001407 0.5380359612724758 0.06423357664233577 0.0 0.0
0.0 0.5795297372060857 0.05693430656934306 0.002638522427440633 0.0
0.0 0.6376210235131397 0.07591240875912408 0.0 0.0
0.0 0.6417704011065007 0.07737226277372262 0.0013192612137203166 0.0013850415512465374
0.0 0.6791147994467497 0.08467153284671533 0.0013192612137203166 0.0
0.0 0.6016597510373445 0.07591240875912408 0.0013192612137203166 0.0
0.0028129395218002813 0.6721991701244813 0.07153284671532847 0.0013192612137203166 0.0
0.0 0.6874135546334716 0.06715328467153285 0.0013192612137203166 0.0
0.0028129395218002813 0.6445366528354081 0.05693430656934306 0.0 0.0
0.0014064697609001407 0.7372060857538036 0.07299270072992702 0.0 0.0
0.0 0.7081604426002767 0.08467153284671533 0.0 0.0
0.0 0.7358229598893499 0.09197080291970804 0.0013192612137203166 0.0
0.0 0.8049792531120332 0.07007299270072993 0.0 0.0
0.0 0.7662517289073305 0.08467153284671533 0.0 0.0
0.0014064697609001407 0.9073305670816044 0.09197080291970804 0.0013192612137203166 0.0
0.0 0.8478561549100968 0.07153284671532847 0.0 0.0
0.0028129395218002813 0.8284923928077456 0.07007299270072993 0.0 0.0
0.0 0.9031811894882434 0.06715328467153285 0.002638522427440633 0.0
0.0014064697609001407 0.946058091286307 0.08175182481751825 0.0 0.0
0.0014064697609001407 0.9695712309820194 0.12116788321167883 0.0 0.0
0.0014064697609001407 0.9917012448132779 0.07153284671532847 0.0 0.0
0.0 0.9778699861687414 0.0905109489051095 0.0 0.0
0.0 1.0027662517289073 0.09489051094890512 0.0 0.0013850415512465374
0.0028129395218002813 1.0968188105117564 0.09781021897810219 0.0 0.0
0.0014064697609001407 1.0650069156293223 0.08175182481751825 0.0 0.0
0.0 1.0677731673582296 0.07445255474452554 0.0 0.0
0.0 1.0816044260027662 0.07883211678832117 0.0 0.0
0.0014064697609001407 1.062240663900415 0.07883211678832117 0.002638522427440633 0.0
0.0014064697609001407 1.1106500691562933 0.10510948905109489 0.0 0.0013850415512465374
0.0014064697609001407 1.1217150760719226 0.0905109489051095 0.0 0.0
0.0 1.1355463347164594 0.11532846715328468 0.0 0.0
0.005625879043600563 1.1770401106500692 0.09781021897810219 0.0 0.0
0.0014064697609001407 1.1798063623789765 0.11240875912408758 0.0013192612137203166 0.0
0.0 1.2282157676348546 0.11240875912408758 0.0 0.0
0.0014064697609001407 1.2918395573997232 0.08029197080291971 0.0 0.0
0.0014064697609001407 1.34716459197787 0.1343065693430657 0.0 0.0
0.0028129395218002813 1.372060857538036 0.12116788321167883 0.0013192612137203166 0.0
0.0014064697609001407 1.3706777316735823 0.11824817518248176 0.0 0.0
0.0 1.508990318118949 0.12262773722627739 0.0013192612137203166 0.0
0.0028129395218002813 1.4522821576763485 0.12554744525547443 0.0 0.0
0.0028129395218002813 1.450899031811895 0.09197080291970804 0.0 0.0
0.0014064697609001407 1.5491009681881052 0.1386861313868613 0.0013192612137203166 0.0
0.0 1.6265560165975104 0.12116788321167883 0.0013192612137203166 0.0
0.004219409282700422 1.5919778699861686 0.127007299270073 0.0 0.0
0.0 1.5283540802213 0.11386861313868613 0.0 0.0
0.0 1.6348547717842323 0.12408759124087591 0.0013192612137203166 0.0
0.0014064697609001407 1.7206085753803597 0.15328467153284672 0.0 0.0
0.0014064697609001407 1.686030428769018 0.1343065693430657 0.0 0.0
0.0 1.773167358229599 0.14452554744525548 0.0 0.0
0.0028129395218002813 1.8188105117565698 0.127007299270073 0.0 0.0
0.0014064697609001407 1.9405255878284926 0.15474452554744525 0.0013192612137203166 0.0013850415512465374
0.0 1.9474412171507607 0.16642335766423358 0.0 0.0
0.0014064697609001407 1.9695712309820192 0.1678832116788321 0.0 0.0
0.0 0.19917012448132781 0.0 0.0 0.0
0.0 0.1507607192254495 0.0 0.0 0.0
0.0 0.13416320885200553 0.0 0.0 0.0
0.0 0.16182572614107885 0.0 0.0 0.0
0.0014064697609001407 1.9834024896265559 0.15912408759124086 0.0 0.0
0.0 0.16044260027662519 0.0 0.0 0.0
0.0 0.15214384508990317 0.0 0.0 0.0
0.0014064697609001407 0.16459197786998617 0.0 0.0 0.0013850415512465374
0.0014064697609001407 0.15629322268326418 0.0 0.0 0.0
0.0014064697609001407 1.5034578146611344 0.2686131386861314 0.0 0.0
0.0 0.15905947441217153 0.0 0.0 0.0
0.0 0.1825726141078838 0.0 0.0 0.0
0.0 0.14937759336099585 0.0 0.0 0.0
0.0 0.1549100968188105 0.0014598540145985403 0.0 0.0
0.0 2.0304287690179805 0.17372262773722627 0.0 0.0
0.0 0.1798063623789765 0.0 0.0 0.0
0.0 0.16874135546334715 0.0014598540145985403 0.0 0.0
0.0 0.1438450899031812 0.0 0.0 0.0
0.0 0.1230982019363762 0.0 0.0 0.0
0.0 1.5670816044260027 0.3021897810218978 0.003957783641160949 0.0013850415512465374
0.0 0.17427385892116184 0.0 0.0 0.0
0.0 0.19225449515905949 0.0029197080291970805 0.0 0.0
0.0 0.1798063623789765 0.0 0.0013192612137203166 0.0
0.0 0.15905947441217153 0.0 0.0 0.0013850415512465374
0.0 0.16597510373443983 0.0 0.0 0.0
0.0 0.1549100968188105 0.0 0.0 0.0
0.0 0.1825726141078838 0.0 0.0 0.0
0.0 0.17289073305670816 0.0 0.0 0.0
0.0 0.16044260027662519 0.0 0.0 0.0
0.0 0.16874135546334715 0.0 0.0 0.0
0.0014064697609001407 1.5781466113416323 0.26277372262773724 0.0013192612137203166 0.0
0.0014064697609001407 1.5587828492392808 0.23795620437956205 0.0 0.0
0.0 1.5795297372060857 0.3240875912408759 0.0013192612137203166 0.0
0.0 1.5919778699861686 0.2832116788321168 0.002638522427440633 0.0
0.0 1.586445366528354 0.26569343065693435 0.0 0.0
0.0 1.5477178423236515 0.24671532846715327 0.0 0.0
0.0 1.5352697095435686 0.3051094890510949 0.0013192612137203166 0.0
0.0014064697609001407 1.583679114799447 0.2671532846715328 0.0013192612137203166 0.0
0.0 1.5532503457814661 0.28759124087591237 0.0013192612137203166 0.0013850415512465374
0.0 1.5573997233748271 0.2992700729927007 0.0 0.0
0.0 1.5214384508990317 0.3094890510948905 0.0 0.0
0.0 1.5366528354080222 0.26277372262773724 0.0 0.0
0.0 1.4854771784232366 0.28905109489051095 0.0 0.0
0.0 1.525587828492393 0.2773722627737226 0.0 0.0
0.0 1.5477178423236515 0.2583941605839416 0.002638522427440633 0.0
0.0 1.4605809128630705 0.24963503649635038 0.0 0.0
0.0 1.5311203319502076 0.30364963503649633 0.0 0.0
0.0 1.4937759336099585 0.27445255474452557 0.0 0.0
0.0 1.4965421853388658 0.2583941605839416 0.003957783641160949 0.0
0.0 1.3983402489626557 0.2569343065693431 0.0 0.0
0.0 1.5338865836791147 0.27883211678832115 0.0 0.0
0.0 1.5076071922544951 0.23649635036496353 0.0013192612137203166 0.0
0.0 1.4813278008298754 0.28175182481751826 0.0013192612137203166 0.0
0.0 1.5076071922544951 0.25109489051094885 0.0013192612137203166 0.0
0.0 1.5491009681881052 0.2291970802919708 0.0013192612137203166 0.0
0.0 1.4910096818810512 0.23941605839416058 0.002638522427440633 0.0
0.0 1.4827109266943292 0.24379562043795622 0.0013192612137203166 0.0
0.0 1.380359612724758 0.2686131386861314 0.0013192612137203166 0.0
0.0 1.5020746887966805 0.23065693430656936 0.0 0.0
0.0 1.4730290456431536 0.2583941605839416 0.0 0.0
0.0 1.5477178423236515 0.23795620437956205 0.0 0.0
0.0 1.525587828492393 0.24671532846715327 0.0 0.0
0.0 1.4965421853388658 0.272992700729927 0.0 0.0
0.0 1.4287690179806363 0.24817518248175183 0.0 0.0
0.0 1.4882434301521439 0.24379562043795622 0.002638522427440633 0.0
0.0 1.3817427385892116 0.25255474452554744 0.002638522427440633 0.0
0.0 1.5062240663900415 0.29343065693430653 0.0013192612137203166 0.0
0.0014064697609001407 1.4591977869986168 0.2569343065693431 0.0013192612137203166 0.0
0.0 1.5048409405255878 0.23795620437956205 0.0013192612137203166 0.0
0.0014064697609001407 1.4370677731673582 0.21313868613138687 0.0 0.0
0.0 1.4813278008298754 0.24817518248175183 0.0 0.0
0.0 1.4011065006915628 0.17956204379562046 0.0 0.0
0.0014064697609001407 1.48686030428769 0.218978102189781 0.002638522427440633 0.0
0.0014064697609001407 1.5006915629322268 0.24671532846715327 0.0 0.0
0.0014064697609001407 1.4467496542185339 0.22043795620437956 0.0013192612137203166 0.0
0.0 1.450899031811895 0.22773722627737225 0.0013192612137203166 0.0
0.0 1.4107883817427387 0.1927007299270073 0.0 0.0
0.0 1.4315352697095436 0.24087591240875914 0.0 0.0
0.0 1.3941908713692948 0.20145985401459854 0.003957783641160949 0.0
0.0 1.3941908713692948 0.18832116788321168 0.0 0.0
0.0 1.466113416320885 0.18832116788321168 0.0013192612137203166 0.0
0.0014064697609001407 1.4121715076071921 0.19562043795620437 0.002638522427440633 0.0
0.0 1.479944674965422 0.2 0.0 0.0
0.0014064697609001407 1.4757952973720607 0.21605839416058392 0.0 0.0
0.0 1.4356846473029046 0.19708029197080293 0.0013192612137203166 0.0
0.0014064697609001407 1.4536652835408022 0.17372262773722627 0.002638522427440633 0.0
0.0 1.4204702627939143 0.19854014598540146 0.0013192612137203166 0.0
0.0014064697609001407 1.4177040110650068 0.18686131386861315 0.0 0.0
0.0 1.3969571230982019 0.2 0.0 0.0
0.0 1.4190871369294604 0.2 0.0 0.0
0.0014064697609001407 1.3872752420470262 0.18686131386861315 0.0 0.0
0.0 1.4163208852005533 0.17226277372262772 0.0 0.0
0.0014064697609001407 1.3817427385892116 0.18248175182481752 0.0 0.0
0.0 1.372060857538036 0.19854014598540146 0.0013192612137203166 0.0
0.0 1.326417704011065 0.17372262773722627 0.0 0.0
0.0 1.4163208852005533 0.17664233576642335 0.0 0.0
0.0 1.3914246196403872 0.1854014598540146 0.0 0.0
0.0 1.380359612724758 0.16934306569343066 0.0 0.0013850415512465374
0.0014064697609001407 1.4190871369294604 0.18978102189781024 0.0 0.0
0.0 1.4038727524204704 0.1562043795620438 0.0 0.0
0.0 1.384508990318119 0.15182481751824817 0.0 0.0
0.0028129395218002813 1.3969571230982019 0.13284671532846717 0.0 0.0
0.0 1.3831258644536653 0.15766423357664233 0.0013192612137203166 0.0
0.0 1.3416320885200554 0.15328467153284672 0.0 0.0
0.0 1.4578146611341631 0.15182481751824817 0.0 0.0
0.0 1.326417704011065 0.1635036496350365 0.002638522427440633 0.0
0.0014064697609001407 1.363762102351314 0.15912408759124086 0.0013192612137203166 0.0
0.0014064697609001407 1.3789764868603043 0.1343065693430657 0.0 0.0
0.0 1.4024896265560165 0.15182481751824817 0.0 0.0
0.0 1.3665283540802213 0.11970802919708029 0.0 0.0
0.0 1.3167358229598893 0.13576642335766423 0.0 0.0
0.0014064697609001407 1.3042876901798064 0.11094890510948904 0.0 0.0
0.0014064697609001407 1.3029045643153525 0.14014598540145987 0.0 0.0
0.0 1.3457814661134164 0.15912408759124086 0.0 0.0
0.0014064697609001407 1.3499308437067772 0.14014598540145987 0.0013192612137203166 0.0
0.0 1.3250345781466115 0.09927007299270073 0.0013192612137203166 0.0
0.0 1.363762102351314 0.11094890510948904 0.0 0.0
0.0 1.3360995850622408 0.127007299270073 0.0013192612137203166 0.0
0.0 1.3029045643153525 0.12262773722627739 0.0 0.0
0.0 1.367911479944675 0.10656934306569343 0.0 0.0
0.0 1.3278008298755186 0.13284671532846717 0.0 0.0
0.0014064697609001407 1.2890733056708161 0.1343065693430657 0.003957783641160949 0.0
0.0014064697609001407 1.3831258644536653 0.12262773722627739 0.0 0.0
0.0 1.2572614107883817 0.1299270072992701 0.0013192612137203166 0.0
0.0 1.3706777316735823 0.1386861313868613 0.0 0.0
0.0 1.3291839557399723 0.12262773722627739 0.0 0.0
0.0014064697609001407 1.2655601659751037 0.12554744525547443 0.0 0.0
0.0 1.3112033195020747 0.13138686131386862 0.0013192612137203166 0.0
0.0014064697609001407 1.3900414937759336 0.15036496350364964 0.0 0.0
