13.833333333333332 34.5 23.400000000000002 16.5 15.0
17.833333333333332 30.5 25.2 16.5 12.0
15.166666666666666 30.0 25.2 15.0 13.666666666666668
19.333333333333336 29.5 25.4 15.166666666666666 11.0
17.833333333333332 32.666666666666664 25.0 13.666666666666668 13.5
15.0 31.5 27.400000000000002 13.666666666666668 11.666666666666668
15.5 30.833333333333336 26.200000000000003 12.166666666666666 12.0
16.0 35.0 27.599999999999998 15.166666666666666 12.833333333333334
17.5 34.5 25.2 15.666666666666666 13.0
17.833333333333332 29.833333333333332 27.400000000000002 12.166666666666666 15.166666666666666
17.166666666666668 31.0 25.4 15.666666666666666 15.166666666666666
16.0 30.333333333333332 26.4 16.666666666666668 11.666666666666668
13.666666666666668 31.5 25.8 15.666666666666666 12.666666666666666
14.666666666666666 32.16666666666667 25.4 20.166666666666664 14.666666666666666
17.0 30.666666666666664 26.599999999999998 14.666666666666666 15.0
15.0 32.33333333333333 26.200000000000003 16.333333333333332 13.333333333333334
16.666666666666668 33.833333333333336 26.0 16.5 14.166666666666666
15.5 32.33333333333333 24.400000000000002 15.166666666666666 14.333333333333334
14.833333333333334 31.333333333333332 26.200000000000003 15.333333333333332 15.0
14.666666666666666 32.16666666666667 27.799999999999997 15.333333333333332 12.333333333333334
15.166666666666666 30.666666666666664 24.0 11.666666666666668 12.666666666666666
17.166666666666668 30.0 25.4 15.0 12.5
15.666666666666666 31.0 24.6 15.833333333333334 17.666666666666668
18.0 32.33333333333333 27.400000000000002 12.5 14.833333333333334
16.333333333333332 35.0 28.2 17.0 13.0
18.333333333333332 30.833333333333336 24.6 14.166666666666666 12.833333333333334
16.166666666666664 31.333333333333332 27.2 17.5 11.5
15.833333333333334 34.5 26.8 14.666666666666666 14.833333333333334
16.666666666666668 32.0 23.8 13.833333333333332 13.833333333333332
14.166666666666666 32.16666666666667 25.2 17.333333333333332 14.333333333333334
18.333333333333332 31.5 27.799999999999997 12.166666666666666 13.666666666666668
18.5 29.5 26.4 14.166666666666666 12.666666666666666
19.166666666666664 31.5 27.799999999999997 15.833333333333334 12.0
13.166666666666666 34.5 27.599999999999998 12.833333333333334 13.166666666666666
17.5 32.666666666666664 27.0 14.166666666666666 11.666666666666668
16.5 32.833333333333336 25.8 14.333333333333334 11.333333333333334
15.666666666666666 32.0 28.8 13.666666666666668 15.666666666666666
15.5 31.666666666666668 24.2 16.666666666666668 15.666666666666666
17.166666666666668 30.666666666666664 23.400000000000002 13.166666666666666 10.833333333333334
16.833333333333332 33.0 26.200000000000003 12.166666666666666 14.666666666666666
16.5 35.5 25.4 13.333333333333334 13.166666666666666
15.833333333333334 31.833333333333332 25.0 14.833333333333334 14.833333333333334
16.666666666666668 32.5 26.200000000000003 14.166666666666666 16.0
16.5 31.166666666666664 26.4 14.166666666666666 15.333333333333332
19.666666666666664 34.166666666666664 31.0 15.833333333333334 12.666666666666666
16.333333333333332 31.5 26.8 15.833333333333334 12.333333333333334
16.5 30.333333333333332 27.0 16.333333333333332 13.666666666666668
16.0 31.833333333333332 27.2 14.666666666666666 11.833333333333332
15.166666666666666 31.0 23.0 16.666666666666668 15.5
15.666666666666666 34.0 27.400000000000002 12.666666666666666 14.666666666666666
15.666666666666666 33.5 24.8 15.166666666666666 14.0
15.666666666666666 33.333333333333336 24.8 15.0 13.0
13.666666666666668 32.666666666666664 25.0 15.333333333333332 13.833333333333332
14.5 31.5 24.400000000000002 17.666666666666668 12.5
16.833333333333332 31.0 27.0 15.0 14.833333333333334
15.666666666666666 31.333333333333332 27.599999999999998 13.833333333333332 13.833333333333332
16.0 30.5 26.4 12.0 16.333333333333332
14.166666666666666 33.833333333333336 26.8 15.833333333333334 14.666666666666666
15.833333333333334 34.833333333333336 26.0 16.5 14.333333333333334
15.333333333333332 32.0 25.8 14.0 13.0
18.0 34.833333333333336 24.2 15.5 13.833333333333332
16.0 32.16666666666667 29.2 13.166666666666666 10.0
14.833333333333334 34.166666666666664 24.6 15.166666666666666 14.333333333333334
18.666666666666668 34.5 25.2 13.833333333333332 12.666666666666666
17.166666666666668 31.0 26.200000000000003 14.5 13.5
15.5 34.166666666666664 27.599999999999998 15.5 13.0
18.166666666666668 32.33333333333333 28.8 14.5 13.0
16.166666666666664 32.33333333333333 25.4 14.0 14.333333333333334
13.833333333333332 34.166666666666664 24.400000000000002 14.333333333333334 12.833333333333334
15.0 32.33333333333333 23.0 13.0 14.333333333333334
17.666666666666668 31.0 27.400000000000002 16.5 12.833333333333334
15.166666666666666 31.166666666666664 28.8 16.666666666666668 13.0
15.833333333333334 33.5 25.4 13.5 14.666666666666666
15.833333333333334 31.833333333333332 27.400000000000002 16.0 15.5
13.833333333333332 34.5 25.0 16.333333333333332 14.666666666666666
16.666666666666668 33.166666666666664 26.8 16.666666666666668 12.0
18.166666666666668 31.333333333333332 23.599999999999998 17.833333333333332 14.166666666666666
15.333333333333332 30.166666666666668 22.4 14.833333333333334 14.333333333333334
16.5 35.833333333333336 26.599999999999998 13.333333333333334 14.833333333333334
17.0 32.833333333333336 26.0 14.666666666666666 12.833333333333334
12.166666666666666 31.333333333333332 29.8 16.0 11.5
14.333333333333334 29.333333333333332 29.2 17.0 11.833333333333332
13.666666666666668 34.5 23.2 16.5 14.333333333333334
16.5 32.666666666666664 25.6 14.833333333333334 13.5
17.0 33.0 26.200000000000003 13.833333333333332 13.833333333333332
15.333333333333332 31.5 24.2 15.666666666666666 15.333333333333332
17.666666666666668 32.833333333333336 24.400000000000002 15.0 12.166666666666666
17.5 31.0 29.2 10.833333333333334 13.0
13.5 29.833333333333332 26.599999999999998 15.166666666666666 14.833333333333334
15.0 31.5 27.2 14.0 14.333333333333334
17.0 33.833333333333336 26.200000000000003 15.833333333333334 14.333333333333334
16.0 30.333333333333332 24.2 17.666666666666668 13.666666666666668
16.833333333333332 33.333333333333336 28.0 14.833333333333334 12.5
17.5 28.5 28.8 16.0 10.833333333333334
15.666666666666666 33.333333333333336 28.400000000000002 13.833333333333332 15.333333333333332
15.5 33.666666666666664 26.4 14.0 14.333333333333334
15.333333333333332 33.333333333333336 26.4 16.833333333333332 14.5
13.5 36.0 26.599999999999998 15.833333333333334 13.333333333333334
16.166666666666664 30.0 29.2 14.5 14.166666666666666
18.5 28.0 26.200000000000003 15.5 11.666666666666668
16.0 30.5 29.8 13.0 12.333333333333334
15.833333333333334 14.666666666666666 13.0 16.166666666666664 15.166666666666666
14.0 13.666666666666668 15.6 16.0 15.166666666666666
12.0 16.166666666666664 15.0 17.166666666666668 15.833333333333334
18.666666666666668 13.333333333333334 14.4 17.333333333333332 14.166666666666666
14.5 34.166666666666664 30.4 15.5 13.833333333333332
16.0 14.333333333333334 14.0 16.5 14.5
18.166666666666668 16.5 14.4 14.666666666666666 14.333333333333334
14.166666666666666 14.666666666666666 14.4 16.166666666666664 14.166666666666666
14.166666666666666 14.5 15.4 15.833333333333334 16.833333333333332
16.166666666666664 28.333333333333332 31.6 16.333333333333332 13.5
15.833333333333334 14.5 15.4 15.666666666666666 15.833333333333334
17.833333333333332 14.5 15.0 14.0 15.5
16.5 14.0 16.8 14.5 12.833333333333334
12.833333333333334 14.5 16.6 16.333333333333332 14.166666666666666
16.833333333333332 31.333333333333332 29.0 17.5 12.166666666666666
19.0 13.833333333333332 15.2 15.166666666666666 16.833333333333332
14.5 14.0 18.0 15.0 14.0
14.833333333333334 17.166666666666668 12.8 17.666666666666668 13.5
15.166666666666666 14.5 14.0 14.666666666666666 17.0
18.333333333333332 28.5 29.0 16.666666666666668 13.833333333333332
13.333333333333334 15.166666666666666 13.2 15.666666666666666 15.833333333333334
14.166666666666666 13.833333333333332 19.8 17.666666666666668 10.333333333333334
17.166666666666668 15.166666666666666 14.200000000000001 14.5 18.833333333333332
12.833333333333334 15.0 15.8 13.5 14.833333333333334
14.5 17.166666666666668 14.4 16.333333333333332 16.0
16.5 15.666666666666666 16.8 14.833333333333334 16.833333333333332
19.0 15.833333333333334 14.6 12.666666666666666 16.0
15.5 14.0 15.4 16.0 13.833333333333332
14.0 12.5 13.6 12.0 13.5
15.333333333333332 15.333333333333332 13.0 15.0 14.166666666666666
18.666666666666668 26.666666666666668 31.0 16.666666666666668 13.666666666666668
15.5 29.833333333333332 29.6 17.666666666666668 13.333333333333334
16.0 28.166666666666668 30.4 14.833333333333334 11.666666666666668
17.166666666666668 25.833333333333332 29.2 17.666666666666668 14.0
17.666666666666668 28.666666666666668 31.4 17.5 14.5
14.833333333333334 28.666666666666668 33.2 14.833333333333334 11.5
16.833333333333332 30.666666666666664 32.4 14.666666666666666 14.166666666666666
12.666666666666666 27.0 26.8 16.166666666666664 14.0
15.0 27.166666666666664 29.6 17.833333333333332 13.833333333333332
15.0 26.666666666666668 32.4 16.0 13.833333333333332
16.0 30.333333333333332 30.4 15.0 14.0
12.666666666666666 26.5 27.799999999999997 16.833333333333332 11.333333333333334
16.166666666666664 32.0 30.200000000000003 14.666666666666666 13.333333333333334
16.833333333333332 28.333333333333332 31.0 18.5 13.166666666666666
14.166666666666666 27.166666666666664 28.2 19.166666666666664 12.666666666666666
15.5 27.5 30.0 14.166666666666666 11.833333333333332
13.833333333333332 28.666666666666668 31.6 14.5 11.166666666666666
15.333333333333332 28.166666666666668 29.6 15.833333333333334 13.666666666666668
14.0 25.833333333333332 33.0 18.166666666666668 15.333333333333332
15.666666666666666 30.166666666666668 29.0 12.666666666666666 14.166666666666666
13.5 26.666666666666668 29.8 19.0 15.0
15.833333333333334 27.166666666666664 29.2 16.833333333333332 12.5
15.666666666666666 27.166666666666664 34.0 19.333333333333336 15.166666666666666
12.833333333333334 30.666666666666664 29.0 17.666666666666668 10.333333333333334
15.333333333333332 28.833333333333332 30.200000000000003 15.333333333333332 14.666666666666666
14.666666666666666 29.333333333333332 28.8 15.166666666666666 12.5
16.833333333333332 26.5 29.8 15.833333333333334 11.5
18.166666666666668 28.166666666666668 30.8 16.0 12.5
17.833333333333332 28.0 28.400000000000002 14.833333333333334 13.5
17.666666666666668 29.666666666666668 31.6 16.666666666666668 12.5
13.666666666666668 30.333333333333332 31.2 16.0 13.5
17.166666666666668 26.0 31.6 15.0 12.833333333333334
14.166666666666666 28.0 29.8 15.5 15.5
17.0 29.833333333333332 29.8 14.666666666666666 14.0
14.666666666666666 31.5 32.4 14.166666666666666 13.833333333333332
15.166666666666666 30.166666666666668 30.8 18.5 13.666666666666668
17.833333333333332 27.666666666666664 30.8 14.166666666666666 13.0
14.666666666666666 28.166666666666668 30.200000000000003 14.833333333333334 12.666666666666666
15.0 29.5 34.0 17.166666666666668 13.166666666666666
15.166666666666666 28.5 33.0 18.0 15.0
15.166666666666666 28.5 30.8 16.0 11.333333333333334
16.833333333333332 30.333333333333332 29.2 14.833333333333334 12.5
13.666666666666668 28.666666666666668 32.2 13.833333333333332 14.0
15.333333333333332 31.333333333333332 33.8 15.666666666666666 14.833333333333334
15.5 29.666666666666668 31.2 14.833333333333334 15.666666666666666
13.166666666666666 32.16666666666667 33.0 18.333333333333332 13.333333333333334
14.333333333333334 28.333333333333332 31.0 14.5 12.333333333333334
16.666666666666668 29.5 32.4 15.166666666666666 14.333333333333334
16.666666666666668 29.0 31.6 16.833333333333332 12.833333333333334
15.666666666666666 27.833333333333336 34.4 12.333333333333334 14.166666666666666
13.0 30.333333333333332 34.8 16.5 14.0
14.166666666666666 30.333333333333332 32.0 14.833333333333334 12.833333333333334
13.666666666666668 30.166666666666668 30.4 15.666666666666666 13.5
14.5 27.666666666666664 36.4 14.0 13.333333333333334
13.5 29.5 35.8 18.166666666666668 13.833333333333332
14.833333333333334 29.0 35.0 16.833333333333332 13.5
16.333333333333332 29.833333333333332 37.6 16.833333333333332 13.333333333333334
14.166666666666666 28.666666666666668 36.6 16.5 15.166666666666666
12.333333333333334 27.5 36.2 14.666666666666666 13.5
16.833333333333332 27.833333333333336 38.0 16.333333333333332 14.333333333333334
15.5 30.0 35.0 15.333333333333332 12.333333333333334
16.166666666666664 33.333333333333336 33.0 16.5 13.333333333333334
15.333333333333332 30.333333333333332 37.400000000000006 14.0 12.833333333333334
17.5 29.166666666666668 41.4 15.333333333333332 12.666666666666666
14.166666666666666 26.666666666666668 38.199999999999996 17.333333333333332 13.333333333333334
16.666666666666668 31.5 39.0 14.5 11.833333333333332
15.0 31.5 40.0 15.5 12.5
16.0 30.0 41.2 14.5 15.0
14.166666666666666 30.5 39.199999999999996 18.333333333333332 14.0
16.333333333333332 31.333333333333332 42.2 14.5 11.666666666666668
15.0 35.166666666666664 42.0 16.666666666666668 11.333333333333334
17.333333333333332 33.166666666666664 42.4 14.333333333333334 13.666666666666668
13.5 36.333333333333336 43.6 14.333333333333334 12.166666666666666
15.166666666666666 31.166666666666664 40.4 17.5 10.666666666666666
15.833333333333334 34.333333333333336 39.4 17.666666666666668 10.333333333333334
13.5 30.5 44.2 15.5 11.833333333333332
13.666666666666668 31.833333333333332 43.8 14.166666666666666 13.666666666666668
16.0 31.0 44.2 18.0 13.5
16.5 32.666666666666664 43.4 18.333333333333332 14.0
14.833333333333334 30.5 44.6 17.0 13.333333333333334
12.333333333333334 32.666666666666664 44.8 17.333333333333332 11.166666666666666
14.166666666666666 33.0 42.2 15.0 13.666666666666668
16.833333333333332 33.833333333333336 42.8 16.833333333333332 10.166666666666666
15.833333333333334 31.0 42.8 14.5 9.833333333333332
13.0 30.5 45.8 18.5 12.166666666666666
14.666666666666666 31.666666666666668 47.199999999999996 15.666666666666666 10.666666666666666
14.166666666666666 34.0 46.800000000000004 17.5 12.0
14.166666666666666 33.833333333333336 45.0 17.166666666666668 12.166666666666666
14.5 32.666666666666664 43.6 20.166666666666664 11.0
14.166666666666666 31.833333333333332 47.199999999999996 17.0 10.333333333333334
13.666666666666668 33.166666666666664 45.400000000000006 18.0 13.833333333333332
17.166666666666668 34.166666666666664 47.800000000000004 17.166666666666668 12.166666666666666
15.333333333333332 33.833333333333336 46.199999999999996 16.333333333333332 12.5
16.333333333333332 36.333333333333336 47.0 15.5 12.166666666666666
14.833333333333334 32.0 48.0 15.0 9.333333333333334
13.333333333333334 34.0 46.0 17.0 12.833333333333334
13.666666666666668 31.0 45.0 17.0 11.833333333333332
14.333333333333334 32.5 49.0 15.166666666666666 9.166666666666666
15.833333333333334 32.666666666666664 46.800000000000004 16.166666666666664 9.833333333333332
