11.296296296296296 18.53846153846154 14.3 10.689655172413792 10.214285714285714
10.851851851851853 17.961538461538463 16.2 11.310344827586206 9.821428571428571
10.074074074074074 18.0 15.833333333333334 9.896551724137932 9.142857142857144
10.703703703703702 19.807692307692307 14.366666666666667 9.758620689655173 9.5
10.962962962962962 20.5 16.366666666666667 10.448275862068964 9.964285714285714
10.333333333333334 18.576923076923077 16.46666666666667 10.724137931034482 10.857142857142858
9.592592592592592 19.769230769230766 14.4 9.517241379310345 10.071428571428571
10.185185185185187 16.961538461538463 15.0 9.379310344827587 8.714285714285714
10.444444444444443 18.23076923076923 16.033333333333335 9.517241379310345 8.892857142857144
9.962962962962964 18.576923076923077 14.866666666666667 9.241379310344827 10.142857142857142
10.444444444444443 18.038461538461537 15.5 10.10344827586207 9.25
10.925925925925926 19.0 15.6 9.379310344827587 9.321428571428571
9.851851851851851 17.884615384615383 17.633333333333333 10.482758620689657 9.571428571428571
10.518518518518519 19.42307692307692 15.433333333333334 10.206896551724139 9.071428571428571
10.074074074074074 18.5 15.299999999999999 9.586206896551724 9.428571428571429
10.777777777777779 18.23076923076923 16.633333333333333 9.344827586206897 9.428571428571429
10.74074074074074 19.0 16.933333333333334 11.172413793103448 9.5
10.555555555555555 17.615384615384617 14.9 9.758620689655173 9.892857142857142
11.518518518518519 19.269230769230766 15.8 10.344827586206897 9.285714285714286
10.814814814814815 19.307692307692307 14.8 8.89655172413793 9.607142857142858
10.555555555555555 19.53846153846154 15.7 9.931034482758621 9.357142857142858
9.407407407407408 18.307692307692307 15.133333333333333 9.965517241379311 10.428571428571429
11.37037037037037 19.692307692307693 14.566666666666666 9.620689655172415 10.571428571428571
10.88888888888889 18.73076923076923 17.533333333333335 10.379310344827585 10.142857142857142
9.0 18.76923076923077 13.933333333333334 9.724137931034482 9.25
9.925925925925927 19.153846153846153 16.333333333333332 9.896551724137932 8.25
11.592592592592592 16.76923076923077 16.7 10.413793103448276 9.714285714285714
11.333333333333334 20.23076923076923 15.2 9.689655172413794 9.428571428571429
10.0 18.923076923076923 16.299999999999997 10.689655172413792 10.678571428571427
10.481481481481483 17.884615384615383 15.633333333333333 9.137931034482758 9.892857142857142
10.074074074074074 18.96153846153846 17.1 9.896551724137932 9.107142857142858
10.481481481481483 19.230769230769234 16.299999999999997 10.586206896551724 9.25
11.148148148148149 20.115384615384613 15.966666666666667 8.862068965517242 10.285714285714285
9.296296296296296 19.115384615384613 15.299999999999999 10.0 9.357142857142858
11.37037037037037 17.19230769230769 15.033333333333333 9.310344827586206 9.428571428571429
9.962962962962964 19.730769230769234 14.9 9.551724137931034 9.392857142857142
10.74074074074074 19.692307692307693 17.9 9.724137931034482 8.785714285714285
10.25925925925926 19.230769230769234 15.233333333333333 9.655172413793103 9.0
9.62962962962963 19.307692307692307 15.633333333333333 9.413793103448276 9.107142857142858
10.074074074074074 20.76923076923077 16.433333333333334 10.413793103448276 9.678571428571429
11.407407407407408 19.5 15.333333333333332 9.586206896551724 9.821428571428571
10.148148148148147 16.923076923076923 15.766666666666666 10.068965517241379 9.714285714285714
10.148148148148147 18.923076923076923 15.5 9.620689655172415 8.714285714285714
10.11111111111111 19.346153846153847 14.6 9.0 9.178571428571429
9.888888888888888 19.730769230769234 15.5 10.827586206896552 10.678571428571427
11.333333333333334 17.423076923076923 15.233333333333333 9.965517241379311 9.892857142857142
10.037037037037036 18.423076923076923 16.333333333333332 10.724137931034482 9.392857142857142
10.703703703703702 17.846153846153847 15.833333333333334 10.10344827586207 8.428571428571429
9.925925925925927 17.576923076923077 15.4 10.241379310344827 9.928571428571429
9.037037037037038 19.192307692307693 16.6 8.655172413793103 8.142857142857142
10.703703703703702 18.0 15.666666666666666 10.0 8.607142857142856
9.703703703703704 18.576923076923077 16.633333333333333 9.965517241379311 10.214285714285714
9.481481481481481 21.076923076923077 15.299999999999999 9.827586206896552 8.857142857142858
9.148148148148149 19.57692307692308 16.533333333333335 10.206896551724139 7.857142857142858
10.222222222222223 19.769230769230766 15.9 10.068965517241379 9.464285714285715
10.851851851851853 20.0 16.766666666666666 10.689655172413792 8.571428571428571
12.037037037037036 17.538461538461537 15.933333333333334 8.827586206896552 10.357142857142856
9.703703703703704 18.307692307692307 16.033333333333335 9.517241379310345 9.678571428571429
11.592592592592592 18.53846153846154 15.7 9.517241379310345 9.071428571428571
10.148148148148147 19.153846153846153 15.933333333333334 9.448275862068966 9.607142857142858
10.925925925925926 18.23076923076923 16.6 10.655172413793103 9.428571428571429
11.25925925925926 18.73076923076923 13.799999999999999 9.172413793103448 9.428571428571429
9.666666666666668 17.961538461538463 17.466666666666665 8.827586206896552 10.107142857142858
10.185185185185187 19.0 15.666666666666666 9.86206896551724 9.285714285714286
10.962962962962962 18.846153846153847 16.033333333333335 9.724137931034482 8.892857142857144
10.666666666666666 21.384615384615383 16.299999999999997 9.827586206896552 9.321428571428571
11.74074074074074 19.5 14.966666666666667 10.137931034482758 7.9642857142857135
10.814814814814815 17.19230769230769 16.46666666666667 9.517241379310345 8.321428571428571
10.703703703703702 19.730769230769234 14.9 10.10344827586207 9.357142857142858
11.407407407407408 18.615384615384617 15.299999999999999 11.06896551724138 9.928571428571429
11.185185185185185 18.307692307692307 16.733333333333334 10.448275862068964 8.571428571428571
10.222222222222223 20.153846153846153 16.0 9.0 9.642857142857142
11.148148148148149 19.46153846153846 15.366666666666667 9.517241379310345 9.642857142857142
9.407407407407408 18.423076923076923 16.266666666666666 9.724137931034482 10.821428571428573
10.555555555555555 18.038461538461537 16.533333333333335 9.758620689655173 8.75
11.037037037037036 18.26923076923077 16.833333333333332 9.517241379310345 9.464285714285715
9.777777777777777 19.57692307692308 15.299999999999999 11.034482758620689 9.214285714285715
8.74074074074074 20.961538461538463 15.066666666666668 10.206896551724139 9.607142857142858
11.11111111111111 19.384615384615387 15.866666666666667 9.206896551724137 9.357142857142858
11.037037037037036 18.461538461538463 15.733333333333333 9.172413793103448 10.214285714285714
10.296296296296296 17.30769230769231 16.633333333333333 11.172413793103448 10.321428571428571
10.518518518518519 18.653846153846153 16.23333333333333 10.379310344827585 9.785714285714286
10.407407407407407 19.269230769230766 16.266666666666666 9.689655172413794 10.428571428571429
10.62962962962963 18.423076923076923 14.8 11.06896551724138 9.321428571428571
10.62962962962963 19.153846153846153 15.5 10.206896551724139 9.178571428571429
10.74074074074074 19.0 15.566666666666666 9.931034482758621 10.0
10.814814814814815 19.384615384615387 15.766666666666666 8.724137931034482 9.821428571428571
10.777777777777779 18.461538461538463 16.833333333333332 9.86206896551724 9.321428571428571
10.333333333333334 18.53846153846154 16.96666666666667 9.06896551724138 9.285714285714286
10.407407407407407 20.53846153846154 16.166666666666664 9.793103448275861 9.285714285714286
10.962962962962962 19.192307692307693 15.933333333333334 9.275862068965516 10.107142857142858
9.814814814814815 20.192307692307693 15.866666666666667 9.344827586206897 9.75
10.37037037037037 19.923076923076923 16.400000000000002 8.103448275862068 9.928571428571429
11.481481481481481 17.384615384615383 15.733333333333333 10.655172413793103 8.785714285714285
10.444444444444443 19.884615384615387 14.866666666666667 9.10344827586207 7.928571428571429
10.185185185185187 19.346153846153847 15.833333333333334 11.275862068965516 9.25
9.296296296296296 17.80769230769231 15.466666666666667 9.689655172413794 11.357142857142858
10.222222222222223 17.576923076923077 15.466666666666667 9.793103448275861 9.857142857142858
10.37037037037037 17.5 16.733333333333334 10.0 8.892857142857144
9.62962962962963 20.346153846153847 14.466666666666665 11.0 7.464285714285714
10.148148148148147 18.53846153846154 15.066666666666668 9.896551724137932 9.964285714285714
10.222222222222223 10.0 11.033333333333333 10.10344827586207 10.857142857142858
10.666666666666666 9.038461538461538 11.433333333333334 10.89655172413793 10.857142857142858
10.703703703703702 9.846153846153847 9.933333333333334 10.137931034482758 9.678571428571429
10.74074074074074 11.346153846153847 10.666666666666666 10.241379310344827 10.25
9.814814814814815 19.076923076923077 15.0 8.344827586206897 9.607142857142858
10.222222222222223 10.730769230769232 10.533333333333333 9.655172413793103 9.75
10.333333333333334 10.769230769230768 11.466666666666667 10.482758620689657 10.285714285714285
9.851851851851851 10.307692307692308 10.433333333333332 9.827586206896552 10.821428571428573
10.0 9.153846153846153 10.266666666666667 9.413793103448276 11.75
11.925925925925927 18.153846153846153 17.4 9.551724137931034 8.892857142857144
9.148148148148149 10.076923076923077 9.700000000000001 11.10344827586207 11.214285714285715
9.925925925925927 10.346153846153847 11.533333333333333 9.551724137931034 9.392857142857142
9.777777777777777 11.153846153846153 9.799999999999999 11.172413793103448 10.321428571428571
9.888888888888888 10.26923076923077 10.566666666666666 9.724137931034482 9.642857142857142
10.222222222222223 17.80769230769231 15.733333333333333 9.551724137931034 9.785714285714286
10.851851851851853 10.461538461538462 9.933333333333334 10.862068965517242 9.392857142857142
10.851851851851853 9.692307692307693 11.033333333333333 10.275862068965518 10.392857142857142
10.592592592592593 9.576923076923077 9.700000000000001 9.310344827586206 9.928571428571429
9.74074074074074 11.615384615384617 9.233333333333333 9.827586206896552 11.035714285714286
10.0 16.153846153846153 18.233333333333334 10.89655172413793 9.75
9.814814814814815 10.961538461538462 10.0 9.413793103448276 10.464285714285714
11.962962962962964 9.153846153846153 10.066666666666666 10.448275862068964 10.178571428571429
10.037037037037036 10.923076923076923 11.033333333333333 11.551724137931034 10.285714285714285
9.592592592592592 10.23076923076923 10.200000000000001 10.724137931034482 11.25
10.481481481481483 9.653846153846153 8.9 10.827586206896552 9.5
9.888888888888888 9.423076923076923 10.733333333333333 10.0 10.25
9.851851851851851 10.076923076923077 10.9 9.931034482758621 10.035714285714285
11.62962962962963 9.807692307692307 8.966666666666667 10.310344827586206 9.75
9.148148148148149 10.884615384615385 10.733333333333333 10.275862068965518 10.071428571428571
10.148148148148147 9.807692307692307 10.8 10.551724137931036 8.321428571428571
9.925925925925927 16.115384615384613 18.466666666666665 10.068965517241379 9.678571428571429
10.037037037037036 16.192307692307693 18.53333333333333 8.482758620689657 8.821428571428573
9.851851851851851 16.692307692307693 18.03333333333333 9.965517241379311 9.607142857142858
9.777777777777777 18.192307692307693 16.133333333333333 10.620689655172415 9.142857142857144
10.518518518518519 17.038461538461537 18.4 9.310344827586206 9.75
10.518518518518519 17.30769230769231 18.9 10.241379310344827 9.642857142857142
11.444444444444445 17.23076923076923 17.8 10.96551724137931 9.178571428571429
11.11111111111111 18.96153846153846 18.03333333333333 9.965517241379311 9.678571428571429
10.37037037037037 17.26923076923077 19.166666666666664 10.482758620689657 9.535714285714286
11.185185185185185 16.0 17.7 9.379310344827587 9.892857142857142
10.148148148148147 16.423076923076923 19.0 11.172413793103448 9.178571428571429
10.37037037037037 15.615384615384617 16.933333333333334 9.86206896551724 10.464285714285714
10.444444444444443 16.384615384615383 18.166666666666668 9.86206896551724 8.821428571428573
9.25925925925926 16.73076923076923 18.566666666666666 11.86206896551724 9.857142857142858
9.666666666666668 16.76923076923077 18.1 10.172413793103447 9.142857142857144
11.851851851851851 15.769230769230768 17.533333333333335 9.896551724137932 9.285714285714286
10.37037037037037 16.846153846153847 18.76666666666667 9.620689655172415 9.714285714285714
11.555555555555555 15.346153846153847 18.3 9.655172413793103 9.678571428571429
10.481481481481483 16.576923076923077 18.566666666666666 10.655172413793103 9.357142857142858
9.444444444444445 14.807692307692308 17.3 10.862068965517242 9.357142857142858
10.74074074074074 17.23076923076923 18.1 10.10344827586207 9.821428571428571
10.88888888888889 15.346153846153847 16.733333333333334 9.0 9.785714285714286
10.74074074074074 15.884615384615387 17.833333333333332 10.310344827586206 9.535714285714286
10.444444444444443 17.30769230769231 16.8 9.586206896551724 9.285714285714286
9.814814814814815 15.5 18.76666666666667 8.931034482758621 9.464285714285715
10.481481481481483 17.19230769230769 17.266666666666666 11.137931034482758 9.428571428571429
10.074074074074074 16.846153846153847 17.366666666666667 9.206896551724137 9.357142857142858
10.925925925925926 17.846153846153847 18.333333333333332 7.793103448275862 9.178571428571429
10.407407407407407 16.73076923076923 17.666666666666668 8.89655172413793 9.071428571428571
9.62962962962963 16.653846153846153 17.7 9.517241379310345 8.821428571428573
10.37037037037037 16.76923076923077 18.666666666666668 11.448275862068966 9.178571428571429
10.25925925925926 15.346153846153847 18.133333333333333 9.620689655172415 11.357142857142858
10.851851851851853 15.576923076923077 17.166666666666668 9.689655172413794 9.321428571428571
11.666666666666668 16.26923076923077 18.2 10.89655172413793 8.964285714285715
10.25925925925926 17.576923076923077 18.0 9.931034482758621 9.178571428571429
10.296296296296296 17.23076923076923 17.3 8.689655172413792 10.535714285714285
10.407407407407407 16.384615384615383 17.366666666666667 10.482758620689657 10.142857142857142
10.037037037037036 17.923076923076923 18.5 11.0 9.5
10.666666666666666 16.307692307692307 18.5 11.931034482758621 7.785714285714286
10.88888888888889 15.615384615384617 20.033333333333335 8.689655172413792 8.892857142857144
11.222222222222221 17.923076923076923 17.9 11.689655172413794 9.464285714285715
11.185185185185185 16.423076923076923 17.966666666666665 8.89655172413793 8.678571428571427
10.703703703703702 17.423076923076923 18.366666666666667 10.96551724137931 10.214285714285714
9.592592592592592 17.19230769230769 18.4 8.827586206896552 9.857142857142858
10.037037037037036 16.346153846153847 16.9 10.413793103448276 8.857142857142858
9.0 16.73076923076923 18.8 9.172413793103448 10.071428571428571
9.62962962962963 18.192307692307693 18.133333333333333 10.827586206896552 9.464285714285715
9.333333333333334 16.807692307692307 18.5 10.758620689655173 7.678571428571429
10.37037037037037 16.76923076923077 19.73333333333333 10.96551724137931 9.642857142857142
10.666666666666666 17.846153846153847 17.9 9.551724137931034 9.285714285714286
9.703703703703704 17.26923076923077 20.0 10.758620689655173 9.607142857142858
10.88888888888889 14.5 18.76666666666667 10.551724137931036 9.321428571428571
10.037037037037036 17.538461538461537 17.366666666666667 10.172413793103447 10.642857142857142
9.185185185185185 17.653846153846157 18.433333333333334 11.10344827586207 9.928571428571429
10.962962962962962 17.115384615384617 18.0 9.448275862068966 9.535714285714286
10.814814814814815 16.346153846153847 17.833333333333332 10.275862068965518 12.071428571428571
10.592592592592593 16.46153846153846 18.366666666666667 11.517241379310345 9.714285714285714
9.555555555555555 17.653846153846157 16.7 10.448275862068964 9.5
11.296296296296296 16.846153846153847 19.633333333333333 8.758620689655173 10.071428571428571
9.444444444444445 16.192307692307693 17.6 10.172413793103447 10.821428571428573
9.888888888888888 16.346153846153847 19.3 11.034482758620689 8.785714285714285
9.851851851851851 16.961538461538463 18.599999999999998 10.793103448275863 11.321428571428571
10.296296296296296 17.69230769230769 17.433333333333334 10.89655172413793 9.178571428571429
10.0 17.23076923076923 18.466666666666665 9.931034482758621 7.857142857142858
9.444444444444445 16.923076923076923 17.866666666666667 10.931034482758621 9.0
9.851851851851851 15.23076923076923 18.966666666666665 10.96551724137931 9.857142857142858
10.666666666666666 18.192307692307693 18.1 10.379310344827585 9.071428571428571
9.851851851851851 16.23076923076923 17.1 12.172413793103447 9.0
9.74074074074074 15.576923076923077 17.533333333333335 10.137931034482758 10.535714285714285
10.296296296296296 17.461538461538463 18.233333333333334 10.827586206896552 8.678571428571427
10.25925925925926 17.576923076923077 18.566666666666666 10.413793103448276 9.642857142857142
10.703703703703702 15.807692307692307 17.3 10.793103448275863 9.107142857142858
11.185185185185185 15.615384615384617 18.866666666666667 9.517241379310345 9.464285714285715
10.777777777777779 17.576923076923077 17.566666666666666 10.344827586206897 10.035714285714285
10.074074074074074 15.615384615384617 19.766666666666666 10.137931034482758 10.285714285714285
9.185185185185185 18.384615384615383 18.03333333333333 9.965517241379311 10.035714285714285
9.703703703703704 18.576923076923077 17.933333333333334 10.89655172413793 9.285714285714286
10.62962962962963 15.884615384615387 18.633333333333333 11.172413793103448 10.035714285714285
8.777777777777779 16.53846153846154 18.433333333333334 10.689655172413792 9.857142857142858
10.37037037037037 18.038461538461537 17.0 12.137931034482758 9.821428571428571
10.222222222222223 16.961538461538463 17.9 10.89655172413793 9.75
9.814814814814815 16.807692307692307 18.53333333333333 10.89655172413793 9.857142857142858
9.62962962962963 16.53846153846154 18.966666666666665 9.793103448275861 9.714285714285714
11.407407407407408 16.961538461538463 20.066666666666666 11.206896551724137 10.0
11.37037037037037 17.923076923076923 18.599999999999998 10.724137931034482 9.178571428571429
10.777777777777779 15.807692307692307 19.099999999999998 10.206896551724139 9.678571428571429
10.37037037037037 17.69230769230769 18.3 11.310344827586206 9.714285714285714
9.592592592592592 17.384615384615383 17.966666666666665 10.482758620689657 9.892857142857142
10.407407407407407 16.76923076923077 19.2 9.586206896551724 8.821428571428573
9.518518518518519 16.846153846153847 19.766666666666666 11.379310344827587 9.357142857142858
9.777777777777777 16.961538461538463 18.4 11.0 7.821428571428571
10.185185185185187 17.615384615384617 17.766666666666666 11.034482758620689 10.0
11.666666666666668 17.923076923076923 18.76666666666667 11.206896551724137 10.678571428571427
9.148148148148149 14.846153846153845 18.633333333333333 11.793103448275861 8.392857142857142
10.37037037037037 16.192307692307693 17.433333333333334 10.758620689655173 10.0
9.851851851851851 16.692307692307693 19.3 10.310344827586206 9.321428571428571
10.777777777777779 18.23076923076923 18.233333333333334 9.965517241379311 8.785714285714285
10.703703703703702 16.153846153846153 19.96666666666667 10.620689655172415 10.821428571428573
9.814814814814815 17.30769230769231 18.466666666666665 10.068965517241379 9.678571428571429
