85.625 83.9 82.25 85.7 86.11111111111111
85.0 84.2 81.875 85.0 86.0
84.5 83.5 82.5 84.4 85.88888888888889
86.375 82.60000000000001 83.75 85.3 87.0
84.75 82.60000000000001 81.5 85.1 85.77777777777777
82.875 82.5 81.875 83.0 84.77777777777777
84.375 83.4 82.25 84.1 85.88888888888889
84.25 84.0 81.75 84.3 86.11111111111111
84.625 83.4 82.25 85.5 86.77777777777777
84.0 82.8 81.25 84.2 85.77777777777777
84.125 81.4 82.875 84.6 85.22222222222223
83.25 79.9 80.5 84.2 84.77777777777777
84.75 83.5 81.375 84.5 85.0
85.125 84.3 82.0 85.1 85.88888888888889
83.75 82.4 83.0 84.6 85.88888888888889
84.0 82.3 80.375 84.8 85.66666666666667
84.375 82.9 81.5 83.6 85.77777777777777
85.0 84.3 84.25 86.0 86.22222222222223
85.125 81.8 81.5 84.1 86.33333333333333
82.875 82.69999999999999 81.5 84.0 85.0
83.875 83.7 82.0 84.2 85.0
85.0 83.3 82.25 85.1 86.0
84.375 82.9 83.125 84.5 86.11111111111111
84.625 82.0 81.25 84.9 84.66666666666667
85.125 84.1 83.5 85.9 86.22222222222223
84.875 82.8 83.625 86.2 86.77777777777777
84.5 81.4 81.25 84.1 85.66666666666667
84.5 82.0 80.5 85.6 85.55555555555556
84.125 83.4 80.75 84.0 85.33333333333333
84.75 82.4 82.25 85.2 86.66666666666667
84.875 83.7 82.125 85.4 86.11111111111111
84.5 81.9 82.125 84.0 85.88888888888889
84.5 81.9 82.5 83.2 86.55555555555556
85.125 82.3 81.375 84.2 86.33333333333333
84.625 83.8 82.375 83.8 85.66666666666667
84.125 82.3 82.75 85.6 85.55555555555556
83.125 81.69999999999999 83.375 84.5 84.55555555555556
86.375 82.4 82.0 85.2 85.55555555555556
85.0 83.7 83.75 84.7 86.0
85.375 82.60000000000001 81.125 85.7 86.22222222222223
85.0 82.9 81.25 84.7 84.55555555555556
85.375 83.8 82.125 85.9 86.55555555555556
84.25 81.9 82.25 83.7 85.33333333333333
84.375 81.8 80.5 84.0 85.11111111111111
83.625 81.5 80.625 84.9 85.66666666666667
84.25 82.69999999999999 83.75 84.7 86.0
85.125 81.19999999999999 81.75 84.1 85.11111111111111
84.5 81.60000000000001 81.875 85.0 85.55555555555556
85.25 80.8 81.25 85.0 85.88888888888889
84.875 81.60000000000001 82.0 84.2 85.55555555555556
83.75 82.3 81.25 86.0 84.66666666666667
84.375 81.19999999999999 81.5 84.0 84.22222222222223
83.875 81.10000000000001 81.375 84.8 86.22222222222223
84.875 80.19999999999999 81.125 85.0 84.77777777777777
85.0 81.19999999999999 82.0 85.3 86.22222222222223
84.25 82.0 81.125 84.3 85.88888888888889
83.75 80.9 81.625 85.2 85.33333333333333
85.5 81.4 81.25 84.6 85.55555555555556
84.5 81.0 82.375 84.8 86.77777777777777
84.125 80.9 81.125 83.1 86.22222222222223
85.625 82.19999999999999 80.875 85.3 85.55555555555556
85.125 80.10000000000001 80.75 83.6 85.55555555555556
84.0 80.3 81.75 84.3 85.44444444444444
84.125 79.9 81.5 85.0 85.0
83.375 79.8 81.125 85.1 85.11111111111111
82.875 80.5 81.5 85.2 84.33333333333333
85.25 80.5 82.0 85.0 86.66666666666667
84.875 79.8 81.75 85.2 85.33333333333333
85.375 79.69999999999999 81.375 84.7 86.11111111111111
84.25 80.9 82.625 85.1 85.88888888888889
86.625 78.5 80.75 85.5 86.66666666666667
83.875 78.8 81.625 84.5 86.11111111111111
85.125 79.5 79.625 84.8 85.66666666666667
85.25 78.3 80.0 84.7 86.0
84.5 78.60000000000001 80.375 83.9 85.66666666666667
84.375 78.10000000000001 80.125 84.3 84.22222222222223
85.375 78.8 79.125 85.0 85.11111111111111
84.875 77.7 79.875 84.4 85.0
84.375 78.0 81.75 85.3 86.33333333333333
84.5 79.0 81.375 84.1 85.88888888888889
85.625 79.0 80.625 85.9 85.88888888888889
85.5 77.5 80.375 84.8 85.88888888888889
83.75 77.7 80.75 84.7 85.44444444444444
83.375 77.10000000000001 78.75 83.8 84.33333333333333
83.25 75.89999999999999 79.375 84.5 85.55555555555556
84.75 76.0 80.375 85.2 84.88888888888889
84.25 76.0 80.125 84.4 85.66666666666667
84.125 74.39999999999999 79.875 86.3 85.77777777777777
84.125 74.7 79.25 84.5 84.77777777777777
84.125 74.0 79.125 85.7 85.66666666666667
85.125 76.5 80.5 84.8 85.11111111111111
84.375 74.1 78.5 84.3 85.55555555555556
83.375 72.2 79.5 84.9 85.11111111111111
83.75 73.2 78.5 85.1 85.66666666666667
85.0 73.0 78.625 84.3 86.44444444444444
84.375 73.5 79.375 84.9 84.77777777777777
85.75 73.3 79.25 85.3 86.44444444444444
83.5 72.2 78.625 84.6 86.0
83.875 71.8 79.125 82.9 85.55555555555556
84.5 72.9 79.0 84.3 86.11111111111111
84.5 70.7 78.625 84.1 85.44444444444444
81.0 80.9 81.25 81.19999999999999 81.44444444444444
82.25 81.3 81.5 82.0 82.0
80.625 80.8 81.0 80.60000000000001 80.88888888888889
81.75 81.4 81.5 81.69999999999999 82.22222222222223
85.25 72.1 80.625 86.3 85.77777777777777
82.625 81.69999999999999 82.5 82.3 82.0
81.5 81.10000000000001 81.25 80.69999999999999 80.55555555555556
81.75 80.8 82.0 81.0 81.33333333333333
82.125 81.0 80.875 79.39999999999999 81.33333333333333
85.5 73.80000000000001 77.375 85.3 85.33333333333333
81.875 80.19999999999999 82.125 82.3 81.88888888888889
82.375 83.0 82.75 82.9 82.55555555555554
81.875 82.10000000000001 81.75 81.60000000000001 82.0
82.0 81.5 82.0 80.60000000000001 82.33333333333333
85.125 71.0 78.5 85.0 86.11111111111111
81.875 81.9 81.625 81.60000000000001 81.44444444444444
80.875 81.8 81.375 82.19999999999999 81.77777777777779
81.25 81.19999999999999 80.0 81.69999999999999 81.66666666666667
82.625 81.19999999999999 81.125 81.10000000000001 82.55555555555554
84.125 73.89999999999999 77.0 84.9 84.88888888888889
80.75 82.0 80.375 81.4 82.1111111111111
81.125 81.5 83.0 81.0 82.1111111111111
81.5 80.8 80.5 80.8 81.0
82.25 82.10000000000001 82.0 81.19999999999999 81.55555555555556
81.875 81.60000000000001 81.375 81.0 81.44444444444444
82.25 80.5 80.875 82.0 82.33333333333333
80.125 82.19999999999999 81.0 81.10000000000001 81.0
81.125 81.9 82.0 81.3 82.44444444444444
81.25 82.3 82.375 81.0 82.33333333333333
83.0 81.4 82.5 82.60000000000001 82.55555555555554
85.375 75.2 77.0 84.8 84.66666666666667
85.125 73.7 79.0 86.9 85.88888888888889
85.125 74.39999999999999 76.375 85.6 86.77777777777777
84.125 73.89999999999999 77.5 85.1 84.33333333333333
83.875 74.39999999999999 77.625 84.5 83.88888888888889
84.625 74.6 77.875 84.5 86.55555555555556
84.625 75.30000000000001 77.25 85.1 85.66666666666667
82.875 74.39999999999999 76.0 84.5 85.11111111111111
85.5 75.80000000000001 77.625 84.7 85.0
84.25 74.6 75.625 85.3 85.44444444444444
83.375 73.2 76.625 84.3 84.55555555555556
83.75 75.2 76.25 85.6 85.77777777777777
85.125 74.1 76.625 84.8 85.22222222222223
83.75 72.5 77.25 84.9 85.33333333333333
83.5 74.1 78.625 86.7 85.22222222222223
84.125 74.5 77.625 85.0 85.33333333333333
84.875 75.7 78.875 85.7 86.22222222222223
84.5 76.39999999999999 78.0 85.9 85.44444444444444
85.0 73.80000000000001 78.75 85.3 85.44444444444444
85.5 74.6 79.5 85.0 86.55555555555556
86.125 75.7 78.375 85.7 86.55555555555556
85.0 75.80000000000001 78.75 85.2 86.22222222222223
84.875 74.89999999999999 78.25 86.0 85.22222222222223
84.5 76.2 77.75 86.6 85.0
86.0 75.2 78.125 85.4 85.44444444444444
84.5 73.7 77.875 84.4 85.0
84.125 75.0 77.375 84.8 84.0
85.25 76.1 78.5 84.3 84.22222222222223
84.125 74.30000000000001 79.125 84.7 85.55555555555556
84.75 76.5 80.625 85.6 85.88888888888889
84.875 75.5 79.375 86.1 85.44444444444444
85.625 76.5 79.875 87.1 85.55555555555556
84.875 75.0 79.75 86.3 86.44444444444444
85.25 76.30000000000001 79.875 85.6 85.88888888888889
83.875 75.80000000000001 79.625 87.4 86.0
83.75 76.7 80.625 85.9 85.22222222222223
85.25 77.3 80.625 85.9 87.0
86.125 77.2 81.125 85.8 86.0
85.5 76.89999999999999 79.625 86.8 86.11111111111111
85.75 76.30000000000001 80.0 87.0 86.11111111111111
84.375 78.2 81.25 87.0 85.77777777777777
85.875 78.3 82.5 86.5 85.77777777777777
85.875 77.39999999999999 81.5 86.2 85.44444444444444
85.5 77.7 82.375 87.2 85.66666666666667
86.25 77.60000000000001 82.5 86.1 86.11111111111111
85.5 78.5 80.875 86.5 86.22222222222223
85.125 78.89999999999999 83.25 86.4 85.44444444444444
86.0 77.89999999999999 81.875 85.5 86.22222222222223
84.875 79.8 84.125 86.6 86.55555555555556
85.875 81.10000000000001 85.25 87.6 87.0
85.125 79.5 84.25 87.7 86.77777777777777
85.125 79.60000000000001 86.25 86.7 86.11111111111111
85.625 81.19999999999999 85.375 88.6 85.66666666666667
87.125 79.9 85.75 88.4 87.44444444444444
85.625 79.2 85.125 86.4 86.44444444444444
87.0 82.9 86.625 87.8 87.0
85.625 81.9 85.625 87.6 86.77777777777777
86.25 81.3 87.5 90.30000000000001 88.33333333333333
85.625 80.3 87.125 88.1 86.77777777777777
86.125 82.60000000000001 86.75 89.39999999999999 86.77777777777777
86.625 81.5 87.25 89.39999999999999 87.11111111111111
86.875 82.5 87.625 90.1 88.44444444444446
86.625 83.0 88.0 88.4 87.22222222222223
86.75 81.8 88.875 89.5 87.88888888888889
86.75 82.0 87.625 89.30000000000001 87.22222222222223
86.375 81.69999999999999 88.375 89.6 87.44444444444444
86.875 82.10000000000001 88.5 89.7 88.0
86.375 82.10000000000001 88.375 89.89999999999999 86.66666666666667
86.375 82.60000000000001 88.25 89.80000000000001 88.22222222222221
87.25 82.0 88.75 89.7 88.0
87.125 84.2 87.0 89.2 88.0
85.875 82.4 89.0 89.89999999999999 86.66666666666667
87.375 84.2 88.0 90.5 87.22222222222223
86.0 84.0 87.75 90.2 87.66666666666667
87.0 83.7 90.125 91.39999999999999 88.11111111111111
87.375 83.6 89.125 89.39999999999999 88.77777777777777
87.625 84.7 90.25 90.89999999999999 88.33333333333333
87.125 83.7 88.875 91.6 89.0
87.625 83.5 88.625 88.6 88.33333333333333
87.75 84.4 90.25 90.6 89.11111111111111
87.375 85.4 90.125 90.89999999999999 89.55555555555556
87.125 84.8 89.625 90.89999999999999 88.77777777777777
87.625 85.2 90.0 92.2 88.66666666666667
85.875 85.3 89.875 90.2 88.33333333333333
88.25 85.0 90.0 90.80000000000001 88.0
86.875 85.8 89.875 90.5 88.44444444444446
85.75 84.4 90.875 90.0 87.33333333333333
87.875 83.9 89.625 91.6 89.66666666666667
86.25 84.9 88.125 89.6 87.22222222222223
87.375 85.7 89.25 90.0 88.22222222222221
88.25 85.5 89.25 91.7 89.11111111111111
87.5 84.9 89.5 91.0 88.77777777777777
86.625 84.8 89.75 91.2 88.55555555555556
87.875 85.9 88.875 91.2 89.33333333333333
88.125 86.0 92.0 93.3 89.77777777777777
86.5 87.3 90.5 91.39999999999999 88.22222222222221
88.375 85.3 90.75 92.89999999999999 89.44444444444444
89.625 86.6 90.0 92.3 89.22222222222221
88.25 86.0 88.75 91.39999999999999 89.66666666666667
