32935.000 -0.400 -0.400 0.382
32936.000 -0.400 -0.331 0.311
32937.000 -0.400 -0.262 0.477
32938.000 -0.400 -0.192 0.019
32939.000 -0.400 -0.123 0.419
32940.000 -0.400 -0.054 0.059
32941.000 -0.400 0.015 0.098
32942.000 -0.400 0.085 0.381
32943.000 -0.400 0.154 0.348
32944.000 -0.400 0.223 0.151
32945.000 -0.400 0.292 0.240
32946.000 -0.400 0.362 0.084
32947.000 -0.400 0.431 0.130
32948.000 -0.331 -0.400 0.362
32949.000 -0.331 -0.331 0.360
32950.000 -0.331 -0.262 0.267
32951.000 -0.331 -0.192 0.325
32952.000 -0.331 -0.123 0.059
32953.000 -0.331 -0.054 0.241
32954.000 -0.331 0.015 0.183
32955.000 -0.331 0.085 0.409
32956.000 -0.331 0.154 0.176
32957.000 -0.331 0.223 0.010
32958.000 -0.331 0.292 0.091
32959.000 -0.331 0.362 0.191
32960.000 -0.331 0.431 0.482
32961.000 -0.262 -0.400 0.246
32962.000 -0.262 -0.331 0.437
32963.000 -0.262 -0.262 0.284
32964.000 -0.262 -0.192 0.187
32965.000 -0.262 -0.123 0.281
32966.000 -0.262 -0.054 0.186
32967.000 -0.262 0.015 0.172
32968.000 -0.262 0.085 0.034
32969.000 -0.262 0.154 0.131
32970.000 -0.262 0.223 0.195
32971.000 -0.262 0.292 0.287
32972.000 -0.262 0.362 0.464
32973.000 -0.262 0.431 0.209
32974.000 -0.192 -0.400 0.259
32975.000 -0.192 -0.331 0.350
32976.000 -0.192 -0.262 0.485
32977.000 -0.192 -0.192 0.395
32978.000 -0.192 -0.123 0.087
32979.000 -0.192 -0.054 0.398
32980.000 -0.192 0.015 0.362
32981.000 -0.192 0.085 0.440
32982.000 -0.192 0.154 0.429
32983.000 -0.192 0.223 0.196
32984.000 -0.192 0.292 0.352
32985.000 -0.192 0.362 0.438
32986.000 -0.192 0.431 0.085
32987.000 -0.123 -0.400 0.041
32988.000 -0.123 -0.331 0.304
32989.000 -0.123 -0.262 0.151
32990.000 -0.123 -0.192 0.393
32991.000 -0.123 -0.123 0.235
32992.000 -0.123 -0.054 0.452
32993.000 -0.123 0.015 0.050
32994.000 -0.123 0.085 0.229
32995.000 -0.123 0.154 0.124
32996.000 -0.123 0.223 0.165
32997.000 -0.123 0.292 0.207
32998.000 -0.123 0.362 0.100
32999.000 -0.123 0.431 0.094
33000.000 -0.054 -0.400 0.222
33001.000 -0.054 -0.331 0.014
33002.000 -0.054 -0.262 0.203
33003.000 -0.054 -0.192 0.435
33004.000 -0.054 -0.123 0.112
33005.000 -0.054 -0.054 0.444
33006.000 -0.054 0.015 0.032
33007.000 -0.054 0.085 0.268
33008.000 -0.054 0.154 0.366
33009.000 -0.054 0.223 0.424
33010.000 -0.054 0.292 0.057
33011.000 -0.054 0.362 0.492
33012.000 -0.054 0.431 0.412
33013.000 0.015 -0.400 0.150
33014.000 0.015 -0.331 0.485
33015.000 0.015 -0.262 0.455
33016.000 0.015 -0.192 0.133
33017.000 0.015 -0.123 0.093
33018.000 0.015 -0.054 0.185
33019.000 0.015 0.015 0.191
33020.000 0.015 0.085 0.337
33021.000 0.015 0.154 0.428
33022.000 0.015 0.223 0.445
33023.000 0.015 0.292 0.387
33024.000 0.015 0.362 0.220
33025.000 0.015 0.431 0.020
33026.000 0.085 -0.400 0.310
33027.000 0.085 -0.331 0.473
33028.000 0.085 -0.262 0.283
33029.000 0.085 -0.192 0.271
33030.000 0.085 -0.123 0.107
33031.000 0.085 -0.054 0.261
33032.000 0.085 0.015 0.060
33033.000 0.085 0.085 0.439
33034.000 0.085 0.154 0.465
33035.000 0.085 0.223 0.381
33036.000 0.085 0.292 0.434
33037.000 0.085 0.362 0.118
33038.000 0.085 0.431 0.059
33039.000 0.154 -0.400 0.046
33040.000 0.154 -0.331 0.086
33041.000 0.154 -0.262 0.329
33042.000 0.154 -0.192 0.041
33043.000 0.154 -0.123 0.097
33044.000 0.154 -0.054 0.456
33045.000 0.154 0.015 0.121
33046.000 0.154 0.085 0.098
33047.000 0.154 0.154 0.401
33048.000 0.154 0.223 0.487
33049.000 0.154 0.292 0.206
33050.000 0.154 0.362 0.473
33051.000 0.154 0.431 0.284
33052.000 0.223 -0.400 0.395
33053.000 0.223 -0.331 0.066
33054.000 0.223 -0.262 0.177
33055.000 0.223 -0.192 0.423
33056.000 0.223 -0.123 0.491
33057.000 0.223 0.015 0.287
33058.000 0.223 0.085 0.155
33059.000 0.223 0.154 0.353
33060.000 0.223 0.223 0.324
33061.000 0.223 0.292 0.058
33062.000 0.223 0.362 0.027
33063.000 0.223 0.431 0.263
33064.000 0.292 -0.400 0.491
33065.000 0.292 -0.331 0.351
33066.000 0.292 -0.262 0.117
33067.000 0.292 -0.192 0.238
33068.000 0.292 -0.123 0.159
33069.000 0.292 -0.054 0.337
33070.000 0.292 0.015 0.231
33071.000 0.292 0.085 0.112
33072.000 0.292 0.154 0.313
33073.000 0.292 0.223 0.027
33074.000 0.292 0.292 0.106
33075.000 0.292 0.362 0.428
33076.000 0.292 0.431 0.230
33077.000 0.362 -0.400 0.462
33078.000 0.362 -0.331 0.249
33079.000 0.362 -0.262 0.244
33080.000 0.362 -0.192 0.208
33081.000 0.362 -0.123 0.388
33082.000 0.362 -0.054 0.183
33083.000 0.362 0.015 0.178
33084.000 0.362 0.085 0.376
33085.000 0.362 0.154 0.208
33086.000 0.362 0.223 0.043
33087.000 0.362 0.292 0.027
33088.000 0.362 0.362 0.073
33089.000 0.362 0.431 0.359
33090.000 0.431 -0.400 0.291
33091.000 0.431 -0.331 0.211
33092.000 0.431 -0.262 0.360
33093.000 0.431 -0.192 0.153
33094.000 0.431 -0.123 0.468
33095.000 0.431 -0.054 0.410
33096.000 0.431 0.015 0.060
33097.000 0.431 0.085 0.111
33098.000 0.431 0.154 0.190
33099.000 0.431 0.223 0.144
33100.000 0.431 0.292 0.097
33101.000 0.431 0.362 0.004
33102.000 0.431 0.431 0.386
