84.44444444444444 83.1 84.625 84.3 86.66666666666667
85.11111111111111 82.60000000000001 83.75 85.6 86.77777777777777
84.22222222222223 82.3 83.0 85.1 86.22222222222223
84.88888888888889 82.69999999999999 83.5 85.0 86.0
84.11111111111111 81.60000000000001 83.625 84.8 86.33333333333333
85.88888888888889 83.5 84.5 85.7 87.55555555555556
84.66666666666667 81.69999999999999 83.875 84.4 85.88888888888889
84.88888888888889 82.60000000000001 83.625 85.5 86.44444444444444
83.66666666666667 82.4 83.375 85.8 85.77777777777777
85.44444444444444 81.3 82.5 83.7 87.11111111111111
84.11111111111111 82.5 84.25 84.7 86.66666666666667
84.77777777777777 82.5 83.5 84.8 85.66666666666667
86.0 82.0 83.875 84.6 86.0
85.0 82.69999999999999 84.625 84.8 86.77777777777777
84.33333333333333 81.3 82.375 84.7 86.55555555555556
85.22222222222223 81.3 83.5 83.9 86.22222222222223
84.22222222222223 82.60000000000001 83.25 85.3 86.33333333333333
85.0 81.19999999999999 81.625 84.7 86.77777777777777
85.22222222222223 81.0 83.25 83.9 86.33333333333333
84.77777777777777 82.4 83.75 86.1 87.0
85.44444444444444 83.1 84.875 85.7 87.44444444444444
85.0 80.69999999999999 82.75 84.3 85.55555555555556
85.0 80.4 82.75 84.3 85.11111111111111
84.77777777777777 80.0 81.875 84.4 85.88888888888889
84.44444444444444 80.69999999999999 82.375 85.7 87.55555555555556
84.88888888888889 81.69999999999999 82.625 85.3 85.88888888888889
84.66666666666667 81.3 82.125 85.2 86.55555555555556
83.55555555555554 81.10000000000001 82.375 83.4 85.77777777777777
84.77777777777777 80.3 82.5 84.0 85.55555555555556
84.11111111111111 79.60000000000001 82.375 84.9 87.22222222222223
85.44444444444444 81.19999999999999 83.5 84.2 86.77777777777777
85.66666666666667 81.3 83.125 84.2 86.77777777777777
85.22222222222223 80.5 83.75 84.7 86.77777777777777
84.11111111111111 80.4 82.5 85.2 86.77777777777777
85.0 80.60000000000001 81.625 84.2 86.0
84.0 81.10000000000001 83.0 84.2 85.55555555555556
85.0 82.60000000000001 83.625 85.8 87.44444444444444
85.44444444444444 81.0 83.25 85.3 87.55555555555556
85.0 81.10000000000001 82.375 84.6 86.0
84.33333333333333 81.19999999999999 83.5 85.2 86.55555555555556
85.66666666666667 79.9 82.25 85.3 87.0
84.33333333333333 78.89999999999999 80.875 85.1 86.66666666666667
84.77777777777777 80.10000000000001 83.25 84.6 86.88888888888889
84.22222222222223 80.69999999999999 83.25 85.1 86.11111111111111
84.33333333333333 80.0 82.0 85.3 86.33333333333333
85.11111111111111 79.60000000000001 82.5 85.7 86.77777777777777
85.33333333333333 79.3 81.375 85.1 87.22222222222223
84.55555555555556 79.39999999999999 81.5 84.4 85.66666666666667
84.44444444444444 79.3 82.625 84.5 87.0
83.44444444444444 78.89999999999999 81.625 84.6 86.11111111111111
85.11111111111111 79.2 82.5 86.1 85.77777777777777
85.0 77.89999999999999 82.0 85.3 86.44444444444444
83.77777777777779 79.0 80.625 83.9 86.44444444444444
86.88888888888889 80.69999999999999 83.625 86.5 88.66666666666667
85.11111111111111 78.89999999999999 80.875 85.3 86.66666666666667
84.11111111111111 79.5 82.0 84.2 85.66666666666667
85.33333333333333 77.3 80.5 84.4 86.44444444444444
84.11111111111111 77.3 81.0 84.6 86.11111111111111
84.88888888888889 76.39999999999999 81.125 84.4 86.55555555555556
84.66666666666667 77.10000000000001 81.75 85.6 87.0
85.0 77.10000000000001 80.375 84.1 85.88888888888889
84.77777777777777 75.39999999999999 79.75 84.9 86.33333333333333
85.11111111111111 77.3 81.0 84.4 85.66666666666667
85.22222222222223 76.7 81.875 85.5 86.0
84.33333333333333 76.7 79.5 85.0 85.77777777777777
83.88888888888889 76.1 78.625 84.7 86.55555555555556
85.88888888888889 77.60000000000001 80.5 85.7 88.22222222222221
84.55555555555556 75.1 79.875 84.7 85.55555555555556
84.0 75.0 78.75 85.4 86.77777777777777
85.33333333333333 75.89999999999999 80.625 85.5 87.66666666666667
84.55555555555556 75.5 80.625 85.5 87.11111111111111
84.66666666666667 73.6 79.875 84.6 86.22222222222223
84.44444444444444 73.7 79.0 84.3 86.55555555555556
85.33333333333333 74.5 78.75 85.0 86.66666666666667
84.0 73.3 79.875 84.9 86.77777777777777
85.44444444444444 71.3 77.875 85.1 87.66666666666667
85.22222222222223 71.6 78.75 85.5 87.77777777777777
84.55555555555556 72.1 78.625 84.6 85.77777777777777
85.66666666666667 70.9 77.625 84.9 86.66666666666667
86.0 71.2 78.75 84.9 87.88888888888889
85.33333333333333 71.6 76.5 85.3 87.11111111111111
84.11111111111111 68.4 77.25 85.4 87.77777777777777
84.55555555555556 69.1 77.875 84.6 87.55555555555556
84.44444444444444 70.6 78.625 85.7 86.88888888888889
82.88888888888889 66.5 75.375 83.8 85.77777777777777
84.66666666666667 68.2 75.25 85.2 86.22222222222223
84.77777777777777 68.1 75.625 83.6 85.88888888888889
84.44444444444444 68.4 78.125 84.8 87.11111111111111
84.77777777777777 67.6 77.25 84.8 86.0
85.22222222222223 67.6 76.25 84.5 87.44444444444444
86.11111111111111 67.6 75.625 85.5 87.11111111111111
85.33333333333333 66.4 76.125 84.1 86.88888888888889
84.77777777777777 65.4 75.5 84.9 86.66666666666667
85.11111111111111 65.3 75.375 85.8 86.55555555555556
85.0 65.10000000000001 73.75 85.2 87.0
85.0 63.8 73.625 84.8 86.44444444444444
85.33333333333333 63.5 75.0 84.7 86.66666666666667
84.66666666666667 63.4 73.125 84.8 86.88888888888889
85.22222222222223 62.8 74.125 84.9 86.88888888888889
84.77777777777777 60.400000000000006 72.625 83.8 86.55555555555556
84.0 60.8 73.25 85.1 87.11111111111111
80.44444444444444 79.9 80.125 81.60000000000001 81.1111111111111
82.0 80.60000000000001 81.125 81.60000000000001 81.66666666666667
81.88888888888889 79.3 79.75 81.60000000000001 80.66666666666666
81.88888888888889 80.69999999999999 80.125 81.10000000000001 81.44444444444444
85.33333333333333 59.9 73.75 85.9 87.77777777777777
81.44444444444444 80.19999999999999 80.75 80.5 80.66666666666666
81.1111111111111 80.0 80.625 81.9 81.0
82.44444444444444 80.5 80.625 82.60000000000001 81.88888888888889
82.0 80.3 81.25 82.3 82.55555555555554
85.11111111111111 65.3 71.5 84.8 86.77777777777777
80.1111111111111 79.9 81.25 80.69999999999999 81.0
81.77777777777779 81.0 81.0 81.10000000000001 82.1111111111111
81.22222222222223 80.0 80.5 81.69999999999999 81.66666666666667
81.88888888888889 80.10000000000001 80.375 81.5 81.44444444444444
84.66666666666667 62.300000000000004 72.125 85.6 87.77777777777777
81.1111111111111 80.3 81.0 81.19999999999999 81.1111111111111
81.22222222222223 80.4 81.125 82.5 81.88888888888889
80.77777777777779 79.3 81.0 81.4 80.66666666666666
82.33333333333333 79.60000000000001 81.0 82.69999999999999 82.33333333333333
84.88888888888889 66.5 69.5 85.5 87.44444444444444
80.33333333333334 80.10000000000001 81.125 82.4 81.88888888888889
81.77777777777779 81.10000000000001 80.125 81.19999999999999 81.55555555555556
81.44444444444444 79.9 80.625 81.4 82.1111111111111
82.88888888888889 81.3 81.125 82.60000000000001 82.22222222222223
81.33333333333333 80.0 80.75 81.19999999999999 81.55555555555556
80.88888888888889 80.19999999999999 82.0 82.10000000000001 81.44444444444444
81.1111111111111 80.60000000000001 81.625 81.0 81.77777777777779
81.77777777777779 80.3 81.25 81.10000000000001 81.0
80.88888888888889 79.60000000000001 80.5 81.69999999999999 81.44444444444444
82.0 80.3 81.125 81.4 81.1111111111111
84.22222222222223 64.9 72.875 84.8 87.11111111111111
86.33333333333333 68.3 70.0 85.2 87.22222222222223
84.22222222222223 65.10000000000001 71.125 83.7 86.44444444444444
85.88888888888889 66.0 70.25 84.5 86.88888888888889
85.33333333333333 65.3 71.25 84.6 87.88888888888889
85.33333333333333 66.69999999999999 72.25 85.8 87.22222222222223
85.77777777777777 65.8 69.875 84.4 86.88888888888889
85.77777777777777 65.4 70.125 86.8 87.22222222222223
84.88888888888889 63.9 69.375 84.0 84.88888888888889
84.77777777777777 66.0 70.25 85.3 86.22222222222223
84.44444444444444 66.5 70.25 83.9 86.11111111111111
84.22222222222223 66.4 69.875 84.6 86.44444444444444
84.44444444444444 64.69999999999999 70.875 83.6 86.0
84.88888888888889 66.3 70.75 84.8 87.22222222222223
84.0 66.0 71.625 83.9 86.22222222222223
84.44444444444444 67.3 70.125 84.3 86.22222222222223
84.88888888888889 67.7 70.625 85.6 87.44444444444444
85.11111111111111 67.0 70.75 84.8 85.88888888888889
85.0 67.6 71.125 84.0 86.44444444444444
85.11111111111111 66.10000000000001 70.625 84.7 86.0
84.88888888888889 67.4 70.75 84.9 87.33333333333333
86.44444444444444 66.8 70.375 86.1 87.66666666666667
84.77777777777777 66.60000000000001 68.625 85.2 86.11111111111111
84.77777777777777 66.69999999999999 70.125 85.6 88.11111111111111
85.55555555555556 66.60000000000001 70.0 85.4 87.0
86.22222222222223 68.0 69.75 85.5 86.88888888888889
84.88888888888889 67.10000000000001 67.75 84.9 87.44444444444444
86.0 67.2 68.25 84.9 87.88888888888889
86.11111111111111 67.10000000000001 70.0 85.1 86.55555555555556
85.55555555555556 65.69999999999999 65.5 86.0 87.33333333333333
85.88888888888889 66.69999999999999 68.25 86.0 88.0
85.33333333333333 66.0 67.5 84.7 86.44444444444444
85.55555555555556 67.3 66.0 84.4 85.77777777777777
85.44444444444444 67.10000000000001 68.25 84.5 87.33333333333333
84.11111111111111 65.8 65.0 84.4 85.77777777777777
85.66666666666667 66.5 66.625 85.2 87.66666666666667
84.55555555555556 67.8 65.375 84.7 87.33333333333333
84.33333333333333 66.19999999999999 65.75 84.2 87.66666666666667
86.88888888888889 68.2 66.75 85.3 88.55555555555556
85.77777777777777 66.69999999999999 65.5 85.5 87.77777777777777
84.88888888888889 67.0 66.75 85.0 87.33333333333333
85.77777777777777 67.9 64.5 84.0 86.66666666666667
84.88888888888889 66.8 67.25 85.7 88.77777777777777
86.0 66.8 65.25 84.5 86.77777777777777
85.55555555555556 66.9 64.375 84.8 85.88888888888889
85.22222222222223 66.3 63.25 84.6 87.77777777777777
85.55555555555556 66.5 65.0 84.7 87.33333333333333
85.66666666666667 65.0 64.25 85.2 86.77777777777777
85.0 66.5 63.25 84.9 86.33333333333333
85.11111111111111 65.5 65.625 84.5 86.11111111111111
85.33333333333333 67.3 64.875 82.9 87.66666666666667
85.66666666666667 67.7 65.625 85.0 87.55555555555556
84.55555555555556 66.8 63.5 84.8 87.22222222222223
85.33333333333333 67.7 63.25 84.6 86.77777777777777
84.44444444444444 66.4 62.5 84.4 85.55555555555556
85.11111111111111 67.7 64.75 84.0 87.22222222222223
84.44444444444444 66.5 63.5 85.1 87.88888888888889
85.55555555555556 66.69999999999999 66.25 85.1 86.88888888888889
84.55555555555556 65.9 63.5 84.4 86.77777777777777
85.0 67.10000000000001 66.75 85.1 87.22222222222223
86.22222222222223 68.1 64.875 84.8 87.22222222222223
83.77777777777779 65.8 65.0 84.2 86.44444444444444
84.77777777777777 65.60000000000001 62.625 84.4 87.22222222222223
84.66666666666667 66.9 64.125 84.8 86.88888888888889
85.88888888888889 68.2 64.25 85.4 87.44444444444444
85.22222222222223 67.6 65.25 84.6 86.44444444444444
83.66666666666667 64.8 64.0 84.7 86.77777777777777
84.44444444444444 65.5 63.875 83.5 86.11111111111111
85.22222222222223 67.3 63.25 84.6 87.44444444444444
84.88888888888889 67.4 64.625 84.7 86.77777777777777
85.66666666666667 68.0 66.875 85.5 88.0
86.22222222222223 68.2 65.0 85.5 87.55555555555556
85.0 65.9 62.625 85.6 87.55555555555556
85.0 66.19999999999999 64.375 85.1 87.0
85.88888888888889 65.60000000000001 62.875 86.2 88.0
85.11111111111111 68.1 64.875 85.2 87.77777777777777
86.33333333333333 66.8 63.625 85.3 87.55555555555556
84.88888888888889 66.19999999999999 65.0 83.5 86.44444444444444
85.0 68.3 64.25 85.3 87.0
85.11111111111111 68.5 62.375 84.9 87.44444444444444
84.55555555555556 66.5 63.875 84.0 85.77777777777777
84.44444444444444 66.3 63.375 84.5 87.33333333333333
85.11111111111111 65.60000000000001 64.75 84.7 87.22222222222223
85.0 66.10000000000001 64.375 84.0 87.22222222222223
87.0 66.4 65.125 84.9 87.66666666666667
85.11111111111111 68.1 63.25 85.3 86.77777777777777
84.66666666666667 66.69999999999999 63.125 84.7 87.66666666666667
85.44444444444444 66.19999999999999 67.5 85.4 87.88888888888889
84.44444444444444 67.3 63.25 84.6 87.66666666666667
85.33333333333333 67.6 64.125 84.8 86.66666666666667
85.22222222222223 67.2 64.25 84.2 86.33333333333333
86.11111111111111 66.8 62.5 85.3 88.11111111111111
87.11111111111111 68.0 64.0 86.2 88.0
84.66666666666667 64.19999999999999 63.5 84.4 87.44444444444444
85.44444444444444 65.9 64.25 84.6 86.77777777777777
85.22222222222223 65.60000000000001 62.75 84.6 86.88888888888889
85.22222222222223 66.9 65.375 86.4 88.11111111111111
84.77777777777777 69.0 66.25 85.3 86.77777777777777
85.33333333333333 67.5 62.875 85.5 86.77777777777777
