0.0013717421124828533 0.10505319148936171 0.08583106267029972 0.0 0.0
0.0 0.13164893617021278 0.08446866485013624 0.0 0.0
0.0 0.10904255319148937 0.07901907356948229 0.0 0.0
0.0013717421124828533 0.11569148936170212 0.06948228882833787 0.0014367816091954023 0.0
0.0 0.12101063829787234 0.07901907356948229 0.0 0.0
0.0 0.10904255319148937 0.08174386920980926 0.0 0.0
0.0013717421124828533 0.16489361702127658 0.07629427792915532 0.0 0.0
0.0027434842249657067 0.11436170212765957 0.07901907356948229 0.0014367816091954023 0.0
0.0013717421124828533 0.13696808510638298 0.0681198910081744 0.0 0.0
0.0013717421124828533 0.16888297872340424 0.0667574931880109 0.0 0.0
0.0 0.1077127659574468 0.04904632152588556 0.0 0.0
0.0 0.1023936170212766 0.055858310626702996 0.0 0.0
0.0 0.12367021276595745 0.051771117166212535 0.0014367816091954023 0.0
0.0 0.09707446808510639 0.07629427792915532 0.0 0.0
0.0027434842249657067 0.13430851063829788 0.06539509536784742 0.0 0.0
0.0013717421124828533 0.11968085106382978 0.08310626702997274 0.0 0.0
0.0 0.11835106382978723 0.061307901907356945 0.0028735632183908046 0.0
0.0 0.12367021276595745 0.08583106267029972 0.0 0.0
0.0027434842249657067 0.13696808510638298 0.08038147138964577 0.0014367816091954023 0.0
0.0 0.11170212765957446 0.08174386920980926 0.0 0.0
0.0027434842249657067 0.11569148936170212 0.0776566757493188 0.0 0.0
0.005486968449931413 0.11968085106382978 0.0681198910081744 0.0014367816091954023 0.0
0.0013717421124828533 0.1276595744680851 0.08174386920980926 0.0 0.0
0.0 0.11037234042553191 0.06539509536784742 0.0 0.0
0.0027434842249657067 0.13297872340425532 0.07356948228882834 0.0 0.0
0.0013717421124828533 0.11170212765957446 0.055858310626702996 0.0 0.0
0.0 0.11170212765957446 0.09264305177111716 0.0 0.0
0.0 0.125 0.0667574931880109 0.0 0.0
0.0 0.14095744680851063 0.06539509536784742 0.0 0.0
0.0013717421124828533 0.15691489361702127 0.07220708446866485 0.0014367816091954023 0.0
0.0 0.1077127659574468 0.061307901907356945 0.0014367816091954023 0.0
0.0013717421124828533 0.13031914893617022 0.06403269754768393 0.0 0.0
0.00411522633744856 0.13430851063829788 0.07493188010899182 0.0 0.0
0.0 0.14361702127659573 0.07493188010899182 0.0 0.0
0.0 0.09175531914893617 0.0776566757493188 0.0 0.0
0.0013717421124828533 0.10505319148936171 0.06403269754768393 0.0 0.0
0.0013717421124828533 0.125 0.0667574931880109 0.0 0.001366120218579235
0.0013717421124828533 0.1502659574468085 0.08719346049046321 0.0014367816091954023 0.0
0.0 0.10505319148936171 0.06948228882833787 0.0 0.0
0.0 0.10372340425531915 0.06403269754768393 0.0014367816091954023 0.0
0.0 0.1077127659574468 0.07901907356948229 0.0 0.0
0.0 0.1276595744680851 0.07356948228882834 0.0 0.0
0.0013717421124828533 0.09707446808510639 0.07901907356948229 0.0 0.0
0.0027434842249657067 0.08909574468085107 0.0667574931880109 0.0 0.0
0.0 0.13164893617021278 0.06267029972752045 0.0 0.0
0.0 0.09973404255319149 0.08174386920980926 0.0028735632183908046 0.0
0.0013717421124828533 0.13297872340425532 0.05722070844686648 0.0 0.0
0.0013717421124828533 0.11835106382978723 0.055858310626702996 0.0 0.0
0.0 0.1077127659574468 0.06267029972752045 0.0014367816091954023 0.0
0.0 0.0851063829787234 0.07901907356948229 0.0 0.0
0.0 0.11170212765957446 0.06267029972752045 0.0 0.001366120218579235
0.0013717421124828533 0.09308510638297873 0.05722070844686648 0.0 0.0
0.0013717421124828533 0.10372340425531915 0.08038147138964577 0.0 0.0
0.0013717421124828533 0.09042553191489362 0.06267029972752045 0.0 0.0
0.0013717421124828533 0.13164893617021278 0.0776566757493188 0.0 0.0
0.0013717421124828533 0.08643617021276596 0.061307901907356945 0.0 0.0
0.00411522633744856 0.11303191489361702 0.07220708446866485 0.0014367816091954023 0.001366120218579235
0.0013717421124828533 0.1077127659574468 0.04632152588555858 0.0 0.0
0.0013717421124828533 0.1023936170212766 0.08719346049046321 0.0 0.0
0.0013717421124828533 0.1023936170212766 0.05858310626702997 0.0 0.0
0.0013717421124828533 0.1023936170212766 0.061307901907356945 0.0 0.0
0.0 0.08909574468085107 0.08174386920980926 0.0 0.0
0.0 0.13829787234042554 0.07220708446866485 0.0014367816091954023 0.0
0.0013717421124828533 0.11303191489361702 0.061307901907356945 0.0 0.0
0.0 0.1023936170212766 0.051771117166212535 0.0 0.0
0.0013717421124828533 0.11835106382978723 0.07356948228882834 0.0 0.0
0.0 0.09840425531914894 0.06539509536784742 0.0 0.0
0.0013717421124828533 0.11968085106382978 0.07220708446866485 0.0 0.0
0.0 0.10638297872340426 0.0776566757493188 0.0 0.0
0.0 0.1077127659574468 0.051771117166212535 0.0 0.0
0.0 0.09840425531914894 0.04904632152588556 0.0028735632183908046 0.0
0.0 0.12898936170212766 0.06403269754768393 0.0028735632183908046 0.0
0.0013717421124828533 0.13031914893617022 0.0667574931880109 0.0014367816091954023 0.0
0.0 0.08909574468085107 0.07084468664850137 0.0 0.0
0.0 0.08377659574468084 0.05858310626702997 0.0 0.0
0.005486968449931413 0.11436170212765957 0.05858310626702997 0.0 0.0
0.0 0.14361702127659573 0.06267029972752045 0.0 0.0
0.0 0.11037234042553191 0.08583106267029972 0.0 0.0
0.0 0.09308510638297873 0.07356948228882834 0.0 0.0
0.0 0.12101063829787234 0.08174386920980926 0.0028735632183908046 0.0
0.0 0.09973404255319149 0.09264305177111716 0.0014367816091954023 0.0
0.005486968449931413 0.10904255319148937 0.05858310626702997 0.0014367816091954023 0.0
0.0 0.07845744680851063 0.03678474114441417 0.0 0.0
0.0 0.08776595744680851 0.0776566757493188 0.0014367816091954023 0.0
0.0013717421124828533 0.09441489361702128 0.05449591280653951 0.0 0.0
0.0013717421124828533 0.12898936170212766 0.043596730245231606 0.0 0.0
0.0 0.12101063829787234 0.0667574931880109 0.0014367816091954023 0.0
0.0 0.0851063829787234 0.0667574931880109 0.0014367816091954023 0.0
0.0 0.08244680851063829 0.06539509536784742 0.0 0.0
0.0 0.13430851063829788 0.07084468664850137 0.0 0.0
0.0 0.1077127659574468 0.07220708446866485 0.0 0.0
0.0 0.0678191489361702 0.05722070844686648 0.0 0.0
0.00411522633744856 0.1223404255319149 0.06948228882833787 0.0 0.0
0.0 0.08909574468085107 0.06267029972752045 0.0 0.001366120218579235
0.00411522633744856 0.09840425531914894 0.05449591280653951 0.0 0.0
0.0 0.07446808510638298 0.07629427792915532 0.0 0.0
0.0 0.11835106382978723 0.06539509536784742 0.0 0.0
0.0 0.09308510638297873 0.051771117166212535 0.0014367816091954023 0.0
0.0013717421124828533 0.12367021276595745 0.055858310626702996 0.0014367816091954023 0.0
0.0 0.08244680851063829 0.055858310626702996 0.0 0.0
0.0 0.1023936170212766 0.06539509536784742 0.0 0.0
0.0 0.0 0.0 0.0 0.0
0.0 0.0 0.0 0.0 0.0
0.0 0.0 0.0 0.0 0.0
0.0 0.0 0.0 0.0 0.0
0.0013717421124828533 0.09574468085106383 0.0681198910081744 0.0014367816091954023 0.0
0.0 0.0 0.0 0.0 0.0
0.0 0.0 0.0 0.0 0.0
0.0 0.0 0.0 0.0 0.0
0.0 0.0 0.0 0.0 0.0
0.0 0.04521276595744681 0.1566757493188011 0.0 0.0
0.0 0.0 0.0 0.0 0.0
0.0 0.0 0.0 0.0 0.0
0.0013717421124828533 0.0 0.0 0.0 0.0
0.0 0.0 0.0 0.0 0.0
0.0027434842249657067 0.08909574468085107 0.04904632152588556 0.0 0.0
0.0013717421124828533 0.0 0.0 0.0 0.0
0.0 0.0 0.0 0.0 0.0
0.0013717421124828533 0.0 0.0 0.0 0.0
0.0 0.0 0.0 0.0 0.0
0.0013717421124828533 0.027925531914893616 0.164850136239782 0.004310344827586207 0.0
0.0 0.0 0.0 0.0 0.0
0.0 0.0013297872340425532 0.0 0.0 0.0
0.0 0.0013297872340425532 0.0 0.0 0.0
0.0 0.0 0.0 0.0 0.0
0.0 0.0 0.0 0.0 0.0
0.0 0.0 0.0 0.0 0.0
0.0 0.0 0.0 0.0 0.0
0.0 0.0 0.0 0.0 0.0
0.0 0.0 0.0 0.0 0.0
0.0 0.0 0.0 0.0014367816091954023 0.0
0.0 0.041223404255319146 0.1444141689373297 0.0 0.0
0.0 0.03324468085106383 0.15122615803814715 0.0014367816091954023 0.0
0.0 0.02925531914893617 0.1444141689373297 0.0 0.001366120218579235
0.0 0.03723404255319149 0.1771117166212534 0.0 0.0
0.0 0.05319148936170213 0.1757493188010899 0.0 0.0
0.0027434842249657067 0.03324468085106383 0.1757493188010899 0.0 0.0
0.0 0.03590425531914893 0.23978201634877383 0.0028735632183908046 0.0
0.0 0.022606382978723406 0.23978201634877383 0.0 0.0
0.0 0.046542553191489366 0.2329700272479564 0.0 0.0
0.0 0.04920212765957447 0.2016348773841962 0.0 0.0
0.0 0.03856382978723404 0.23978201634877383 0.0028735632183908046 0.0
0.0 0.02925531914893617 0.19891008174386923 0.0 0.0
0.0 0.046542553191489366 0.25885558583106266 0.0014367816091954023 0.0
0.0 0.0425531914893617 0.26566757493188015 0.0 0.0
0.0 0.03723404255319149 0.2806539509536785 0.0 0.0
0.0 0.0425531914893617 0.29427792915531337 0.0 0.0
0.0 0.03723404255319149 0.3010899182561308 0.0 0.001366120218579235
0.0 0.03324468085106383 0.37193460490463215 0.0 0.0
0.0 0.025265957446808512 0.36920980926430513 0.0028735632183908046 0.0
0.0 0.046542553191489366 0.4114441416893733 0.0014367816091954023 0.0
0.0 0.03723404255319149 0.4482288828337875 0.0014367816091954023 0.0
0.0 0.057180851063829786 0.5776566757493188 0.0014367816091954023 0.001366120218579235
0.0013717421124828533 0.050531914893617025 0.5435967302452316 0.0 0.0
0.0 0.043882978723404256 0.5790190735694822 0.0014367816091954023 0.0
0.0 0.06515957446808511 0.6743869209809265 0.0 0.001366120218579235
0.0 0.043882978723404256 0.6948228882833787 0.0014367816091954023 0.0
0.0013717421124828533 0.05319148936170213 0.8160762942779292 0.0014367816091954023 0.0
0.0013717421124828533 0.041223404255319146 0.8569482288828337 0.0 0.0
0.0 0.05319148936170213 0.896457765667575 0.0014367816091954023 0.0
0.0 0.050531914893617025 1.0517711171662125 0.0 0.0
0.0 0.03856382978723404 1.0 0.0 0.0
0.0 0.041223404255319146 1.047683923705722 0.0 0.0
0.0 0.05585106382978723 1.181198910081744 0.0 0.0
0.0 0.041223404255319146 1.1089918256130789 0.0 0.0
0.0 0.05452127659574468 1.2343324250681198 0.0 0.0
0.0 0.046542553191489366 1.279291553133515 0.0 0.0
0.0013717421124828533 0.07313829787234043 1.5027247956403271 0.0 0.0
0.0 0.06648936170212766 1.391008174386921 0.0 0.0
0.0 0.05452127659574468 1.4509536784741144 0.0028735632183908046 0.0
0.0 0.06382978723404255 1.4264305177111718 0.0014367816091954023 0.0
0.0 0.043882978723404256 1.3869209809264307 0.0014367816091954023 0.0
0.0 0.05319148936170213 1.4087193460490464 0.0 0.0
0.0013717421124828533 0.05452127659574468 1.3419618528610355 0.0 0.0
0.0013717421124828533 0.07446808510638298 1.5667574931880108 0.0014367816091954023 0.0
0.0 0.04920212765957447 1.5040871934604905 0.0 0.0
0.0 0.05851063829787234 1.5871934604904632 0.0014367816091954023 0.0
0.0027434842249657067 0.050531914893617025 1.5817438692098091 0.0014367816091954023 0.0
0.0 0.05984042553191489 1.5912806539509539 0.0 0.0
0.0 0.05851063829787234 1.6294277929155314 0.0014367816091954023 0.0
0.0013717421124828533 0.07446808510638298 1.5204359673024521 0.0 0.0
0.0 0.07446808510638298 1.6416893732970026 0.0 0.0
0.0 0.04920212765957447 1.5912806539509539 0.0014367816091954023 0.0
0.0 0.05585106382978723 1.6253405994550407 0.0 0.0
0.0013717421124828533 0.05585106382978723 1.6403269754768393 0.0 0.0
0.0013717421124828533 0.07579787234042552 1.6144414168937329 0.0 0.0
0.0 0.07047872340425532 1.6907356948228882 0.0 0.0
0.0 0.05319148936170213 1.664850136239782 0.0014367816091954023 0.0
0.0 0.06382978723404255 1.6008174386920981 0.0 0.0
0.0 0.03989361702127659 1.6089918256130789 0.0 0.0
0.0 0.047872340425531915 1.6498637602179838 0.0 0.0
0.0 0.05984042553191489 1.6185286103542236 0.0014367816091954023 0.0
0.0 0.06382978723404255 1.6076294277929157 0.0 0.0
0.0 0.07180851063829786 1.67574931880109 0.0 0.0
0.0 0.06515957446808511 1.611716621253406 0.0 0.0
0.0 0.05452127659574468 1.6607629427792916 0.0 0.0
0.0 0.050531914893617025 1.6130790190735695 0.0 0.0
0.0 0.07047872340425532 1.5926430517711172 0.0 0.0
0.0 0.06382978723404255 1.6403269754768393 0.0 0.0
0.0 0.06648936170212766 1.7138964577656675 0.0 0.0
0.0 0.06382978723404255 1.6634877384196185 0.0 0.0
0.0 0.022606382978723406 1.603542234332425 0.0014367816091954023 0.0
0.0 0.050531914893617025 1.595367847411444 0.0 0.0
0.0 0.0625 1.6634877384196185 0.0028735632183908046 0.0
0.0 0.06117021276595745 1.6076294277929157 0.0014367816091954023 0.0
0.0 0.07579787234042552 1.67574931880109 0.0 0.0
0.0 0.05319148936170213 1.5572207084468666 0.0 0.0
0.0 0.057180851063829786 1.6989100817438691 0.0 0.0
0.0 0.05319148936170213 1.6457765667574933 0.0 0.0
0.0 0.043882978723404256 1.61716621253406 0.0 0.0
0.0 0.0425531914893617 1.664850136239782 0.0 0.0
0.0013717421124828533 0.047872340425531915 1.6335149863760219 0.0 0.0
0.0013717421124828533 0.0625 1.7098092643051772 0.0014367816091954023 0.0
0.0 0.06648936170212766 1.6798365122615804 0.0 0.0
0.0 0.05186170212765957 1.6566757493188011 0.0 0.0
0.0 0.08111702127659574 1.6348773841961854 0.0 0.0
0.0 0.05452127659574468 1.6457765667574933 0.0014367816091954023 0.0
0.0013717421124828533 0.047872340425531915 1.6798365122615804 0.0 0.0
0.0013717421124828533 0.0625 1.547683923705722 0.0 0.0
0.0 0.07047872340425532 1.8038147138964578 0.0014367816091954023 0.0
0.0 0.07180851063829786 1.6866485013623977 0.0 0.0
0.0 0.05851063829787234 1.717983651226158 0.004310344827586207 0.0
0.0 0.05851063829787234 1.8079019073569482 0.0 0.0
0.0 0.04521276595744681 1.7411444141689372 0.0 0.0
0.0013717421124828533 0.09441489361702128 1.7220708446866486 0.0 0.0
0.0 0.05452127659574468 1.6907356948228882 0.0 0.0
0.0 0.07047872340425532 1.7138964577656675 0.0014367816091954023 0.0
0.0 0.08377659574468084 1.7002724795640327 0.0 0.0
0.0 0.04521276595744681 1.6880108991825613 0.0028735632183908046 0.0
0.0 0.057180851063829786 1.731607629427793 0.0 0.0
