16.0 29.8 28.5 14.166666666666666 14.0
14.666666666666666 34.8 31.666666666666668 15.833333333333334 15.166666666666666
16.0 31.2 28.666666666666668 14.5 15.5
15.5 30.4 26.833333333333336 13.0 14.5
15.5 31.2 28.666666666666668 14.333333333333334 13.833333333333332
14.666666666666666 30.8 29.0 15.166666666666666 13.5
14.333333333333334 28.6 29.333333333333332 12.666666666666666 12.333333333333334
16.0 30.200000000000003 28.5 15.833333333333334 12.333333333333334
15.666666666666666 30.599999999999998 27.666666666666664 13.166666666666666 14.0
15.666666666666666 29.2 27.5 16.666666666666668 10.833333333333334
16.166666666666664 31.2 29.833333333333332 16.0 12.0
13.666666666666668 28.0 29.5 15.833333333333334 14.333333333333334
19.166666666666664 27.599999999999998 27.333333333333336 15.666666666666666 15.5
14.166666666666666 31.2 31.166666666666664 14.166666666666666 13.5
17.333333333333332 31.0 30.0 11.333333333333334 16.166666666666664
14.0 30.8 28.833333333333332 13.333333333333334 16.0
12.5 30.0 28.333333333333332 17.666666666666668 15.166666666666666
17.666666666666668 31.0 28.666666666666668 13.333333333333334 11.333333333333334
15.5 34.0 28.333333333333332 13.833333333333332 14.833333333333334
12.833333333333334 34.8 26.833333333333336 15.166666666666666 15.333333333333332
15.333333333333332 33.8 29.5 15.666666666666666 12.833333333333334
14.333333333333334 32.599999999999994 28.0 14.0 12.0
15.833333333333334 32.800000000000004 27.833333333333336 17.333333333333332 13.0
16.166666666666664 33.4 32.33333333333333 15.166666666666666 14.166666666666666
15.833333333333334 30.0 29.333333333333332 14.166666666666666 13.833333333333332
13.833333333333332 30.599999999999998 29.5 13.833333333333332 11.666666666666668
15.666666666666666 34.0 28.0 14.5 12.833333333333334
13.666666666666668 29.0 28.0 15.0 14.666666666666666
15.333333333333332 30.8 29.333333333333332 12.0 17.666666666666668
13.666666666666668 35.0 29.666666666666668 14.166666666666666 13.833333333333332
17.666666666666668 29.8 29.0 13.5 12.833333333333334
17.166666666666668 31.0 30.333333333333332 12.333333333333334 15.166666666666666
15.166666666666666 32.800000000000004 27.833333333333336 15.833333333333334 11.333333333333334
14.833333333333334 34.2 29.166666666666668 15.0 13.833333333333332
15.833333333333334 31.6 25.666666666666668 14.333333333333334 14.833333333333334
14.166666666666666 30.8 28.666666666666668 16.833333333333332 15.0
16.666666666666668 30.4 28.333333333333332 12.166666666666666 11.5
17.666666666666668 34.4 28.5 15.0 13.5
15.5 32.599999999999994 29.833333333333332 14.666666666666666 12.166666666666666
17.666666666666668 34.4 27.166666666666664 13.5 15.5
16.666666666666668 26.8 28.5 16.0 12.166666666666666
16.166666666666664 28.2 27.833333333333336 15.0 10.666666666666666
16.166666666666664 30.8 28.0 13.333333333333334 12.5
16.166666666666664 32.599999999999994 27.833333333333336 12.333333333333334 11.333333333333334
17.0 28.0 27.666666666666664 14.166666666666666 14.5
12.5 30.200000000000003 31.0 14.333333333333334 14.833333333333334
16.833333333333332 28.0 27.833333333333336 11.5 15.166666666666666
15.333333333333332 32.4 26.666666666666668 14.666666666666666 14.5
14.333333333333334 29.8 29.5 12.0 13.666666666666668
13.333333333333334 30.0 30.0 14.166666666666666 14.5
17.666666666666668 30.200000000000003 29.833333333333332 14.333333333333334 11.5
14.833333333333334 34.0 28.666666666666668 13.333333333333334 14.5
16.333333333333332 31.2 27.833333333333336 15.5 15.0
17.0 34.2 30.5 14.666666666666666 13.0
13.333333333333334 34.6 31.333333333333332 16.833333333333332 12.166666666666666
15.333333333333332 33.0 28.166666666666668 13.5 15.833333333333334
14.333333333333334 30.599999999999998 29.5 15.833333333333334 13.5
14.333333333333334 34.8 29.666666666666668 12.833333333333334 12.333333333333334
19.166666666666664 32.2 26.833333333333336 14.5 13.833333333333332
14.333333333333334 32.800000000000004 28.833333333333332 12.5 15.666666666666666
18.833333333333332 30.0 27.5 11.166666666666666 15.5
15.833333333333334 31.6 28.666666666666668 14.0 14.0
13.666666666666668 31.8 27.0 14.666666666666666 12.666666666666666
16.666666666666668 31.0 27.166666666666664 14.5 13.833333333333332
15.166666666666666 31.2 28.833333333333332 14.833333333333334 14.0
14.666666666666666 30.599999999999998 28.5 14.0 11.333333333333334
15.5 31.2 27.666666666666664 16.166666666666664 13.833333333333332
13.5 30.200000000000003 28.0 12.333333333333334 15.5
13.166666666666666 31.8 30.333333333333332 13.666666666666668 11.5
14.833333333333334 33.8 28.333333333333332 13.333333333333334 15.333333333333332
14.5 33.0 31.666666666666668 15.833333333333334 11.0
17.5 33.0 28.5 12.5 16.0
14.833333333333334 31.4 27.833333333333336 14.5 14.333333333333334
18.333333333333332 30.0 30.5 13.0 12.833333333333334
17.666666666666668 32.4 29.333333333333332 16.666666666666668 10.0
17.833333333333332 32.4 28.5 12.5 17.0
14.333333333333334 34.2 30.0 14.5 14.166666666666666
15.166666666666666 29.2 32.33333333333333 13.833333333333332 14.333333333333334
15.166666666666666 31.2 29.833333333333332 14.666666666666666 14.0
15.333333333333332 31.2 26.5 13.833333333333332 14.166666666666666
16.5 33.8 27.333333333333336 16.5 13.666666666666668
18.166666666666668 31.4 30.166666666666668 16.333333333333332 14.833333333333334
13.333333333333334 33.2 30.833333333333336 12.0 13.333333333333334
14.166666666666666 29.2 29.5 14.333333333333334 14.0
13.333333333333334 30.0 30.5 11.0 13.833333333333332
17.333333333333332 34.6 30.5 15.166666666666666 12.833333333333334
17.333333333333332 32.599999999999994 27.333333333333336 10.5 14.666666666666666
16.333333333333332 31.4 32.16666666666667 15.166666666666666 13.5
17.333333333333332 33.6 28.833333333333332 13.833333333333332 12.5
15.0 34.0 24.333333333333332 16.833333333333332 12.833333333333334
14.5 33.8 31.0 14.5 13.666666666666668
15.666666666666666 29.8 29.5 13.5 10.666666666666666
15.833333333333334 31.4 31.666666666666668 14.0 14.833333333333334
17.5 32.800000000000004 31.5 16.0 13.333333333333334
15.833333333333334 34.4 31.5 15.333333333333332 13.5
16.666666666666668 32.599999999999994 27.0 14.666666666666666 15.0
17.166666666666668 30.200000000000003 29.333333333333332 16.666666666666668 12.166666666666666
15.833333333333334 28.2 29.5 15.0 15.833333333333334
12.0 32.4 28.0 15.0 13.5
16.5 30.0 26.833333333333336 13.333333333333334 12.833333333333334
14.833333333333334 34.8 27.166666666666664 16.666666666666668 10.166666666666666
15.333333333333332 15.6 11.5 16.833333333333332 14.5
16.833333333333332 14.200000000000001 16.0 17.833333333333332 15.166666666666666
15.166666666666666 16.2 13.5 15.5 15.333333333333332
15.5 18.0 15.333333333333332 15.5 15.0
18.666666666666668 34.2 27.833333333333336 16.333333333333332 12.0
14.0 11.6 15.666666666666666 15.5 15.0
14.0 14.8 16.833333333333332 14.333333333333334 13.666666666666668
15.166666666666666 18.0 18.0 14.666666666666666 15.666666666666666
13.5 17.4 14.333333333333334 15.166666666666666 17.666666666666668
15.666666666666666 32.800000000000004 32.0 15.0 12.166666666666666
15.0 12.200000000000001 14.333333333333334 16.166666666666664 13.833333333333332
16.0 15.2 14.833333333333334 16.666666666666668 14.5
14.5 15.6 15.333333333333332 17.666666666666668 14.666666666666666
16.833333333333332 14.200000000000001 16.0 13.166666666666666 15.5
16.0 34.0 28.666666666666668 16.333333333333332 13.166666666666666
15.666666666666666 16.400000000000002 16.0 19.5 14.0
15.0 18.4 15.5 15.166666666666666 12.666666666666666
15.666666666666666 15.4 16.166666666666664 17.166666666666668 17.0
16.5 15.2 15.166666666666666 14.166666666666666 18.0
14.5 28.6 34.5 16.166666666666664 15.0
15.166666666666666 15.6 12.666666666666666 13.0 17.166666666666668
15.166666666666666 14.6 16.333333333333332 13.5 15.166666666666666
16.0 17.0 13.833333333333332 13.833333333333332 15.333333333333332
17.5 15.2 15.333333333333332 17.5 13.666666666666668
14.666666666666666 15.0 13.833333333333332 14.333333333333334 15.5
16.833333333333332 14.0 16.0 13.0 14.0
14.333333333333334 17.0 17.166666666666668 15.333333333333332 16.333333333333332
15.5 13.6 15.166666666666666 16.5 14.166666666666666
16.166666666666664 15.2 16.5 15.333333333333332 18.166666666666668
16.666666666666668 15.0 15.833333333333334 15.0 14.0
15.333333333333332 27.599999999999998 32.16666666666667 12.166666666666666 14.333333333333334
18.166666666666668 25.8 33.0 15.0 12.333333333333334
15.666666666666666 28.6 30.833333333333336 12.0 14.0
16.833333333333332 29.8 31.5 15.666666666666666 14.833333333333334
18.166666666666668 28.8 35.0 14.0 14.0
16.333333333333332 28.2 32.666666666666664 15.0 14.0
14.5 24.8 35.166666666666664 17.666666666666668 11.666666666666668
16.0 31.6 35.166666666666664 11.166666666666666 12.666666666666666
15.5 28.400000000000002 35.333333333333336 15.0 12.666666666666666
13.5 28.8 31.833333333333332 16.166666666666664 14.0
14.0 23.0 32.33333333333333 12.666666666666666 13.166666666666666
14.833333333333334 30.4 32.33333333333333 14.833333333333334 13.0
14.666666666666666 28.8 32.16666666666667 13.5 13.666666666666668
12.333333333333334 28.400000000000002 31.166666666666664 15.0 12.166666666666666
16.666666666666668 26.8 32.833333333333336 13.333333333333334 14.166666666666666
15.666666666666666 27.0 34.166666666666664 16.833333333333332 15.666666666666666
13.0 29.4 33.666666666666664 16.333333333333332 14.5
16.166666666666664 24.6 33.833333333333336 16.333333333333332 12.0
12.666666666666666 31.4 30.333333333333332 16.166666666666664 12.333333333333334
15.833333333333334 27.0 30.833333333333336 15.5 12.166666666666666
16.333333333333332 26.599999999999998 31.166666666666664 16.5 16.833333333333332
16.0 32.2 35.833333333333336 16.0 15.833333333333334
12.166666666666666 28.6 33.0 14.0 12.166666666666666
17.333333333333332 31.8 32.5 15.666666666666666 13.833333333333332
14.833333333333334 28.6 36.0 14.333333333333334 14.666666666666666
14.5 27.400000000000002 37.0 14.5 12.166666666666666
14.333333333333334 30.0 37.166666666666664 13.5 12.833333333333334
15.666666666666666 27.0 36.833333333333336 13.333333333333334 12.833333333333334
16.333333333333332 25.4 36.333333333333336 15.333333333333332 13.0
16.833333333333332 30.0 35.5 11.666666666666668 15.166666666666666
15.333333333333332 26.200000000000003 37.83333333333333 15.666666666666666 11.666666666666668
14.166666666666666 23.2 37.5 15.0 14.5
14.0 28.8 35.5 15.833333333333334 12.166666666666666
15.666666666666666 26.8 34.666666666666664 17.166666666666668 15.333333333333332
14.5 28.0 34.833333333333336 15.0 12.666666666666666
16.5 27.2 32.16666666666667 18.5 14.833333333333334
17.0 28.400000000000002 34.5 15.166666666666666 9.5
13.5 29.8 36.166666666666664 16.166666666666664 11.666666666666668
16.833333333333332 29.8 38.66666666666667 21.0 11.833333333333332
13.333333333333334 30.599999999999998 34.666666666666664 14.5 12.333333333333334
16.0 30.200000000000003 34.333333333333336 16.166666666666664 14.0
14.0 25.0 34.0 17.666666666666668 14.166666666666666
15.666666666666666 28.0 32.5 15.333333333333332 14.5
16.333333333333332 29.4 35.5 15.666666666666666 12.333333333333334
17.666666666666668 31.2 35.333333333333336 13.666666666666668 11.833333333333332
14.5 28.6 35.666666666666664 12.833333333333334 15.166666666666666
16.666666666666668 30.200000000000003 34.5 15.666666666666666 14.5
19.833333333333336 26.8 33.666666666666664 14.666666666666666 15.0
14.666666666666666 28.400000000000002 33.833333333333336 19.0 13.166666666666666
16.166666666666664 29.8 32.5 13.5 13.5
13.666666666666668 28.400000000000002 37.166666666666664 14.833333333333334 12.0
14.166666666666666 32.4 39.33333333333333 16.166666666666664 13.0
15.833333333333334 28.400000000000002 32.833333333333336 16.833333333333332 13.5
15.5 31.2 37.166666666666664 16.0 11.833333333333332
15.333333333333332 30.599999999999998 33.666666666666664 14.666666666666666 13.166666666666666
15.5 29.6 36.166666666666664 15.166666666666666 14.166666666666666
16.333333333333332 31.6 34.0 14.5 13.5
14.5 30.599999999999998 34.666666666666664 15.0 12.833333333333334
13.5 29.2 35.5 15.5 11.666666666666668
16.333333333333332 27.2 34.166666666666664 15.666666666666666 13.666666666666668
17.0 27.2 35.833333333333336 16.666666666666668 12.833333333333334
14.333333333333334 30.599999999999998 34.833333333333336 16.333333333333332 15.0
12.166666666666666 29.2 35.333333333333336 17.5 16.666666666666668
14.333333333333334 30.4 36.0 11.166666666666666 11.666666666666668
12.5 30.599999999999998 34.833333333333336 14.333333333333334 14.5
15.166666666666666 29.2 35.166666666666664 17.5 14.166666666666666
12.833333333333334 27.400000000000002 33.333333333333336 16.5 13.333333333333334
15.5 28.0 35.5 15.0 13.833333333333332
14.833333333333334 28.0 33.833333333333336 13.5 12.333333333333334
12.833333333333334 30.4 36.833333333333336 17.666666666666668 13.166666666666666
15.833333333333334 28.400000000000002 38.0 16.5 11.833333333333332
18.0 32.0 36.833333333333336 15.666666666666666 13.0
15.0 29.2 35.833333333333336 13.666666666666668 13.5
16.0 30.8 34.833333333333336 16.0 13.0
16.166666666666664 25.0 39.0 14.333333333333334 13.0
13.666666666666668 31.6 37.83333333333333 16.833333333333332 14.0
14.333333333333334 29.4 38.16666666666667 14.5 13.166666666666666
14.166666666666666 28.6 36.333333333333336 14.5 13.5
15.5 29.8 40.0 13.5 12.666666666666666
14.666666666666666 28.400000000000002 33.166666666666664 14.333333333333334 11.833333333333332
13.666666666666668 29.8 35.333333333333336 15.166666666666666 14.666666666666666
14.666666666666666 31.4 35.666666666666664 16.333333333333332 10.166666666666666
15.666666666666666 31.0 39.33333333333333 12.166666666666666 13.333333333333334
16.166666666666664 26.0 37.666666666666664 12.333333333333334 15.333333333333332
15.5 29.4 34.833333333333336 17.166666666666668 11.166666666666666
14.833333333333334 30.4 34.5 15.333333333333332 12.666666666666666
13.666666666666668 31.0 35.0 14.666666666666666 13.166666666666666
12.5 32.4 35.833333333333336 14.666666666666666 13.333333333333334
12.833333333333334 31.4 39.66666666666667 15.666666666666666 10.333333333333334
15.333333333333332 32.599999999999994 38.0 15.5 14.166666666666666
14.833333333333334 31.6 36.166666666666664 14.0 11.833333333333332
15.333333333333332 32.4 37.5 16.166666666666664 13.833333333333332
13.5 30.8 38.83333333333333 15.166666666666666 15.5
14.166666666666666 30.200000000000003 36.5 16.0 11.5
16.0 26.8 36.833333333333336 15.666666666666666 12.833333333333334
15.333333333333332 29.2 35.166666666666664 16.833333333333332 14.333333333333334
15.333333333333332 28.400000000000002 36.666666666666664 12.833333333333334 12.833333333333334
13.666666666666668 27.0 36.333333333333336 16.333333333333332 11.333333333333334
12.833333333333334 30.200000000000003 38.83333333333333 13.333333333333334 14.0
