0.00423728813559322 0.1368124118476728 0.056100981767180924 0.0 0.0
0.0014124293785310734 0.14527503526093088 0.06241234221598878 0.0 0.0
0.0014124293785310734 0.13469675599435824 0.06311360448807855 0.0 0.0
0.00211864406779661 0.11847672778561354 0.056100981767180924 0.0007032348804500703 0.0
0.00211864406779661 0.155148095909732 0.05820476858345021 0.0 0.0
0.0007062146892655367 0.12552891396332863 0.05399719495091164 0.0007032348804500703 0.0
0.0007062146892655367 0.15091678420310298 0.05539971949509117 0.0 0.0007122507122507122
0.0014124293785310734 0.18053596614950634 0.06241234221598878 0.0007032348804500703 0.0
0.0014124293785310734 0.14809590973201692 0.05119214586255259 0.0007032348804500703 0.0
0.0014124293785310734 0.14527503526093088 0.0546984572230014 0.0 0.0
0.0014124293785310734 0.15655853314527501 0.06872370266479665 0.0007032348804500703 0.0
0.0007062146892655367 0.14315937940761636 0.05539971949509117 0.0 0.0
0.0 0.155148095909732 0.06872370266479665 0.0 0.0
0.0035310734463276836 0.16431593794076163 0.06591865357643759 0.0 0.0
0.0007062146892655367 0.1389280677009873 0.056802244039270686 0.0014064697609001407 0.0
0.0 0.16361071932299012 0.05820476858345021 0.0 0.0
0.0014124293785310734 0.16854724964739068 0.056802244039270686 0.0 0.0
0.0 0.16995768688293372 0.0638148667601683 0.0007032348804500703 0.0
0.0007062146892655367 0.18053596614950634 0.06661991584852735 0.0 0.0
0.0 0.1755994358251058 0.05399719495091164 0.0007032348804500703 0.0
0.0007062146892655367 0.14174894217207334 0.06591865357643759 0.0 0.0
0.00211864406779661 0.15162200282087446 0.06030855539971949 0.0 0.0
0.00211864406779661 0.16290550070521861 0.0729312762973352 0.0 0.0
0.0007062146892655367 0.22919605077574046 0.07152875175315568 0.0 0.0
0.0007062146892655367 0.20310296191819463 0.05539971949509117 0.0 0.0
0.0014124293785310734 0.17418899858956277 0.06591865357643759 0.0 0.0
0.0 0.19746121297602257 0.07012622720897616 0.0014064697609001407 0.0
0.0014124293785310734 0.1777150916784203 0.06030855539971949 0.0007032348804500703 0.0
0.0 0.1622002820874471 0.06030855539971949 0.0 0.0
0.0 0.16854724964739068 0.06311360448807855 0.0007032348804500703 0.0
0.0007062146892655367 0.19322990126939352 0.05960729312762973 0.0014064697609001407 0.0
0.0014124293785310734 0.152327221438646 0.07924263674614306 0.0 0.0
0.0 0.1678420310296192 0.06241234221598878 0.0 0.0
0.0007062146892655367 0.2066290550070522 0.0638148667601683 0.0014064697609001407 0.0
0.0014124293785310734 0.20521861777150918 0.08345021037868162 0.0014064697609001407 0.0
0.002824858757062147 0.23695345557122707 0.05750350631136045 0.0 0.0
0.0 0.21932299012693934 0.061711079943899017 0.0 0.0
0.0014124293785310734 0.21227080394922426 0.056802244039270686 0.0 0.0
0.0014124293785310734 0.231311706629055 0.056100981767180924 0.0007032348804500703 0.0
0.0 0.24047954866008464 0.07643758765778401 0.0 0.0
0.0007062146892655367 0.22143864598025387 0.051893408134642355 0.0 0.0
0.00211864406779661 0.23272214386459802 0.05820476858345021 0.0 0.0
0.0014124293785310734 0.27150916784203105 0.06030855539971949 0.0007032348804500703 0.0
0.0 0.25035260930888575 0.06872370266479665 0.0007032348804500703 0.0007122507122507122
0.0007062146892655367 0.2545839210155148 0.06451612903225806 0.0007032348804500703 0.0
0.0014124293785310734 0.2947813822284908 0.06661991584852735 0.0035161744022503515 0.0
0.0 0.30888575458392104 0.05820476858345021 0.0 0.0
0.0 0.25528913963328637 0.06521739130434782 0.0 0.0
0.002824858757062147 0.2630465444287729 0.07784011220196355 0.0014064697609001407 0.0
0.0007062146892655367 0.2834978843441467 0.09326788218793829 0.0 0.0
0.0007062146892655367 0.2849083215796897 0.07433380084151472 0.0 0.0
0.0007062146892655367 0.3526093088857546 0.08835904628330996 0.0007032348804500703 0.0
0.0014124293785310734 0.3095909732016925 0.08415147265077139 0.0 0.0
0.0014124293785310734 0.3406205923836389 0.07713884992987377 0.0 0.0
0.0 0.3138222849083216 0.07784011220196355 0.0 0.0
0.0 0.3011283497884344 0.06661991584852735 0.0 0.0
0.0014124293785310734 0.37447108603667134 0.07082748948106592 0.0 0.0
0.0 0.38857545839210156 0.0729312762973352 0.0007032348804500703 0.0
0.0007062146892655367 0.3251057827926657 0.08415147265077139 0.0 0.0
0.0014124293785310734 0.3709449929478138 0.06732117812061711 0.0 0.0
0.0007062146892655367 0.35754583921015515 0.08625525946704067 0.0007032348804500703 0.0
0.0014124293785310734 0.4012693935119887 0.09186535764375876 0.0007032348804500703 0.0
0.0007062146892655367 0.4245416078984485 0.08345021037868162 0.0007032348804500703 0.0
0.0 0.382228490832158 0.07152875175315568 0.0007032348804500703 0.0
0.00211864406779661 0.43723554301833567 0.08835904628330996 0.0007032348804500703 0.0
0.0007062146892655367 0.46826516220028214 0.08835904628330996 0.0 0.0
0.0007062146892655367 0.4605077574047955 0.0876577840112202 0.0007032348804500703 0.0
0.0014124293785310734 0.47249647390691113 0.09046283309957925 0.0 0.0
0.0007062146892655367 0.4675599435825106 0.06732117812061711 0.0 0.0007122507122507122
0.0 0.47390691114245415 0.08625525946704067 0.0007032348804500703 0.0
0.0 0.5077574047954866 0.09256661991584854 0.0014064697609001407 0.0
0.0007062146892655367 0.5331452750352609 0.11711079943899018 0.0014064697609001407 0.0
0.0007062146892655367 0.5387870239774329 0.10168302945301544 0.0014064697609001407 0.0
0.0 0.5627644569816643 0.10238429172510519 0.0 0.0
0.0014124293785310734 0.5923836389280677 0.10308555399719495 0.0014064697609001407 0.0
0.0007062146892655367 0.5444287729196051 0.10098176718092566 0.0 0.0
0.0 0.5881523272214386 0.10168302945301544 0.0 0.0
0.00211864406779661 0.5521861777150916 0.09046283309957925 0.0 0.0
0.002824858757062147 0.6516220028208745 0.08695652173913045 0.0007032348804500703 0.0
0.0007062146892655367 0.609308885754584 0.11009817671809256 0.0 0.0
0.0 0.6071932299012693 0.10518934081346425 0.0007032348804500703 0.0
0.0 0.6403385049365303 0.09957924263674615 0.0 0.0
0.0014124293785310734 0.620592383638928 0.10869565217391305 0.0 0.0
0.0007062146892655367 0.7080394922425952 0.11640953716690042 0.0 0.0
0.0014124293785310734 0.6882933709449929 0.1262272089761571 0.0007032348804500703 0.0
0.0014124293785310734 0.6932299012693935 0.1241234221598878 0.0007032348804500703 0.0
0.0014124293785310734 0.7207334273624824 0.11640953716690042 0.0007032348804500703 0.0
0.0 0.6840620592383639 0.10378681626928471 0.0 0.0
0.0014124293785310734 0.7616361071932298 0.11711079943899018 0.0007032348804500703 0.0
0.0014124293785310734 0.7743300423131171 0.13604488078541374 0.0 0.0007122507122507122
0.00211864406779661 0.8307475317348377 0.13604488078541374 0.002109704641350211 0.0
0.0014124293785310734 0.7559943582510578 0.12131837307152875 0.0 0.0
0.0014124293785310734 0.7820874471086037 0.1276297335203366 0.0014064697609001407 0.0
0.0 0.806064880112835 0.1093969144460028 0.0007032348804500703 0.0
0.0014124293785310734 0.7947813822284909 0.11079943899018234 0.0014064697609001407 0.0
0.0007062146892655367 0.8765867418899859 0.1479663394109397 0.0007032348804500703 0.0
0.0007062146892655367 0.8307475317348377 0.13043478260869565 0.0007032348804500703 0.0
0.0014124293785310734 0.811706629055007 0.11360448807854137 0.0007032348804500703 0.0007122507122507122
0.0014124293785310734 0.8843441466854725 0.1402524544179523 0.0 0.0
0.0007062146892655367 0.8942172073342737 0.12201963534361851 0.0 0.0
0.0007062146892655367 0.9012693935119888 0.12131837307152875 0.0007032348804500703 0.0
0.0 0.07404795486600846 0.0 0.0 0.0
0.0 0.08039492242595205 0.0007012622720897616 0.0 0.0
0.0 0.06488011283497884 0.0035063113604488078 0.0 0.0
0.0 0.06770098730606489 0.0 0.0 0.0
0.0007062146892655367 0.9633286318758816 0.1479663394109397 0.0014064697609001407 0.0
0.0007062146892655367 0.077574047954866 0.001402524544179523 0.0 0.0
0.0 0.07122708039492243 0.0 0.0 0.0
0.0 0.05923836389280677 0.0007012622720897616 0.0 0.0
0.0 0.06346967559943582 0.001402524544179523 0.0 0.0007122507122507122
0.0007062146892655367 0.7348377997179125 0.21598877980364656 0.0007032348804500703 0.0
0.0 0.06064880112834979 0.0007012622720897616 0.0 0.0
0.0 0.06770098730606489 0.0007012622720897616 0.0 0.0
0.0 0.056417489421720736 0.0 0.0 0.0
0.0 0.08321579689703809 0.0007012622720897616 0.0007032348804500703 0.0
0.0014124293785310734 0.9421720733427362 0.1241234221598878 0.0 0.0
0.0 0.059943582510578276 0.001402524544179523 0.0 0.0
0.0007062146892655367 0.0698166431593794 0.0 0.0 0.0
0.0 0.08039492242595205 0.0 0.0 0.0007122507122507122
0.0 0.09449929478138222 0.0 0.0 0.0
0.0 0.7327221438645981 0.2664796633941094 0.0007032348804500703 0.0
0.0 0.077574047954866 0.001402524544179523 0.0007032348804500703 0.0
0.0 0.0698166431593794 0.0007012622720897616 0.0 0.0
0.0007062146892655367 0.0684062059238364 0.0007012622720897616 0.0 0.0
0.0 0.06911142454160789 0.0 0.0 0.0
0.0007062146892655367 0.04936530324400564 0.0007012622720897616 0.0 0.0
0.0 0.06488011283497884 0.0 0.0 0.0
0.0 0.0698166431593794 0.0035063113604488078 0.0 0.0
0.0 0.07122708039492243 0.0007012622720897616 0.0 0.0
0.0 0.06558533145275035 0.0035063113604488078 0.0 0.0
0.0 0.076163610719323 0.0007012622720897616 0.0 0.0
0.0007062146892655367 0.7602256699576869 0.25806451612903225 0.0014064697609001407 0.0
0.0 0.7595204513399154 0.2300140252454418 0.002109704641350211 0.0
0.0007062146892655367 0.7397743300423132 0.2426367461430575 0.0028129395218002813 0.0
0.0 0.7404795486600847 0.2643758765778401 0.0014064697609001407 0.0
0.0 0.7425952045133991 0.2608695652173913 0.0014064697609001407 0.0
0.0007062146892655367 0.7524682651622003 0.2615708274894811 0.0 0.0
0.0 0.7665726375176305 0.2650771388499299 0.0014064697609001407 0.0
0.0007062146892655367 0.7489421720733427 0.2826086956521739 0.0 0.0
0.0007062146892655367 0.7362482369534555 0.2664796633941094 0.0 0.0
0.0 0.7447108603667137 0.2643758765778401 0.0007032348804500703 0.0
0.0007062146892655367 0.7538787023977433 0.3071528751753156 0.0007032348804500703 0.0
0.0 0.7193229901269393 0.2959326788218794 0.002109704641350211 0.0
0.0007062146892655367 0.7101551480959097 0.3064516129032258 0.0007032348804500703 0.0
0.0 0.7256699576868829 0.28541374474053294 0.0 0.0
0.0 0.7073342736248236 0.2917251051893408 0.0014064697609001407 0.0
0.0 0.7411847672778561 0.3429172510518934 0.0014064697609001407 0.0
0.0 0.7447108603667137 0.2798036465638149 0.0007032348804500703 0.0
0.0 0.7496473906911142 0.30504908835904626 0.0007032348804500703 0.0
0.0 0.7510578279266573 0.34011220196353437 0.0028129395218002813 0.0
0.0 0.7066290550070522 0.32959326788218796 0.0007032348804500703 0.0
0.0 0.728490832157969 0.3302945301542777 0.0007032348804500703 0.0
0.0007062146892655367 0.7461212976022568 0.3373071528751753 0.0007032348804500703 0.0
0.0 0.7165021156558533 0.35834502103786814 0.0014064697609001407 0.0
0.0007062146892655367 0.7263751763046545 0.34642356241234223 0.002109704641350211 0.0
0.0007062146892655367 0.6995768688293371 0.4326788218793829 0.0028129395218002813 0.0
0.0007062146892655367 0.6995768688293371 0.37798036465638146 0.0014064697609001407 0.0
0.0 0.6981664315937941 0.39971949509116406 0.0007032348804500703 0.0
0.0007062146892655367 0.7122708039492243 0.4165497896213184 0.0007032348804500703 0.0
0.0007062146892655367 0.7228490832157969 0.426367461430575 0.0014064697609001407 0.0
0.0 0.7207334273624824 0.5 0.0014064697609001407 0.0
0.0 0.6974612129760226 0.49018232819074337 0.0014064697609001407 0.0007122507122507122
0.0 0.729901269393512 0.4894810659186536 0.0007032348804500703 0.0
0.0 0.7249647390691114 0.5112201963534362 0.0007032348804500703 0.0
0.0 0.6988716502115656 0.5063113604488078 0.0014064697609001407 0.0
0.0 0.6805359661495063 0.4642356241234222 0.0 0.0
0.0 0.6967559943582511 0.5729312762973352 0.0007032348804500703 0.0007122507122507122
0.0 0.6918194640338505 0.608695652173913 0.0014064697609001407 0.0
0.0 0.7165021156558533 0.6507713884992988 0.0 0.0
0.0007062146892655367 0.7115655853314528 0.6528751753155679 0.0014064697609001407 0.0
0.0 0.6904090267983075 0.7258064516129032 0.002109704641350211 0.0
0.0 0.7108603667136812 0.7433380084151472 0.0007032348804500703 0.0
0.0007062146892655367 0.6981664315937941 0.7741935483870968 0.0014064697609001407 0.0
0.0007062146892655367 0.7411847672778561 0.8422159887798037 0.0014064697609001407 0.0
0.0007062146892655367 0.7228490832157969 0.8751753155680224 0.0 0.0
0.0 0.7087447108603667 0.8934081346423562 0.0007032348804500703 0.0
0.0 0.7136812411847673 0.9691444600280505 0.002109704641350211 0.0
0.0007062146892655367 0.7023977433004231 0.9481065918653576 0.0007032348804500703 0.0007122507122507122
0.0007062146892655367 0.7101551480959097 1.0582047685834501 0.002109704641350211 0.0
0.0 0.7256699576868829 1.0813464235624124 0.0 0.0
0.0 0.6678420310296191 1.1262272089761571 0.0007032348804500703 0.0
0.0 0.7165021156558533 1.1430575035063113 0.0007032348804500703 0.0
0.0014124293785310734 0.7277856135401974 1.1956521739130435 0.0007032348804500703 0.0
0.0 0.7411847672778561 1.2573632538569424 0.0007032348804500703 0.0
0.0 0.7348377997179125 1.2959326788218795 0.0007032348804500703 0.0
0.0007062146892655367 0.736953455571227 1.408835904628331 0.0007032348804500703 0.0
0.0 0.7623413258110013 1.3611500701262274 0.0007032348804500703 0.0
0.0 0.7143864598025388 1.4144460028050492 0.0007032348804500703 0.0
0.0 0.7320169252468265 1.4389901823281908 0.0014064697609001407 0.0
0.0007062146892655367 0.7524682651622003 1.523842917251052 0.0 0.0
0.0007062146892655367 0.7820874471086037 1.5645161290322582 0.0007032348804500703 0.0
0.0 0.7235543018335684 1.5343618513323984 0.0007032348804500703 0.0
0.0 0.7771509167842031 1.5294530154277701 0.002109704641350211 0.0
0.0 0.7545839210155147 1.5743338008415146 0.0 0.0
0.0 0.7686882933709449 1.5462833099579243 0.0028129395218002813 0.0
0.0007062146892655367 0.720028208744711 1.5287517531556802 0.0007032348804500703 0.0
0.0 0.7686882933709449 1.5785413744740533 0.0007032348804500703 0.0
0.00211864406779661 0.7418899858956276 1.5084151472650773 0.0007032348804500703 0.0
0.0007062146892655367 0.7503526093088857 1.5476858345021038 0.0014064697609001407 0.0007122507122507122
0.0007062146892655367 0.7447108603667137 1.6023842917251052 0.0007032348804500703 0.0
0.0 0.7228490832157969 1.5876577840112203 0.0014064697609001407 0.0
0.0014124293785310734 0.7172073342736248 1.5722300140252454 0.0 0.0
0.0 0.7736248236953456 1.568022440392707 0.0 0.0
0.0007062146892655367 0.7214386459802539 1.5518934081346423 0.0 0.0
0.0007062146892655367 0.729901269393512 1.661290322580645 0.0014064697609001407 0.0
0.0 0.7574047954866009 1.6444600280504909 0.0014064697609001407 0.0
0.0 0.727080394922426 1.6851332398316972 0.002109704641350211 0.0
0.0 0.7320169252468265 1.6444600280504909 0.0007032348804500703 0.0
0.0007062146892655367 0.7665726375176305 1.6521739130434783 0.0028129395218002813 0.0
0.0007062146892655367 0.7157968970380818 1.6577840112201963 0.0007032348804500703 0.0
0.0 0.7566995768688293 1.664796633941094 0.0014064697609001407 0.0
0.0007062146892655367 0.7609308885754584 1.679523141654979 0.0 0.0
0.0 0.7708039492242595 1.664796633941094 0.0007032348804500703 0.0
0.0007062146892655367 0.7997179125528914 1.658485273492286 0.002109704641350211 0.0
0.0 0.7510578279266573 1.7103786816269286 0.0007032348804500703 0.0
0.0 0.7249647390691114 1.7040673211781205 0.0028129395218002813 0.0007122507122507122
0.0007062146892655367 0.7418899858956276 1.7356241234221599 0.0 0.0
0.0 0.7609308885754584 1.717391304347826 0.0 0.0
0.0007062146892655367 0.771509167842031 1.7103786816269286 0.0014064697609001407 0.0007122507122507122
0.0014124293785310734 0.7665726375176305 1.682328190743338 0.0007032348804500703 0.0
0.0 0.7461212976022568 1.726507713884993 0.0007032348804500703 0.0007122507122507122
0.0007062146892655367 0.7877291960507757 1.7258064516129032 0.0 0.0
0.0 0.731311706629055 1.7194950911640954 0.0 0.0
0.0 0.7545839210155147 1.697054698457223 0.0007032348804500703 0.0
0.0007062146892655367 0.7207334273624824 1.720196353436185 0.002109704641350211 0.0
0.0 0.7665726375176305 1.6816269284712484 0.0 0.0
0.0007062146892655367 0.7559943582510578 1.64726507713885 0.0007032348804500703 0.0
0.0007062146892655367 0.7693935119887164 1.7103786816269286 0.0 0.0
0.0 0.7595204513399154 1.7131837307152875 0.0007032348804500703 0.0
0.0007062146892655367 0.7538787023977433 1.720196353436185 0.0007032348804500703 0.0
