0.005649717514124294 0.1311706629055007 0.05329593267882188 0.0 0.0
0.0014124293785310734 0.1607898448519041 0.05750350631136045 0.0 0.0
0.0014124293785310734 0.14245416078984485 0.0546984572230014 0.0 0.0
0.00423728813559322 0.1311706629055007 0.0546984572230014 0.0 0.0
0.0014124293785310734 0.155148095909732 0.047685834502103785 0.0 0.0
0.0 0.1156558533145275 0.06030855539971949 0.0 0.0
0.0 0.1396332863187588 0.05890603085553997 0.0 0.0
0.0 0.18758815232722142 0.07713884992987377 0.0014064697609001407 0.0
0.002824858757062147 0.15655853314527501 0.04908835904628331 0.0 0.0
0.002824858757062147 0.1706629055007052 0.05890603085553997 0.0 0.0
0.002824858757062147 0.15655853314527501 0.07012622720897616 0.0014064697609001407 0.0
0.0014124293785310734 0.17489421720733428 0.0546984572230014 0.0 0.0
0.0 0.1833568406205924 0.06872370266479665 0.0 0.0
0.00423728813559322 0.1833568406205924 0.05750350631136045 0.0 0.0
0.0014124293785310734 0.16502115655853314 0.05750350631136045 0.0014064697609001407 0.0
0.0 0.18053596614950634 0.061711079943899017 0.0 0.0
0.002824858757062147 0.155148095909732 0.061711079943899017 0.0 0.0
0.0 0.19887165021156558 0.06030855539971949 0.0 0.0
0.0014124293785310734 0.20733427362482368 0.06732117812061711 0.0 0.0
0.0 0.21861777150916784 0.04488078541374474 0.0 0.0
0.0 0.15091678420310298 0.06872370266479665 0.0 0.0
0.002824858757062147 0.18617771509167844 0.07713884992987377 0.0 0.0
0.002824858757062147 0.20874471086036672 0.08274894810659186 0.0 0.0
0.0 0.25952045133991536 0.09396914446002805 0.0 0.0
0.0 0.229901269393512 0.06872370266479665 0.0 0.0
0.0014124293785310734 0.2157968970380818 0.056100981767180924 0.0 0.0
0.0 0.2482369534555712 0.05890603085553997 0.0014064697609001407 0.0
0.0 0.2242595204513399 0.0785413744740533 0.0014064697609001407 0.0
0.0 0.22143864598025387 0.061711079943899017 0.0 0.0
0.0 0.22284908321579688 0.07012622720897616 0.0 0.0
0.0 0.24541607898448517 0.06872370266479665 0.0 0.0
0.002824858757062147 0.19887165021156558 0.09537166900420757 0.0 0.0
0.0 0.21297602256699577 0.061711079943899017 0.0 0.0
0.0014124293785310734 0.2750352609308886 0.06591865357643759 0.0014064697609001407 0.0
0.002824858757062147 0.2834978843441467 0.09817671809256662 0.0 0.0
0.00423728813559322 0.310296191819464 0.06451612903225806 0.0 0.0
0.0 0.32581100141043723 0.07433380084151472 0.0 0.0
0.002824858757062147 0.31311706629055003 0.06030855539971949 0.0 0.0
0.002824858757062147 0.32863187588152326 0.061711079943899017 0.0 0.0
0.0 0.3427362482369535 0.07152875175315568 0.0 0.0
0.0 0.32299012693935125 0.05329593267882188 0.0 0.0
0.00423728813559322 0.3455571227080395 0.06311360448807855 0.0 0.0
0.0014124293785310734 0.39774330042313116 0.06451612903225806 0.0 0.0
0.0 0.35684062059238364 0.08835904628330996 0.0 0.0
0.0 0.382228490832158 0.08555399719495091 0.0014064697609001407 0.0
0.0 0.4541607898448519 0.091164095371669 0.005625879043600563 0.0
0.0 0.46544428772919605 0.07152875175315568 0.0 0.0
0.0 0.38787023977433005 0.08976157082748948 0.0 0.0
0.00423728813559322 0.4287729196050776 0.09537166900420757 0.0028129395218002813 0.0
0.0 0.4301833568406206 0.11079943899018234 0.0 0.0
0.0014124293785310734 0.45698166431593795 0.08695652173913045 0.0 0.0
0.0 0.5289139633286319 0.12201963534361851 0.0014064697609001407 0.0
0.0014124293785310734 0.5162200282087448 0.10238429172510519 0.0 0.0
0.002824858757062147 0.5571227080394923 0.0967741935483871 0.0 0.0
0.0 0.5148095909732017 0.10799438990182328 0.0 0.0
0.0 0.5119887165021156 0.08695652173913045 0.0 0.0
0.0014124293785310734 0.620592383638928 0.09957924263674615 0.0 0.0
0.0 0.6403385049365303 0.06872370266479665 0.0014064697609001407 0.0
0.0 0.5430183356840621 0.1093969144460028 0.0 0.0
0.002824858757062147 0.6290550070521862 0.0967741935483871 0.0 0.0
0.0 0.619181946403385 0.10098176718092566 0.0 0.0
0.0 0.6798307475317349 0.12342215988779803 0.0014064697609001407 0.0
0.0014124293785310734 0.7080394922425952 0.10378681626928471 0.0 0.0
0.0 0.6727785613540198 0.091164095371669 0.0 0.0
0.002824858757062147 0.7433004231311706 0.10238429172510519 0.0014064697609001407 0.0
0.0014124293785310734 0.7856135401974612 0.11781206171107994 0.0 0.0
0.0 0.8039492242595204 0.11781206171107994 0.0014064697609001407 0.0
0.002824858757062147 0.8251057827926658 0.11781206171107994 0.0 0.0
0.0 0.8279266572637518 0.0967741935483871 0.0 0.0
0.0 0.8194640338504937 0.12342215988779803 0.0014064697609001407 0.0
0.0 0.9055007052186178 0.1332398316970547 0.0028129395218002813 0.0
0.0 0.9605077574047954 0.16549789621318373 0.0 0.0
0.0 0.9689703808180536 0.15427769985974754 0.0014064697609001407 0.0
0.0 1.001410437235543 0.15287517531556802 0.0 0.0
0.002824858757062147 1.0507757404795486 0.15988779803646563 0.0014064697609001407 0.0
0.0014124293785310734 0.9605077574047954 0.1458625525946704 0.0 0.0
0.0 1.078984485190409 0.15427769985974754 0.0 0.0
0.0014124293785310734 1.0 0.1374474053295933 0.0 0.0
0.002824858757062147 1.1720733427362482 0.13043478260869565 0.0 0.0
0.0014124293785310734 1.1156558533145275 0.16549789621318373 0.0 0.0
0.0 1.1156558533145275 0.15007012622720897 0.0014064697609001407 0.0
0.0 1.1734837799717912 0.15287517531556802 0.0 0.0
0.0014124293785310734 1.152327221438646 0.16549789621318373 0.0 0.0
0.0014124293785310734 1.2834978843441467 0.1739130434782609 0.0 0.0
0.0014124293785310734 1.2665726375176303 0.1879382889200561 0.0014064697609001407 0.0
0.0 1.2806770098730607 0.17952314165497896 0.0014064697609001407 0.0
0.0 1.3568406205923838 0.17952314165497896 0.0014064697609001407 0.0
0.0 1.2722143864598026 0.16830294530154277 0.0 0.0
0.002824858757062147 1.4273624823695346 0.18513323983169708 0.0 0.0
0.002824858757062147 1.458392101551481 0.20336605890603088 0.0 0.0014245014245014244
0.0014124293785310734 1.5007052186177714 0.2131837307152875 0.0028129395218002813 0.0
0.002824858757062147 1.4344146685472496 0.1935483870967742 0.0 0.0
0.002824858757062147 1.456981664315938 0.18934081346423562 0.0028129395218002813 0.0
0.0 1.5204513399153738 0.18373071528751753 0.0014064697609001407 0.0
0.0014124293785310734 1.4809590973201694 0.17110799438990182 0.0028129395218002813 0.0
0.0014124293785310734 1.6262341325811003 0.2187938288920056 0.0014064697609001407 0.0
0.0014124293785310734 1.5754583921015515 0.20336605890603088 0.0014064697609001407 0.0
0.002824858757062147 1.533145275035261 0.1739130434782609 0.0 0.0014245014245014244
0.002824858757062147 1.6530324400564176 0.22300140252454417 0.0 0.0
0.0014124293785310734 1.7052186177715092 0.20336605890603088 0.0 0.0
0.0014124293785310734 1.7122708039492243 0.211781206171108 0.0 0.0
0.0 0.14809590973201692 0.0 0.0 0.0
0.0 0.1607898448519041 0.001402524544179523 0.0 0.0
0.0 0.12976022566995768 0.0070126227208976155 0.0 0.0
0.0 0.13540197461212977 0.0 0.0 0.0
0.0 1.837799717912553 0.2370266479663394 0.0028129395218002813 0.0
0.0014124293785310734 0.155148095909732 0.002805049088359046 0.0 0.0
0.0 0.14245416078984485 0.0 0.0 0.0
0.0 0.11847672778561354 0.001402524544179523 0.0 0.0
0.0 0.12693935119887165 0.002805049088359046 0.0 0.0014245014245014244
0.0 1.4456981664315938 0.32117812061711076 0.0 0.0
0.0 0.12129760225669958 0.001402524544179523 0.0 0.0
0.0 0.13540197461212977 0.001402524544179523 0.0 0.0
0.0 0.11283497884344147 0.0 0.0 0.0
0.0 0.16643159379407618 0.001402524544179523 0.0 0.0
0.002824858757062147 1.7926657263751764 0.21598877980364656 0.0 0.0
0.0 0.11988716502115655 0.002805049088359046 0.0 0.0
0.0014124293785310734 0.1396332863187588 0.0 0.0 0.0
0.0 0.1607898448519041 0.0 0.0 0.0014245014245014244
0.0 0.18899858956276444 0.0 0.0 0.0
0.0 1.4344146685472496 0.3758765778401122 0.0 0.0
0.0 0.155148095909732 0.002805049088359046 0.0 0.0
0.0 0.1396332863187588 0.001402524544179523 0.0 0.0
0.0 0.1368124118476728 0.001402524544179523 0.0 0.0
0.0 0.13822284908321578 0.0 0.0 0.0
0.0 0.09873060648801128 0.001402524544179523 0.0 0.0
0.0 0.12976022566995768 0.0 0.0 0.0
0.0 0.1396332863187588 0.0070126227208976155 0.0 0.0
0.0 0.14245416078984485 0.001402524544179523 0.0 0.0
0.0 0.1311706629055007 0.0070126227208976155 0.0 0.0
0.0 0.152327221438646 0.001402524544179523 0.0 0.0
0.0014124293785310734 1.473906911142454 0.37026647966339415 0.0028129395218002813 0.0
0.0 1.473906911142454 0.34642356241234223 0.0028129395218002813 0.0
0.0 1.4273624823695346 0.3478260869565218 0.005625879043600563 0.0
0.0 1.4414668547249647 0.3814866760168303 0.0014064697609001407 0.0
0.0 1.440056417489422 0.3842917251051894 0.0028129395218002813 0.0
0.0 1.464033850493653 0.3548387096774194 0.0 0.0
0.0 1.4837799717912552 0.3478260869565218 0.0014064697609001407 0.0
0.0 1.4513399153737658 0.36605890603085556 0.0 0.0
0.0 1.4273624823695346 0.3534361851332398 0.0 0.0
0.0 1.4414668547249647 0.3380084151472651 0.0014064697609001407 0.0
0.0014124293785310734 1.4654442877291962 0.39270687237026647 0.0 0.0
0.0 1.3906911142454161 0.364656381486676 0.0014064697609001407 0.0
0.0014124293785310734 1.372355430183357 0.3436185133239832 0.0014064697609001407 0.0
0.0 1.4076163610719323 0.34081346423562414 0.0 0.0
0.0 1.3751763046544427 0.3253856942496494 0.0014064697609001407 0.0
0.0 1.440056417489422 0.36605890603085556 0.0028129395218002813 0.0
0.0 1.4273624823695346 0.28751753155680226 0.0014064697609001407 0.0
0.0 1.4471086036671368 0.30575035063113604 0.0 0.0
0.0 1.4499294781382228 0.3394109396914446 0.004219409282700422 0.0
0.0 1.3667136812411849 0.3394109396914446 0.0 0.0
0.0 1.3991537376586742 0.30014025245441794 0.0 0.0
0.0014124293785310734 1.4315937940761636 0.3113604488078542 0.0014064697609001407 0.0
0.0 1.372355430183357 0.3548387096774194 0.0014064697609001407 0.0
0.0 1.389280677009873 0.28471248246844316 0.0014064697609001407 0.0
0.0014124293785310734 1.3399153737658673 0.364656381486676 0.0028129395218002813 0.0
0.0 1.3413258110014106 0.30995792426367463 0.0014064697609001407 0.0
0.0 1.3427362482369536 0.30995792426367463 0.0 0.0
0.0 1.3540197461212977 0.302945301542777 0.0 0.0
0.0014124293785310734 1.3568406205923838 0.2917251051893408 0.0014064697609001407 0.0
0.0 1.3765867418899858 0.33660589060308554 0.0014064697609001407 0.0
0.0 1.3229901269393511 0.3141654978962132 0.0028129395218002813 0.0
0.0 1.3878702397743299 0.2805049088359046 0.0 0.0
0.0 1.372355430183357 0.32117812061711076 0.0014064697609001407 0.0
0.0 1.314527503526093 0.28190743338008417 0.0014064697609001407 0.0
0.0 1.2820874471086037 0.23422159887798036 0.0 0.0
0.0 1.31311706629055 0.2805049088359046 0.0 0.0014245014245014244
0.0 1.2891396332863188 0.2720897615708275 0.0014064697609001407 0.0
0.0 1.3356840620592383 0.28751753155680226 0.0 0.0
0.0014124293785310734 1.320169252468265 0.270687237026648 0.0014064697609001407 0.0
0.0 1.2679830747531735 0.28330995792426367 0.0014064697609001407 0.0
0.0 1.2891396332863188 0.28330995792426367 0.0 0.0
0.0 1.2750352609308886 0.2791023842917251 0.0028129395218002813 0.0
0.0014124293785310734 1.3272214386459802 0.2776998597475456 0.0028129395218002813 0.0
0.0 1.291960507757405 0.23281907433380084 0.0 0.0
0.0 1.2679830747531735 0.25105189340813466 0.0014064697609001407 0.0
0.0 1.2708039492242595 0.26367461430575034 0.0028129395218002813 0.0
0.0014124293785310734 1.232722143864598 0.22720897615708274 0.0014064697609001407 0.0
0.0014124293785310734 1.2595204513399154 0.2286115007012623 0.0 0.0
0.0 1.2693935119887165 0.23842917251051893 0.0 0.0
0.0 1.1734837799717912 0.20336605890603088 0.0 0.0
0.0 1.2595204513399154 0.22300140252454417 0.0014064697609001407 0.0
0.0014124293785310734 1.2468265162200283 0.2244039270687237 0.0014064697609001407 0.0
0.0 1.2806770098730607 0.2187938288920056 0.0 0.0
0.0 1.2595204513399154 0.2187938288920056 0.0014064697609001407 0.0
0.0014124293785310734 1.231311706629055 0.2286115007012623 0.0 0.0
0.0 1.2806770098730607 0.1697054698457223 0.0014064697609001407 0.0
0.0 1.2031029619181945 0.2061711079943899 0.0014064697609001407 0.0
0.0 1.220028208744711 0.1949509116409537 0.0014064697609001407 0.0
0.0014124293785310734 1.2538787023977431 0.1921458625525947 0.0 0.0
0.0014124293785310734 1.310296191819464 0.211781206171108 0.0 0.0
0.0 1.2115655853314526 0.2187938288920056 0.0 0.0
0.0 1.3046544428772922 0.211781206171108 0.0014064697609001407 0.0
0.0 1.2482369534555713 0.20897615708274894 0.0 0.0
0.0 1.2566995768688294 0.22720897615708274 0.0014064697609001407 0.0
0.0 1.2031029619181945 0.19775596072931276 0.0014064697609001407 0.0
0.0 1.2595204513399154 0.22720897615708274 0.0 0.0
0.00423728813559322 1.2172073342736247 0.19775596072931276 0.0014064697609001407 0.0
0.0014124293785310734 1.2538787023977431 0.18934081346423562 0.0014064697609001407 0.0
0.0014124293785310734 1.2454160789844853 0.20336605890603088 0.0014064697609001407 0.0
0.0 1.1918194640338504 0.1949509116409537 0.0014064697609001407 0.0
0.0 1.1889985895627644 0.17952314165497896 0.0 0.0
0.0 1.2834978843441467 0.182328190743338 0.0 0.0
0.0014124293785310734 1.1861777150916784 0.17110799438990182 0.0 0.0
0.0014124293785310734 1.1861777150916784 0.18934081346423562 0.0028129395218002813 0.0
0.0 1.2143864598025387 0.17110799438990182 0.0014064697609001407 0.0
0.0 1.1904090267983074 0.1921458625525947 0.0028129395218002813 0.0
0.0 1.2031029619181945 0.17952314165497896 0.0 0.0
0.0014124293785310734 1.2454160789844853 0.17812061711079943 0.004219409282700422 0.0
0.0014124293785310734 1.1734837799717912 0.18934081346423562 0.0014064697609001407 0.0
0.0 1.2355430183356841 0.19074333800841514 0.0014064697609001407 0.0
0.0014124293785310734 1.2510578279266573 0.2103786816269285 0.0 0.0
0.0 1.2369534555712272 0.1991584852734923 0.0 0.0
0.0 1.3173483779971793 0.19775596072931276 0.0014064697609001407 0.0
0.0 1.218617771509168 0.19775596072931276 0.0014064697609001407 0.0
0.0 1.1734837799717912 0.2061711079943899 0.0 0.0014245014245014244
0.0014124293785310734 1.1946403385049367 0.19775596072931276 0.0 0.0
0.0 1.2256699576868828 0.20336605890603088 0.0 0.0
0.0014124293785310734 1.2482369534555713 0.19775596072931276 0.0028129395218002813 0.0
0.0014124293785310734 1.2750352609308886 0.16690042075736325 0.0 0.0
0.0 1.2073342736248238 0.20476858345021037 0.0 0.0
0.0014124293785310734 1.2552891396332864 0.20897615708274894 0.0 0.0
0.0 1.1833568406205925 0.18373071528751753 0.0 0.0
0.0 1.2115655853314526 0.19074333800841514 0.0 0.0
0.0014124293785310734 1.162200282087447 0.17952314165497896 0.0028129395218002813 0.0
0.0 1.22425952045134 0.1753155680224404 0.0 0.0
0.0014124293785310734 1.2172073342736247 0.1640953716690042 0.0014064697609001407 0.0
0.0 1.232722143864598 0.1921458625525947 0.0 0.0
0.0 1.222849083215797 0.17952314165497896 0.0014064697609001407 0.0
0.0014124293785310734 1.231311706629055 0.1991584852734923 0.0014064697609001407 0.0
