0.002824858757062147 0.14245416078984485 0.05890603085553997 0.0 0.0
0.0014124293785310734 0.12976022566995768 0.06732117812061711 0.0 0.0
0.0014124293785310734 0.12693935119887165 0.07152875175315568 0.0 0.0
0.0 0.10578279266572638 0.05750350631136045 0.0014064697609001407 0.0
0.002824858757062147 0.155148095909732 0.06872370266479665 0.0 0.0
0.0014124293785310734 0.13540197461212977 0.047685834502103785 0.0014064697609001407 0.0
0.0014124293785310734 0.1622002820874471 0.051893408134642355 0.0 0.0014245014245014244
0.002824858757062147 0.17348377997179124 0.047685834502103785 0.0 0.0
0.0 0.1396332863187588 0.05329593267882188 0.0014064697609001407 0.0
0.0 0.11988716502115655 0.05049088359046283 0.0 0.0
0.0 0.15655853314527501 0.06732117812061711 0.0 0.0
0.0 0.11142454160789844 0.056100981767180924 0.0 0.0
0.0 0.12693935119887165 0.06872370266479665 0.0 0.0
0.002824858757062147 0.14527503526093088 0.07433380084151472 0.0 0.0
0.0 0.11283497884344147 0.056100981767180924 0.0014064697609001407 0.0
0.0 0.1466854724964739 0.0546984572230014 0.0 0.0
0.0 0.18194640338504936 0.051893408134642355 0.0 0.0
0.0 0.14104372355430184 0.06732117812061711 0.0014064697609001407 0.0
0.0 0.153737658674189 0.06591865357643759 0.0 0.0
0.0 0.13258110014104374 0.06311360448807855 0.0014064697609001407 0.0
0.0014124293785310734 0.13258110014104374 0.06311360448807855 0.0 0.0
0.0014124293785310734 0.11706629055007053 0.04347826086956522 0.0 0.0
0.0014124293785310734 0.11706629055007053 0.06311360448807855 0.0 0.0
0.0014124293785310734 0.19887165021156558 0.04908835904628331 0.0 0.0
0.0014124293785310734 0.1763046544428773 0.04207573632538569 0.0 0.0
0.0014124293785310734 0.13258110014104374 0.07573632538569425 0.0 0.0
0.0 0.1466854724964739 0.08134642356241235 0.0014064697609001407 0.0
0.002824858757062147 0.1311706629055007 0.04207573632538569 0.0 0.0
0.0 0.10296191819464033 0.05890603085553997 0.0 0.0
0.0 0.11424541607898449 0.056100981767180924 0.0014064697609001407 0.0
0.0014124293785310734 0.14104372355430184 0.05049088359046283 0.0028129395218002813 0.0
0.0 0.10578279266572638 0.06311360448807855 0.0 0.0
0.0 0.12270803949224258 0.06311360448807855 0.0 0.0
0.0 0.13822284908321578 0.061711079943899017 0.0014064697609001407 0.0
0.0 0.12693935119887165 0.06872370266479665 0.0028129395218002813 0.0
0.0014124293785310734 0.16361071932299012 0.05049088359046283 0.0 0.0
0.0 0.11283497884344147 0.04908835904628331 0.0 0.0
0.0 0.11142454160789844 0.05329593267882188 0.0 0.0
0.0 0.13399153737658676 0.05049088359046283 0.0014064697609001407 0.0
0.0 0.13822284908321578 0.08134642356241235 0.0 0.0
0.0014124293785310734 0.11988716502115655 0.05049088359046283 0.0 0.0
0.0 0.11988716502115655 0.05329593267882188 0.0 0.0
0.0014124293785310734 0.14527503526093088 0.056100981767180924 0.0014064697609001407 0.0
0.0 0.14386459802538787 0.04908835904628331 0.0014064697609001407 0.0014245014245014244
0.0014124293785310734 0.12693935119887165 0.04347826086956522 0.0 0.0
0.002824858757062147 0.13540197461212977 0.04207573632538569 0.0014064697609001407 0.0
0.0 0.152327221438646 0.04488078541374474 0.0 0.0
0.0 0.12270803949224258 0.04067321178120618 0.0 0.0
0.0014124293785310734 0.09732016925246827 0.06030855539971949 0.0 0.0
0.0014124293785310734 0.1368124118476728 0.07573632538569425 0.0 0.0
0.0 0.11283497884344147 0.061711079943899017 0.0 0.0
0.0014124293785310734 0.1763046544428773 0.0546984572230014 0.0 0.0
0.0014124293785310734 0.10296191819464033 0.06591865357643759 0.0 0.0
0.0 0.1241184767277856 0.05750350631136045 0.0 0.0
0.0 0.11283497884344147 0.047685834502103785 0.0 0.0
0.0 0.09026798307475317 0.04628330995792427 0.0 0.0
0.0014124293785310734 0.12834978843441466 0.04207573632538569 0.0 0.0
0.0 0.1368124118476728 0.07713884992987377 0.0 0.0
0.0014124293785310734 0.1071932299012694 0.05890603085553997 0.0 0.0
0.0 0.11283497884344147 0.037868162692847124 0.0 0.0
0.0014124293785310734 0.09590973201692525 0.07152875175315568 0.0014064697609001407 0.0
0.002824858757062147 0.12270803949224258 0.06030855539971949 0.0 0.0
0.0 0.14104372355430184 0.06311360448807855 0.0014064697609001407 0.0
0.0 0.0916784203102962 0.051893408134642355 0.0014064697609001407 0.0
0.0014124293785310734 0.1311706629055007 0.07433380084151472 0.0 0.0
0.0 0.15091678420310298 0.05890603085553997 0.0 0.0
0.0014124293785310734 0.11706629055007053 0.05750350631136045 0.0 0.0
0.0 0.11988716502115655 0.06311360448807855 0.0 0.0
0.0014124293785310734 0.1071932299012694 0.037868162692847124 0.0 0.0014245014245014244
0.0 0.12834978843441466 0.04908835904628331 0.0 0.0
0.0 0.11001410437235543 0.051893408134642355 0.0 0.0
0.0014124293785310734 0.10578279266572638 0.06872370266479665 0.0028129395218002813 0.0
0.0014124293785310734 0.10860366713681242 0.04908835904628331 0.0014064697609001407 0.0
0.0 0.1241184767277856 0.051893408134642355 0.0 0.0
0.0 0.13399153737658676 0.04628330995792427 0.0014064697609001407 0.0
0.0 0.12834978843441466 0.056100981767180924 0.0 0.0
0.0 0.09732016925246827 0.04908835904628331 0.0 0.0
0.002824858757062147 0.10437235543018336 0.04347826086956522 0.0 0.0
0.002824858757062147 0.1311706629055007 0.04347826086956522 0.0014064697609001407 0.0
0.0 0.10296191819464033 0.0546984572230014 0.0 0.0
0.0 0.09873060648801128 0.06030855539971949 0.0 0.0
0.0 0.1071932299012694 0.04628330995792427 0.0 0.0
0.0014124293785310734 0.08885754583921016 0.051893408134642355 0.0 0.0
0.0 0.13258110014104374 0.05890603085553997 0.0 0.0
0.0014124293785310734 0.11001410437235543 0.06451612903225806 0.0 0.0
0.002824858757062147 0.10578279266572638 0.06872370266479665 0.0 0.0
0.002824858757062147 0.08462623413258111 0.05329593267882188 0.0 0.0
0.0 0.09590973201692525 0.03927068723702665 0.0 0.0
0.0 0.09590973201692525 0.04908835904628331 0.0014064697609001407 0.0
0.0 0.09026798307475317 0.06872370266479665 0.0 0.0
0.002824858757062147 0.1607898448519041 0.05890603085553997 0.0014064697609001407 0.0
0.0 0.077574047954866 0.04908835904628331 0.0 0.0
0.0 0.1071932299012694 0.06591865357643759 0.0 0.0
0.0 0.0916784203102962 0.03506311360448808 0.0 0.0
0.0014124293785310734 0.10860366713681242 0.05049088359046283 0.0 0.0
0.0 0.12693935119887165 0.07713884992987377 0.0 0.0
0.0 0.08603667136812411 0.05750350631136045 0.0 0.0
0.0 0.09026798307475317 0.05329593267882188 0.0014064697609001407 0.0
0.0 0.1156558533145275 0.05750350631136045 0.0 0.0
0.0 0.08321579689703809 0.04067321178120618 0.0 0.0
0.0 0.09026798307475317 0.030855539971949508 0.0014064697609001407 0.0
0.0 0.0 0.0 0.0 0.0
0.0 0.0 0.0 0.0 0.0
0.0 0.0 0.0 0.0 0.0
0.0 0.0 0.0 0.0 0.0
0.0014124293785310734 0.08885754583921016 0.05890603085553997 0.0 0.0
0.0 0.0 0.0 0.0 0.0
0.0 0.0 0.0 0.0 0.0
0.0 0.0 0.0 0.0 0.0
0.0 0.0 0.0 0.0 0.0
0.0014124293785310734 0.023977433004231313 0.11079943899018234 0.0014064697609001407 0.0
0.0 0.0 0.0 0.0 0.0
0.0 0.0 0.0 0.0 0.0
0.0 0.0 0.0 0.0 0.0
0.0 0.0 0.0 0.0014064697609001407 0.0
0.0 0.0916784203102962 0.03225806451612903 0.0 0.0
0.0 0.0 0.0 0.0 0.0
0.0 0.0 0.0 0.0 0.0
0.0 0.0 0.0 0.0 0.0
0.0 0.0 0.0 0.0 0.0
0.0 0.0310296191819464 0.1570827489481066 0.0014064697609001407 0.0
0.0 0.0 0.0 0.0014064697609001407 0.0
0.0 0.0 0.0 0.0 0.0
0.0014124293785310734 0.0 0.0 0.0 0.0
0.0 0.0 0.0 0.0 0.0
0.0014124293785310734 0.0 0.0 0.0 0.0
0.0 0.0 0.0 0.0 0.0
0.0 0.0 0.0 0.0 0.0
0.0 0.0 0.0 0.0 0.0
0.0 0.0 0.0 0.0 0.0
0.0 0.0 0.0 0.0 0.0
0.0 0.04654442877291961 0.1458625525946704 0.0 0.0
0.0 0.045133991537376586 0.11360448807854137 0.0014064697609001407 0.0
0.0014124293785310734 0.05218617771509168 0.1374474053295933 0.0 0.0
0.0 0.039492242595204514 0.14726507713884993 0.0014064697609001407 0.0
0.0 0.045133991537376586 0.1374474053295933 0.0 0.0
0.0014124293785310734 0.04090267983074753 0.16830294530154277 0.0 0.0
0.0 0.04936530324400564 0.182328190743338 0.0014064697609001407 0.0
0.0014124293785310734 0.04654442877291961 0.1991584852734923 0.0 0.0
0.0014124293785310734 0.045133991537376586 0.17952314165497896 0.0 0.0
0.0 0.047954866008462625 0.19074333800841514 0.0 0.0
0.0 0.042313117066290554 0.22159887798036468 0.0014064697609001407 0.0
0.0 0.047954866008462625 0.22720897615708274 0.0028129395218002813 0.0
0.0 0.047954866008462625 0.26928471248246844 0.0 0.0
0.0 0.04372355430183357 0.2300140252454418 0.0 0.0
0.0 0.039492242595204514 0.25806451612903225 0.0014064697609001407 0.0
0.0 0.042313117066290554 0.31977559607293127 0.0 0.0
0.0 0.0620592383638928 0.2720897615708275 0.0 0.0
0.0 0.05218617771509168 0.3043478260869565 0.0014064697609001407 0.0
0.0 0.05218617771509168 0.34081346423562414 0.0014064697609001407 0.0
0.0 0.04654442877291961 0.31977559607293127 0.0014064697609001407 0.0
0.0 0.05782792665726375 0.36044880785413747 0.0014064697609001407 0.0
0.0 0.06064880112834979 0.36325385694249646 0.0 0.0
0.0 0.06064880112834979 0.361851332398317 0.0014064697609001407 0.0
0.0014124293785310734 0.06346967559943582 0.4081346423562412 0.0028129395218002813 0.0
0.0 0.05923836389280677 0.5007012622720898 0.0028129395218002813 0.0
0.0014124293785310734 0.05782792665726375 0.44600280504908835 0.0014064697609001407 0.0
0.0 0.0535966149506347 0.4894810659186536 0.0014064697609001407 0.0
0.0014124293785310734 0.07052186177715092 0.5301542776998598 0.0014064697609001407 0.0
0.0 0.08885754583921016 0.5610098176718092 0.0014064697609001407 0.0
0.0 0.06488011283497884 0.6633941093969145 0.0014064697609001407 0.0
0.0 0.07193229901269393 0.6661991584852736 0.0 0.0014245014245014244
0.0 0.07193229901269393 0.6984572230014024 0.0014064697609001407 0.0
0.0 0.077574047954866 0.7012622720897616 0.0 0.0
0.0 0.08321579689703809 0.7307152875175316 0.0014064697609001407 0.0
0.0 0.07898448519040903 0.694249649368864 0.0 0.0
0.0 0.08039492242595205 0.8653576437587658 0.0014064697609001407 0.0
0.0 0.09449929478138222 0.9453015427769986 0.0014064697609001407 0.0
0.0 0.09732016925246827 1.014025245441795 0.0 0.0
0.0 0.10296191819464033 1.035063113604488 0.0014064697609001407 0.0
0.0 0.11283497884344147 1.1683029453015428 0.0028129395218002813 0.0
0.0 0.13258110014104374 1.2033660589060309 0.0014064697609001407 0.0
0.0014124293785310734 0.12129760225669958 1.2692847124824684 0.0 0.0
0.0 0.155148095909732 1.4067321178120618 0.0 0.0
0.0014124293785310734 0.153737658674189 1.517531556802244 0.0 0.0
0.0 0.14950634696755996 1.535764375876578 0.0 0.0
0.0 0.15655853314527501 1.6746143057503506 0.0014064697609001407 0.0
0.0 0.17207334273624822 1.6690042075736324 0.0 0.0014245014245014244
0.0 0.1607898448519041 1.8877980364656382 0.004219409282700422 0.0
0.0 0.18194640338504936 1.9242636746143056 0.0 0.0
0.0 0.1622002820874471 2.049088359046283 0.0014064697609001407 0.0
0.0 0.17348377997179124 2.0631136044880787 0.0 0.0
0.0014124293785310734 0.20874471086036672 2.166900420757363 0.0 0.0
0.0 0.20169252468265164 2.2959326788218792 0.0014064697609001407 0.0
0.0 0.21015514809590974 2.3730715287517534 0.0 0.0
0.0 0.24259520451339917 2.5890603085554 0.0014064697609001407 0.0
0.0 0.24400564174894218 2.552594670406732 0.0 0.0
0.0 0.22566995768688294 2.622720897615708 0.0 0.0
0.0 0.24400564174894218 2.6830294530154277 0.0014064697609001407 0.0
0.0 0.25105782792665726 2.855539971949509 0.0 0.0
0.0 0.2538787023977433 2.917251051893408 0.0014064697609001407 0.0
0.0 0.23554301833568406 2.849929873772791 0.0014064697609001407 0.0
0.0 0.24964739069111425 2.847124824684432 0.0028129395218002813 0.0
0.0 0.2609308885754584 2.9396914446002804 0.0 0.0
0.0 0.28067700987306066 2.865357643758766 0.004219409282700422 0.0
0.0014124293785310734 0.23695345557122707 2.8597475455820476 0.0 0.0
0.0 0.2778561354019746 2.929873772791024 0.0014064697609001407 0.0
0.0 0.26657263751763044 2.8190743338008417 0.0 0.0
0.0 0.2468265162200282 2.9060308555399716 0.0014064697609001407 0.0014245014245014244
0.0 0.24400564174894218 3.0014025245441798 0.0 0.0
0.0 0.2538787023977433 2.9803646563814867 0.0014064697609001407 0.0
0.002824858757062147 0.24541607898448517 2.964936886395512 0.0 0.0
0.0 0.2637517630465444 2.953716690042076 0.0 0.0
0.0 0.2566995768688293 2.932678821879383 0.0 0.0
0.0 0.2736248236953456 3.133239831697055 0.0 0.0
0.0 0.3004231311706629 3.11781206171108 0.0014064697609001407 0.0
0.0 0.2637517630465444 3.1781206171107996 0.0014064697609001407 0.0
0.0 0.2609308885754584 3.1093969144460027 0.0014064697609001407 0.0
0.0 0.28772919605077574 3.1262272089761574 0.0014064697609001407 0.0
0.0 0.2581100141043724 3.1262272089761574 0.0 0.0
0.0 0.2778561354019746 3.1388499298737726 0.0014064697609001407 0.0
0.0 0.27080394922425954 3.1486676016830293 0.0 0.0
0.0 0.304654442877292 3.130434782608696 0.0014064697609001407 0.0
0.0014124293785310734 0.2820874471086037 3.1192145862552594 0.0028129395218002813 0.0
0.0 0.2834978843441467 3.2230014025245444 0.0 0.0
0.0 0.27644569816643155 3.2019635343618513 0.005625879043600563 0.0
0.0 0.2891396332863188 3.273492286115007 0.0 0.0
0.0 0.29619181946403383 3.2314165497896212 0.0 0.0
0.0 0.2947813822284908 3.2230014025245444 0.0 0.0014245014245014244
0.0014124293785310734 0.2581100141043724 3.1977559607293125 0.0014064697609001407 0.0
0.0 0.2849083215796897 3.248246844319776 0.0014064697609001407 0.0014245014245014244
0.0 0.32016925246826516 3.2426367461430576 0.0 0.0
0.0 0.2792665726375176 3.2552594670406734 0.0 0.0
0.0 0.29760225669957685 3.2033660589060307 0.0014064697609001407 0.0
0.0 0.2792665726375176 3.260869565217391 0.0014064697609001407 0.0
0.0 0.30888575458392104 3.1879382889200563 0.0 0.0
0.0 0.2947813822284908 3.130434782608696 0.0 0.0
0.0014124293785310734 0.306064880112835 3.228611500701262 0.0 0.0
0.0 0.29619181946403383 3.246844319775596 0.0 0.0
0.0 0.27644569816643155 3.2412342215988783 0.0 0.0
