9.714285714285714 19.862068965517242 17.57142857142857 9.799999999999999 9.615384615384617
10.0 19.620689655172413 16.82142857142857 9.440000000000001 8.692307692307692
10.392857142857142 18.413793103448274 15.857142857142858 9.84 8.846153846153845
10.642857142857142 19.482758620689655 16.32142857142857 10.64 8.423076923076923
11.464285714285715 19.82758620689655 16.107142857142858 10.92 8.192307692307692
11.464285714285715 18.896551724137932 16.82142857142857 10.16 9.26923076923077
10.214285714285714 20.03448275862069 15.785714285714285 10.120000000000001 8.730769230769232
10.214285714285714 17.448275862068964 17.32142857142857 10.040000000000001 9.307692307692308
12.75 19.586206896551722 17.357142857142854 10.040000000000001 8.0
10.178571428571429 19.068965517241377 15.535714285714286 10.44 7.807692307692308
9.357142857142858 19.448275862068964 17.07142857142857 8.76 10.23076923076923
10.607142857142856 20.275862068965516 17.57142857142857 10.36 8.769230769230768
11.607142857142858 21.275862068965516 18.607142857142858 11.16 9.884615384615383
10.035714285714285 18.96551724137931 16.07142857142857 9.440000000000001 8.692307692307692
11.071428571428571 20.379310344827587 15.714285714285715 9.799999999999999 8.807692307692308
9.785714285714286 19.655172413793103 17.07142857142857 9.68 10.076923076923077
11.571428571428571 18.93103448275862 17.035714285714285 11.4 9.0
8.964285714285715 20.344827586206893 16.535714285714285 9.84 8.384615384615385
10.964285714285715 19.344827586206897 17.285714285714285 8.68 9.653846153846153
11.035714285714286 20.344827586206893 17.178571428571427 10.72 9.153846153846153
10.071428571428571 20.310344827586206 16.857142857142858 11.2 9.153846153846153
9.607142857142858 18.034482758620687 16.428571428571427 9.719999999999999 9.73076923076923
11.214285714285715 18.758620689655174 16.142857142857142 10.28 9.692307692307693
9.892857142857142 20.586206896551726 16.892857142857142 8.84 8.538461538461538
9.607142857142858 20.413793103448278 16.428571428571427 11.08 8.576923076923077
10.464285714285714 20.448275862068968 16.75 9.4 11.23076923076923
11.071428571428571 20.06896551724138 17.107142857142854 11.4 8.730769230769232
9.428571428571429 19.24137931034483 18.0 9.24 9.615384615384617
10.5 20.482758620689655 15.857142857142858 9.04 8.576923076923077
11.285714285714286 20.103448275862068 16.5 9.48 8.576923076923077
9.892857142857142 17.551724137931036 17.107142857142854 10.319999999999999 8.384615384615385
10.285714285714285 20.655172413793103 16.82142857142857 11.16 10.038461538461538
10.107142857142858 17.75862068965517 17.535714285714285 9.4 9.615384615384617
10.035714285714285 18.379310344827587 18.714285714285715 9.799999999999999 8.26923076923077
11.464285714285715 18.79310344827586 18.0 9.520000000000001 9.346153846153847
12.071428571428571 21.06896551724138 17.821428571428573 9.440000000000001 9.692307692307693
10.321428571428571 20.86206896551724 16.285714285714285 10.4 8.730769230769232
9.071428571428571 20.103448275862068 18.071428571428573 11.08 8.884615384615385
11.285714285714286 19.551724137931036 15.035714285714286 10.4 9.115384615384615
10.75 17.310344827586206 16.892857142857142 9.639999999999999 10.346153846153847
9.678571428571429 19.103448275862068 17.75 10.4 8.807692307692308
11.035714285714286 18.724137931034484 15.392857142857142 9.4 8.846153846153845
10.857142857142858 18.896551724137932 16.214285714285715 9.4 8.192307692307692
10.535714285714285 20.586206896551726 17.285714285714285 10.120000000000001 8.538461538461538
10.321428571428571 21.10344827586207 17.75 11.440000000000001 9.192307692307692
10.214285714285714 20.103448275862068 17.32142857142857 9.24 8.576923076923077
10.821428571428573 20.20689655172414 16.285714285714285 11.440000000000001 8.846153846153845
10.357142857142856 19.896551724137932 16.857142857142858 8.920000000000002 8.884615384615385
10.035714285714285 22.20689655172414 16.678571428571427 8.959999999999999 8.576923076923077
10.535714285714285 19.96551724137931 15.821428571428573 10.200000000000001 8.807692307692308
9.035714285714286 19.620689655172413 15.857142857142858 8.920000000000002 9.115384615384615
10.642857142857142 20.82758620689655 19.035714285714285 9.719999999999999 8.23076923076923
11.035714285714286 19.862068965517242 15.75 10.92 9.73076923076923
10.428571428571429 18.275862068965516 17.25 10.64 9.538461538461538
10.75 19.75862068965517 18.142857142857142 9.719999999999999 8.038461538461538
10.392857142857142 18.724137931034484 17.285714285714285 9.56 9.884615384615383
10.25 18.96551724137931 17.535714285714285 10.56 9.076923076923077
9.928571428571429 18.379310344827587 16.178571428571427 8.56 10.23076923076923
11.178571428571429 18.896551724137932 16.535714285714285 9.440000000000001 9.538461538461538
10.392857142857142 19.82758620689655 17.21428571428571 9.68 9.423076923076923
9.857142857142858 19.310344827586206 18.5 9.68 8.307692307692308
11.107142857142858 19.27586206896552 16.357142857142858 10.200000000000001 8.807692307692308
11.357142857142858 18.862068965517242 17.32142857142857 9.4 9.076923076923077
10.714285714285714 19.413793103448278 18.28571428571429 11.4 9.5
10.428571428571429 20.103448275862068 16.82142857142857 9.32 9.230769230769232
10.428571428571429 18.482758620689655 16.82142857142857 10.64 7.884615384615384
11.571428571428571 20.310344827586206 16.642857142857142 9.799999999999999 9.884615384615383
10.214285714285714 19.551724137931036 18.607142857142858 10.24 9.615384615384617
9.714285714285714 18.96551724137931 16.678571428571427 9.92 9.615384615384617
10.928571428571429 20.20689655172414 17.78571428571429 9.96 10.115384615384615
10.107142857142858 19.103448275862068 15.857142857142858 9.56 8.0
11.892857142857142 20.103448275862068 17.035714285714285 10.0 9.846153846153847
9.821428571428571 18.689655172413794 15.392857142857142 9.879999999999999 9.846153846153847
10.035714285714285 20.241379310344826 15.107142857142858 9.879999999999999 8.923076923076923
9.428571428571429 19.03448275862069 16.214285714285715 10.200000000000001 10.26923076923077
10.178571428571429 19.896551724137932 15.714285714285715 9.440000000000001 8.653846153846155
10.25 17.862068965517242 16.285714285714285 9.76 8.23076923076923
10.107142857142858 18.82758620689655 16.07142857142857 10.84 9.76923076923077
9.857142857142858 18.24137931034483 17.57142857142857 9.48 8.846153846153845
10.0 20.20689655172414 17.642857142857146 10.200000000000001 8.653846153846155
10.857142857142858 19.379310344827587 17.142857142857142 9.12 8.846153846153845
9.107142857142858 18.862068965517242 16.785714285714285 10.28 9.153846153846153
10.892857142857144 18.310344827586206 17.357142857142854 10.200000000000001 9.5
9.607142857142858 20.551724137931036 18.321428571428573 10.319999999999999 8.26923076923077
10.357142857142856 18.20689655172414 17.964285714285715 9.879999999999999 9.076923076923077
10.5 20.75862068965517 15.321428571428571 11.36 9.423076923076923
11.392857142857142 20.482758620689655 17.0 9.48 9.115384615384615
10.785714285714286 19.137931034482758 17.428571428571427 9.719999999999999 9.038461538461538
10.785714285714286 19.482758620689655 16.428571428571427 9.639999999999999 8.384615384615385
10.178571428571429 18.862068965517242 16.535714285714285 9.48 9.307692307692308
10.142857142857142 19.793103448275865 18.0 8.72 8.923076923076923
9.5 20.17241379310345 17.21428571428571 9.24 8.576923076923077
9.321428571428571 20.137931034482758 18.67857142857143 10.16 9.615384615384617
10.607142857142856 19.068965517241377 18.0 9.84 9.153846153846153
11.642857142857142 19.793103448275865 16.46428571428571 9.92 8.923076923076923
10.428571428571429 19.96551724137931 16.678571428571427 10.120000000000001 9.192307692307692
9.178571428571429 19.82758620689655 17.285714285714285 9.440000000000001 8.807692307692308
9.571428571428571 19.0 15.535714285714286 8.920000000000002 9.807692307692307
10.357142857142856 20.03448275862069 16.142857142857142 9.04 7.3076923076923075
9.678571428571429 19.206896551724135 16.678571428571427 9.639999999999999 8.807692307692308
8.25 19.75862068965517 17.32142857142857 8.959999999999999 9.5
9.178571428571429 11.06896551724138 9.321428571428571 9.799999999999999 11.23076923076923
10.214285714285714 9.86206896551724 10.035714285714285 10.8 9.576923076923077
10.071428571428571 11.310344827586206 10.357142857142856 10.24 9.73076923076923
10.571428571428571 11.620689655172415 10.642857142857142 10.44 9.423076923076923
10.5 19.689655172413794 17.46428571428571 9.12 8.538461538461538
10.571428571428571 9.689655172413794 10.821428571428573 10.040000000000001 10.423076923076923
9.25 10.482758620689657 10.892857142857144 10.0 10.423076923076923
9.392857142857142 9.965517241379311 10.642857142857142 9.879999999999999 10.692307692307692
10.392857142857142 11.0 9.285714285714286 10.040000000000001 10.653846153846155
10.107142857142858 17.17241379310345 20.857142857142858 10.08 8.576923076923077
10.821428571428573 10.586206896551724 9.642857142857142 9.96 10.461538461538462
10.5 10.586206896551724 11.0 9.68 10.807692307692308
10.107142857142858 10.586206896551724 9.607142857142858 10.92 10.807692307692308
12.642857142857142 9.448275862068966 10.571428571428571 11.32 10.846153846153845
11.571428571428571 19.586206896551722 17.535714285714285 10.200000000000001 7.769230769230769
9.571428571428571 10.793103448275863 10.678571428571427 10.36 9.807692307692307
9.964285714285714 10.0 10.142857142857142 10.56 8.884615384615385
9.785714285714286 9.793103448275861 10.642857142857142 9.879999999999999 9.576923076923077
9.071428571428571 10.448275862068964 9.857142857142858 9.799999999999999 10.384615384615385
10.714285714285714 19.103448275862068 20.607142857142858 9.879999999999999 9.230769230769232
10.107142857142858 11.241379310344827 9.535714285714286 9.719999999999999 10.038461538461538
10.892857142857144 10.241379310344827 11.464285714285715 9.4 10.961538461538462
11.357142857142858 11.034482758620689 10.571428571428571 10.72 9.653846153846153
10.285714285714285 11.0 9.392857142857142 10.72 11.923076923076923
9.714285714285714 11.137931034482758 10.392857142857142 9.56 9.538461538461538
11.285714285714286 10.89655172413793 10.357142857142856 11.68 9.5
9.714285714285714 9.86206896551724 11.607142857142858 10.84 11.0
10.321428571428571 10.620689655172415 10.464285714285714 10.24 9.961538461538462
10.464285714285714 10.448275862068964 11.0 10.36 9.923076923076923
10.928571428571429 9.896551724137932 9.535714285714286 11.4 11.576923076923077
11.071428571428571 17.241379310344826 19.035714285714285 9.0 9.307692307692308
10.142857142857142 16.310344827586206 20.535714285714285 11.24 8.807692307692308
11.642857142857142 17.82758620689655 18.571428571428573 10.319999999999999 9.461538461538462
10.214285714285714 16.75862068965517 19.571428571428573 10.44 8.461538461538462
10.357142857142856 17.20689655172414 19.142857142857142 10.319999999999999 8.576923076923077
9.357142857142858 18.482758620689655 17.92857142857143 9.639999999999999 9.5
9.821428571428571 16.379310344827587 20.892857142857142 10.6 10.0
10.821428571428573 17.96551724137931 19.214285714285715 9.4 9.461538461538462
10.821428571428573 18.13793103448276 18.75 10.040000000000001 9.192307692307692
9.25 17.93103448275862 19.82142857142857 11.0 9.576923076923077
10.071428571428571 17.79310344827586 18.714285714285715 8.68 8.346153846153847
10.285714285714285 17.448275862068964 18.892857142857142 9.84 9.73076923076923
11.107142857142858 17.862068965517242 19.107142857142858 10.64 9.576923076923077
10.357142857142856 16.82758620689655 19.285714285714285 9.12 10.192307692307692
10.642857142857142 16.344827586206897 19.857142857142858 10.319999999999999 9.5
9.535714285714286 17.620689655172416 19.142857142857142 9.32 9.076923076923077
8.857142857142858 17.586206896551726 20.82142857142857 10.200000000000001 9.923076923076923
9.464285714285715 17.482758620689655 19.964285714285715 9.92 8.923076923076923
9.75 17.20689655172414 18.571428571428573 10.24 8.538461538461538
9.857142857142858 17.75862068965517 19.0 10.0 8.846153846153845
9.678571428571429 17.310344827586206 19.214285714285715 11.639999999999999 10.0
9.392857142857142 15.793103448275863 20.142857142857142 9.92 8.26923076923077
10.607142857142856 17.137931034482758 19.714285714285715 10.120000000000001 8.730769230769232
11.0 17.17241379310345 18.642857142857142 10.120000000000001 9.653846153846153
10.214285714285714 18.482758620689655 18.571428571428573 11.4 8.192307692307692
11.142857142857144 16.72413793103448 18.571428571428573 9.799999999999999 9.5
9.821428571428571 17.310344827586206 21.32142857142857 9.879999999999999 9.153846153846153
10.285714285714285 16.72413793103448 18.25 11.04 8.961538461538462
10.178571428571429 17.448275862068964 19.0 10.200000000000001 9.307692307692308
10.0 17.379310344827584 19.0 11.92 9.576923076923077
9.178571428571429 17.89655172413793 19.928571428571427 10.200000000000001 8.730769230769232
10.107142857142858 17.655172413793103 18.107142857142858 9.4 8.653846153846155
9.857142857142858 17.689655172413794 20.678571428571427 11.04 8.846153846153845
9.678571428571429 16.82758620689655 21.357142857142854 9.96 8.5
10.571428571428571 16.620689655172413 19.571428571428573 10.84 8.307692307692308
9.571428571428571 18.24137931034483 19.214285714285715 10.0 10.23076923076923
10.785714285714286 16.655172413793103 20.142857142857142 10.319999999999999 10.076923076923077
10.75 17.0 21.357142857142854 9.96 10.0
10.178571428571429 18.06896551724138 18.607142857142858 11.0 8.807692307692308
9.964285714285714 16.17241379310345 20.142857142857142 11.08 8.5
9.285714285714286 17.10344827586207 18.28571428571429 10.8 9.653846153846153
10.392857142857142 16.931034482758623 21.035714285714285 11.4 9.615384615384617
10.25 17.93103448275862 19.071428571428573 9.48 10.538461538461538
10.607142857142856 16.06896551724138 19.285714285714285 9.879999999999999 8.538461538461538
9.928571428571429 16.586206896551726 20.785714285714285 10.319999999999999 8.307692307692308
9.785714285714286 18.344827586206897 20.46428571428571 10.16 8.23076923076923
9.0 18.24137931034483 17.357142857142854 11.12 9.846153846153847
10.25 18.379310344827587 18.607142857142858 9.4 8.26923076923077
9.821428571428571 16.448275862068968 19.714285714285715 11.36 10.038461538461538
10.392857142857142 17.620689655172416 20.82142857142857 10.959999999999999 9.423076923076923
10.0 17.379310344827584 18.392857142857142 11.0 9.576923076923077
9.607142857142858 16.137931034482758 21.0 8.6 8.846153846153845
11.142857142857144 17.89655172413793 17.857142857142858 9.96 9.0
9.392857142857142 16.03448275862069 19.071428571428573 10.28 8.961538461538462
10.535714285714285 17.379310344827584 19.535714285714285 10.24 8.423076923076923
9.785714285714286 18.06896551724138 18.857142857142858 10.6 10.153846153846153
9.321428571428571 16.0 19.714285714285715 10.0 8.961538461538462
10.214285714285714 17.862068965517242 18.892857142857142 10.16 9.538461538461538
10.321428571428571 16.75862068965517 18.28571428571429 9.719999999999999 9.346153846153847
10.821428571428573 17.620689655172416 18.5 10.36 8.26923076923077
9.428571428571429 17.79310344827586 20.785714285714285 10.120000000000001 9.384615384615385
9.821428571428571 18.620689655172413 18.0 9.92 9.961538461538462
8.357142857142856 15.413793103448276 20.785714285714285 10.200000000000001 9.538461538461538
10.428571428571429 17.03448275862069 18.642857142857142 9.4 9.615384615384617
10.25 17.689655172413794 20.71428571428571 8.200000000000001 9.961538461538462
10.214285714285714 18.17241379310345 19.428571428571427 10.200000000000001 8.884615384615385
10.071428571428571 17.10344827586207 19.535714285714285 9.4 9.076923076923077
10.035714285714285 18.0 18.357142857142858 10.16 8.923076923076923
9.892857142857142 16.03448275862069 19.107142857142858 9.76 9.230769230769232
8.642857142857142 18.344827586206897 18.071428571428573 10.76 8.538461538461538
10.25 16.275862068965516 19.142857142857142 9.48 9.692307692307693
9.607142857142858 17.06896551724138 20.142857142857142 10.08 8.538461538461538
9.857142857142858 18.586206896551722 19.285714285714285 10.0 10.538461538461538
10.25 17.655172413793103 19.464285714285715 10.64 10.384615384615385
10.678571428571427 16.103448275862068 20.285714285714285 10.48 8.153846153846153
10.821428571428573 15.896551724137932 19.321428571428573 9.879999999999999 10.076923076923077
10.75 17.82758620689655 19.928571428571427 10.8 9.115384615384615
10.5 17.275862068965516 19.321428571428573 10.120000000000001 9.26923076923077
10.0 18.275862068965516 21.178571428571427 10.92 8.307692307692308
11.214285714285715 16.551724137931036 18.357142857142858 9.68 9.538461538461538
11.214285714285715 17.75862068965517 19.607142857142858 10.64 9.961538461538462
10.714285714285714 17.89655172413793 19.82142857142857 10.64 9.807692307692307
10.035714285714285 17.20689655172414 19.5 10.319999999999999 8.538461538461538
8.857142857142858 18.06896551724138 18.392857142857142 9.879999999999999 8.730769230769232
9.75 16.206896551724135 18.571428571428573 10.52 9.461538461538462
11.642857142857142 18.448275862068964 20.07142857142857 10.64 9.423076923076923
10.285714285714285 17.75862068965517 20.035714285714285 11.799999999999999 9.076923076923077
10.357142857142856 17.448275862068964 19.392857142857142 10.319999999999999 8.461538461538462
10.571428571428571 17.862068965517242 19.678571428571427 9.719999999999999 10.307692307692308
9.857142857142858 17.586206896551726 21.964285714285715 10.319999999999999 8.461538461538462
10.178571428571429 15.931034482758621 19.607142857142858 10.120000000000001 8.307692307692308
10.0 17.79310344827586 19.964285714285715 10.88 8.961538461538462
10.607142857142856 16.379310344827587 20.5 12.200000000000001 8.615384615384615
10.428571428571429 17.10344827586207 20.0 9.879999999999999 8.692307692307692
