32935.000 -0.400 -0.400 0.492
32936.000 -0.400 -0.331 0.077
32937.000 -0.400 -0.262 0.189
32938.000 -0.400 -0.192 0.017
32939.000 -0.400 -0.123 0.344
32940.000 -0.400 -0.054 0.307
32941.000 -0.400 0.015 0.280
32942.000 -0.400 0.085 0.426
32943.000 -0.400 0.154 0.196
32944.000 -0.400 0.223 0.123
32945.000 -0.400 0.292 0.305
32946.000 -0.400 0.362 0.062
32947.000 -0.400 0.431 0.066
32948.000 -0.331 -0.400 0.080
32949.000 -0.331 -0.331 0.499
32950.000 -0.331 -0.262 0.131
32951.000 -0.331 -0.192 0.215
32952.000 -0.331 -0.123 0.024
32953.000 -0.331 -0.054 0.069
32954.000 -0.331 0.015 0.362
32955.000 -0.331 0.085 0.249
32956.000 -0.331 0.154 0.317
32957.000 -0.331 0.223 0.010
32958.000 -0.331 0.292 0.038
32959.000 -0.331 0.362 0.195
32960.000 -0.331 0.431 0.135
32961.000 -0.262 -0.400 0.435
32962.000 -0.262 -0.331 0.058
32963.000 -0.262 -0.262 0.140
32964.000 -0.262 -0.192 0.348
32965.000 -0.262 -0.123 0.171
32966.000 -0.262 -0.054 0.160
32967.000 -0.262 0.015 0.160
32968.000 -0.262 0.085 0.089
32969.000 -0.262 0.154 0.100
32970.000 -0.262 0.223 0.344
32971.000 -0.262 0.292 0.001
32972.000 -0.262 0.362 0.374
32973.000 -0.262 0.431 0.109
32974.000 -0.192 -0.400 0.040
32975.000 -0.192 -0.331 0.498
32976.000 -0.192 -0.262 0.404
32977.000 -0.192 -0.192 0.252
32978.000 -0.192 -0.123 0.078
32979.000 -0.192 -0.054 0.026
32980.000 -0.192 0.015 0.097
32981.000 -0.192 0.085 0.331
32982.000 -0.192 0.154 0.181
32983.000 -0.192 0.223 0.289
32984.000 -0.192 0.292 0.293
32985.000 -0.192 0.362 0.043
32986.000 -0.192 0.431 0.376
32987.000 -0.123 -0.400 0.472
32988.000 -0.123 -0.331 0.233
32989.000 -0.123 -0.262 0.192
32990.000 -0.123 -0.192 0.095
32991.000 -0.123 -0.123 0.416
32992.000 -0.123 -0.054 0.251
32993.000 -0.123 0.015 0.281
32994.000 -0.123 0.085 0.110
32995.000 -0.123 0.154 0.171
32996.000 -0.123 0.223 0.008
32997.000 -0.123 0.292 0.328
32998.000 -0.123 0.362 0.334
32999.000 -0.123 0.431 0.242
33000.000 -0.054 -0.400 0.327
33001.000 -0.054 -0.331 0.126
33002.000 -0.054 -0.262 0.063
33003.000 -0.054 -0.192 0.373
33004.000 -0.054 -0.123 0.355
33005.000 -0.054 -0.054 0.333
33006.000 -0.054 0.015 0.269
33007.000 -0.054 0.085 0.274
33008.000 -0.054 0.154 0.374
33009.000 -0.054 0.223 0.125
33010.000 -0.054 0.292 0.288
33011.000 -0.054 0.362 0.063
33012.000 -0.054 0.431 0.300
33013.000 0.015 -0.400 0.239
33014.000 0.015 -0.331 0.231
33015.000 0.015 -0.262 0.108
33016.000 0.015 -0.192 0.486
33017.000 0.015 -0.123 0.158
33018.000 0.015 -0.054 0.416
33019.000 0.015 0.015 0.252
33020.000 0.015 0.085 0.024
33021.000 0.015 0.154 0.127
33022.000 0.015 0.223 0.292
33023.000 0.015 0.292 0.208
33024.000 0.015 0.362 0.487
33025.000 0.015 0.431 0.115
33026.000 0.085 -0.400 0.298
33027.000 0.085 -0.331 0.228
33028.000 0.085 -0.262 0.152
33029.000 0.085 -0.192 0.042
33030.000 0.085 -0.123 0.223
33031.000 0.085 -0.054 0.110
33032.000 0.085 0.015 0.458
33033.000 0.085 0.085 0.418
33034.000 0.085 0.154 0.110
33035.000 0.085 0.223 0.273
33036.000 0.085 0.292 0.478
33037.000 0.085 0.362 0.106
33038.000 0.085 0.431 0.367
33039.000 0.154 -0.400 0.428
33040.000 0.154 -0.331 0.154
33041.000 0.154 -0.262 0.211
33042.000 0.154 -0.192 0.109
33043.000 0.154 -0.123 0.377
33044.000 0.154 -0.054 0.139
33045.000 0.154 0.015 0.021
33046.000 0.154 0.085 0.175
33047.000 0.154 0.154 0.149
33048.000 0.154 0.223 0.017
33049.000 0.154 0.292 0.441
33050.000 0.154 0.362 0.142
33051.000 0.154 0.431 0.204
33052.000 0.223 -0.400 0.407
33053.000 0.223 -0.331 0.398
33054.000 0.223 -0.262 0.427
33055.000 0.223 -0.192 0.237
33056.000 0.223 -0.123 0.119
33057.000 0.223 -0.054 0.194
33058.000 0.223 0.015 0.298
33059.000 0.223 0.085 0.380
33060.000 0.223 0.154 0.192
33061.000 0.223 0.223 0.318
33062.000 0.223 0.292 0.053
33063.000 0.223 0.362 0.416
33064.000 0.223 0.431 0.375
33065.000 0.292 -0.400 0.031
33066.000 0.292 -0.331 0.133
33067.000 0.292 -0.262 0.393
33068.000 0.292 -0.192 0.214
33069.000 0.292 -0.123 0.494
33070.000 0.292 -0.054 0.089
33071.000 0.292 0.015 0.451
33072.000 0.292 0.085 0.404
33073.000 0.292 0.154 0.335
33074.000 0.292 0.223 0.099
33075.000 0.292 0.292 0.298
33076.000 0.292 0.362 0.434
33077.000 0.292 0.431 0.234
33078.000 0.362 -0.400 0.456
33079.000 0.362 -0.331 0.430
33080.000 0.362 -0.262 0.348
33081.000 0.362 -0.123 0.287
33082.000 0.362 -0.054 0.127
33083.000 0.362 0.015 0.432
33084.000 0.362 0.085 0.096
33085.000 0.362 0.154 0.420
33086.000 0.362 0.223 0.291
33087.000 0.362 0.292 0.172
33088.000 0.362 0.362 0.300
33089.000 0.362 0.431 0.129
33090.000 0.431 -0.400 0.090
33091.000 0.431 -0.331 0.385
33092.000 0.431 -0.262 0.009
33093.000 0.431 -0.192 0.094
33094.000 0.431 -0.123 0.239
33095.000 0.431 -0.054 0.225
33096.000 0.431 0.015 0.243
33097.000 0.431 0.085 0.003
33098.000 0.431 0.154 0.427
33099.000 0.431 0.223 0.297
33100.000 0.431 0.292 0.367
33101.000 0.431 0.362 0.397
33102.000 0.431 0.431 0.466
