0.0 0.13661971830985914 0.03977272727272727 0.0 0.0
0.00135685210312076 0.12253521126760562 0.06960227272727273 0.0014727540500736377 0.0
0.0 0.1704225352112676 0.05539772727272728 0.0 0.0
0.0 0.1535211267605634 0.05539772727272728 0.0 0.0
0.00135685210312076 0.11830985915492959 0.06107954545454545 0.0 0.0
0.00135685210312076 0.12394366197183097 0.03977272727272727 0.0014727540500736377 0.0
0.0 0.14507042253521127 0.048295454545454544 0.0014727540500736377 0.0
0.0 0.1380281690140845 0.05965909090909091 0.0 0.0
0.0 0.14929577464788732 0.049715909090909095 0.0 0.0
0.0 0.17464788732394368 0.048295454545454544 0.0 0.0
0.0 0.16056338028169012 0.049715909090909095 0.0 0.0
0.00135685210312076 0.13380281690140844 0.05823863636363636 0.0 0.0013623978201634877
0.0 0.12394366197183097 0.06676136363636363 0.0 0.0
0.00135685210312076 0.13098591549295774 0.05113636363636363 0.0014727540500736377 0.0
0.0 0.1535211267605634 0.06392045454545454 0.0 0.0
0.0 0.1535211267605634 0.05539772727272728 0.0 0.0
0.0 0.15633802816901407 0.046875 0.0014727540500736377 0.0
0.0 0.1323943661971831 0.05539772727272728 0.0 0.0
0.00271370420624152 0.15774647887323942 0.052556818181818184 0.0014727540500736377 0.0
0.00135685210312076 0.13943661971830987 0.05113636363636363 0.0014727540500736377 0.0
0.0 0.13380281690140844 0.046875 0.0 0.0
0.0 0.1028169014084507 0.049715909090909095 0.0 0.0
0.00135685210312076 0.11690140845070422 0.052556818181818184 0.0014727540500736377 0.0
0.0 0.16338028169014085 0.05539772727272728 0.0 0.0
0.00135685210312076 0.13098591549295774 0.052556818181818184 0.0 0.0
0.0 0.14929577464788732 0.05539772727272728 0.0 0.0
0.0 0.07887323943661971 0.041193181818181816 0.0 0.0
0.00135685210312076 0.1295774647887324 0.05965909090909091 0.0 0.0
0.0 0.1507042253521127 0.046875 0.0 0.0
0.0 0.1352112676056338 0.06392045454545454 0.0 0.0
0.00135685210312076 0.12676056338028172 0.05397727272727273 0.0 0.0
0.00135685210312076 0.1535211267605634 0.05823863636363636 0.0 0.0
0.0 0.12535211267605634 0.048295454545454544 0.0 0.0
0.00271370420624152 0.10563380281690142 0.08238636363636363 0.0014727540500736377 0.0
0.00135685210312076 0.09014084507042254 0.041193181818181816 0.0 0.0
0.0 0.12253521126760562 0.05539772727272728 0.0014727540500736377 0.0
0.0 0.15492957746478875 0.06392045454545454 0.0 0.0
0.0 0.10845070422535211 0.04261363636363637 0.0014727540500736377 0.0
0.00135685210312076 0.1352112676056338 0.052556818181818184 0.0 0.0
0.00135685210312076 0.11830985915492959 0.06534090909090909 0.0014727540500736377 0.0013623978201634877
0.00135685210312076 0.1352112676056338 0.05539772727272728 0.0 0.0013623978201634877
0.0 0.13943661971830987 0.04403409090909091 0.0029455081001472753 0.0
0.0 0.14084507042253522 0.05113636363636363 0.0014727540500736377 0.0
0.00135685210312076 0.15492957746478875 0.06960227272727273 0.0 0.0
0.0 0.12394366197183097 0.06534090909090909 0.0 0.0
0.00135685210312076 0.11690140845070422 0.03977272727272727 0.0014727540500736377 0.0027247956403269754
0.0 0.14647887323943662 0.049715909090909095 0.0 0.0
0.00135685210312076 0.09718309859154929 0.07102272727272727 0.0 0.0
0.0 0.13661971830985914 0.07102272727272727 0.0014727540500736377 0.0
0.0 0.14788732394366197 0.03977272727272727 0.0014727540500736377 0.0
0.0 0.08450704225352113 0.07670454545454546 0.0014727540500736377 0.0
0.0 0.09295774647887323 0.041193181818181816 0.0 0.0
0.00271370420624152 0.1028169014084507 0.03977272727272727 0.0 0.0
0.0 0.12253521126760562 0.04403409090909091 0.0 0.0
0.0 0.1352112676056338 0.049715909090909095 0.0 0.0
0.0 0.12394366197183097 0.049715909090909095 0.0 0.0
0.00135685210312076 0.12253521126760562 0.05965909090909091 0.0 0.0
0.00271370420624152 0.11549295774647887 0.05965909090909091 0.0 0.0
0.00271370420624152 0.13380281690140844 0.049715909090909095 0.0 0.0
0.00271370420624152 0.10704225352112676 0.041193181818181816 0.0 0.0
0.00271370420624152 0.10563380281690142 0.036931818181818184 0.0 0.0
0.00542740841248304 0.12816901408450704 0.032670454545454544 0.0 0.0
0.00135685210312076 0.09859154929577464 0.03835227272727273 0.0014727540500736377 0.0
0.0 0.11690140845070422 0.08522727272727273 0.0 0.0
0.00135685210312076 0.11690140845070422 0.04403409090909091 0.0 0.0
0.0 0.12112676056338027 0.03125 0.0 0.0
0.00135685210312076 0.10845070422535211 0.04403409090909091 0.0029455081001472753 0.0
0.0 0.1323943661971831 0.06534090909090909 0.0 0.0
0.0 0.11690140845070422 0.034090909090909095 0.0014727540500736377 0.0013623978201634877
0.0 0.12394366197183097 0.05823863636363636 0.0014727540500736377 0.0
0.0 0.09577464788732394 0.05397727272727273 0.0 0.0
0.00271370420624152 0.11549295774647887 0.04403409090909091 0.0 0.0
0.0 0.11830985915492959 0.046875 0.0 0.0
0.00271370420624152 0.13943661971830987 0.052556818181818184 0.0014727540500736377 0.0
0.00135685210312076 0.12676056338028172 0.06676136363636363 0.0014727540500736377 0.0
0.0 0.1323943661971831 0.04545454545454545 0.0 0.0
0.0 0.1704225352112676 0.05539772727272728 0.0 0.0
0.00135685210312076 0.10563380281690142 0.05965909090909091 0.0 0.0
0.0 0.11690140845070422 0.03835227272727273 0.0 0.0
0.0 0.10845070422535211 0.052556818181818184 0.0 0.0
0.00271370420624152 0.16056338028169012 0.04545454545454545 0.0014727540500736377 0.0
0.0 0.11549295774647887 0.04545454545454545 0.0 0.0
0.0 0.10704225352112676 0.046875 0.0 0.0
0.0 0.11408450704225352 0.07386363636363637 0.0 0.0
0.0 0.10985915492957746 0.046875 0.0029455081001472753 0.0
0.00271370420624152 0.11408450704225352 0.052556818181818184 0.0 0.0
0.0 0.11971830985915494 0.056818181818181816 0.0 0.0
0.0 0.1028169014084507 0.034090909090909095 0.0 0.0
0.0 0.10845070422535211 0.04545454545454545 0.0029455081001472753 0.0
0.00135685210312076 0.12394366197183097 0.04403409090909091 0.0 0.0
0.00135685210312076 0.10704225352112676 0.036931818181818184 0.0 0.0
0.0 0.1352112676056338 0.05539772727272728 0.0 0.0
0.00135685210312076 0.09718309859154929 0.052556818181818184 0.0 0.0013623978201634877
0.0 0.09718309859154929 0.03977272727272727 0.0 0.0
0.0 0.09295774647887323 0.052556818181818184 0.0 0.0
0.0 0.11267605633802817 0.036931818181818184 0.0 0.0
0.0 0.13943661971830987 0.049715909090909095 0.0 0.0013623978201634877
0.00135685210312076 0.13098591549295774 0.041193181818181816 0.0014727540500736377 0.0
0.0 0.08028169014084506 0.05397727272727273 0.0 0.0
0.00135685210312076 0.12112676056338027 0.048295454545454544 0.0 0.0
0.00135685210312076 0.10845070422535211 0.05823863636363636 0.0014727540500736377 0.0
0.0 0.0 0.0 0.0 0.0
0.0 0.0 0.0 0.0 0.0
0.0 0.0 0.0 0.0 0.0
0.0 0.0 0.0 0.0 0.0
0.00135685210312076 0.11549295774647887 0.052556818181818184 0.0 0.0
0.0 0.0 0.0 0.0 0.0
0.0 0.0 0.0 0.0 0.0
0.0 0.0 0.0 0.0 0.0
0.0 0.0 0.0 0.0 0.0
0.00135685210312076 0.04225352112676056 0.1278409090909091 0.0 0.0
0.0 0.0 0.0 0.0 0.0
0.00135685210312076 0.0 0.0 0.0 0.0
0.0 0.0 0.0 0.0 0.0
0.00135685210312076 0.0014084507042253522 0.0 0.0 0.0
0.0 0.1028169014084507 0.048295454545454544 0.0 0.0
0.0 0.0 0.0 0.0 0.0
0.0 0.0 0.0 0.0 0.0
0.0 0.0 0.0 0.0 0.0
0.0 0.0 0.0 0.0 0.0
0.0 0.02676056338028169 0.13068181818181818 0.0014727540500736377 0.0
0.0 0.0 0.0 0.0 0.0
0.0 0.0 0.0 0.0 0.0
0.0 0.0 0.0 0.0 0.0
0.0 0.0 0.0014204545454545453 0.0 0.0
0.0 0.0 0.0 0.0 0.0
0.0 0.0 0.0 0.0014727540500736377 0.0
0.0 0.0 0.0 0.0 0.0
0.0 0.0 0.0 0.0 0.0013623978201634877
0.0 0.0 0.0 0.0 0.0
0.0 0.0 0.0 0.0 0.0
0.0 0.035211267605633804 0.11505681818181819 0.0029455081001472753 0.0
0.0 0.030985915492957743 0.16193181818181818 0.0 0.0
0.0 0.039436619718309855 0.12357954545454546 0.0 0.0
0.0 0.039436619718309855 0.11931818181818182 0.0014727540500736377 0.0
0.00271370420624152 0.039436619718309855 0.1491477272727273 0.0 0.0
0.0 0.04788732394366197 0.13352272727272727 0.0 0.0
0.0 0.028169014084507043 0.20170454545454544 0.0 0.0
0.0 0.04507042253521127 0.1534090909090909 0.0014727540500736377 0.0
0.00135685210312076 0.04929577464788732 0.16335227272727273 0.0 0.0
0.0 0.022535211267605635 0.1803977272727273 0.0 0.0013623978201634877
0.00135685210312076 0.039436619718309855 0.19602272727272727 0.0 0.0
0.0 0.035211267605633804 0.22017045454545456 0.0 0.0
0.0 0.0323943661971831 0.15198863636363635 0.0 0.0
0.0 0.0323943661971831 0.2471590909090909 0.0 0.0
0.00135685210312076 0.04788732394366197 0.234375 0.0014727540500736377 0.0
0.0 0.05070422535211268 0.22585227272727273 0.0 0.0
0.00135685210312076 0.05492957746478873 0.29545454545454547 0.0 0.0
0.0 0.035211267605633804 0.3125 0.0014727540500736377 0.0013623978201634877
0.0 0.05492957746478873 0.3636363636363636 0.0014727540500736377 0.0
0.00135685210312076 0.04366197183098592 0.32670454545454547 0.0 0.0
0.0 0.039436619718309855 0.32954545454545453 0.0014727540500736377 0.0
0.00135685210312076 0.036619718309859155 0.40198863636363635 0.0029455081001472753 0.0
0.0 0.06338028169014086 0.4147727272727273 0.0 0.0
0.0 0.04225352112676056 0.4161931818181818 0.0 0.0013623978201634877
0.0 0.03380281690140845 0.4403409090909091 0.0014727540500736377 0.0
0.00135685210312076 0.05492957746478873 0.5099431818181819 0.0 0.0
0.0 0.05352112676056338 0.5866477272727273 0.0014727540500736377 0.0
0.0 0.035211267605633804 0.6647727272727273 0.0014727540500736377 0.0
0.0 0.06338028169014086 0.7784090909090909 0.0 0.0
0.0 0.05352112676056338 0.7698863636363636 0.0014727540500736377 0.0
0.0 0.05492957746478873 0.8167613636363635 0.0 0.0
0.0 0.035211267605633804 0.9502840909090909 0.0 0.0
0.0 0.03802816901408451 0.9019886363636364 0.004418262150220913 0.0
0.0 0.05352112676056338 1.046875 0.0014727540500736377 0.0
0.0 0.04366197183098592 1.0838068181818181 0.0 0.0
0.0 0.060563380281690136 1.1590909090909092 0.0 0.0
0.00135685210312076 0.05915492957746479 1.153409090909091 0.0014727540500736377 0.0
0.00135685210312076 0.0647887323943662 1.2741477272727273 0.0 0.0
0.00135685210312076 0.07323943661971831 1.2954545454545454 0.0 0.0
0.0 0.05492957746478873 1.4275568181818183 0.0 0.0
0.0 0.05070422535211268 1.4446022727272727 0.0014727540500736377 0.0
0.0 0.05492957746478873 1.6079545454545454 0.0014727540500736377 0.0
0.0 0.08450704225352113 1.7286931818181817 0.0 0.0
0.0 0.06338028169014086 1.7954545454545454 0.0014727540500736377 0.0
0.0 0.06619718309859154 1.8139204545454546 0.0014727540500736377 0.0
0.0 0.06901408450704224 1.8920454545454546 0.0014727540500736377 0.0
0.0 0.0676056338028169 1.9190340909090908 0.0 0.0
0.00135685210312076 0.056338028169014086 1.856534090909091 0.0014727540500736377 0.0
0.0 0.07746478873239437 2.0482954545454546 0.0029455081001472753 0.0
0.0 0.07887323943661971 2.069602272727273 0.0 0.0
0.0 0.07464788732394366 2.0610795454545454 0.0 0.0
0.0 0.08169014084507042 2.0298295454545454 0.0014727540500736377 0.0
0.0 0.08873239436619719 2.190340909090909 0.0014727540500736377 0.0
0.0 0.0647887323943662 2.177556818181818 0.0014727540500736377 0.0
0.00135685210312076 0.0676056338028169 2.1505681818181817 0.0014727540500736377 0.0
0.0 0.08309859154929577 2.1392045454545454 0.0014727540500736377 0.0
0.0 0.08732394366197184 2.2144886363636362 0.0 0.0
0.0 0.06901408450704224 2.2017045454545454 0.0014727540500736377 0.0
0.0 0.08873239436619719 2.1647727272727275 0.0 0.0
0.0 0.08028169014084506 2.146306818181818 0.0014727540500736377 0.0013623978201634877
0.0 0.08732394366197184 2.3423295454545454 0.0 0.0
0.0 0.08309859154929577 2.294034090909091 0.0014727540500736377 0.0
0.0 0.07323943661971831 2.3125 0.0 0.0013623978201634877
0.0 0.07887323943661971 2.284090909090909 0.0 0.0
0.0 0.08591549295774648 2.356534090909091 0.0 0.0
0.0 0.09577464788732394 2.305397727272727 0.0 0.0
0.0 0.1028169014084507 2.4005681818181817 0.0 0.0
0.0 0.08732394366197184 2.3394886363636367 0.0 0.0
0.00135685210312076 0.08873239436619719 2.299715909090909 0.0 0.0
0.0 0.09436619718309859 2.397727272727273 0.0 0.0013623978201634877
0.00135685210312076 0.08732394366197184 2.2883522727272725 0.0029455081001472753 0.0
0.0 0.09154929577464789 2.268465909090909 0.0029455081001472753 0.0
0.0 0.09154929577464789 2.362215909090909 0.0 0.0
0.0 0.07042253521126761 2.294034090909091 0.0014727540500736377 0.0
0.0 0.09154929577464789 2.294034090909091 0.0 0.0
0.00135685210312076 0.08309859154929577 2.275568181818182 0.0029455081001472753 0.0
0.0 0.08169014084507042 2.2883522727272725 0.0 0.0
0.0 0.09859154929577464 2.4161931818181817 0.0 0.0
0.0 0.09436619718309859 2.3451704545454546 0.0 0.0
0.0 0.07183098591549296 2.346590909090909 0.0 0.0
0.0 0.07746478873239437 2.321022727272727 0.0 0.0
0.0 0.08309859154929577 2.3494318181818183 0.0 0.0
0.00135685210312076 0.09436619718309859 2.4176136363636367 0.0 0.0
0.0 0.07746478873239437 2.3011363636363638 0.0 0.0
0.0 0.07323943661971831 2.274147727272727 0.0014727540500736377 0.0
0.0 0.08450704225352113 2.328125 0.0 0.0
0.0 0.08028169014084506 2.309659090909091 0.0 0.0
0.00135685210312076 0.08309859154929577 2.325284090909091 0.0 0.0
0.0 0.07605633802816902 2.3167613636363638 0.0 0.0
0.0 0.07323943661971831 2.325284090909091 0.0 0.0
0.0 0.07746478873239437 2.3238636363636367 0.0 0.0
0.0 0.08450704225352113 2.3451704545454546 0.0014727540500736377 0.0
0.0 0.08169014084507042 2.294034090909091 0.0 0.0
0.0 0.07605633802816902 2.3423295454545454 0.0014727540500736377 0.0
