18.0 29.166666666666668 23.666666666666664 10.200000000000001 15.166666666666666
14.5 28.333333333333332 28.166666666666668 14.0 15.333333333333332
16.666666666666668 28.166666666666668 27.833333333333336 17.8 15.0
15.166666666666666 32.0 30.0 14.8 12.166666666666666
14.5 30.833333333333336 24.166666666666668 12.6 11.5
14.5 32.33333333333333 28.166666666666668 11.0 12.166666666666666
17.166666666666668 29.0 26.333333333333332 18.4 12.833333333333334
15.333333333333332 28.166666666666668 25.833333333333332 13.799999999999999 14.333333333333334
15.5 27.0 28.5 14.200000000000001 11.666666666666668
15.5 29.833333333333332 30.0 14.4 12.333333333333334
14.166666666666666 29.833333333333332 30.166666666666668 14.8 13.5
15.0 25.833333333333332 29.833333333333332 15.0 12.166666666666666
13.5 32.833333333333336 28.166666666666668 14.6 13.0
17.166666666666668 28.833333333333332 26.666666666666668 13.4 11.666666666666668
17.0 32.5 28.666666666666668 16.400000000000002 14.5
16.166666666666664 33.0 28.833333333333332 15.2 13.833333333333332
14.5 32.0 31.166666666666664 15.0 11.166666666666666
14.833333333333334 31.666666666666668 28.333333333333332 13.799999999999999 12.0
13.333333333333334 31.333333333333332 30.833333333333336 13.799999999999999 12.5
13.666666666666668 29.666666666666668 26.0 12.4 16.166666666666664
15.833333333333334 29.0 28.5 13.0 13.0
15.666666666666666 32.16666666666667 29.166666666666668 13.2 12.0
19.5 31.5 27.166666666666664 14.6 11.333333333333334
16.166666666666664 29.5 27.666666666666664 16.8 12.666666666666666
16.166666666666664 26.166666666666668 28.5 15.4 13.666666666666668
16.0 32.16666666666667 29.5 16.8 12.666666666666666
14.666666666666666 29.166666666666668 27.0 14.6 12.166666666666666
16.0 31.5 27.5 15.8 12.666666666666666
15.833333333333334 27.833333333333336 28.333333333333332 19.400000000000002 13.5
14.666666666666666 29.333333333333332 29.333333333333332 13.0 12.5
13.833333333333332 28.5 33.333333333333336 12.6 11.0
16.5 30.0 27.833333333333336 13.4 12.666666666666666
16.5 30.833333333333336 27.833333333333336 12.6 13.0
16.0 30.666666666666664 27.833333333333336 16.8 15.5
13.5 29.166666666666668 27.666666666666664 15.0 13.0
15.666666666666666 29.666666666666668 29.5 13.4 14.833333333333334
14.666666666666666 30.166666666666668 29.166666666666668 16.2 12.5
15.666666666666666 29.166666666666668 28.666666666666668 13.799999999999999 14.333333333333334
16.0 29.5 29.0 15.2 14.0
14.833333333333334 30.166666666666668 29.166666666666668 13.799999999999999 13.166666666666666
14.0 32.833333333333336 27.0 17.8 12.833333333333334
16.333333333333332 29.333333333333332 30.833333333333336 15.8 13.833333333333332
15.0 28.5 29.0 16.400000000000002 11.833333333333332
15.833333333333334 28.0 27.5 15.8 10.833333333333334
15.166666666666666 30.333333333333332 29.333333333333332 14.8 12.166666666666666
15.5 29.5 31.833333333333332 18.2 13.166666666666666
16.666666666666668 30.0 28.0 13.2 13.0
17.333333333333332 28.333333333333332 29.0 14.8 12.5
16.833333333333332 28.5 31.333333333333332 12.4 12.666666666666666
17.5 28.166666666666668 28.166666666666668 16.6 12.666666666666666
16.5 28.833333333333332 31.833333333333332 13.4 12.833333333333334
14.666666666666666 30.666666666666664 28.5 14.200000000000001 12.166666666666666
20.333333333333332 30.166666666666668 26.666666666666668 14.6 12.333333333333334
16.0 26.833333333333336 25.5 12.0 14.333333333333334
14.5 29.833333333333332 27.666666666666664 15.0 11.666666666666668
14.833333333333334 29.333333333333332 33.333333333333336 17.6 13.166666666666666
15.666666666666666 33.5 29.5 13.6 12.166666666666666
16.5 31.666666666666668 25.666666666666668 16.400000000000002 13.666666666666668
13.166666666666666 27.833333333333336 29.166666666666668 16.0 11.666666666666668
14.333333333333334 24.333333333333332 27.5 12.8 14.666666666666666
16.166666666666664 31.833333333333332 29.166666666666668 14.4 12.0
16.0 31.833333333333332 27.333333333333336 14.0 12.333333333333334
14.333333333333334 29.5 29.166666666666668 13.4 11.833333333333332
18.166666666666668 28.5 28.166666666666668 13.6 13.833333333333332
13.833333333333332 34.666666666666664 28.0 15.6 11.0
14.666666666666666 28.166666666666668 29.166666666666668 14.0 12.333333333333334
15.5 31.0 29.333333333333332 15.6 11.333333333333334
17.166666666666668 30.666666666666664 25.166666666666668 15.2 10.5
16.666666666666668 28.666666666666668 29.166666666666668 15.0 13.333333333333334
16.5 30.833333333333336 30.666666666666664 17.4 13.0
16.666666666666668 29.833333333333332 30.0 15.8 10.666666666666666
17.666666666666668 26.333333333333332 26.5 16.400000000000002 14.166666666666666
16.833333333333332 28.666666666666668 30.0 16.2 12.5
15.333333333333332 31.0 31.0 14.200000000000001 13.833333333333332
15.666666666666666 28.0 30.166666666666668 14.0 12.166666666666666
15.833333333333334 27.5 30.666666666666664 14.4 13.166666666666666
17.666666666666668 29.0 28.5 16.6 13.5
19.166666666666664 29.5 27.833333333333336 15.0 13.0
16.5 33.833333333333336 27.833333333333336 13.6 12.0
14.833333333333334 29.833333333333332 29.666666666666668 14.6 12.166666666666666
15.5 30.166666666666668 27.666666666666664 14.4 11.333333333333334
14.166666666666666 33.666666666666664 31.0 15.6 12.833333333333334
16.5 29.833333333333332 28.0 15.8 12.0
20.333333333333332 33.333333333333336 30.0 16.400000000000002 12.0
14.0 29.0 31.833333333333332 14.8 13.666666666666668
14.666666666666666 28.166666666666668 30.0 16.0 11.666666666666668
13.666666666666668 28.666666666666668 26.5 13.2 14.333333333333334
14.166666666666666 33.166666666666664 26.666666666666668 15.4 12.166666666666666
17.5 32.33333333333333 30.166666666666668 13.6 11.833333333333332
18.5 31.666666666666668 26.666666666666668 16.2 14.333333333333334
14.166666666666666 30.166666666666668 25.5 14.8 13.666666666666668
14.0 27.666666666666664 27.833333333333336 14.4 15.5
18.0 29.166666666666668 27.5 17.4 14.666666666666666
15.833333333333334 32.5 30.166666666666668 14.200000000000001 12.833333333333334
13.166666666666666 29.333333333333332 29.166666666666668 13.2 14.5
15.0 30.666666666666664 30.0 17.0 10.0
16.166666666666664 30.166666666666668 29.333333333333332 13.799999999999999 14.333333333333334
17.166666666666668 28.833333333333332 29.166666666666668 15.6 13.166666666666666
15.666666666666666 28.5 27.5 15.8 12.666666666666666
15.666666666666666 27.833333333333336 30.5 14.4 13.833333333333332
14.666666666666666 31.0 30.833333333333336 14.200000000000001 14.0
14.0 16.166666666666664 17.166666666666668 16.6 12.5
15.0 13.5 14.666666666666666 16.400000000000002 17.666666666666668
13.166666666666666 15.833333333333334 17.666666666666668 14.8 14.0
17.833333333333332 16.333333333333332 14.5 15.6 13.333333333333334
13.833333333333332 32.33333333333333 30.666666666666664 11.4 11.166666666666666
14.5 16.166666666666664 17.666666666666668 15.2 16.833333333333332
17.0 14.333333333333334 15.166666666666666 15.6 15.166666666666666
13.5 16.0 18.333333333333332 13.2 15.166666666666666
15.833333333333334 15.5 17.5 14.6 13.0
14.5 28.666666666666668 32.16666666666667 15.6 11.666666666666668
14.833333333333334 14.666666666666666 14.166666666666666 14.200000000000001 15.833333333333334
14.166666666666666 15.5 16.0 12.8 15.5
16.0 16.833333333333332 14.333333333333334 14.4 14.833333333333334
15.166666666666666 16.833333333333332 17.0 13.0 16.5
16.166666666666664 32.33333333333333 27.166666666666664 14.8 12.5
16.5 12.166666666666666 14.5 15.2 13.166666666666666
15.833333333333334 17.833333333333332 14.666666666666666 13.6 17.833333333333332
15.833333333333334 15.5 12.333333333333334 16.2 12.833333333333334
14.333333333333334 18.166666666666668 14.333333333333334 14.6 15.333333333333332
15.666666666666666 26.333333333333332 30.5 16.0 11.166666666666666
12.333333333333334 15.5 16.5 15.4 14.166666666666666
18.333333333333332 18.166666666666668 16.333333333333332 14.0 12.5
15.0 15.666666666666666 13.0 17.4 16.0
16.5 14.833333333333334 11.5 17.8 14.5
16.5 16.833333333333332 16.5 11.4 14.166666666666666
15.0 17.5 16.333333333333332 14.0 15.833333333333334
16.0 14.666666666666666 12.5 15.8 16.166666666666664
16.0 14.333333333333334 13.666666666666668 14.8 17.333333333333332
15.0 16.166666666666664 16.5 12.6 16.833333333333332
13.0 15.166666666666666 15.666666666666666 14.0 15.0
15.166666666666666 31.5 33.833333333333336 12.6 13.333333333333334
15.0 30.333333333333332 32.833333333333336 17.6 13.0
16.833333333333332 24.833333333333332 33.833333333333336 15.4 13.0
18.5 26.666666666666668 33.666666666666664 15.8 12.833333333333334
16.0 25.666666666666668 33.333333333333336 17.2 13.166666666666666
17.0 25.5 30.166666666666668 16.8 14.333333333333334
15.166666666666666 22.0 31.666666666666668 17.4 10.666666666666666
14.833333333333334 27.0 32.5 17.0 15.5
15.0 27.0 34.166666666666664 13.0 13.5
15.166666666666666 26.166666666666668 34.166666666666664 15.0 15.166666666666666
15.833333333333334 26.5 35.666666666666664 13.2 15.333333333333332
16.833333333333332 25.166666666666668 34.166666666666664 10.8 12.166666666666666
18.833333333333332 26.5 32.833333333333336 15.8 12.833333333333334
15.5 29.333333333333332 33.333333333333336 16.0 13.833333333333332
12.833333333333334 26.666666666666668 33.833333333333336 18.0 13.666666666666668
14.5 29.666666666666668 34.833333333333336 16.0 11.0
15.166666666666666 27.5 35.666666666666664 14.6 13.5
15.333333333333332 22.0 32.666666666666664 16.400000000000002 12.166666666666666
16.833333333333332 24.166666666666668 34.333333333333336 15.0 14.5
16.5 26.5 36.5 15.0 12.5
12.833333333333334 25.5 34.666666666666664 14.4 14.333333333333334
16.333333333333332 23.833333333333336 34.666666666666664 16.0 11.5
13.0 27.333333333333336 35.166666666666664 19.599999999999998 9.666666666666668
15.0 28.333333333333332 31.0 18.4 11.5
13.0 27.666666666666664 34.833333333333336 16.0 15.666666666666666
16.0 28.0 31.333333333333332 17.4 13.5
15.833333333333334 28.166666666666668 33.333333333333336 16.2 11.666666666666668
13.0 27.0 37.166666666666664 15.2 13.333333333333334
13.333333333333334 28.5 36.666666666666664 18.8 12.0
14.166666666666666 28.666666666666668 34.166666666666664 15.2 11.666666666666668
17.0 27.0 34.166666666666664 15.6 13.0
12.833333333333334 29.0 36.666666666666664 14.0 12.833333333333334
16.0 27.333333333333336 33.5 18.8 14.5
17.833333333333332 27.666666666666664 40.33333333333333 18.4 10.166666666666666
16.333333333333332 27.333333333333336 40.16666666666667 11.4 12.333333333333334
13.166666666666666 30.333333333333332 36.5 16.0 11.5
15.666666666666666 27.666666666666664 39.33333333333333 17.8 12.333333333333334
16.0 29.833333333333332 38.83333333333333 16.8 13.833333333333332
17.333333333333332 27.5 38.5 19.400000000000002 13.333333333333334
14.0 29.333333333333332 38.5 14.6 12.833333333333334
14.166666666666666 28.333333333333332 38.5 15.8 11.833333333333332
13.333333333333334 26.666666666666668 42.333333333333336 14.6 12.333333333333334
14.833333333333334 26.833333333333336 44.0 14.8 13.666666666666668
14.166666666666666 29.666666666666668 42.333333333333336 17.2 14.833333333333334
15.666666666666666 28.666666666666668 41.5 13.6 10.833333333333334
16.333333333333332 28.333333333333332 39.0 15.8 10.5
14.0 30.333333333333332 42.5 16.8 12.666666666666666
15.833333333333334 30.0 43.666666666666664 14.6 11.666666666666668
15.666666666666666 29.333333333333332 42.833333333333336 17.4 13.166666666666666
13.666666666666668 29.0 42.166666666666664 19.2 13.333333333333334
13.666666666666668 27.166666666666664 43.166666666666664 18.599999999999998 11.833333333333332
15.5 30.0 43.666666666666664 14.0 11.0
13.833333333333332 30.333333333333332 42.5 13.4 12.666666666666666
13.0 33.0 43.833333333333336 15.4 11.166666666666666
13.5 30.833333333333336 45.5 18.4 8.5
12.666666666666666 28.666666666666668 42.5 16.6 10.5
12.833333333333334 27.5 44.666666666666664 14.0 9.833333333333332
15.166666666666666 27.833333333333336 43.166666666666664 15.0 12.666666666666666
15.166666666666666 31.666666666666668 43.5 16.400000000000002 13.166666666666666
11.5 30.333333333333332 43.333333333333336 16.6 11.166666666666666
13.166666666666666 27.0 41.833333333333336 13.0 13.0
16.0 28.0 43.333333333333336 18.0 11.5
12.333333333333334 32.666666666666664 43.833333333333336 18.0 12.833333333333334
12.833333333333334 30.666666666666664 41.0 14.6 13.333333333333334
14.166666666666666 31.166666666666664 47.66666666666667 15.4 13.166666666666666
13.333333333333334 30.333333333333332 44.166666666666664 18.8 9.333333333333334
14.666666666666666 31.833333333333332 45.333333333333336 18.599999999999998 12.666666666666666
14.833333333333334 29.5 44.666666666666664 16.8 12.0
13.5 29.166666666666668 45.66666666666667 17.8 13.666666666666668
14.0 32.16666666666667 43.5 17.6 11.0
13.166666666666666 31.833333333333332 45.5 17.6 13.166666666666666
15.166666666666666 27.166666666666664 45.5 14.6 11.5
15.666666666666666 31.333333333333332 46.16666666666667 15.8 12.166666666666666
13.333333333333334 28.166666666666668 46.16666666666667 15.8 12.666666666666666
16.5 30.0 42.833333333333336 16.0 11.166666666666666
16.833333333333332 28.166666666666668 45.5 19.400000000000002 14.5
15.833333333333334 28.166666666666668 45.5 16.8 13.5
16.666666666666668 31.833333333333332 47.0 17.0 8.5
15.5 30.5 44.333333333333336 17.4 10.666666666666666
15.833333333333334 30.5 43.333333333333336 17.6 10.0
18.0 29.0 46.16666666666667 16.2 9.666666666666668
15.166666666666666 30.5 43.666666666666664 14.8 12.666666666666666
14.333333333333334 32.5 44.666666666666664 15.6 14.166666666666666
13.166666666666666 30.833333333333336 40.666666666666664 15.4 11.333333333333334
14.666666666666666 28.833333333333332 40.16666666666667 13.799999999999999 11.333333333333334
12.833333333333334 30.166666666666668 43.166666666666664 17.2 12.666666666666666
14.833333333333334 27.333333333333336 46.33333333333333 15.8 11.5
14.333333333333334 33.0 43.166666666666664 16.400000000000002 12.166666666666666
15.5 30.166666666666668 44.5 15.4 12.333333333333334
14.166666666666666 28.333333333333332 42.166666666666664 15.8 11.166666666666666
13.0 32.5 44.166666666666664 16.2 12.0
13.666666666666668 29.666666666666668 45.333333333333336 14.0 14.166666666666666
13.5 32.33333333333333 44.833333333333336 15.8 11.166666666666666
16.5 28.5 44.666666666666664 14.4 12.5
