9.307692307692308 18.321428571428573 16.612903225806452 11.0 9.821428571428571
11.038461538461538 17.32142857142857 16.193548387096772 9.719999999999999 9.75
10.615384615384615 18.071428571428573 15.709677419354838 9.28 9.785714285714286
10.5 19.25 15.548387096774194 11.04 9.142857142857144
11.0 17.428571428571427 16.29032258064516 9.48 9.964285714285714
10.076923076923077 17.035714285714285 15.64516129032258 11.12 8.392857142857142
10.923076923076923 18.607142857142858 17.451612903225804 9.12 9.107142857142858
10.038461538461538 20.214285714285715 17.67741935483871 9.24 9.321428571428571
10.076923076923077 18.821428571428573 17.548387096774196 9.4 8.678571428571427
10.038461538461538 19.857142857142858 16.580645161290324 9.799999999999999 8.0
10.26923076923077 18.67857142857143 16.677419354838708 11.36 10.857142857142858
9.807692307692307 19.5 15.193548387096774 9.28 10.285714285714285
10.923076923076923 16.82142857142857 17.516129032258068 10.44 9.964285714285714
9.538461538461538 19.0 16.451612903225808 9.4 9.071428571428571
9.615384615384617 19.107142857142858 15.580645161290322 8.959999999999999 10.464285714285714
10.769230769230768 17.107142857142854 15.903225806451614 9.48 9.392857142857142
10.961538461538462 18.03571428571429 16.38709677419355 9.32 8.892857142857144
9.038461538461538 17.821428571428573 15.548387096774194 10.040000000000001 9.107142857142858
9.192307692307692 17.07142857142857 17.64516129032258 9.4 8.928571428571429
10.384615384615385 19.214285714285715 14.193548387096776 10.76 9.892857142857142
9.576923076923077 18.642857142857142 17.806451612903224 10.68 8.285714285714285
9.884615384615383 19.785714285714285 17.129032258064516 9.6 9.178571428571429
10.461538461538462 17.642857142857146 16.41935483870968 9.48 10.357142857142856
10.384615384615385 17.25 16.38709677419355 11.24 9.642857142857142
9.5 19.142857142857142 16.29032258064516 10.319999999999999 8.142857142857142
10.538461538461538 18.607142857142858 16.580645161290324 8.72 8.714285714285714
11.076923076923077 18.214285714285715 15.677419354838708 10.44 9.857142857142858
11.26923076923077 18.25 16.677419354838708 9.84 9.178571428571429
10.423076923076923 18.964285714285715 15.32258064516129 9.2 9.75
9.615384615384617 20.857142857142858 16.193548387096772 9.520000000000001 8.964285714285715
10.5 17.78571428571429 15.483870967741936 9.879999999999999 8.071428571428571
12.5 18.03571428571429 15.419354838709678 9.719999999999999 9.035714285714286
10.076923076923077 19.642857142857142 16.258064516129032 10.52 9.428571428571429
10.26923076923077 18.17857142857143 16.70967741935484 12.08 8.642857142857142
10.576923076923077 17.107142857142854 15.483870967741936 9.2 8.535714285714285
10.538461538461538 16.75 15.258064516129032 11.12 8.678571428571427
8.23076923076923 16.857142857142858 16.967741935483872 9.56 10.5
11.0 18.392857142857142 15.838709677419356 10.4 8.928571428571429
10.153846153846153 19.0 15.64516129032258 9.799999999999999 9.0
10.5 17.285714285714285 17.129032258064516 9.799999999999999 10.428571428571429
11.307692307692308 17.607142857142858 15.29032258064516 9.520000000000001 9.428571428571429
9.923076923076923 18.571428571428573 15.741935483870966 9.6 9.0
9.538461538461538 18.92857142857143 17.161290322580644 9.4 9.321428571428571
10.346153846153847 17.857142857142858 16.580645161290324 11.0 9.607142857142858
10.807692307692308 19.464285714285715 16.516129032258064 9.68 9.178571428571429
9.153846153846153 17.642857142857146 16.258064516129032 9.639999999999999 8.392857142857142
10.653846153846155 19.75 16.612903225806452 9.84 9.75
9.153846153846153 17.107142857142854 15.677419354838708 10.44 10.178571428571429
11.0 18.03571428571429 17.32258064516129 10.040000000000001 8.928571428571429
11.307692307692308 18.642857142857142 16.096774193548388 10.0 8.857142857142858
9.884615384615383 18.892857142857142 16.70967741935484 9.92 9.071428571428571
9.192307692307692 18.107142857142858 16.451612903225808 9.639999999999999 9.035714285714286
9.307692307692308 17.964285714285715 16.225806451612904 10.88 8.928571428571429
10.538461538461538 18.25 16.161290322580644 9.56 9.857142857142858
11.423076923076923 18.857142857142858 15.709677419354838 9.76 9.035714285714286
10.076923076923077 17.78571428571429 15.677419354838708 9.32 9.785714285714286
10.307692307692308 18.03571428571429 16.516129032258064 11.12 8.571428571428571
10.346153846153847 20.46428571428571 16.677419354838708 9.96 9.785714285714286
9.76923076923077 18.785714285714285 17.129032258064516 8.959999999999999 10.571428571428571
9.076923076923077 19.82142857142857 14.741935483870966 10.16 9.5
9.884615384615383 19.607142857142858 16.032258064516128 10.84 9.071428571428571
10.884615384615385 18.42857142857143 16.225806451612904 10.0 8.035714285714285
9.615384615384617 18.714285714285715 16.258064516129032 10.040000000000001 9.392857142857142
10.346153846153847 18.392857142857142 16.0 10.48 9.357142857142858
11.038461538461538 17.107142857142854 16.806451612903224 9.799999999999999 9.25
10.076923076923077 19.607142857142858 15.258064516129032 8.6 9.357142857142858
10.615384615384615 18.5 16.903225806451612 9.84 9.392857142857142
9.576923076923077 18.607142857142858 16.741935483870968 9.4 9.25
10.23076923076923 17.892857142857146 16.741935483870968 11.04 9.071428571428571
10.153846153846153 17.92857142857143 16.096774193548388 9.4 8.892857142857144
9.192307692307692 19.17857142857143 15.064516129032258 10.120000000000001 9.821428571428571
9.76923076923077 17.607142857142858 16.870967741935484 9.799999999999999 9.571428571428571
10.730769230769232 19.464285714285715 17.03225806451613 9.12 8.535714285714285
10.153846153846153 16.46428571428571 15.193548387096774 11.08 8.928571428571429
9.115384615384615 18.464285714285715 16.064516129032256 11.04 8.785714285714285
9.73076923076923 18.53571428571429 16.41935483870968 11.4 8.892857142857144
9.076923076923077 18.392857142857142 15.580645161290322 9.48 9.142857142857144
9.76923076923077 17.357142857142854 17.838709677419356 10.68 8.607142857142856
9.423076923076923 18.107142857142858 16.677419354838708 10.68 8.75
10.384615384615385 17.357142857142854 15.032258064516128 10.88 9.964285714285714
11.115384615384615 17.5 16.806451612903224 8.959999999999999 9.607142857142858
10.692307692307692 16.892857142857142 16.0 9.16 10.857142857142858
8.769230769230768 17.428571428571427 16.41935483870968 9.4 10.785714285714286
9.346153846153847 17.78571428571429 18.61290322580645 10.36 8.714285714285714
10.115384615384615 18.714285714285715 16.70967741935484 10.56 10.214285714285714
8.884615384615385 17.46428571428571 15.096774193548388 8.52 10.214285714285714
9.76923076923077 17.75 16.870967741935484 10.56 9.392857142857142
10.0 19.535714285714285 15.64516129032258 9.56 10.5
10.346153846153847 16.928571428571427 16.32258064516129 10.52 8.892857142857144
11.346153846153847 19.214285714285715 16.483870967741936 9.48 8.964285714285715
9.807692307692307 17.392857142857142 16.32258064516129 11.6 9.142857142857144
10.846153846153845 19.357142857142858 16.677419354838708 9.879999999999999 9.642857142857142
10.576923076923077 18.892857142857142 16.29032258064516 10.88 9.5
9.961538461538462 17.428571428571427 15.64516129032258 10.6 9.857142857142858
9.923076923076923 18.53571428571429 16.64516129032258 9.84 10.071428571428571
10.0 18.0 16.29032258064516 11.36 10.321428571428571
9.807692307692307 17.892857142857146 15.935483870967742 8.56 9.678571428571429
12.615384615384615 18.28571428571429 16.096774193548388 9.92 9.0
10.538461538461538 20.5 14.96774193548387 9.639999999999999 8.928571428571429
10.038461538461538 20.214285714285715 17.03225806451613 9.76 9.321428571428571
10.423076923076923 19.357142857142858 16.064516129032256 10.72 7.785714285714286
9.461538461538462 9.428571428571429 10.129032258064516 10.88 9.857142857142858
10.307692307692308 10.535714285714285 10.548387096774194 10.200000000000001 10.25
10.384615384615385 9.571428571428571 10.903225806451612 9.92 10.178571428571429
10.461538461538462 9.678571428571429 10.0 10.0 8.678571428571427
10.538461538461538 17.428571428571427 16.29032258064516 9.56 9.142857142857144
10.423076923076923 9.857142857142858 10.451612903225806 9.32 10.071428571428571
9.5 11.035714285714286 10.129032258064516 10.36 10.928571428571429
10.26923076923077 11.214285714285715 9.774193548387096 11.639999999999999 10.785714285714286
10.307692307692308 9.964285714285714 9.709677419354838 10.76 9.75
9.76923076923077 16.392857142857142 19.258064516129032 10.08 10.285714285714285
9.76923076923077 9.5 10.096774193548386 10.48 10.321428571428571
9.692307692307693 10.035714285714285 11.516129032258064 10.44 11.071428571428571
9.884615384615383 9.107142857142858 10.225806451612904 10.040000000000001 10.035714285714285
9.73076923076923 9.285714285714286 10.774193548387098 11.799999999999999 10.607142857142856
9.26923076923077 18.357142857142858 17.161290322580644 10.0 9.821428571428571
9.038461538461538 11.035714285714286 11.612903225806452 10.08 9.428571428571429
8.653846153846155 10.285714285714285 10.709677419354838 10.16 10.357142857142856
11.5 9.25 10.838709677419356 10.48 10.5
9.692307692307693 10.571428571428571 10.451612903225806 10.040000000000001 9.892857142857142
10.807692307692308 14.892857142857144 18.419354838709676 10.0 8.892857142857144
10.23076923076923 9.821428571428571 10.580645161290322 10.0 10.464285714285714
9.076923076923077 9.857142857142858 11.096774193548388 10.319999999999999 10.142857142857142
9.884615384615383 9.321428571428571 9.870967741935484 10.959999999999999 10.357142857142856
9.192307692307692 9.428571428571429 11.032258064516128 10.44 9.714285714285714
10.307692307692308 9.714285714285714 11.096774193548388 9.879999999999999 9.857142857142858
9.461538461538462 10.142857142857142 11.838709677419354 10.8 9.821428571428571
10.23076923076923 10.321428571428571 10.129032258064516 10.040000000000001 9.285714285714286
9.884615384615383 9.857142857142858 10.64516129032258 9.92 10.571428571428571
10.384615384615385 10.285714285714285 10.483870967741936 10.319999999999999 10.785714285714286
10.423076923076923 11.357142857142858 9.580645161290322 9.76 10.964285714285715
8.961538461538462 16.285714285714285 18.193548387096776 9.4 9.071428571428571
10.615384615384615 14.964285714285715 18.70967741935484 8.8 8.071428571428571
10.615384615384615 14.571428571428571 18.838709677419356 11.0 8.357142857142856
9.846153846153847 16.71428571428571 18.967741935483872 10.6 8.714285714285714
10.653846153846155 16.82142857142857 17.03225806451613 10.0 8.142857142857142
10.615384615384615 17.25 18.483870967741936 9.68 9.357142857142858
9.461538461538462 17.21428571428571 19.258064516129032 10.16 9.321428571428571
9.615384615384617 15.428571428571429 19.225806451612904 11.08 9.821428571428571
9.653846153846153 15.5 18.419354838709676 9.84 9.678571428571429
9.26923076923077 17.25 18.322580645161292 9.4 9.214285714285715
11.384615384615385 15.142857142857144 17.35483870967742 10.08 10.25
11.192307692307692 15.75 18.225806451612904 10.48 9.428571428571429
9.846153846153847 15.035714285714286 18.774193548387096 9.520000000000001 8.178571428571429
10.346153846153847 17.142857142857142 17.129032258064516 10.6 9.428571428571429
10.26923076923077 16.75 18.774193548387096 9.24 9.25
10.038461538461538 16.607142857142858 18.032258064516128 9.520000000000001 10.0
9.346153846153847 17.107142857142854 17.93548387096774 10.0 10.214285714285714
9.76923076923077 16.25 18.93548387096774 9.28 9.607142857142858
10.346153846153847 15.642857142857142 18.032258064516128 10.68 9.285714285714286
10.538461538461538 16.428571428571427 18.516129032258064 9.96 9.428571428571429
10.423076923076923 15.821428571428573 20.225806451612904 9.520000000000001 9.642857142857142
10.653846153846155 15.571428571428571 18.06451612903226 9.92 8.357142857142856
10.884615384615385 15.928571428571427 18.61290322580645 10.0 10.5
9.73076923076923 17.78571428571429 16.967741935483872 10.24 9.964285714285714
10.5 15.892857142857142 17.96774193548387 10.16 10.285714285714285
10.538461538461538 17.142857142857142 17.35483870967742 10.76 9.678571428571429
11.153846153846153 15.75 18.0 10.52 8.642857142857142
9.384615384615385 16.107142857142858 18.741935483870968 10.56 9.107142857142858
9.961538461538462 17.607142857142858 17.70967741935484 10.92 9.25
10.576923076923077 15.714285714285715 18.741935483870968 9.12 8.392857142857142
8.26923076923077 16.57142857142857 18.548387096774192 9.799999999999999 9.357142857142858
9.846153846153847 15.642857142857142 19.225806451612904 11.04 8.142857142857142
10.461538461538462 14.214285714285714 19.322580645161292 11.32 8.5
9.538461538461538 16.46428571428571 17.93548387096774 11.0 10.535714285714285
9.307692307692308 17.392857142857142 18.70967741935484 11.520000000000001 8.714285714285714
9.615384615384617 17.142857142857142 19.225806451612904 10.76 9.285714285714286
10.23076923076923 17.107142857142854 18.61290322580645 12.0 10.357142857142856
11.307692307692308 16.892857142857142 18.838709677419356 12.200000000000001 9.5
10.115384615384615 16.785714285714285 17.903225806451612 10.319999999999999 8.964285714285715
9.423076923076923 15.571428571428571 19.032258064516128 10.08 9.642857142857142
11.653846153846153 15.464285714285715 17.93548387096774 10.6 9.142857142857144
11.73076923076923 17.392857142857142 17.580645161290324 8.72 9.392857142857142
9.923076923076923 15.642857142857142 18.483870967741936 9.08 9.642857142857142
10.192307692307692 17.142857142857142 20.354838709677416 9.639999999999999 9.392857142857142
9.192307692307692 15.464285714285715 17.225806451612904 10.319999999999999 9.214285714285715
9.576923076923077 15.821428571428573 17.774193548387096 9.68 8.107142857142858
9.615384615384617 16.035714285714285 17.129032258064516 10.040000000000001 9.142857142857144
10.653846153846155 16.428571428571427 20.483870967741936 9.96 9.178571428571429
10.730769230769232 16.142857142857142 18.0 9.2 8.642857142857142
9.653846153846153 16.642857142857142 19.225806451612904 10.44 9.857142857142858
9.884615384615383 16.25 17.806451612903224 10.48 8.571428571428571
10.076923076923077 15.321428571428571 19.451612903225808 9.08 9.285714285714286
10.576923076923077 15.928571428571427 16.935483870967744 11.08 9.214285714285715
10.076923076923077 15.571428571428571 19.161290322580644 10.6 10.25
9.5 16.142857142857142 19.64516129032258 10.76 9.321428571428571
10.307692307692308 15.785714285714285 19.129032258064516 10.4 8.607142857142856
10.769230769230768 15.857142857142858 18.161290322580648 9.96 8.571428571428571
9.5 17.178571428571427 18.61290322580645 11.24 8.857142857142858
9.538461538461538 16.428571428571427 18.29032258064516 11.24 9.285714285714286
10.076923076923077 15.821428571428573 19.64516129032258 10.28 9.178571428571429
10.961538461538462 17.107142857142854 17.612903225806452 11.36 8.428571428571429
9.5 15.857142857142858 18.645161290322584 11.08 9.392857142857142
9.5 15.035714285714286 18.451612903225804 10.6 8.607142857142856
9.5 15.571428571428571 19.032258064516128 10.4 9.857142857142858
9.615384615384617 16.142857142857142 18.967741935483872 9.799999999999999 9.142857142857144
8.692307692307692 15.0 17.67741935483871 10.959999999999999 8.607142857142856
10.0 16.07142857142857 19.387096774193548 11.12 7.9642857142857135
9.26923076923077 14.571428571428571 16.70967741935484 10.56 7.9642857142857135
10.384615384615385 16.96428571428571 18.774193548387096 8.44 8.964285714285715
9.961538461538462 16.32142857142857 18.258064516129032 10.84 9.25
9.807692307692307 15.535714285714286 19.709677419354836 10.72 8.857142857142858
9.384615384615385 15.821428571428573 19.193548387096772 10.120000000000001 8.678571428571427
9.923076923076923 15.785714285714285 19.225806451612904 9.6 8.892857142857144
9.538461538461538 15.928571428571427 18.61290322580645 11.36 8.357142857142856
9.0 17.035714285714285 18.70967741935484 10.68 9.25
8.923076923076923 16.607142857142858 18.032258064516128 10.8 8.642857142857142
10.0 18.071428571428573 20.0 9.6 8.428571428571429
10.807692307692308 16.857142857142858 20.483870967741936 11.24 9.428571428571429
10.307692307692308 15.785714285714285 17.838709677419356 10.68 10.392857142857142
11.153846153846153 17.25 17.483870967741932 9.879999999999999 9.857142857142858
9.307692307692308 14.928571428571429 18.967741935483872 10.28 9.178571428571429
10.153846153846153 16.82142857142857 18.0 10.4 9.5
10.23076923076923 15.035714285714286 15.967741935483872 9.68 10.178571428571429
9.807692307692307 14.964285714285715 17.96774193548387 10.92 8.142857142857142
9.615384615384617 15.5 18.06451612903226 10.72 9.107142857142858
10.384615384615385 15.607142857142858 19.225806451612904 11.04 10.071428571428571
9.230769230769232 15.642857142857142 18.387096774193548 10.88 8.892857142857144
9.846153846153847 15.964285714285715 20.0 11.639999999999999 8.607142857142856
10.961538461538462 15.464285714285715 17.516129032258068 9.639999999999999 8.535714285714285
9.153846153846153 15.464285714285715 18.93548387096774 10.120000000000001 9.035714285714286
10.653846153846155 17.32142857142857 19.193548387096772 10.120000000000001 9.428571428571429
9.5 17.5 19.290322580645164 10.6 9.678571428571429
10.192307692307692 16.357142857142858 18.032258064516128 10.64 9.142857142857144
9.653846153846153 15.285714285714286 18.67741935483871 11.56 9.642857142857142
9.384615384615385 14.607142857142856 19.0 10.36 9.142857142857144
10.615384615384615 17.57142857142857 17.451612903225804 10.48 7.928571428571429
10.692307692307692 15.75 18.774193548387096 11.88 8.928571428571429
9.115384615384615 16.035714285714285 19.322580645161292 10.56 9.5
9.73076923076923 15.357142857142858 18.516129032258064 10.56 9.035714285714286
