72.92307692307692 71.85714285714286 72.66666666666667 74.38461538461539 73.3076923076923
70.61538461538463 71.28571428571429 70.8 74.15384615384616 72.0
71.61538461538461 72.07142857142858 71.53333333333333 73.15384615384615 73.46153846153847
71.53846153846153 71.35714285714286 71.53333333333333 73.6923076923077 72.23076923076924
71.53846153846153 70.0 70.73333333333333 73.0 72.53846153846153
71.15384615384615 69.5 69.06666666666666 71.84615384615385 72.46153846153847
70.92307692307692 70.14285714285714 69.4 73.84615384615385 71.38461538461539
72.07692307692308 72.21428571428572 70.8 73.23076923076923 72.15384615384615
70.3076923076923 70.35714285714286 69.8 73.3076923076923 72.0
72.76923076923077 71.42857142857143 71.13333333333334 74.07692307692308 73.61538461538461
72.23076923076924 71.21428571428572 69.93333333333334 72.23076923076924 72.76923076923077
72.15384615384615 69.92857142857142 70.26666666666667 72.07692307692308 72.6923076923077
71.15384615384615 70.78571428571429 70.93333333333334 71.92307692307692 73.0
70.84615384615385 71.28571428571429 70.93333333333334 73.3076923076923 73.23076923076923
70.84615384615385 69.78571428571428 69.66666666666667 72.53846153846153 71.23076923076924
71.61538461538461 70.64285714285715 70.73333333333333 73.46153846153847 72.46153846153847
73.92307692307692 71.85714285714286 72.8 75.15384615384616 74.76923076923077
70.3076923076923 71.42857142857143 70.73333333333333 72.84615384615385 71.61538461538461
72.07692307692308 72.71428571428572 70.86666666666666 73.38461538461539 73.15384615384615
72.38461538461539 72.21428571428572 72.0 73.3076923076923 73.15384615384615
73.23076923076923 71.57142857142858 71.46666666666667 74.46153846153847 73.92307692307692
70.53846153846153 70.57142857142858 71.6 73.07692307692308 71.61538461538461
72.07692307692308 70.5 70.73333333333333 73.6923076923077 72.07692307692308
71.46153846153847 70.07142857142857 71.6 72.38461538461539 70.38461538461537
72.38461538461539 71.85714285714286 71.13333333333334 73.84615384615385 73.61538461538461
71.53846153846153 70.92857142857143 71.2 72.3076923076923 72.84615384615385
71.61538461538461 71.14285714285715 71.46666666666667 74.76923076923077 74.23076923076923
72.15384615384615 72.07142857142858 71.33333333333333 73.76923076923077 71.92307692307692
71.92307692307692 70.92857142857143 71.73333333333333 73.3076923076923 72.23076923076924
72.07692307692308 71.78571428571429 70.86666666666666 74.61538461538461 73.46153846153847
71.38461538461539 71.35714285714286 69.86666666666666 73.23076923076923 73.46153846153847
70.76923076923076 70.71428571428572 71.33333333333333 73.3076923076923 72.46153846153847
70.38461538461537 70.42857142857143 70.46666666666667 72.3076923076923 71.15384615384615
71.61538461538461 70.14285714285714 70.86666666666666 73.84615384615385 71.61538461538461
71.84615384615385 72.57142857142857 70.33333333333333 73.0 71.53846153846153
73.3076923076923 72.71428571428572 72.8 74.07692307692308 74.0
71.07692307692308 71.28571428571429 71.2 73.07692307692308 73.61538461538461
72.3076923076923 72.14285714285715 72.06666666666666 74.07692307692308 74.0
71.3076923076923 70.64285714285715 70.06666666666666 74.23076923076923 72.38461538461539
72.46153846153847 71.85714285714286 71.86666666666666 74.07692307692308 73.07692307692308
72.15384615384615 71.92857142857143 71.73333333333333 74.0 72.3076923076923
71.15384615384615 70.78571428571429 69.8 73.84615384615385 71.76923076923076
71.46153846153847 70.28571428571428 69.8 74.23076923076923 71.61538461538461
72.46153846153847 70.64285714285715 70.86666666666666 74.07692307692308 73.0
70.3076923076923 70.14285714285714 70.13333333333334 72.15384615384615 70.84615384615385
71.61538461538461 70.78571428571429 71.26666666666667 72.07692307692308 72.23076923076924
71.23076923076924 71.14285714285715 70.0 73.76923076923077 71.6923076923077
70.84615384615385 70.07142857142857 69.33333333333333 72.46153846153847 71.46153846153847
71.23076923076924 70.64285714285715 71.2 74.0 71.6923076923077
73.3076923076923 71.71428571428572 71.66666666666667 74.53846153846153 72.84615384615385
73.15384615384615 71.5 71.06666666666666 74.6923076923077 72.84615384615385
70.76923076923076 70.57142857142858 70.26666666666667 74.0 72.3076923076923
72.38461538461539 72.14285714285715 70.8 72.53846153846153 72.76923076923077
72.23076923076924 71.07142857142858 70.6 73.38461538461539 73.0
72.07692307692308 69.07142857142857 70.06666666666666 73.3076923076923 72.61538461538461
71.61538461538461 71.0 71.26666666666667 73.23076923076923 72.6923076923077
72.0 70.0 69.93333333333334 73.46153846153847 71.92307692307692
72.0 70.35714285714286 71.13333333333334 73.53846153846153 72.6923076923077
72.15384615384615 71.0 71.33333333333333 72.6923076923077 74.46153846153847
72.6923076923077 70.07142857142857 70.4 72.15384615384615 72.92307692307692
72.3076923076923 70.64285714285715 70.46666666666667 73.0 73.6923076923077
71.15384615384615 71.0 70.4 74.0 71.84615384615385
73.0 71.57142857142858 71.46666666666667 74.15384615384616 74.6923076923077
72.3076923076923 71.57142857142858 72.0 73.61538461538461 72.84615384615385
71.53846153846153 69.71428571428571 70.4 73.23076923076923 70.76923076923076
71.3076923076923 70.57142857142858 70.93333333333334 72.15384615384615 72.76923076923077
71.38461538461539 70.14285714285714 71.4 73.0 72.76923076923077
72.15384615384615 71.71428571428572 71.33333333333333 74.6923076923077 73.92307692307692
72.07692307692308 71.57142857142858 71.66666666666667 73.53846153846153 73.61538461538461
71.6923076923077 69.92857142857142 69.4 72.6923076923077 71.38461538461539
71.84615384615385 70.71428571428572 70.6 73.76923076923077 72.07692307692308
72.84615384615385 71.21428571428572 72.33333333333333 75.07692307692308 73.6923076923077
72.3076923076923 70.71428571428572 71.86666666666666 74.6923076923077 73.07692307692308
72.15384615384615 70.35714285714286 70.06666666666666 73.84615384615385 71.84615384615385
71.07692307692308 70.78571428571429 69.8 71.84615384615385 72.38461538461539
71.07692307692308 69.5 70.6 73.15384615384615 71.15384615384615
71.61538461538461 71.21428571428572 71.2 72.38461538461539 70.84615384615385
70.46153846153847 69.42857142857142 70.53333333333333 72.53846153846153 70.53846153846153
70.23076923076924 69.92857142857142 70.46666666666667 72.84615384615385 71.15384615384615
71.23076923076924 69.5 69.86666666666666 72.76923076923077 71.84615384615385
72.38461538461539 70.78571428571429 71.13333333333334 72.61538461538461 73.3076923076923
72.15384615384615 69.21428571428571 70.4 73.38461538461539 72.23076923076924
70.84615384615385 69.28571428571428 71.0 74.3076923076923 72.92307692307692
71.61538461538461 69.78571428571428 71.4 73.61538461538461 73.23076923076923
71.61538461538461 69.14285714285714 69.46666666666667 72.15384615384615 72.15384615384615
70.92307692307692 69.14285714285714 70.2 73.53846153846153 72.15384615384615
73.46153846153847 71.57142857142858 71.0 74.76923076923077 73.92307692307692
70.46153846153847 70.07142857142857 69.93333333333334 73.07692307692308 73.0
71.23076923076924 69.35714285714285 69.8 73.46153846153847 71.53846153846153
70.53846153846153 69.35714285714285 70.26666666666667 73.0 71.6923076923077
70.6923076923077 68.5 69.73333333333333 72.6923076923077 71.53846153846153
71.23076923076924 70.0 70.33333333333333 73.3076923076923 72.61538461538461
72.15384615384615 69.35714285714285 70.8 74.61538461538461 72.61538461538461
72.07692307692308 69.71428571428571 70.73333333333333 73.92307692307692 73.92307692307692
71.76923076923076 69.71428571428571 71.53333333333333 74.15384615384616 73.3076923076923
72.23076923076924 70.0 70.86666666666666 72.6923076923077 73.84615384615385
71.53846153846153 69.42857142857142 70.6 73.07692307692308 71.6923076923077
70.6923076923077 69.64285714285714 69.46666666666667 72.76923076923077 72.23076923076924
73.07692307692308 69.92857142857142 70.93333333333334 73.53846153846153 73.6923076923077
72.53846153846153 69.85714285714285 72.2 74.76923076923077 73.6923076923077
73.0 69.85714285714285 71.6 74.61538461538461 74.53846153846153
67.0 67.21428571428571 67.13333333333334 67.53846153846153 68.61538461538461
65.76923076923077 65.28571428571428 65.8 64.61538461538461 65.53846153846153
67.07692307692308 66.5 67.13333333333334 66.6923076923077 66.92307692307692
66.15384615384616 65.07142857142857 66.33333333333333 66.46153846153847 67.6923076923077
71.6923076923077 69.35714285714285 70.53333333333333 73.92307692307692 72.6923076923077
65.76923076923077 66.0 66.8 66.38461538461539 66.61538461538461
66.0 65.78571428571428 66.13333333333334 66.38461538461539 66.0
66.92307692307692 67.0 66.66666666666667 65.6923076923077 66.61538461538461
65.92307692307692 66.14285714285714 66.13333333333334 65.6923076923077 67.07692307692308
72.38461538461539 70.57142857142858 69.13333333333334 72.6923076923077 73.23076923076923
65.07692307692308 64.28571428571428 64.73333333333333 65.6923076923077 67.07692307692308
67.15384615384615 68.0 67.13333333333334 67.38461538461539 66.6923076923077
65.84615384615384 66.92857142857143 66.93333333333334 66.53846153846153 66.92307692307692
65.53846153846153 65.07142857142857 66.33333333333333 65.84615384615384 66.38461538461539
71.23076923076924 68.57142857142857 71.06666666666666 72.0 71.46153846153847
67.0 67.5 66.4 65.76923076923077 68.15384615384615
66.46153846153847 66.57142857142857 66.13333333333334 64.76923076923077 67.0
66.84615384615385 65.78571428571428 65.4 66.53846153846153 67.23076923076923
65.84615384615384 66.14285714285714 66.66666666666667 65.6923076923077 65.38461538461539
72.53846153846153 71.35714285714286 70.13333333333334 73.84615384615385 73.3076923076923
66.3076923076923 66.21428571428571 66.4 67.46153846153847 65.38461538461539
64.76923076923077 66.0 65.93333333333332 66.15384615384616 65.15384615384616
66.15384615384616 65.85714285714285 65.13333333333334 65.0 65.3076923076923
65.61538461538461 65.71428571428571 65.60000000000001 65.92307692307692 65.23076923076923
64.92307692307692 65.28571428571428 65.66666666666667 64.92307692307692 65.61538461538461
66.46153846153847 66.07142857142857 65.46666666666667 65.23076923076923 66.46153846153847
67.53846153846153 67.0 66.93333333333334 67.6923076923077 67.53846153846153
65.23076923076923 65.57142857142857 65.33333333333333 64.84615384615384 66.53846153846153
66.07692307692308 66.71428571428571 66.66666666666667 66.53846153846153 66.53846153846153
66.07692307692308 66.21428571428571 67.93333333333334 67.0 67.46153846153847
72.0 69.21428571428571 68.8 72.6923076923077 73.07692307692308
72.61538461538461 70.42857142857143 70.6 74.38461538461539 74.0
73.0 69.92857142857142 69.06666666666666 74.92307692307692 73.61538461538461
71.38461538461539 70.71428571428572 69.46666666666667 72.76923076923077 72.76923076923077
72.07692307692308 70.5 70.06666666666666 75.15384615384616 74.6923076923077
72.84615384615385 69.57142857142857 69.86666666666666 74.53846153846153 73.84615384615385
71.76923076923076 70.21428571428571 69.33333333333333 73.0 74.38461538461539
72.15384615384615 70.71428571428572 69.73333333333333 73.23076923076923 73.3076923076923
71.92307692307692 69.42857142857142 68.13333333333334 72.92307692307692 73.3076923076923
74.0 70.64285714285715 69.2 73.38461538461539 73.6923076923077
71.84615384615385 69.64285714285714 67.33333333333333 73.3076923076923 74.3076923076923
72.61538461538461 70.5 67.93333333333334 73.53846153846153 73.92307692307692
71.46153846153847 70.14285714285714 68.66666666666667 72.92307692307692 73.76923076923077
70.92307692307692 68.28571428571428 68.06666666666666 72.15384615384615 72.3076923076923
71.23076923076924 67.92857142857143 67.13333333333334 72.6923076923077 72.0
71.07692307692308 69.64285714285714 67.66666666666667 73.76923076923077 74.07692307692308
70.3076923076923 68.64285714285714 68.4 74.23076923076923 72.61538461538461
72.23076923076924 69.0 66.53333333333333 73.53846153846153 73.84615384615385
72.0 69.85714285714285 67.06666666666666 73.84615384615385 73.0
72.3076923076923 68.78571428571428 65.46666666666667 73.07692307692308 73.61538461538461
72.0 68.5 67.53333333333333 74.53846153846153 73.61538461538461
70.61538461538463 67.85714285714285 65.8 72.53846153846153 72.15384615384615
71.84615384615385 70.35714285714286 67.26666666666667 75.38461538461539 74.84615384615384
70.92307692307692 68.78571428571428 62.86666666666667 73.92307692307692 71.92307692307692
73.46153846153847 69.28571428571428 65.13333333333334 75.38461538461539 74.15384615384616
72.61538461538461 69.35714285714285 63.93333333333333 74.46153846153847 74.15384615384616
72.53846153846153 69.14285714285714 64.19999999999999 73.38461538461539 74.76923076923077
73.0 69.71428571428571 63.53333333333333 76.0 74.46153846153847
71.6923076923077 67.0 61.66666666666667 73.38461538461539 72.46153846153847
72.76923076923077 67.42857142857143 59.733333333333334 72.15384615384615 72.84615384615385
71.6923076923077 67.07142857142857 60.13333333333333 72.6923076923077 73.92307692307692
72.15384615384615 68.78571428571428 60.53333333333333 73.61538461538461 74.84615384615384
73.76923076923077 68.42857142857142 60.06666666666666 74.6923076923077 75.07692307692308
74.07692307692308 68.21428571428571 57.733333333333334 75.61538461538461 75.3076923076923
73.38461538461539 67.78571428571428 57.4 74.23076923076923 73.3076923076923
72.76923076923077 66.42857142857143 56.0 73.92307692307692 74.3076923076923
72.61538461538461 67.92857142857143 56.666666666666664 74.07692307692308 73.53846153846153
70.92307692307692 64.85714285714286 50.93333333333333 72.6923076923077 72.84615384615385
73.15384615384615 67.57142857142857 52.46666666666667 74.0 75.61538461538461
71.6923076923077 66.42857142857143 52.333333333333336 73.53846153846153 75.38461538461539
74.15384615384616 66.0 50.6 72.76923076923077 74.92307692307692
73.38461538461539 65.28571428571428 48.53333333333333 72.6923076923077 74.92307692307692
74.3076923076923 66.21428571428571 49.333333333333336 73.84615384615385 75.61538461538461
72.46153846153847 64.78571428571428 48.06666666666667 74.23076923076923 75.07692307692308
72.53846153846153 63.71428571428571 46.13333333333333 73.38461538461539 74.92307692307692
73.23076923076923 64.28571428571428 43.333333333333336 72.84615384615385 74.46153846153847
73.15384615384615 63.07142857142857 43.06666666666667 72.15384615384615 75.3076923076923
71.76923076923076 62.78571428571429 39.86666666666667 73.23076923076923 74.46153846153847
74.61538461538461 64.42857142857143 41.46666666666667 73.92307692307692 76.23076923076923
73.23076923076923 62.142857142857146 39.266666666666666 72.84615384615385 76.0
74.15384615384616 62.78571428571429 38.199999999999996 73.53846153846153 76.53846153846155
73.07692307692308 63.0 35.2 73.76923076923077 75.61538461538461
74.15384615384616 61.5 36.13333333333334 72.84615384615385 75.3076923076923
73.92307692307692 61.714285714285715 36.46666666666667 72.53846153846153 76.76923076923077
75.07692307692308 62.285714285714285 31.933333333333334 74.15384615384616 76.3076923076923
73.84615384615385 61.42857142857143 33.4 73.84615384615385 76.3076923076923
73.0 60.57142857142858 30.733333333333334 72.61538461538461 76.61538461538461
73.15384615384615 58.92857142857143 27.73333333333333 72.6923076923077 75.76923076923077
74.6923076923077 60.214285714285715 26.53333333333333 72.3076923076923 77.76923076923077
75.0 60.142857142857146 26.133333333333336 74.0 78.53846153846155
75.3076923076923 58.78571428571429 22.666666666666668 72.0 77.0
74.84615384615384 58.285714285714285 21.133333333333333 73.92307692307692 77.38461538461539
74.3076923076923 57.42857142857142 20.8 72.38461538461539 77.15384615384616
73.61538461538461 56.07142857142857 17.733333333333334 71.84615384615385 76.92307692307693
75.46153846153845 57.71428571428571 19.0 73.0 76.38461538461539
75.46153846153845 57.64285714285714 16.733333333333334 73.92307692307692 78.84615384615384
75.3076923076923 56.57142857142857 15.133333333333333 72.0 78.0
74.46153846153847 55.357142857142854 13.866666666666665 70.46153846153847 77.15384615384616
74.3076923076923 55.357142857142854 12.6 71.3076923076923 78.84615384615384
76.3076923076923 55.5 11.2 71.6923076923077 78.23076923076923
76.92307692307693 53.92857142857143 12.066666666666666 73.61538461538461 79.15384615384616
76.92307692307693 52.785714285714285 10.733333333333333 71.92307692307692 79.38461538461539
77.15384615384616 54.07142857142857 9.066666666666666 72.3076923076923 79.38461538461539
76.07692307692308 52.57142857142858 9.533333333333333 71.38461538461539 78.46153846153845
76.07692307692308 52.642857142857146 7.6 71.61538461538461 79.15384615384616
77.07692307692307 52.285714285714285 7.533333333333334 72.53846153846153 81.15384615384616
75.0 49.0 6.066666666666666 69.38461538461537 78.46153846153845
75.23076923076923 48.5 5.866666666666667 71.76923076923076 79.6923076923077
77.46153846153845 50.0 4.866666666666667 71.3076923076923 78.46153846153845
77.61538461538461 49.0 5.6 71.76923076923076 80.61538461538461
75.15384615384616 47.0 5.666666666666667 69.07692307692308 78.92307692307693
76.46153846153845 48.285714285714285 4.4 69.38461538461537 80.15384615384616
75.23076923076923 46.42857142857143 4.0 68.46153846153847 77.46153846153845
76.38461538461539 45.642857142857146 3.933333333333333 69.0 78.38461538461539
76.53846153846155 46.214285714285715 2.7333333333333334 68.92307692307692 79.92307692307693
77.0 45.85714285714286 2.2666666666666666 69.76923076923076 80.15384615384616
78.15384615384616 45.35714285714286 2.4 68.92307692307692 79.6923076923077
76.38461538461539 44.285714285714285 1.4 68.61538461538461 79.38461538461539
78.23076923076923 44.142857142857146 2.0 69.0 79.3076923076923
78.15384615384616 43.214285714285715 1.4666666666666668 68.15384615384615 81.38461538461539
76.23076923076923 42.71428571428571 1.2666666666666666 68.07692307692308 79.84615384615384
78.84615384615384 43.28571428571429 1.3333333333333333 68.38461538461539 80.38461538461539
80.0 43.0 1.0666666666666667 69.46153846153847 81.61538461538461
77.38461538461539 42.0 1.1333333333333333 67.53846153846153 80.6923076923077
77.61538461538461 40.57142857142857 0.6666666666666666 65.84615384615384 79.07692307692307
76.07692307692308 40.5 0.4666666666666667 67.61538461538461 79.46153846153845
77.53846153846155 40.785714285714285 0.7333333333333334 66.92307692307692 80.61538461538461
77.07692307692307 38.785714285714285 0.6 66.3076923076923 79.07692307692307
77.46153846153845 39.92857142857143 0.3333333333333333 67.07692307692308 81.53846153846153
