32935.000 -0.400 -0.400 0.340
32936.000 -0.400 -0.331 0.444
32937.000 -0.400 -0.262 0.210
32938.000 -0.400 -0.192 0.258
32939.000 -0.400 -0.123 0.086
32940.000 -0.400 -0.054 0.218
32941.000 -0.400 0.015 0.412
32942.000 -0.400 0.085 0.468
32943.000 -0.400 0.154 0.071
32944.000 -0.400 0.223 0.244
32945.000 -0.400 0.292 0.003
32946.000 -0.400 0.362 0.265
32947.000 -0.400 0.431 0.119
32948.000 -0.331 -0.400 0.068
32949.000 -0.331 -0.331 0.237
32950.000 -0.331 -0.262 0.443
32951.000 -0.331 -0.192 0.141
32952.000 -0.331 -0.123 0.341
32953.000 -0.331 -0.054 0.451
32954.000 -0.331 0.015 0.149
32955.000 -0.331 0.085 0.211
32956.000 -0.331 0.154 0.484
32957.000 -0.331 0.223 0.496
32958.000 -0.331 0.292 0.390
32959.000 -0.331 0.362 0.027
32960.000 -0.331 0.431 0.129
32961.000 -0.262 -0.400 0.334
32962.000 -0.262 -0.331 0.056
32963.000 -0.262 -0.262 0.372
32964.000 -0.262 -0.192 0.236
32965.000 -0.262 -0.123 0.431
32966.000 -0.262 -0.054 0.316
32967.000 -0.262 0.015 0.023
32968.000 -0.262 0.085 0.382
32969.000 -0.262 0.154 0.310
32970.000 -0.262 0.223 0.054
32971.000 -0.262 0.292 0.336
32972.000 -0.262 0.362 0.313
32973.000 -0.262 0.431 0.334
32974.000 -0.192 -0.400 0.315
32975.000 -0.192 -0.331 0.343
32976.000 -0.192 -0.262 0.098
32977.000 -0.192 -0.192 0.125
32978.000 -0.192 -0.123 0.400
32979.000 -0.192 -0.054 0.025
32980.000 -0.192 0.015 0.055
32981.000 -0.192 0.085 0.256
32982.000 -0.192 0.154 0.120
32983.000 -0.192 0.223 0.232
32984.000 -0.192 0.292 0.215
32985.000 -0.192 0.362 0.374
32986.000 -0.192 0.431 0.031
32987.000 -0.123 -0.400 0.328
32988.000 -0.123 -0.331 0.139
32989.000 -0.123 -0.262 0.350
32990.000 -0.123 -0.192 0.286
32991.000 -0.123 -0.123 0.330
32992.000 -0.123 -0.054 0.164
32993.000 -0.123 0.015 0.263
32994.000 -0.123 0.085 0.008
32995.000 -0.123 0.154 0.163
32996.000 -0.123 0.223 0.303
32997.000 -0.123 0.292 0.049
32998.000 -0.123 0.362 0.004
32999.000 -0.123 0.431 0.276
33000.000 -0.054 -0.400 0.005
33001.000 -0.054 -0.331 0.393
33002.000 -0.054 -0.262 0.378
33003.000 -0.054 -0.192 0.389
33004.000 -0.054 -0.123 0.436
33005.000 -0.054 -0.054 0.132
33006.000 -0.054 0.015 0.305
33007.000 -0.054 0.085 0.055
33008.000 -0.054 0.154 0.301
33009.000 -0.054 0.223 0.244
33010.000 -0.054 0.292 0.472
33011.000 -0.054 0.362 0.271
33012.000 -0.054 0.431 0.157
33013.000 0.015 -0.400 0.135
33014.000 0.015 -0.331 0.005
33015.000 0.015 -0.262 0.357
33016.000 0.015 -0.192 0.276
33017.000 0.015 -0.123 0.284
33018.000 0.015 -0.054 0.141
33019.000 0.015 0.015 0.032
33020.000 0.015 0.085 0.149
33021.000 0.015 0.154 0.025
33022.000 0.015 0.223 0.339
33023.000 0.015 0.292 0.277
33024.000 0.015 0.362 0.348
33025.000 0.015 0.431 0.094
33026.000 0.085 -0.400 0.276
33027.000 0.085 -0.331 0.298
33028.000 0.085 -0.262 0.107
33029.000 0.085 -0.192 0.218
33030.000 0.085 -0.123 0.088
33031.000 0.085 -0.054 0.119
33032.000 0.085 0.015 0.076
33033.000 0.085 0.085 0.059
33034.000 0.085 0.154 0.164
33035.000 0.085 0.223 0.244
33036.000 0.085 0.292 0.087
33037.000 0.085 0.362 0.294
33038.000 0.085 0.431 0.243
33039.000 0.154 -0.400 0.394
33040.000 0.154 -0.331 0.012
33041.000 0.154 -0.262 0.303
33042.000 0.154 -0.192 0.169
33043.000 0.154 -0.054 0.473
33044.000 0.154 0.015 0.157
33045.000 0.154 0.085 0.132
33046.000 0.154 0.154 0.055
33047.000 0.154 0.223 0.125
33048.000 0.154 0.292 0.012
33049.000 0.154 0.362 0.320
33050.000 0.154 0.431 0.366
33051.000 0.223 -0.400 0.304
33052.000 0.223 -0.331 0.450
33053.000 0.223 -0.262 0.034
33054.000 0.223 -0.192 0.083
33055.000 0.223 -0.123 0.173
33056.000 0.223 -0.054 0.452
33057.000 0.223 0.015 0.058
33058.000 0.223 0.085 0.439
33059.000 0.223 0.154 0.328
33060.000 0.223 0.223 0.068
33061.000 0.223 0.292 0.384
33062.000 0.223 0.362 0.057
33063.000 0.223 0.431 0.031
33064.000 0.292 -0.400 0.424
33065.000 0.292 -0.331 0.158
33066.000 0.292 -0.262 0.473
33067.000 0.292 -0.192 0.089
33068.000 0.292 -0.123 0.425
33069.000 0.292 -0.054 0.229
33070.000 0.292 0.015 0.026
33071.000 0.292 0.085 0.018
33072.000 0.292 0.154 0.451
33073.000 0.292 0.223 0.066
33074.000 0.292 0.292 0.416
33075.000 0.292 0.362 0.069
33076.000 0.292 0.431 0.378
33077.000 0.362 -0.400 0.332
33078.000 0.362 -0.331 0.078
33079.000 0.362 -0.262 0.087
33080.000 0.362 -0.192 0.377
33081.000 0.362 -0.123 0.069
33082.000 0.362 -0.054 0.485
33083.000 0.362 0.015 0.260
33084.000 0.362 0.085 0.088
33085.000 0.362 0.154 0.001
33086.000 0.362 0.223 0.329
33087.000 0.362 0.292 0.248
33088.000 0.362 0.362 0.070
33089.000 0.362 0.431 0.097
33090.000 0.431 -0.400 0.241
33091.000 0.431 -0.331 0.270
33092.000 0.431 -0.262 0.354
33093.000 0.431 -0.192 0.243
33094.000 0.431 -0.123 0.480
33095.000 0.431 -0.054 0.467
33096.000 0.431 0.015 0.073
33097.000 0.431 0.085 0.340
33098.000 0.431 0.154 0.108
33099.000 0.431 0.223 0.094
33100.000 0.431 0.292 0.289
33101.000 0.431 0.362 0.436
33102.000 0.431 0.431 0.377
