0.0 0.15351506456241032 0.0637037037037037 0.0 0.0
0.0013679890560875513 0.13629842180774748 0.06814814814814815 0.0 0.0
0.0 0.12769010043041606 0.07111111111111111 0.0 0.0
0.0 0.13629842180774748 0.0637037037037037 0.0 0.0
0.0027359781121751026 0.12769010043041606 0.0651851851851852 0.0014347202295552366 0.0
0.0 0.13055954088952654 0.04296296296296297 0.0 0.0
0.0 0.10473457675753228 0.07111111111111111 0.0 0.0
0.0013679890560875513 0.12625538020086086 0.05185185185185185 0.002869440459110473 0.0
0.0 0.1406025824964132 0.06074074074074074 0.0 0.0
0.0013679890560875513 0.1477761836441894 0.06814814814814815 0.0014347202295552366 0.0
0.0013679890560875513 0.12769010043041606 0.056296296296296296 0.002869440459110473 0.0
0.0027359781121751026 0.14490674318507893 0.0651851851851852 0.0 0.0
0.0013679890560875513 0.12482065997130559 0.06666666666666667 0.0 0.0
0.0 0.15064562410329987 0.07703703703703704 0.0 0.0
0.004103967168262654 0.15494978479196556 0.05185185185185185 0.0 0.0
0.0013679890560875513 0.15781922525107606 0.05925925925925926 0.0 0.0
0.004103967168262654 0.17790530846484934 0.07555555555555556 0.0014347202295552366 0.0
0.0013679890560875513 0.13773314203730272 0.05925925925925926 0.0 0.0
0.0013679890560875513 0.10043041606886657 0.054814814814814816 0.0 0.0
0.0 0.11908177905308465 0.056296296296296296 0.0014347202295552366 0.0
0.0 0.163558106169297 0.0637037037037037 0.0 0.0
0.0027359781121751026 0.11908177905308465 0.05333333333333333 0.0 0.0
0.0013679890560875513 0.15208034433285508 0.08148148148148147 0.002869440459110473 0.0
0.0013679890560875513 0.133428981348637 0.047407407407407405 0.0 0.0
0.0013679890560875513 0.12195121951219512 0.04296296296296297 0.0 0.0
0.0 0.15208034433285508 0.05925925925925926 0.0014347202295552366 0.0
0.0013679890560875513 0.11764705882352941 0.07111111111111111 0.0 0.0
0.0 0.13055954088952654 0.06074074074074074 0.0 0.0
0.0013679890560875513 0.12051649928263988 0.04148148148148148 0.0 0.0
0.0 0.13486370157819225 0.07111111111111111 0.0 0.0
0.0 0.09899569583931134 0.06666666666666667 0.0 0.0
0.0013679890560875513 0.15781922525107606 0.056296296296296296 0.0014347202295552366 0.0
0.004103967168262654 0.10616929698708752 0.056296296296296296 0.0 0.0
0.005471956224350205 0.17216642754662842 0.05185185185185185 0.0 0.0
0.0 0.09612625538020086 0.045925925925925926 0.002869440459110473 0.0
0.0 0.12482065997130559 0.06962962962962962 0.0 0.0
0.0 0.08751793400286945 0.047407407407407405 0.002869440459110473 0.0
0.0013679890560875513 0.10329985652797705 0.057777777777777775 0.002869440459110473 0.0
0.0013679890560875513 0.14203730272596846 0.0637037037037037 0.0014347202295552366 0.0
0.004103967168262654 0.14347202295552366 0.04888888888888889 0.0 0.001375515818431912
0.0027359781121751026 0.10329985652797705 0.045925925925925926 0.0014347202295552366 0.0
0.0 0.0975609756097561 0.07703703703703704 0.0 0.0
0.0013679890560875513 0.14203730272596846 0.06666666666666667 0.0 0.0
0.0 0.1291248206599713 0.05925925925925926 0.0 0.0
0.0013679890560875513 0.14634146341463414 0.056296296296296296 0.0014347202295552366 0.0
0.0013679890560875513 0.10616929698708752 0.04296296296296297 0.0014347202295552366 0.0
0.0 0.10473457675753228 0.054814814814814816 0.0 0.0
0.0 0.09612625538020086 0.054814814814814816 0.0 0.0
0.0027359781121751026 0.09182209469153514 0.02962962962962963 0.0014347202295552366 0.001375515818431912
0.0 0.10473457675753228 0.06666666666666667 0.002869440459110473 0.0
0.0013679890560875513 0.13486370157819225 0.044444444444444446 0.0 0.0
0.0013679890560875513 0.11190817790530846 0.0637037037037037 0.0 0.0
0.0 0.1291248206599713 0.06074074074074074 0.0 0.0
0.0013679890560875513 0.11764705882352941 0.06666666666666667 0.0 0.001375515818431912
0.0 0.1291248206599713 0.05925925925925926 0.0 0.0
0.0027359781121751026 0.11764705882352941 0.0325925925925926 0.0014347202295552366 0.0
0.0 0.133428981348637 0.054814814814814816 0.0 0.0
0.0 0.1477761836441894 0.07259259259259258 0.0 0.001375515818431912
0.0 0.08321377331420374 0.045925925925925926 0.0 0.001375515818431912
0.0013679890560875513 0.10329985652797705 0.05185185185185185 0.0014347202295552366 0.0
0.0 0.1492109038737446 0.07851851851851853 0.0 0.0
0.0013679890560875513 0.11621233859397417 0.044444444444444446 0.0 0.0
0.0 0.09182209469153514 0.05185185185185185 0.0 0.001375515818431912
0.0027359781121751026 0.10903873744619799 0.04296296296296297 0.0 0.0
0.0013679890560875513 0.10473457675753228 0.047407407407407405 0.0 0.0
0.0027359781121751026 0.11908177905308465 0.07111111111111111 0.0 0.002751031636863824
0.0027359781121751026 0.11908177905308465 0.05925925925925926 0.0014347202295552366 0.0
0.0 0.08321377331420374 0.045925925925925926 0.0 0.0
0.004103967168262654 0.10616929698708752 0.04148148148148148 0.0014347202295552366 0.0
0.0013679890560875513 0.12051649928263988 0.04888888888888889 0.0 0.0
0.0013679890560875513 0.13486370157819225 0.04888888888888889 0.0014347202295552366 0.0
0.0 0.12195121951219512 0.056296296296296296 0.0 0.0
0.0 0.10616929698708752 0.06814814814814815 0.0014347202295552366 0.0
0.005471956224350205 0.12051649928263988 0.037037037037037035 0.002869440459110473 0.0
0.0013679890560875513 0.10616929698708752 0.054814814814814816 0.0014347202295552366 0.0
0.0 0.11764705882352941 0.044444444444444446 0.0 0.0
0.0 0.10186513629842181 0.057777777777777775 0.0 0.0
0.0 0.0817790530846485 0.04148148148148148 0.0 0.0
0.0013679890560875513 0.10616929698708752 0.044444444444444446 0.0 0.0
0.0 0.10186513629842181 0.05037037037037037 0.0 0.0
0.0013679890560875513 0.09469153515064561 0.04296296296296297 0.0 0.0
0.0027359781121751026 0.09612625538020086 0.0651851851851852 0.0 0.0
0.0 0.11621233859397417 0.044444444444444446 0.0 0.0
0.0013679890560875513 0.1406025824964132 0.057777777777777775 0.0 0.0
0.0 0.08034433285509326 0.06074074074074074 0.0 0.0
0.004103967168262654 0.11621233859397417 0.05333333333333333 0.0 0.0
0.0 0.11621233859397417 0.04296296296296297 0.0 0.0
0.0 0.10043041606886657 0.06962962962962962 0.0 0.0
0.0 0.11477761836441894 0.05185185185185185 0.0 0.0
0.004103967168262654 0.11047345767575323 0.054814814814814816 0.0 0.0
0.0013679890560875513 0.10903873744619799 0.05333333333333333 0.0 0.0
0.0 0.12195121951219512 0.06222222222222222 0.0 0.0
0.0 0.0975609756097561 0.06074074074074074 0.0 0.0
0.0013679890560875513 0.10186513629842181 0.044444444444444446 0.0 0.0
0.0027359781121751026 0.10043041606886657 0.026666666666666665 0.0 0.0
0.0 0.10186513629842181 0.044444444444444446 0.0 0.0
0.0 0.09899569583931134 0.035555555555555556 0.0 0.0
0.0 0.10473457675753228 0.05037037037037037 0.0 0.0
0.0 0.12051649928263988 0.034074074074074076 0.0 0.0
0.0 0.12482065997130559 0.04148148148148148 0.0 0.0
0.0 0.133428981348637 0.06074074074074074 0.0014347202295552366 0.0
0.0 0.0 0.0 0.0 0.0
0.0 0.0 0.0 0.0 0.0
0.0 0.0 0.0 0.0 0.0
0.0 0.0014347202295552366 0.0 0.0 0.0
0.0027359781121751026 0.11908177905308465 0.05037037037037037 0.0 0.0
0.0 0.0014347202295552366 0.0 0.0 0.0
0.0027359781121751026 0.0 0.0014814814814814814 0.0 0.0
0.0 0.0 0.0014814814814814814 0.0 0.0
0.0 0.0 0.0 0.0 0.0
0.0013679890560875513 0.04160688665710187 0.14666666666666667 0.0014347202295552366 0.0
0.0013679890560875513 0.0 0.0 0.0 0.0
0.0 0.0 0.0 0.0 0.0
0.0 0.0 0.0 0.0 0.0
0.0 0.0 0.0 0.0 0.0
0.0013679890560875513 0.11621233859397417 0.026666666666666665 0.0 0.0
0.0 0.0 0.0 0.0 0.0
0.0 0.0 0.0 0.0 0.0
0.0 0.0 0.0 0.0 0.0
0.0 0.0 0.0 0.0 0.0
0.0 0.03299856527977044 0.12296296296296295 0.0 0.0
0.0 0.0014347202295552366 0.0 0.0 0.0
0.0 0.0 0.0 0.0 0.0
0.0013679890560875513 0.0 0.0014814814814814814 0.0 0.0
0.0 0.0 0.0 0.0 0.0
0.0 0.0 0.0 0.0 0.0
0.0 0.0 0.0 0.0 0.0
0.0 0.0 0.0 0.0 0.0
0.0013679890560875513 0.0014347202295552366 0.0 0.0 0.0
0.0 0.0 0.0 0.0 0.0
0.0 0.0 0.0014814814814814814 0.0 0.0
0.0027359781121751026 0.04878048780487805 0.13925925925925925 0.0014347202295552366 0.0
0.0013679890560875513 0.043041606886657105 0.16148148148148148 0.0014347202295552366 0.001375515818431912
0.0 0.03443328550932568 0.1259259259259259 0.0 0.0
0.0 0.04160688665710187 0.15259259259259259 0.0014347202295552366 0.0
0.0 0.04160688665710187 0.1822222222222222 0.0014347202295552366 0.0
0.0013679890560875513 0.05738880918220947 0.1362962962962963 0.0 0.0
0.0 0.043041606886657105 0.1303703703703704 0.0 0.0
0.0013679890560875513 0.028694404591104734 0.1362962962962963 0.0014347202295552366 0.001375515818431912
0.0 0.04591104734576757 0.19111111111111112 0.0 0.0
0.0 0.03730272596843615 0.17925925925925926 0.0014347202295552366 0.0
0.0 0.04160688665710187 0.17037037037037037 0.0014347202295552366 0.0
0.0013679890560875513 0.035868005738880916 0.1837037037037037 0.0 0.0
0.0 0.058823529411764705 0.20888888888888887 0.0 0.0
0.0013679890560875513 0.05164992826398852 0.22814814814814813 0.0 0.0
0.0 0.04878048780487805 0.2548148148148148 0.00430416068866571 0.0
0.0013679890560875513 0.03299856527977044 0.26962962962962966 0.002869440459110473 0.001375515818431912
0.0013679890560875513 0.04878048780487805 0.30962962962962964 0.0014347202295552366 0.0
0.0 0.044476327116212334 0.34814814814814815 0.0 0.0
0.0013679890560875513 0.043041606886657105 0.3585185185185185 0.0014347202295552366 0.0
0.0 0.058823529411764705 0.3851851851851852 0.0014347202295552366 0.0
0.0 0.061692969870875185 0.4325925925925926 0.0 0.0
0.0 0.05595408895265423 0.44 0.0 0.0
0.0 0.043041606886657105 0.49333333333333335 0.0 0.0
0.0 0.05738880918220947 0.5111111111111112 0.0 0.0
0.0 0.058823529411764705 0.5511111111111111 0.0 0.001375515818431912
0.0 0.06025824964131994 0.6088888888888888 0.002869440459110473 0.0
0.0 0.06312769010043043 0.6977777777777777 0.0 0.0
0.0 0.06886657101865136 0.8177777777777777 0.002869440459110473 0.0
0.0 0.05021520803443329 0.8296296296296296 0.0 0.001375515818431912
0.0013679890560875513 0.05021520803443329 0.8933333333333333 0.002869440459110473 0.0
0.0013679890560875513 0.03873744619799139 0.9007407407407407 0.0 0.0
0.0 0.05595408895265423 0.9496296296296296 0.00430416068866571 0.0
0.0 0.0703012912482066 1.034074074074074 0.0 0.0
0.0 0.06886657101865136 1.1555555555555554 0.0 0.0
0.0013679890560875513 0.05738880918220947 1.2162962962962962 0.0 0.0
0.0013679890560875513 0.04734576757532281 1.2918518518518518 0.0 0.0
0.0013679890560875513 0.03730272596843615 1.4148148148148147 0.0014347202295552366 0.0
0.0013679890560875513 0.061692969870875185 1.574814814814815 0.0 0.0
0.0 0.07890961262553803 1.7348148148148148 0.0014347202295552366 0.0
0.0013679890560875513 0.06312769010043043 1.7155555555555555 0.0 0.0
0.0 0.06312769010043043 1.842962962962963 0.0 0.0
0.0013679890560875513 0.0703012912482066 1.9303703703703703 0.0014347202295552366 0.0
0.0013679890560875513 0.05595408895265423 2.035555555555556 0.0014347202295552366 0.0
0.0013679890560875513 0.08034433285509326 2.091851851851852 0.0 0.0
0.0 0.08464849354375897 2.1792592592592595 0.0 0.0
0.0 0.07747489239598278 2.374814814814815 0.0 0.0
0.0013679890560875513 0.0903873744619799 2.4785185185185186 0.0 0.0
0.0013679890560875513 0.09182209469153514 2.5303703703703704 0.0 0.0
0.0 0.09469153515064561 2.577777777777778 0.0 0.0
0.0027359781121751026 0.08321377331420374 2.7362962962962962 0.0 0.0
0.0 0.08751793400286945 2.928888888888889 0.0 0.0
0.0 0.0817790530846485 2.9985185185185186 0.0 0.0
0.0013679890560875513 0.12051649928263988 2.9718518518518517 0.0 0.0
0.0 0.0975609756097561 3.035555555555556 0.0 0.0
0.0 0.11621233859397417 3.297777777777778 0.0014347202295552366 0.0
0.0 0.0975609756097561 3.2888888888888888 0.002869440459110473 0.0
0.0 0.10043041606886657 3.4607407407407407 0.0 0.0
0.0 0.11334289813486371 3.585185185185185 0.0 0.0
0.0 0.12625538020086086 3.8696296296296295 0.0014347202295552366 0.0
0.0 0.13199426111908177 3.931851851851852 0.0 0.0
0.0 0.10760401721664276 4.044444444444444 0.0 0.001375515818431912
0.0 0.14203730272596846 4.2 0.0014347202295552366 0.0
0.0013679890560875513 0.17647058823529413 4.315555555555556 0.0 0.0
0.0 0.1563845050215208 4.508148148148148 0.0 0.0
0.0 0.15064562410329987 4.543703703703703 0.0 0.0
0.0 0.18364418938307028 4.854814814814814 0.0014347202295552366 0.0
0.0 0.16642754662840747 4.88 0.0 0.0
0.0 0.18364418938307028 5.051851851851851 0.0 0.0
0.0 0.2109038737446198 5.522962962962963 0.0 0.0
0.0 0.24103299856527977 5.592592592592593 0.0 0.0
0.0013679890560875513 0.23959827833572453 5.891851851851852 0.002869440459110473 0.0
0.0 0.27403156384505023 6.022222222222222 0.0 0.0
0.0 0.28694404591104733 6.355555555555555 0.0014347202295552366 0.0
0.0013679890560875513 0.2769010043041607 6.345185185185185 0.0 0.0
0.0 0.2654232424677188 6.737777777777778 0.0 0.0
0.0 0.2855093256814921 6.857777777777778 0.002869440459110473 0.0
0.0 0.3400286944045911 7.171851851851852 0.0014347202295552366 0.0
0.0 0.3414634146341463 7.207407407407407 0.002869440459110473 0.0
0.0013679890560875513 0.34433285509325684 7.383703703703704 0.0 0.0
0.0 0.37446197991391683 7.678518518518518 0.0 0.0
0.0 0.3830703012912482 7.808888888888888 0.0 0.0
0.0 0.3802008608321377 8.042962962962964 0.0 0.0
0.0 0.38450502152080346 8.226666666666667 0.0014347202295552366 0.0
0.0 0.42324246771879487 8.665185185185186 0.0 0.0
0.0 0.4433285509325682 8.881481481481481 0.0 0.0
0.0013679890560875513 0.46628407460545196 9.191111111111113 0.0014347202295552366 0.0
0.0 0.48637015781922527 9.440000000000001 0.0014347202295552366 0.0
0.0013679890560875513 0.5007173601147776 9.742222222222221 0.0014347202295552366 0.001375515818431912
0.0 0.5581061692969871 10.078518518518518 0.002869440459110473 0.0
0.0013679890560875513 0.6327116212338594 10.474074074074075 0.0 0.0
0.0 0.6097560975609756 10.804444444444444 0.0014347202295552366 0.0
0.0013679890560875513 0.6413199426111909 10.97925925925926 0.0 0.0
0.0 0.6829268292682926 11.042962962962962 0.0 0.0
0.0 0.667144906743185 11.232592592592592 0.0014347202295552366 0.0
0.0 0.7015781922525108 11.69925925925926 0.0 0.0
0.0013679890560875513 0.7575322812051649 11.831111111111111 0.0014347202295552366 0.0
0.0013679890560875513 0.7862266857962698 12.131851851851852 0.0 0.0
0.0 0.8077474892395983 12.232592592592592 0.0 0.0
0.0 0.8134863701578192 12.314074074074075 0.0014347202295552366 0.0
