0.0 0.16714490674318508 0.060000000000000005 0.0 0.0
0.003419972640218878 0.15351506456241032 0.05703703703703703 0.0007173601147776183 0.0
0.0 0.14562410329985653 0.06148148148148148 0.0007173601147776183 0.0
0.002051983584131327 0.15136298421807748 0.056296296296296296 0.0 0.0
0.0013679890560875513 0.14275466284074606 0.0651851851851852 0.0007173601147776183 0.0
0.0006839945280437756 0.13558106169296988 0.04296296296296297 0.0 0.0
0.0006839945280437756 0.14490674318507893 0.06740740740740742 0.0007173601147776183 0.0
0.0027359781121751026 0.13414634146341464 0.05555555555555556 0.0014347202295552366 0.0
0.0006839945280437756 0.15710186513629842 0.052592592592592594 0.0 0.0
0.0013679890560875513 0.17431850789096126 0.07407407407407407 0.0007173601147776183 0.0
0.0013679890560875513 0.15710186513629842 0.05111111111111111 0.0014347202295552366 0.0
0.002051983584131327 0.1958393113342898 0.0651851851851852 0.0 0.0
0.002051983584131327 0.15925394548063126 0.06666666666666667 0.002152080344332855 0.0
0.0 0.17862266857962697 0.07259259259259258 0.0 0.0
0.0027359781121751026 0.1951219512195122 0.05111111111111111 0.0007173601147776183 0.0
0.0013679890560875513 0.1951219512195122 0.052592592592592594 0.0 0.0
0.003419972640218878 0.20444763271162122 0.07777777777777778 0.0014347202295552366 0.0
0.002051983584131327 0.1793400286944046 0.06222222222222222 0.0007173601147776183 0.0
0.0013679890560875513 0.1563845050215208 0.060000000000000005 0.0 0.0
0.0006839945280437756 0.14992826398852224 0.06074074074074074 0.0007173601147776183 0.0
0.0013679890560875513 0.20946915351506457 0.06148148148148148 0.0 0.0
0.003419972640218878 0.15208034433285508 0.05407407407407407 0.0007173601147776183 0.0
0.0006839945280437756 0.20444763271162122 0.07629629629629629 0.002152080344332855 0.0
0.0027359781121751026 0.1915351506456241 0.05703703703703703 0.0 0.0
0.0027359781121751026 0.1714490674318508 0.052592592592592594 0.0 0.0
0.0 0.20301291248206602 0.06444444444444444 0.0014347202295552366 0.0
0.002051983584131327 0.17288378766140602 0.06888888888888889 0.0007173601147776183 0.0
0.0027359781121751026 0.20946915351506457 0.06666666666666667 0.0 0.0
0.0027359781121751026 0.19010043041606886 0.045925925925925926 0.0 0.0
0.0 0.1958393113342898 0.07111111111111111 0.0007173601147776183 0.000687757909215956
0.0006839945280437756 0.17073170731707316 0.0651851851851852 0.0 0.0
0.0006839945280437756 0.23601147776183645 0.06740740740740742 0.0007173601147776183 0.0
0.0027359781121751026 0.19296987087517933 0.06444444444444444 0.0 0.0
0.00478796169630643 0.2654232424677188 0.0651851851851852 0.0 0.0
0.0 0.22668579626972743 0.057777777777777775 0.0014347202295552366 0.0
0.0 0.2109038737446198 0.07259259259259258 0.0 0.0
0.002051983584131327 0.2216642754662841 0.052592592592592594 0.0014347202295552366 0.0
0.0006839945280437756 0.20516499282639883 0.0651851851851852 0.0014347202295552366 0.0
0.0027359781121751026 0.266857962697274 0.07111111111111111 0.0014347202295552366 0.0
0.003419972640218878 0.2503586800573888 0.07111111111111111 0.0007173601147776183 0.000687757909215956
0.0027359781121751026 0.2374461979913917 0.0651851851851852 0.0014347202295552366 0.000687757909215956
0.0006839945280437756 0.2618364418938307 0.07925925925925927 0.0 0.0
0.0013679890560875513 0.296987087517934 0.08148148148148147 0.0 0.0
0.0 0.29913916786226685 0.06962962962962962 0.0014347202295552366 0.0
0.0013679890560875513 0.3127690100430416 0.07037037037037036 0.0007173601147776183 0.0
0.0013679890560875513 0.26901004304160686 0.06962962962962962 0.0007173601147776183 0.0
0.0 0.28837876614060254 0.07333333333333333 0.0 0.0
0.0 0.2862266857962697 0.06592592592592593 0.0 0.0
0.0013679890560875513 0.2919655667144907 0.052592592592592594 0.0007173601147776183 0.000687757909215956
0.0013679890560875513 0.2948350071736011 0.07407407407407407 0.0014347202295552366 0.0
0.002051983584131327 0.33931133428981347 0.06888888888888889 0.0 0.0
0.002051983584131327 0.3170731707317073 0.08296296296296296 0.0 0.0
0.0006839945280437756 0.34433285509325684 0.08888888888888889 0.0 0.0
0.0013679890560875513 0.35796269727403157 0.08888888888888889 0.0 0.000687757909215956
0.002051983584131327 0.3651362984218077 0.07629629629629629 0.0014347202295552366 0.0
0.0027359781121751026 0.39239598278335724 0.06888888888888889 0.0014347202295552366 0.0
0.0006839945280437756 0.38952654232424677 0.09703703703703703 0.0 0.0
0.0006839945280437756 0.42037302725968434 0.09703703703703703 0.0 0.000687757909215956
0.0006839945280437756 0.34361549497847915 0.07925925925925927 0.0 0.000687757909215956
0.002051983584131327 0.4031563845050215 0.07925925925925927 0.0014347202295552366 0.0
0.002051983584131327 0.48565279770444764 0.11333333333333333 0.0 0.0
0.0006839945280437756 0.46126255380200865 0.08592592592592593 0.0 0.0
0.002051983584131327 0.4418938307030129 0.09037037037037038 0.0 0.000687757909215956
0.002051983584131327 0.46126255380200865 0.08666666666666667 0.0 0.0
0.002051983584131327 0.49641319942611195 0.08592592592592593 0.0007173601147776183 0.0
0.003419972640218878 0.5043041606886657 0.12518518518518518 0.0 0.001375515818431912
0.002051983584131327 0.5229555236728838 0.09555555555555556 0.0007173601147776183 0.0
0.0006839945280437756 0.5014347202295553 0.09481481481481481 0.0007173601147776183 0.0
0.004103967168262654 0.5179340028694405 0.0837037037037037 0.0007173601147776183 0.0
0.0006839945280437756 0.5344332855093257 0.10074074074074074 0.0 0.0
0.002051983584131327 0.6047345767575323 0.10740740740740741 0.0007173601147776183 0.0
0.0013679890560875513 0.5989956958393113 0.10592592592592592 0.0 0.0
0.0027359781121751026 0.6076040172166428 0.11407407407407406 0.0007173601147776183 0.0
0.0027359781121751026 0.6226685796269728 0.10148148148148149 0.002869440459110473 0.0
0.0013679890560875513 0.6276901004304161 0.11037037037037037 0.0007173601147776183 0.0
0.002051983584131327 0.6276901004304161 0.09407407407407407 0.0 0.0
0.0 0.6355810616929698 0.10962962962962963 0.0 0.0
0.0 0.5889526542324246 0.09925925925925927 0.002152080344332855 0.0
0.0006839945280437756 0.6757532281205165 0.11851851851851852 0.0 0.000687757909215956
0.0006839945280437756 0.6994261119081778 0.12814814814814815 0.0 0.0
0.0013679890560875513 0.6958393113342898 0.12148148148148148 0.0 0.0
0.002051983584131327 0.7639885222381636 0.13407407407407407 0.0 0.0
0.0013679890560875513 0.7812051649928263 0.12000000000000001 0.0 0.0
0.0006839945280437756 0.8156384505021521 0.13481481481481483 0.0007173601147776183 0.0
0.0 0.7661406025824964 0.14518518518518517 0.0007173601147776183 0.0
0.0027359781121751026 0.7984218077474893 0.14074074074074072 0.0007173601147776183 0.0
0.0013679890560875513 0.830703012912482 0.13555555555555557 0.0 0.0
0.0 0.8084648493543758 0.13777777777777778 0.0 0.0
0.002051983584131327 0.875896700143472 0.13407407407407407 0.0 0.0
0.005471956224350205 0.8629842180774749 0.13925925925925925 0.0 0.0
0.0013679890560875513 0.8780487804878049 0.16 0.0007173601147776183 0.001375515818431912
0.0027359781121751026 0.9318507890961263 0.1562962962962963 0.0 0.0
0.0006839945280437756 0.8823529411764707 0.1511111111111111 0.0007173601147776183 0.0
0.0006839945280437756 0.9261119081779053 0.14666666666666667 0.0 0.0
0.0013679890560875513 0.9662840746054518 0.13703703703703704 0.0 0.0
0.0006839945280437756 0.9705882352941176 0.14888888888888888 0.0 0.0
0.0013679890560875513 0.96987087517934 0.15703703703703706 0.0 0.0
0.002051983584131327 0.9878048780487805 0.15851851851851853 0.0 0.0
0.0013679890560875513 1.034433285509326 0.15407407407407409 0.0007173601147776183 0.0
0.0006839945280437756 1.109038737446198 0.1711111111111111 0.0 0.0
0.0013679890560875513 1.1040172166427547 0.1762962962962963 0.0007173601147776183 0.0
0.0 0.06958393113342898 0.003703703703703704 0.0 0.0
0.0 0.0817790530846485 0.0007407407407407407 0.0 0.0
0.0 0.09325681492109038 0.0007407407407407407 0.0 0.0
0.0 0.08106169296987087 0.005185185185185185 0.0 0.0
0.0013679890560875513 1.1083213773314204 0.17851851851851852 0.0007173601147776183 0.0
0.0 0.0824964131994261 0.0014814814814814814 0.0 0.0
0.0013679890560875513 0.06814921090387374 0.0044444444444444444 0.0 0.000687757909215956
0.0 0.07173601147776183 0.003703703703703704 0.0 0.000687757909215956
0.0 0.06886657101865136 0.0014814814814814814 0.0 0.0
0.0006839945280437756 0.8938307030129125 0.28148148148148144 0.002152080344332855 0.0
0.0006839945280437756 0.08823529411764706 0.0022222222222222222 0.0 0.0
0.0 0.10329985652797705 0.00814814814814815 0.0 0.0
0.0 0.0824964131994261 0.0044444444444444444 0.0 0.0
0.0 0.07245337159253946 0.0022222222222222222 0.0 0.0
0.0006839945280437756 1.1226685796269729 0.15481481481481482 0.0 0.000687757909215956
0.0 0.08034433285509326 0.0014814814814814814 0.0 0.0
0.0006839945280437756 0.07101865136298423 0.0007407407407407407 0.0 0.0
0.0 0.07532281205164994 0.0022222222222222222 0.0 0.0
0.0 0.07317073170731707 0.005185185185185185 0.0007173601147776183 0.0
0.0 0.8629842180774749 0.2555555555555556 0.0014347202295552366 0.0
0.0 0.08823529411764706 0.003703703703703704 0.0 0.0
0.0006839945280437756 0.08464849354375897 0.002962962962962963 0.0 0.0
0.0006839945280437756 0.06958393113342898 0.0044444444444444444 0.0 0.0
0.0 0.06814921090387374 0.0022222222222222222 0.0 0.0
0.0 0.0746054519368723 0.005925925925925926 0.0 0.0
0.0 0.07101865136298423 0.0022222222222222222 0.0 0.0
0.0 0.07675753228120516 0.0022222222222222222 0.0 0.0
0.0006839945280437756 0.0903873744619799 0.003703703703703704 0.0 0.0
0.0 0.0781922525107604 0.003703703703703704 0.0 0.0
0.0 0.07675753228120516 0.0014814814814814814 0.0 0.0
0.0013679890560875513 0.9067431850789097 0.29777777777777775 0.002152080344332855 0.0
0.0006839945280437756 0.8866571018651364 0.29777777777777775 0.0007173601147776183 0.000687757909215956
0.0 0.8902439024390244 0.2644444444444444 0.0 0.0
0.0 0.8773314203730272 0.2925925925925926 0.002152080344332855 0.0
0.0013679890560875513 0.8787661406025825 0.31777777777777777 0.0007173601147776183 0.0
0.0006839945280437756 0.8866571018651364 0.28074074074074074 0.0 0.0
0.0006839945280437756 0.8637015781922525 0.2525925925925926 0.0 0.0
0.0013679890560875513 0.8414634146341463 0.26222222222222225 0.002152080344332855 0.000687757909215956
0.0006839945280437756 0.890961262553802 0.3214814814814815 0.0 0.0
0.0006839945280437756 0.8622668579626973 0.30518518518518517 0.0007173601147776183 0.0
0.0 0.8701578192252512 0.28148148148148144 0.0007173601147776183 0.0
0.0013679890560875513 0.8414634146341463 0.2740740740740741 0.0007173601147776183 0.0
0.0006839945280437756 0.8565279770444763 0.3088888888888889 0.0014347202295552366 0.0
0.0013679890560875513 0.8651362984218077 0.30814814814814817 0.0007173601147776183 0.0
0.0 0.8687230989956958 0.33037037037037037 0.002869440459110473 0.0
0.0006839945280437756 0.8421807747489239 0.34444444444444444 0.002869440459110473 0.000687757909215956
0.002051983584131327 0.8393113342898135 0.35777777777777775 0.0007173601147776183 0.0
0.0 0.8558106169296986 0.3585185185185185 0.0 0.0
0.0006839945280437756 0.8321377331420372 0.3585185185185185 0.0014347202295552366 0.0
0.0 0.8830703012912483 0.3859259259259259 0.0007173601147776183 0.0
0.0 0.8579626972740316 0.41037037037037033 0.0 0.0
0.0 0.8701578192252512 0.4 0.002152080344332855 0.0
0.0 0.8414634146341463 0.43703703703703706 0.0007173601147776183 0.0
0.0013679890560875513 0.8672883787661406 0.43851851851851853 0.0 0.000687757909215956
0.0 0.8708751793400288 0.4622222222222222 0.0 0.001375515818431912
0.0 0.8421807747489239 0.502962962962963 0.002152080344332855 0.0
0.0006839945280437756 0.827116212338594 0.5385185185185185 0.0 0.0
0.0006839945280437756 0.8414634146341463 0.6022222222222222 0.002152080344332855 0.0
0.0 0.8457675753228121 0.5762962962962963 0.0 0.000687757909215956
0.0006839945280437756 0.827116212338594 0.6355555555555555 0.003586800573888092 0.0
0.0006839945280437756 0.8077474892395983 0.6370370370370371 0.0 0.0
0.0 0.8378766140602583 0.6422222222222222 0.002152080344332855 0.0
0.0006839945280437756 0.8436154949784792 0.6911111111111111 0.0 0.0
0.0 0.8393113342898135 0.7385185185185186 0.0 0.0
0.0013679890560875513 0.8493543758967002 0.7755555555555556 0.002152080344332855 0.0
0.0013679890560875513 0.8242467718794835 0.8081481481481481 0.0 0.0
0.0006839945280437756 0.7984218077474893 0.8607407407407407 0.0007173601147776183 0.0
0.0013679890560875513 0.8278335724533716 0.9474074074074075 0.0007173601147776183 0.0
0.0006839945280437756 0.8385939741750359 1.0162962962962965 0.0007173601147776183 0.0
0.0006839945280437756 0.8113342898134864 1.0266666666666666 0.0 0.000687757909215956
0.0 0.8005738880918222 1.068888888888889 0.0 0.0
0.0006839945280437756 0.8005738880918222 1.1177777777777778 0.0007173601147776183 0.0
0.002051983584131327 0.7998565279770445 1.1511111111111112 0.0014347202295552366 0.0
0.0006839945280437756 0.8156384505021521 1.1874074074074075 0.0 0.0
0.0013679890560875513 0.7941176470588235 1.2355555555555555 0.0007173601147776183 0.0
0.0 0.7984218077474893 1.3192592592592591 0.0 0.0
0.0013679890560875513 0.8098995695839312 1.38 0.002152080344332855 0.0
0.0013679890560875513 0.8393113342898135 1.3903703703703705 0.0007173601147776183 0.0
0.0 0.7948350071736011 1.408888888888889 0.0 0.0
0.0013679890560875513 0.8055954088952654 1.491111111111111 0.002869440459110473 0.0
0.0 0.8084648493543758 1.58 0.0014347202295552366 0.0
0.0 0.781922525107604 1.6148148148148147 0.0 0.0
0.0013679890560875513 0.830703012912482 1.6044444444444443 0.0007173601147776183 0.0
0.0 0.8335724533715926 1.6296296296296295 0.0 0.0
0.0013679890560875513 0.8385939741750359 1.7799999999999998 0.002152080344332855 0.0
0.0006839945280437756 0.8070301291248206 1.7444444444444445 0.0014347202295552366 0.0
0.0006839945280437756 0.8177905308464849 1.8511111111111112 0.0007173601147776183 0.0
0.0 0.8084648493543758 1.891851851851852 0.0007173601147776183 0.0
0.0006839945280437756 0.8428981348637016 2.0444444444444447 0.002152080344332855 0.0
0.0006839945280437756 0.8012912482065997 2.0785185185185187 0.0007173601147776183 0.0
0.0006839945280437756 0.772596843615495 2.128888888888889 0.0 0.000687757909215956
0.0 0.7984218077474893 2.1933333333333334 0.0007173601147776183 0.000687757909215956
0.0006839945280437756 0.8450502152080344 2.2525925925925927 0.0 0.0
0.0 0.8170731707317073 2.362222222222222 0.0 0.0
0.0 0.8500717360114778 2.3674074074074074 0.0 0.0
0.0 0.8220946915351507 2.526666666666667 0.002152080344332855 0.0
0.0 0.7955523672883787 2.5407407407407407 0.0007173601147776183 0.0
0.0 0.8055954088952654 2.631111111111111 0.0 0.0
0.0 0.8579626972740316 2.8577777777777778 0.0 0.0
0.0013679890560875513 0.8414634146341463 2.883703703703704 0.0 0.0
0.0013679890560875513 0.8629842180774749 3.034074074074074 0.002152080344332855 0.0
0.0 0.8428981348637016 3.1014814814814815 0.0014347202295552366 0.0
0.0006839945280437756 0.8565279770444763 3.266666666666667 0.0014347202295552366 0.0
0.0006839945280437756 0.8622668579626973 3.254074074074074 0.0007173601147776183 0.0
0.0 0.802725968436155 3.437777777777778 0.0007173601147776183 0.0
0.0006839945280437756 0.8550932568149211 3.5014814814814814 0.0014347202295552366 0.0
0.0 0.8802008608321377 3.6762962962962966 0.002152080344332855 0.0
0.0 0.8558106169296986 3.680740740740741 0.002152080344332855 0.0
0.0013679890560875513 0.8945480631276902 3.777777777777778 0.0 0.0
0.0 0.9124820659971306 3.922222222222222 0.0007173601147776183 0.0
0.0 0.8773314203730272 3.9740740740740743 0.0 0.000687757909215956
0.0 0.8651362984218077 4.091851851851851 0.0 0.0
0.0 0.836441893830703 4.1829629629629625 0.0007173601147776183 0.0
0.0 0.8644189383070301 4.397777777777778 0.0 0.0
0.0 0.8845050215208035 4.502962962962963 0.0 0.0
0.0006839945280437756 0.8837876614060258 4.664444444444444 0.002869440459110473 0.0
0.0006839945280437756 0.8880918220946915 4.782962962962963 0.0014347202295552366 0.0
0.0006839945280437756 0.906025824964132 4.931111111111111 0.0007173601147776183 0.000687757909215956
0.0013679890560875513 0.9110473457675753 5.088148148148148 0.002152080344332855 0.0
0.0006839945280437756 0.9784791965566715 5.297777777777778 0.0 0.0
0.0 0.9383070301291248 5.446666666666666 0.0007173601147776183 0.0
0.002051983584131327 0.9727403156384505 5.534814814814815 0.0007173601147776183 0.0
0.0013679890560875513 0.9540889526542323 5.574814814814815 0.0007173601147776183 0.0
0.0 0.96987087517934 5.659259259259259 0.0014347202295552366 0.0
0.0 0.9748923959827833 5.894814814814815 0.0 0.0
0.0013679890560875513 0.9942611190817792 5.966666666666667 0.0014347202295552366 0.0
0.0006839945280437756 1.04519368723099 6.126666666666667 0.0 0.0
0.0 0.9971305595408895 6.163703703703703 0.0 0.0
0.0006839945280437756 1.0229555236728838 6.201481481481482 0.002152080344332855 0.0
