15.5 35.833333333333336 29.333333333333332 19.333333333333336 13.833333333333332
14.5 31.5 30.0 15.0 12.166666666666666
14.666666666666666 33.0 34.666666666666664 14.666666666666666 14.833333333333334
15.333333333333332 32.33333333333333 30.833333333333336 18.833333333333332 13.833333333333332
16.166666666666664 33.0 31.166666666666664 16.5 12.166666666666666
13.0 32.16666666666667 33.666666666666664 18.333333333333332 14.166666666666666
13.333333333333334 35.166666666666664 29.5 18.0 11.0
15.666666666666666 33.833333333333336 31.666666666666668 17.833333333333332 14.0
13.833333333333332 36.5 31.5 15.333333333333332 11.833333333333332
15.166666666666666 34.666666666666664 32.666666666666664 18.666666666666668 14.333333333333334
10.5 32.833333333333336 35.333333333333336 17.5 15.333333333333332
13.833333333333332 35.166666666666664 32.0 14.5 15.833333333333334
15.666666666666666 31.5 30.5 15.833333333333334 14.0
13.5 32.833333333333336 31.666666666666668 16.166666666666664 13.833333333333332
14.666666666666666 33.0 30.0 16.5 14.5
16.166666666666664 33.333333333333336 31.0 15.166666666666666 14.5
13.0 34.166666666666664 33.333333333333336 17.166666666666668 14.0
12.166666666666666 33.166666666666664 29.5 16.0 15.333333333333332
14.333333333333334 35.666666666666664 34.666666666666664 16.333333333333332 14.166666666666666
14.333333333333334 36.166666666666664 33.0 15.666666666666666 13.666666666666668
15.0 35.333333333333336 32.666666666666664 19.166666666666664 13.333333333333334
17.166666666666668 32.666666666666664 30.333333333333332 16.833333333333332 14.333333333333334
14.166666666666666 33.666666666666664 34.0 18.5 10.333333333333334
14.833333333333334 32.16666666666667 29.833333333333332 15.666666666666666 14.333333333333334
15.0 31.833333333333332 33.5 15.833333333333334 17.0
15.333333333333332 34.833333333333336 29.833333333333332 18.333333333333332 14.5
16.0 34.166666666666664 34.833333333333336 18.0 11.833333333333332
16.333333333333332 33.166666666666664 30.333333333333332 17.833333333333332 12.0
14.666666666666666 33.0 30.166666666666668 15.833333333333334 14.666666666666666
12.833333333333334 36.333333333333336 33.5 16.166666666666664 13.333333333333334
11.333333333333334 35.166666666666664 33.0 16.0 10.333333333333334
16.833333333333332 33.166666666666664 29.0 18.5 14.833333333333334
16.5 32.0 29.333333333333332 15.0 11.333333333333334
16.333333333333332 35.0 28.666666666666668 17.166666666666668 10.0
13.666666666666668 34.666666666666664 31.5 16.333333333333332 15.0
16.5 37.166666666666664 33.333333333333336 14.833333333333334 12.833333333333334
14.166666666666666 34.333333333333336 34.166666666666664 17.833333333333332 14.5
14.666666666666666 34.333333333333336 32.5 18.666666666666668 13.833333333333332
14.166666666666666 34.166666666666664 31.666666666666668 14.333333333333334 13.333333333333334
15.166666666666666 36.833333333333336 31.0 15.833333333333334 14.0
15.0 31.333333333333332 28.0 17.833333333333332 16.0
15.833333333333334 32.0 32.833333333333336 16.0 13.666666666666668
15.666666666666666 33.5 30.833333333333336 15.333333333333332 11.833333333333332
12.5 33.166666666666664 33.666666666666664 17.333333333333332 12.333333333333334
14.5 34.833333333333336 29.0 16.333333333333332 14.5
17.5 34.833333333333336 28.666666666666668 17.0 14.5
15.0 32.5 32.0 19.0 12.0
13.166666666666666 32.0 31.333333333333332 16.0 13.5
13.833333333333332 35.333333333333336 33.0 16.666666666666668 14.166666666666666
15.5 31.666666666666668 31.0 15.5 12.5
17.0 37.333333333333336 32.5 16.666666666666668 13.0
13.5 32.16666666666667 31.5 16.0 14.333333333333334
14.666666666666666 33.166666666666664 32.16666666666667 17.0 13.333333333333334
11.833333333333332 33.666666666666664 33.666666666666664 14.5 14.5
15.333333333333332 33.666666666666664 31.833333333333332 14.0 12.5
14.333333333333334 32.5 32.0 18.166666666666668 15.666666666666666
15.666666666666666 33.666666666666664 33.0 17.0 11.833333333333332
14.666666666666666 34.333333333333336 31.833333333333332 18.666666666666668 14.666666666666666
13.833333333333332 34.0 34.5 19.5 14.666666666666666
15.166666666666666 36.833333333333336 33.5 18.333333333333332 11.833333333333332
14.166666666666666 34.0 35.166666666666664 19.0 14.666666666666666
12.5 33.666666666666664 32.833333333333336 16.333333333333332 11.5
13.0 35.333333333333336 30.333333333333332 17.833333333333332 16.5
13.5 32.33333333333333 32.666666666666664 14.166666666666666 12.333333333333334
15.833333333333334 34.333333333333336 29.666666666666668 18.833333333333332 12.5
15.666666666666666 36.333333333333336 31.166666666666664 14.666666666666666 15.333333333333332
15.5 32.0 30.833333333333336 19.0 14.5
13.5 36.333333333333336 32.0 15.5 13.666666666666668
15.666666666666666 35.166666666666664 33.0 19.0 15.0
10.833333333333334 34.0 31.166666666666664 20.0 14.166666666666666
15.333333333333332 33.5 32.833333333333336 17.166666666666668 10.666666666666666
17.0 34.166666666666664 31.666666666666668 16.333333333333332 15.0
14.5 34.833333333333336 31.0 14.5 16.166666666666664
11.0 36.833333333333336 30.333333333333332 17.5 14.666666666666666
13.833333333333332 33.5 32.0 19.0 11.5
14.833333333333334 35.333333333333336 29.166666666666668 16.0 14.333333333333334
14.166666666666666 35.0 30.333333333333332 15.166666666666666 15.333333333333332
16.833333333333332 33.5 30.666666666666664 16.166666666666664 11.333333333333334
15.333333333333332 34.833333333333336 30.166666666666668 17.5 14.0
12.833333333333334 34.5 30.833333333333336 16.666666666666668 13.333333333333334
13.833333333333332 34.166666666666664 33.0 18.833333333333332 13.5
15.5 31.333333333333332 30.833333333333336 19.333333333333336 10.0
14.833333333333334 32.666666666666664 32.666666666666664 18.666666666666668 12.333333333333334
16.333333333333332 36.333333333333336 31.833333333333332 14.5 13.833333333333332
13.666666666666668 36.166666666666664 33.666666666666664 17.0 16.166666666666664
14.0 31.0 30.166666666666668 15.666666666666666 12.5
15.0 36.5 34.0 16.5 14.833333333333334
13.833333333333332 34.333333333333336 30.166666666666668 16.833333333333332 14.166666666666666
16.166666666666664 32.5 30.166666666666668 17.0 13.5
15.333333333333332 33.833333333333336 29.5 17.5 11.333333333333334
14.0 35.333333333333336 31.833333333333332 15.333333333333332 13.333333333333334
13.833333333333332 34.0 32.5 14.0 12.5
13.833333333333332 36.5 30.333333333333332 19.666666666666664 15.0
13.833333333333332 34.333333333333336 30.666666666666664 16.5 13.833333333333332
15.166666666666666 33.333333333333336 31.166666666666664 15.333333333333332 14.333333333333334
17.166666666666668 33.0 31.833333333333332 18.166666666666668 13.5
13.5 34.166666666666664 30.666666666666664 14.833333333333334 10.666666666666666
13.5 34.5 30.833333333333336 19.333333333333336 11.333333333333334
17.5 33.666666666666664 32.5 15.833333333333334 15.333333333333332
15.833333333333334 35.666666666666664 30.166666666666668 19.166666666666664 14.666666666666666
15.5 34.833333333333336 33.333333333333336 17.0 15.5
16.166666666666664 13.666666666666668 17.833333333333332 16.166666666666664 15.166666666666666
15.666666666666666 15.833333333333334 15.166666666666666 17.5 15.166666666666666
16.666666666666668 13.5 18.0 14.333333333333334 13.5
15.666666666666666 15.5 15.666666666666666 15.333333333333332 13.5
14.5 31.833333333333332 34.0 17.666666666666668 14.333333333333334
15.666666666666666 17.166666666666668 15.5 12.833333333333334 16.833333333333332
16.0 15.333333333333332 14.0 13.833333333333332 16.166666666666664
17.166666666666668 15.833333333333334 15.0 15.166666666666666 16.0
14.166666666666666 16.0 16.5 16.833333333333332 14.333333333333334
12.666666666666666 33.0 40.0 19.166666666666664 14.166666666666666
13.166666666666666 12.833333333333334 15.833333333333334 15.166666666666666 13.5
15.166666666666666 16.166666666666664 13.166666666666666 15.0 14.666666666666666
16.166666666666664 17.5 16.833333333333332 16.0 15.666666666666666
17.166666666666668 17.166666666666668 14.5 15.166666666666666 16.0
15.833333333333334 35.666666666666664 30.166666666666668 19.166666666666664 15.333333333333332
13.0 20.0 17.833333333333332 14.833333333333334 14.166666666666666
15.0 15.833333333333334 16.833333333333332 16.166666666666664 14.5
13.666666666666668 18.5 15.0 15.0 14.0
17.333333333333332 13.0 14.666666666666666 13.833333333333332 15.0
15.0 31.666666666666668 38.16666666666667 17.666666666666668 12.833333333333334
15.0 14.5 18.5 14.833333333333334 15.166666666666666
14.166666666666666 16.166666666666664 17.833333333333332 13.333333333333334 15.833333333333334
13.833333333333332 18.0 15.833333333333334 19.166666666666664 14.333333333333334
18.0 18.333333333333332 14.0 13.5 15.666666666666666
15.0 13.0 12.166666666666666 13.833333333333332 17.0
17.333333333333332 15.333333333333332 15.666666666666666 16.333333333333332 11.5
16.666666666666668 12.833333333333334 16.166666666666664 15.166666666666666 16.0
14.833333333333334 13.0 17.833333333333332 15.5 13.833333333333332
15.333333333333332 13.5 15.5 13.166666666666666 14.166666666666666
15.5 17.0 16.333333333333332 13.5 14.833333333333334
13.666666666666668 30.0 40.16666666666667 15.666666666666666 13.0
15.333333333333332 30.333333333333332 36.833333333333336 19.5 14.833333333333334
14.333333333333334 31.166666666666664 35.833333333333336 15.5 14.333333333333334
13.333333333333334 30.166666666666668 36.833333333333336 18.333333333333332 16.666666666666668
13.833333333333332 31.333333333333332 36.5 21.166666666666668 13.666666666666668
12.666666666666666 31.666666666666668 38.5 16.333333333333332 15.333333333333332
14.333333333333334 33.5 38.66666666666667 18.166666666666668 13.5
13.0 33.833333333333336 37.83333333333333 16.833333333333332 12.666666666666666
15.0 29.666666666666668 35.166666666666664 16.833333333333332 14.833333333333334
15.5 32.666666666666664 36.833333333333336 17.333333333333332 13.166666666666666
15.5 29.666666666666668 37.5 18.333333333333332 14.333333333333334
13.166666666666666 31.333333333333332 38.0 21.0 13.833333333333332
14.833333333333334 32.5 34.5 20.666666666666668 14.0
13.333333333333334 30.333333333333332 38.33333333333333 19.0 14.0
15.166666666666666 29.5 37.166666666666664 14.333333333333334 11.166666666666666
12.166666666666666 28.833333333333332 38.16666666666667 16.833333333333332 11.833333333333332
17.166666666666668 27.5 35.666666666666664 17.833333333333332 16.333333333333332
14.166666666666666 33.333333333333336 38.33333333333333 19.0 10.666666666666666
15.0 31.333333333333332 39.5 16.5 12.166666666666666
11.833333333333332 30.833333333333336 40.0 16.833333333333332 14.0
17.5 30.5 36.833333333333336 16.0 13.5
15.5 28.5 35.666666666666664 18.666666666666668 12.166666666666666
13.166666666666666 28.0 40.833333333333336 15.833333333333334 13.833333333333332
11.0 31.0 37.0 16.833333333333332 15.833333333333334
12.5 30.333333333333332 42.166666666666664 20.333333333333332 13.0
15.333333333333332 30.333333333333332 39.33333333333333 17.5 15.0
15.833333333333334 30.0 39.0 18.666666666666668 13.833333333333332
16.0 29.666666666666668 41.833333333333336 16.666666666666668 14.833333333333334
15.5 30.666666666666664 37.83333333333333 15.833333333333334 13.0
11.333333333333334 28.166666666666668 38.83333333333333 15.833333333333334 13.166666666666666
13.166666666666666 25.833333333333332 40.666666666666664 17.166666666666668 13.166666666666666
11.666666666666668 28.5 39.5 22.166666666666668 12.833333333333334
12.5 33.333333333333336 38.66666666666667 19.333333333333336 13.833333333333332
12.333333333333334 31.333333333333332 44.166666666666664 16.666666666666668 11.5
15.5 31.666666666666668 40.5 14.833333333333334 12.333333333333334
13.666666666666668 30.333333333333332 39.16666666666667 19.166666666666664 10.166666666666666
15.0 29.5 40.5 19.333333333333336 13.5
13.5 30.833333333333336 37.83333333333333 18.0 13.166666666666666
12.666666666666666 31.0 40.16666666666667 17.666666666666668 14.5
13.666666666666668 30.833333333333336 38.16666666666667 17.5 11.666666666666668
11.833333333333332 31.666666666666668 41.5 14.666666666666666 10.333333333333334
14.666666666666666 28.166666666666668 39.5 18.0 14.833333333333334
13.833333333333332 30.166666666666668 40.33333333333333 19.666666666666664 11.666666666666668
12.166666666666666 31.166666666666664 42.833333333333336 19.333333333333336 12.666666666666666
14.333333333333334 31.833333333333332 40.666666666666664 17.833333333333332 14.0
12.833333333333334 30.833333333333336 42.666666666666664 18.333333333333332 12.833333333333334
14.833333333333334 31.333333333333332 45.166666666666664 15.666666666666666 14.5
12.5 30.166666666666668 44.333333333333336 18.166666666666668 12.666666666666666
13.666666666666668 33.333333333333336 44.0 18.166666666666668 13.333333333333334
13.333333333333334 30.166666666666668 40.16666666666667 17.833333333333332 12.0
15.333333333333332 32.33333333333333 44.833333333333336 17.5 14.333333333333334
13.333333333333334 32.33333333333333 42.5 21.833333333333332 11.833333333333332
13.333333333333334 32.833333333333336 43.166666666666664 17.0 15.0
13.5 31.0 48.333333333333336 17.666666666666668 12.5
13.833333333333332 31.5 46.83333333333333 17.666666666666668 12.333333333333334
15.833333333333334 33.5 47.16666666666667 18.666666666666668 11.833333333333332
12.5 30.0 46.83333333333333 17.833333333333332 12.333333333333334
13.666666666666668 33.5 47.16666666666667 16.333333333333332 12.333333333333334
13.0 31.166666666666664 49.166666666666664 17.5 9.333333333333334
14.333333333333334 32.16666666666667 47.16666666666667 18.166666666666668 9.666666666666668
13.166666666666666 31.333333333333332 48.5 19.5 12.666666666666666
12.5 32.833333333333336 49.666666666666664 19.166666666666664 13.333333333333334
13.5 34.5 48.16666666666667 18.0 13.0
12.333333333333334 30.0 48.16666666666667 20.666666666666668 13.0
12.5 35.833333333333336 50.666666666666664 17.333333333333332 12.5
10.666666666666666 34.0 50.833333333333336 18.333333333333332 9.833333333333332
11.5 34.166666666666664 49.166666666666664 16.0 11.833333333333332
9.833333333333332 33.333333333333336 51.333333333333336 17.666666666666668 10.833333333333334
15.0 30.833333333333336 49.333333333333336 18.666666666666668 12.0
12.5 34.5 49.666666666666664 20.166666666666664 12.166666666666666
14.333333333333334 34.333333333333336 50.833333333333336 22.5 13.666666666666668
14.666666666666666 34.166666666666664 51.166666666666664 19.333333333333336 12.666666666666666
12.5 37.333333333333336 53.333333333333336 19.166666666666664 13.166666666666666
14.0 34.5 52.5 18.833333333333332 11.5
11.333333333333334 35.166666666666664 53.66666666666667 18.0 11.0
13.666666666666668 33.666666666666664 58.666666666666664 19.166666666666664 12.666666666666666
13.0 32.666666666666664 50.333333333333336 15.833333333333334 13.333333333333334
12.0 34.166666666666664 55.66666666666667 18.166666666666668 8.333333333333334
12.333333333333334 33.5 56.0 22.666666666666668 12.0
9.833333333333332 31.333333333333332 55.16666666666667 19.166666666666664 11.833333333333332
12.833333333333334 36.333333333333336 52.333333333333336 18.5 15.333333333333332
11.666666666666668 34.5 53.83333333333333 19.166666666666664 14.333333333333334
12.666666666666666 35.0 52.833333333333336 20.333333333333332 14.333333333333334
12.666666666666666 34.333333333333336 56.166666666666664 19.833333333333336 9.666666666666668
14.833333333333334 32.33333333333333 53.333333333333336 17.166666666666668 11.166666666666666
13.166666666666666 35.5 53.0 21.166666666666668 12.833333333333334
12.666666666666666 34.833333333333336 55.16666666666667 18.666666666666668 14.0
10.666666666666666 37.166666666666664 54.0 21.5 11.0
16.166666666666664 36.5 53.83333333333333 15.5 13.166666666666666
14.333333333333334 36.333333333333336 52.5 19.833333333333336 12.5
10.666666666666666 35.166666666666664 50.666666666666664 20.333333333333332 10.833333333333334
14.333333333333334 36.333333333333336 54.83333333333333 21.666666666666668 13.0
12.166666666666666 34.5 57.166666666666664 20.0 12.0
14.0 32.0 58.5 19.166666666666664 12.166666666666666
14.0 35.166666666666664 53.166666666666664 21.166666666666668 13.5
14.166666666666666 37.166666666666664 56.666666666666664 18.0 10.666666666666666
11.0 37.5 56.5 21.833333333333332 13.833333333333332
13.0 34.333333333333336 57.0 17.666666666666668 13.5
13.666666666666668 36.333333333333336 55.83333333333333 19.666666666666664 11.333333333333334
