10.535714285714285 19.068965517241377 15.607142857142858 9.76 9.071428571428571
10.107142857142858 19.206896551724135 16.214285714285715 9.520000000000001 8.928571428571429
10.535714285714285 19.96551724137931 15.821428571428573 10.56 9.642857142857142
10.75 20.413793103448278 16.5 11.24 8.0
10.035714285714285 19.689655172413794 15.285714285714286 10.08 10.214285714285714
9.964285714285714 19.96551724137931 16.357142857142858 10.319999999999999 8.821428571428573
9.892857142857142 19.482758620689655 16.285714285714285 10.120000000000001 8.964285714285715
10.428571428571429 18.862068965517242 16.642857142857142 11.16 9.214285714285715
11.285714285714286 18.517241379310345 17.964285714285715 9.48 8.107142857142858
10.464285714285714 19.96551724137931 15.285714285714286 10.48 9.0
11.285714285714286 19.96551724137931 16.142857142857142 9.32 10.607142857142856
10.214285714285714 18.310344827586206 15.0 9.56 9.821428571428571
9.678571428571429 20.89655172413793 15.571428571428571 9.36 9.5
9.857142857142858 20.275862068965516 15.75 11.04 8.857142857142858
9.928571428571429 17.89655172413793 17.285714285714285 9.879999999999999 9.214285714285715
9.321428571428571 18.551724137931032 17.035714285714285 11.08 8.857142857142858
10.071428571428571 18.96551724137931 16.428571428571427 9.04 9.607142857142858
10.714285714285714 18.689655172413794 16.32142857142857 9.68 9.392857142857142
10.714285714285714 20.0 15.107142857142858 10.56 9.321428571428571
10.107142857142858 19.310344827586206 16.357142857142858 9.48 9.5
9.785714285714286 19.24137931034483 15.0 9.28 8.678571428571427
10.607142857142856 18.20689655172414 15.928571428571427 11.0 9.357142857142858
9.285714285714286 19.75862068965517 16.0 11.56 10.0
9.964285714285714 19.137931034482758 16.285714285714285 10.56 8.607142857142856
10.214285714285714 18.82758620689655 17.142857142857142 9.799999999999999 9.607142857142858
9.071428571428571 18.034482758620687 15.392857142857142 9.28 9.678571428571429
10.214285714285714 19.482758620689655 17.32142857142857 9.28 9.107142857142858
9.892857142857142 17.96551724137931 16.928571428571427 10.319999999999999 9.285714285714286
9.785714285714286 18.620689655172413 15.5 11.84 10.142857142857142
9.964285714285714 20.03448275862069 15.535714285714286 10.52 9.714285714285714
11.035714285714286 18.82758620689655 16.428571428571427 10.28 9.071428571428571
9.642857142857142 20.82758620689655 16.46428571428571 10.120000000000001 9.928571428571429
10.071428571428571 20.931034482758623 15.678571428571427 9.48 8.571428571428571
9.785714285714286 21.10344827586207 16.32142857142857 9.24 10.821428571428573
10.321428571428571 20.82758620689655 15.892857142857142 9.92 11.178571428571429
10.964285714285715 18.413793103448274 15.071428571428571 10.16 8.714285714285714
9.035714285714286 18.482758620689655 16.82142857142857 10.72 9.928571428571429
10.785714285714286 19.931034482758623 16.678571428571427 10.44 9.642857142857142
9.785714285714286 18.586206896551722 16.46428571428571 10.6 10.071428571428571
10.964285714285715 19.75862068965517 16.214285714285715 11.56 9.928571428571429
11.214285714285715 20.275862068965516 16.142857142857142 10.44 9.0
9.785714285714286 19.24137931034483 15.178571428571429 8.52 9.964285714285714
10.571428571428571 18.758620689655174 17.75 10.24 8.785714285714285
8.678571428571427 19.586206896551722 16.71428571428571 10.48 9.607142857142858
10.642857142857142 19.75862068965517 16.035714285714285 9.0 7.928571428571429
11.107142857142858 19.72413793103448 16.357142857142858 9.520000000000001 8.928571428571429
10.0 19.03448275862069 16.0 10.84 10.392857142857142
10.642857142857142 19.310344827586206 15.535714285714286 10.4 9.357142857142858
9.714285714285714 19.379310344827587 17.392857142857142 8.52 9.928571428571429
11.071428571428571 20.655172413793103 17.107142857142854 10.040000000000001 8.107142857142858
9.035714285714286 20.103448275862068 16.82142857142857 9.520000000000001 9.571428571428571
9.892857142857142 19.620689655172413 16.357142857142858 9.719999999999999 10.25
9.607142857142858 18.586206896551722 16.285714285714285 9.56 10.321428571428571
10.0 20.0 16.71428571428571 10.200000000000001 8.571428571428571
11.142857142857144 20.448275862068968 16.71428571428571 9.639999999999999 8.714285714285714
10.214285714285714 19.75862068965517 14.964285714285715 9.520000000000001 9.642857142857142
9.75 19.75862068965517 17.107142857142854 10.24 9.357142857142858
9.928571428571429 19.379310344827587 15.392857142857142 9.879999999999999 9.321428571428571
10.071428571428571 21.24137931034483 15.714285714285715 10.8 8.75
12.142857142857142 19.75862068965517 16.82142857142857 9.639999999999999 10.214285714285714
9.5 18.24137931034483 16.5 9.24 8.928571428571429
9.714285714285714 18.448275862068964 14.785714285714286 10.72 9.214285714285715
9.5 19.068965517241377 16.5 10.84 8.714285714285714
10.857142857142858 21.448275862068964 17.0 9.2 9.964285714285714
10.571428571428571 19.379310344827587 16.178571428571427 11.12 8.892857142857144
10.464285714285714 19.310344827586206 16.71428571428571 9.879999999999999 9.071428571428571
9.964285714285714 18.862068965517242 15.928571428571427 9.879999999999999 9.035714285714286
9.821428571428571 21.482758620689655 15.071428571428571 11.2 8.821428571428573
9.785714285714286 20.20689655172414 15.571428571428571 9.799999999999999 8.892857142857144
10.607142857142856 19.517241379310345 15.392857142857142 9.719999999999999 9.107142857142858
10.142857142857142 19.96551724137931 16.857142857142858 10.120000000000001 8.857142857142858
10.285714285714285 21.517241379310345 15.714285714285715 8.56 10.107142857142858
10.75 19.068965517241377 15.464285714285715 10.4 8.857142857142858
8.75 19.448275862068964 15.642857142857142 10.16 8.964285714285715
10.107142857142858 20.103448275862068 16.57142857142857 9.879999999999999 9.214285714285715
9.035714285714286 18.724137931034484 15.892857142857142 10.120000000000001 8.964285714285715
10.678571428571427 21.24137931034483 16.535714285714285 9.2 9.464285714285715
11.321428571428571 19.448275862068964 16.428571428571427 10.92 7.892857142857142
10.428571428571429 19.413793103448278 15.178571428571429 10.88 9.464285714285715
11.178571428571429 19.068965517241377 15.321428571428571 8.959999999999999 9.857142857142858
9.928571428571429 19.344827586206897 16.107142857142858 9.56 10.571428571428571
10.285714285714285 20.103448275862068 16.428571428571427 10.4 8.892857142857144
10.928571428571429 18.482758620689655 15.642857142857142 9.96 9.107142857142858
10.428571428571429 22.0 17.821428571428573 10.76 9.285714285714286
10.392857142857142 19.862068965517242 15.928571428571427 9.719999999999999 10.642857142857142
9.392857142857142 18.0 17.964285714285715 9.56 8.642857142857142
10.178571428571429 18.862068965517242 16.392857142857142 9.520000000000001 9.392857142857142
10.75 17.724137931034484 16.607142857142858 9.96 9.178571428571429
8.071428571428571 19.344827586206897 16.25 10.120000000000001 9.714285714285714
10.392857142857142 19.0 15.214285714285715 9.92 8.535714285714285
9.392857142857142 18.310344827586206 15.25 10.72 8.607142857142856
9.821428571428571 17.89655172413793 15.607142857142858 11.6 8.964285714285715
10.892857142857144 18.413793103448274 16.892857142857142 10.52 8.892857142857144
11.0 18.79310344827586 16.535714285714285 9.48 10.214285714285714
9.678571428571429 20.06896551724138 17.46428571428571 10.56 9.892857142857142
10.214285714285714 19.75862068965517 15.464285714285715 10.36 9.0
10.428571428571429 20.517241379310345 15.785714285714285 10.92 9.357142857142858
9.392857142857142 17.862068965517242 15.678571428571427 10.92 9.5
10.571428571428571 18.344827586206897 15.214285714285715 10.92 10.428571428571429
9.785714285714286 18.034482758620687 15.714285714285715 9.520000000000001 8.464285714285714
9.964285714285714 20.137931034482758 16.32142857142857 10.24 8.25
10.142857142857142 9.586206896551724 10.035714285714285 10.76 11.964285714285714
9.142857142857144 11.10344827586207 10.357142857142856 9.76 9.892857142857142
11.035714285714286 11.586206896551724 10.464285714285714 11.12 9.964285714285714
10.035714285714285 11.275862068965516 10.142857142857142 10.52 10.785714285714286
11.107142857142858 18.96551724137931 16.25 10.08 10.035714285714285
10.107142857142858 9.724137931034482 10.678571428571427 11.16 10.642857142857142
10.964285714285715 9.689655172413794 10.071428571428571 10.68 9.892857142857142
10.607142857142856 10.241379310344827 9.107142857142858 9.84 10.285714285714285
9.357142857142858 10.068965517241379 9.857142857142858 11.08 10.214285714285714
10.821428571428573 15.482758620689655 16.892857142857142 10.6 9.25
10.392857142857142 11.241379310344827 9.464285714285715 11.36 11.178571428571429
10.964285714285715 10.482758620689657 10.428571428571429 10.56 10.428571428571429
11.142857142857144 10.068965517241379 10.821428571428573 10.36 9.321428571428571
9.5 10.827586206896552 11.035714285714286 10.48 9.071428571428571
10.928571428571429 19.551724137931036 16.32142857142857 8.959999999999999 9.571428571428571
12.035714285714285 10.551724137931036 10.571428571428571 9.56 10.607142857142856
9.321428571428571 10.448275862068964 10.142857142857142 9.6 10.75
8.642857142857142 9.0 10.464285714285714 10.28 11.392857142857142
10.321428571428571 10.482758620689657 10.928571428571429 9.799999999999999 9.821428571428571
9.642857142857142 17.482758620689655 18.75 9.84 10.392857142857142
9.321428571428571 10.379310344827585 9.821428571428571 10.68 11.142857142857144
10.821428571428573 10.517241379310345 9.464285714285715 10.08 10.964285714285715
9.928571428571429 10.10344827586207 9.892857142857142 10.16 9.714285714285714
10.107142857142858 9.793103448275861 10.142857142857142 11.24 10.214285714285714
11.214285714285715 10.827586206896552 10.107142857142858 11.4 10.607142857142856
11.0 10.0 9.535714285714286 9.76 11.178571428571429
11.071428571428571 9.206896551724137 10.5 8.52 9.464285714285715
10.607142857142856 10.0 11.107142857142858 9.04 10.571428571428571
10.607142857142856 10.10344827586207 10.678571428571427 10.36 10.214285714285714
11.214285714285715 10.827586206896552 9.392857142857142 10.72 9.857142857142858
9.607142857142858 17.551724137931036 18.53571428571429 9.96 8.821428571428573
10.25 17.79310344827586 19.035714285714285 11.12 9.5
10.035714285714285 16.103448275862068 19.5 10.959999999999999 10.071428571428571
11.464285714285715 15.793103448275863 18.67857142857143 10.319999999999999 10.035714285714285
9.857142857142858 17.79310344827586 18.785714285714285 10.28 9.25
9.75 18.17241379310345 17.178571428571427 9.639999999999999 9.5
8.5 17.482758620689655 18.357142857142858 10.72 10.821428571428573
11.214285714285715 15.172413793103448 17.57142857142857 9.4 8.75
8.642857142857142 18.10344827586207 15.785714285714285 9.96 9.25
9.214285714285715 17.724137931034484 17.78571428571429 10.8 9.607142857142858
10.357142857142856 17.75862068965517 19.107142857142858 10.319999999999999 9.892857142857142
11.178571428571429 15.620689655172413 18.75 10.959999999999999 9.25
11.25 16.86206896551724 19.0 10.4 9.464285714285715
9.785714285714286 16.517241379310345 18.392857142857142 9.08 10.25
10.857142857142858 16.655172413793103 18.142857142857142 11.16 9.214285714285715
9.142857142857144 17.10344827586207 21.035714285714285 9.96 10.25
11.678571428571429 16.06896551724138 18.0 10.72 9.928571428571429
10.892857142857144 17.517241379310345 17.714285714285715 10.64 9.25
11.821428571428571 18.0 17.285714285714285 10.84 9.035714285714286
9.821428571428571 15.206896551724137 17.642857142857146 10.48 10.821428571428573
9.857142857142858 16.79310344827586 16.96428571428571 11.440000000000001 9.321428571428571
11.285714285714286 16.586206896551726 18.53571428571429 10.040000000000001 9.035714285714286
10.285714285714285 16.586206896551726 16.96428571428571 10.64 9.642857142857142
9.107142857142858 15.413793103448276 17.964285714285715 11.04 10.642857142857142
10.107142857142858 18.20689655172414 17.964285714285715 10.36 8.75
9.785714285714286 18.448275862068964 18.607142857142858 9.879999999999999 8.678571428571427
9.357142857142858 18.586206896551722 18.821428571428573 10.319999999999999 9.428571428571429
10.535714285714285 17.03448275862069 17.107142857142854 10.0 9.107142857142858
10.857142857142858 17.20689655172414 18.571428571428573 11.32 9.678571428571429
10.178571428571429 16.275862068965516 16.892857142857142 10.68 8.75
9.964285714285714 15.655172413793103 18.714285714285715 11.719999999999999 8.821428571428573
8.821428571428573 17.517241379310345 19.321428571428573 10.56 9.821428571428571
11.357142857142858 17.344827586206897 18.03571428571429 10.92 9.5
9.75 17.75862068965517 17.178571428571427 10.959999999999999 8.285714285714285
10.464285714285714 16.965517241379313 17.25 11.719999999999999 9.357142857142858
10.5 16.86206896551724 19.17857142857143 9.440000000000001 9.178571428571429
10.0 17.03448275862069 18.142857142857142 10.92 8.142857142857142
9.464285714285715 16.586206896551726 18.67857142857143 10.6 8.678571428571427
10.178571428571429 19.413793103448278 17.892857142857146 10.64 9.535714285714286
9.678571428571429 16.551724137931036 18.392857142857142 11.76 9.071428571428571
9.928571428571429 16.82758620689655 19.464285714285715 11.08 9.071428571428571
9.392857142857142 16.275862068965516 19.107142857142858 10.64 8.785714285714285
10.464285714285714 17.03448275862069 17.46428571428571 11.04 10.464285714285714
10.285714285714285 15.620689655172413 17.535714285714285 10.76 9.035714285714286
10.5 16.965517241379313 18.892857142857142 11.56 8.75
9.5 16.275862068965516 17.178571428571427 10.28 9.107142857142858
10.035714285714285 18.413793103448274 18.5 11.520000000000001 9.0
10.0 18.0 19.607142857142858 10.68 9.178571428571429
10.178571428571429 17.75862068965517 17.964285714285715 10.92 9.321428571428571
9.678571428571429 16.89655172413793 20.035714285714285 9.36 10.321428571428571
10.214285714285714 17.655172413793103 19.25 10.200000000000001 9.928571428571429
10.214285714285714 18.06896551724138 19.035714285714285 9.96 10.428571428571429
9.357142857142858 17.620689655172416 19.0 11.68 9.214285714285715
10.678571428571427 15.448275862068966 17.32142857142857 11.0 9.107142857142858
10.107142857142858 17.344827586206897 20.0 10.08 9.107142857142858
9.857142857142858 16.310344827586206 18.464285714285715 10.36 10.321428571428571
10.142857142857142 15.482758620689655 19.214285714285715 10.959999999999999 8.142857142857142
10.0 17.75862068965517 18.642857142857142 12.239999999999998 8.571428571428571
10.5 17.137931034482758 19.642857142857142 10.120000000000001 8.857142857142858
10.714285714285714 16.344827586206897 19.142857142857142 11.88 8.285714285714285
10.071428571428571 16.517241379310345 19.642857142857142 9.879999999999999 9.071428571428571
10.428571428571429 16.89655172413793 18.357142857142858 10.040000000000001 9.892857142857142
10.357142857142856 18.06896551724138 17.535714285714285 10.200000000000001 9.857142857142858
10.392857142857142 17.862068965517242 18.357142857142858 9.96 9.785714285714286
10.107142857142858 17.448275862068964 18.5 9.84 9.964285714285714
10.107142857142858 16.06896551724138 17.857142857142858 10.44 9.964285714285714
10.392857142857142 17.655172413793103 19.607142857142858 10.120000000000001 9.642857142857142
10.714285714285714 19.517241379310345 18.571428571428573 10.200000000000001 8.285714285714285
10.785714285714286 17.03448275862069 16.32142857142857 11.12 8.928571428571429
10.535714285714285 17.862068965517242 17.75 10.28 8.821428571428573
10.071428571428571 17.96551724137931 17.92857142857143 10.8 10.5
10.642857142857142 16.206896551724135 17.821428571428573 12.200000000000001 9.035714285714286
10.964285714285715 16.413793103448278 20.214285714285715 11.68 10.321428571428571
10.428571428571429 19.27586206896552 18.5 10.56 9.678571428571429
9.535714285714286 16.379310344827587 16.75 10.040000000000001 10.142857142857142
9.714285714285714 16.655172413793103 17.21428571428571 10.200000000000001 8.0
10.714285714285714 16.931034482758623 18.75 10.36 8.428571428571429
10.285714285714285 16.620689655172413 18.142857142857142 9.68 9.714285714285714
9.821428571428571 17.862068965517242 18.67857142857143 10.319999999999999 9.285714285714286
9.928571428571429 17.137931034482758 16.678571428571427 10.72 10.285714285714285
11.392857142857142 16.448275862068968 18.03571428571429 11.68 8.5
10.107142857142858 18.379310344827587 18.42857142857143 9.96 9.857142857142858
10.142857142857142 17.241379310344826 17.642857142857146 10.56 9.964285714285714
9.678571428571429 17.75862068965517 19.17857142857143 10.16 10.892857142857144
10.5 18.586206896551722 17.714285714285715 11.4 10.428571428571429
10.571428571428571 17.862068965517242 18.0 10.52 8.571428571428571
9.357142857142858 17.0 18.071428571428573 11.32 9.964285714285714
10.035714285714285 16.413793103448278 18.25 11.520000000000001 9.107142857142858
9.678571428571429 17.689655172413794 20.035714285714285 10.76 9.0
10.035714285714285 16.551724137931036 18.107142857142858 11.4 10.0
11.357142857142858 16.75862068965517 17.75 10.200000000000001 9.678571428571429
9.535714285714286 17.862068965517242 17.535714285714285 10.36 10.75
9.5 16.620689655172413 16.857142857142858 11.799999999999999 9.964285714285714
10.035714285714285 18.724137931034484 17.75 10.84 9.714285714285714
10.321428571428571 17.620689655172416 18.42857142857143 10.36 9.071428571428571
10.357142857142856 16.931034482758623 17.92857142857143 11.28 9.821428571428571
9.785714285714286 16.413793103448278 19.25 9.96 9.357142857142858
11.035714285714286 18.0 17.607142857142858 10.200000000000001 10.25
10.25 14.551724137931036 20.107142857142858 9.96 10.607142857142856
