0.0 0.14958448753462603 0.06593406593406592 0.0013227513227513227 0.0
0.0014184397163120568 0.10664819944598339 0.05631868131868132 0.0013227513227513227 0.0
0.0014184397163120568 0.14958448753462603 0.06043956043956044 0.0 0.0
0.0 0.14681440443213295 0.0673076923076923 0.0 0.0
0.0 0.13434903047091412 0.059065934065934064 0.0 0.0
0.0 0.1329639889196676 0.059065934065934064 0.0 0.0
0.0028368794326241137 0.16204986149584488 0.0673076923076923 0.0 0.0
0.0 0.15235457063711913 0.04807692307692308 0.0 0.0
0.0014184397163120568 0.15650969529085873 0.07142857142857144 0.0 0.0
0.0 0.1772853185595568 0.05631868131868132 0.0 0.0
0.0 0.14265927977839335 0.050824175824175824 0.0 0.0
0.0 0.13850415512465375 0.05769230769230769 0.0 0.0
0.00425531914893617 0.12880886426592797 0.04807692307692308 0.0 0.0
0.0014184397163120568 0.18282548476454294 0.059065934065934064 0.0013227513227513227 0.0
0.0014184397163120568 0.1634349030470914 0.07005494505494506 0.0 0.0
0.0014184397163120568 0.23684210526315788 0.059065934065934064 0.0 0.0
0.0 0.19667590027700832 0.05631868131868132 0.0 0.0
0.0 0.1952908587257618 0.0728021978021978 0.0 0.0
0.0014184397163120568 0.17174515235457063 0.05631868131868132 0.0 0.0
0.0014184397163120568 0.19667590027700832 0.06318681318681318 0.0 0.0
0.0014184397163120568 0.24376731301939059 0.0673076923076923 0.0 0.0
0.0028368794326241137 0.1634349030470914 0.050824175824175824 0.0 0.0
0.0028368794326241137 0.2257617728531856 0.0728021978021978 0.0 0.0
0.0014184397163120568 0.21606648199445982 0.07005494505494506 0.0 0.0
0.0 0.18282548476454294 0.061813186813186816 0.0013227513227513227 0.0
0.0 0.1952908587257618 0.0782967032967033 0.0013227513227513227 0.0
0.0014184397163120568 0.26177285318559557 0.08241758241758242 0.0 0.0
0.0 0.30886426592797783 0.11813186813186813 0.0026455026455026454 0.0
0.0 0.20914127423822712 0.061813186813186816 0.0 0.0
0.0028368794326241137 0.23268698060941828 0.07967032967032966 0.0 0.0
0.0 0.24376731301939059 0.06593406593406592 0.0 0.0
0.0028368794326241137 0.2853185595567867 0.0673076923076923 0.0 0.0
0.0 0.25761772853185594 0.0879120879120879 0.0 0.0
0.005673758865248227 0.278393351800554 0.0673076923076923 0.0013227513227513227 0.0014084507042253522
0.0 0.2770083102493075 0.0728021978021978 0.0 0.0
0.0014184397163120568 0.3462603878116344 0.10576923076923077 0.0 0.0014084507042253522
0.0014184397163120568 0.2839335180055402 0.0673076923076923 0.0 0.0
0.0014184397163120568 0.3365650969529086 0.0728021978021978 0.0013227513227513227 0.0
0.0028368794326241137 0.31994459833795014 0.09478021978021978 0.0013227513227513227 0.0
0.0014184397163120568 0.3656509695290859 0.08653846153846154 0.0026455026455026454 0.0
0.0 0.3490304709141274 0.09203296703296704 0.0 0.0
0.0 0.350415512465374 0.09065934065934066 0.0013227513227513227 0.0
0.0014184397163120568 0.38365650969529086 0.08928571428571429 0.0013227513227513227 0.0014084507042253522
0.0 0.3476454293628809 0.07967032967032966 0.0013227513227513227 0.0
0.0014184397163120568 0.389196675900277 0.08241758241758242 0.0 0.0
0.0028368794326241137 0.40581717451523547 0.08928571428571429 0.0 0.0
0.0 0.39473684210526316 0.09890109890109891 0.0 0.0
0.0 0.44875346260387816 0.11401098901098901 0.0 0.0
0.0 0.39473684210526316 0.10576923076923077 0.0013227513227513227 0.0
0.0028368794326241137 0.47506925207756234 0.10989010989010989 0.0013227513227513227 0.0
0.0014184397163120568 0.4681440443213296 0.11950549450549451 0.0 0.0
0.0014184397163120568 0.4196675900277008 0.08516483516483517 0.0 0.0
0.0 0.47229916897506924 0.1346153846153846 0.0 0.0
0.0 0.4626038781163435 0.11675824175824176 0.0 0.0
0.0 0.5124653739612188 0.12225274725274725 0.0 0.0
0.0014184397163120568 0.5997229916897507 0.12362637362637363 0.0 0.0
0.0014184397163120568 0.4778393351800554 0.09615384615384616 0.0 0.0
0.0028368794326241137 0.5138504155124655 0.11950549450549451 0.0 0.0
0.00425531914893617 0.5055401662049861 0.09340659340659341 0.0013227513227513227 0.0
0.0 0.5512465373961218 0.14285714285714288 0.0 0.0
0.0 0.5526315789473684 0.12225274725274725 0.0026455026455026454 0.0
0.0014184397163120568 0.53601108033241 0.14423076923076925 0.0 0.0
0.0 0.5761772853185596 0.12912087912087913 0.0 0.0
0.0 0.6246537396121884 0.13736263736263737 0.0 0.0
0.0014184397163120568 0.6080332409972299 0.13598901098901098 0.0 0.0
0.0014184397163120568 0.6440443213296398 0.1304945054945055 0.0 0.0
0.0 0.700831024930748 0.1565934065934066 0.0 0.0
0.0 0.7326869806094183 0.13873626373626374 0.0013227513227513227 0.0
0.0028368794326241137 0.7257617728531857 0.12774725274725277 0.0 0.0
0.0014184397163120568 0.700831024930748 0.16346153846153846 0.0026455026455026454 0.0
0.0014184397163120568 0.7506925207756232 0.15521978021978022 0.0 0.0
0.0014184397163120568 0.7617728531855956 0.1662087912087912 0.0 0.0
0.0014184397163120568 0.8227146814404432 0.18956043956043955 0.0 0.0
0.0 0.8074792243767314 0.1620879120879121 0.0 0.0
0.0028368794326241137 0.8337950138504155 0.19780219780219782 0.0 0.0
0.0014184397163120568 0.8628808864265929 0.19505494505494506 0.0013227513227513227 0.0
0.0 0.9653739612188366 0.20741758241758243 0.0 0.0
0.0 0.925207756232687 0.2184065934065934 0.0026455026455026454 0.0
0.0028368794326241137 0.9487534626038782 0.19642857142857142 0.0 0.0
0.0014184397163120568 0.9556786703601108 0.22939560439560439 0.0 0.0
0.0 0.9265927977839334 0.2087912087912088 0.0013227513227513227 0.0
0.0 0.9542936288088643 0.20741758241758243 0.0 0.0
0.0014184397163120568 1.0900277008310248 0.22527472527472528 0.0 0.0
0.0028368794326241137 1.0678670360110802 0.23214285714285715 0.0013227513227513227 0.0
0.0014184397163120568 1.0498614958448753 0.21153846153846154 0.0013227513227513227 0.0
0.0 1.0041551246537397 0.21565934065934064 0.0 0.0
0.0 1.1024930747922437 0.2032967032967033 0.0 0.0
0.0014184397163120568 1.0844875346260388 0.2239010989010989 0.0 0.0
0.0014184397163120568 1.0858725761772852 0.23901098901098902 0.0 0.0
0.0028368794326241137 1.0817174515235457 0.23626373626373626 0.0026455026455026454 0.0
0.0014184397163120568 1.1509695290858726 0.2403846153846154 0.0013227513227513227 0.0
0.0 1.167590027700831 0.25686813186813184 0.0 0.0
0.0 1.2520775623268698 0.25274725274725274 0.0 0.0
0.0014184397163120568 1.2853185595567866 0.25824175824175827 0.0013227513227513227 0.0
0.0 1.2285318559556786 0.2884615384615385 0.0 0.0
0.0 1.3434903047091413 0.2774725274725275 0.0 0.0
0.0014184397163120568 1.350415512465374 0.2733516483516484 0.0 0.0
0.0 1.3614958448753463 0.25549450549450553 0.0 0.0
0.0014184397163120568 1.409972299168975 0.31043956043956045 0.0 0.0
0.0 1.4598337950138502 0.3021978021978022 0.0 0.0
0.0014184397163120568 1.4265927977839334 0.3118131868131868 0.0013227513227513227 0.0
0.0 0.19806094182825484 0.0013736263736263735 0.0 0.0
0.0 0.17590027700831024 0.00412087912087912 0.0 0.0
0.0 0.1551246537396122 0.00824175824175824 0.0 0.0
0.0 0.1731301939058172 0.005494505494505494 0.0 0.0
0.0014184397163120568 1.4612188365650969 0.29395604395604397 0.0013227513227513227 0.0
0.0 0.18144044321329642 0.00412087912087912 0.0 0.0014084507042253522
0.0 0.16066481994459833 0.005494505494505494 0.0 0.0
0.0 0.15650969529085873 0.013736263736263736 0.0 0.0
0.0 0.16066481994459833 0.006868131868131868 0.0 0.0
0.0028368794326241137 1.07202216066482 0.4423076923076923 0.0 0.0
0.0 0.18144044321329642 0.009615384615384616 0.0 0.0
0.0 0.18698060941828254 0.009615384615384616 0.0 0.0
0.0 0.18005540166204984 0.005494505494505494 0.0 0.0
0.0 0.1731301939058172 0.00412087912087912 0.0 0.0
0.0028368794326241137 1.4903047091412742 0.30082417582417587 0.0 0.0
0.0 0.1703601108033241 0.00824175824175824 0.0 0.0
0.0 0.1662049861495845 0.006868131868131868 0.0 0.0
0.0 0.1745152354570637 0.00824175824175824 0.0 0.0
0.0 0.1786703601108033 0.010989010989010988 0.0 0.0
0.0 1.1426592797783934 0.4271978021978022 0.0013227513227513227 0.0
0.0 0.1703601108033241 0.0013736263736263735 0.0 0.0
0.0 0.16481994459833793 0.002747252747252747 0.0 0.0
0.0 0.15373961218836565 0.002747252747252747 0.0013227513227513227 0.0
0.0 0.18975069252077562 0.00824175824175824 0.0 0.0
0.0 0.1481994459833795 0.01648351648351648 0.0 0.0
0.0 0.18144044321329642 0.006868131868131868 0.0 0.0
0.0 0.16066481994459833 0.006868131868131868 0.0 0.0
0.0 0.15235457063711913 0.00824175824175824 0.0 0.0
0.0 0.1772853185595568 0.013736263736263736 0.0 0.0
0.0 0.18698060941828254 0.002747252747252747 0.0 0.0
0.0 1.1149584487534627 0.4848901098901099 0.0 0.0
0.0014184397163120568 1.1052631578947367 0.4491758241758242 0.0 0.0
0.0 1.1274238227146816 0.4574175824175824 0.003968253968253968 0.0
0.0 1.0803324099722993 0.4381868131868132 0.0013227513227513227 0.0
0.0 1.113573407202216 0.39972527472527475 0.0013227513227513227 0.0
0.0 1.0927977839335181 0.41346153846153844 0.0 0.0
0.0 1.155124653739612 0.4024725274725275 0.0013227513227513227 0.0
0.0014184397163120568 1.1371191135734071 0.45879120879120877 0.0 0.0
0.0028368794326241137 1.1689750692520777 0.4271978021978022 0.0026455026455026454 0.0
0.0014184397163120568 1.1121883656509695 0.39560439560439564 0.0 0.0
0.0 1.0831024930747921 0.4368131868131868 0.0 0.0
0.0 1.0221606648199446 0.42445054945054944 0.0 0.0
0.0 1.126038781163435 0.45879120879120877 0.0 0.0
0.0 1.1052631578947367 0.3983516483516484 0.0013227513227513227 0.0
0.0 1.0761772853185596 0.38324175824175827 0.0 0.0
0.0 1.131578947368421 0.40796703296703296 0.0026455026455026454 0.0
0.0 1.101108033240997 0.4065934065934066 0.0026455026455026454 0.0
0.0 1.0609418282548477 0.38461538461538464 0.0 0.0014084507042253522
0.0 1.0886426592797784 0.37637362637362637 0.0 0.0
0.0 1.0983379501385042 0.41071428571428575 0.0026455026455026454 0.0
0.0 1.0484764542936287 0.375 0.0013227513227513227 0.0
0.0 1.056786703601108 0.37637362637362637 0.0013227513227513227 0.0
0.0 1.0775623268698062 0.3708791208791209 0.0 0.0
0.0 1.0387811634349031 0.39697802197802196 0.005291005291005291 0.0
0.0 1.027700831024931 0.3791208791208791 0.0013227513227513227 0.0
0.0 1.0927977839335181 0.42032967032967034 0.0 0.0
0.0 1.0844875346260388 0.364010989010989 0.0013227513227513227 0.0
0.0 1.0803324099722993 0.36126373626373626 0.0 0.0
0.0 1.0969529085872576 0.4024725274725275 0.0026455026455026454 0.0
0.0 1.0470914127423823 0.34615384615384615 0.0013227513227513227 0.0
0.0 1.0401662049861495 0.3708791208791209 0.0 0.0
0.0 1.0498614958448753 0.35714285714285715 0.0 0.0
0.0014184397163120568 1.0844875346260388 0.32554945054945056 0.0013227513227513227 0.0
0.0 1.0803324099722993 0.31043956043956045 0.0026455026455026454 0.0
0.0 1.074792243767313 0.3447802197802198 0.0 0.0
0.0028368794326241137 1.0692520775623269 0.3241758241758242 0.0013227513227513227 0.0
0.0 1.059556786703601 0.2925824175824176 0.003968253968253968 0.0
0.0 1.0692520775623269 0.31456043956043955 0.0026455026455026454 0.0
0.0 1.0914127423822715 0.3324175824175824 0.0 0.0
0.0 1.0457063711911359 0.29532967032967034 0.0 0.0
0.0 1.0484764542936287 0.3118131868131868 0.0013227513227513227 0.0
0.0 1.0096952908587258 0.3118131868131868 0.0 0.0
0.0 1.0221606648199446 0.2802197802197802 0.005291005291005291 0.0
0.0 1.0360110803324099 0.2980769230769231 0.0013227513227513227 0.0
0.0028368794326241137 1.054016620498615 0.28983516483516486 0.0026455026455026454 0.0
0.0 1.054016620498615 0.3241758241758242 0.0013227513227513227 0.0014084507042253522
0.0 1.0152354570637119 0.2815934065934066 0.0 0.0014084507042253522
0.0 1.0401662049861495 0.3200549450549451 0.0 0.0
0.0 1.1066481994459834 0.29945054945054944 0.0013227513227513227 0.0
0.0 1.0858725761772852 0.28571428571428575 0.0013227513227513227 0.0
0.0014184397163120568 1.0443213296398892 0.2967032967032967 0.0 0.0
0.0 1.0734072022160666 0.2967032967032967 0.0013227513227513227 0.0
0.0 0.9695290858725762 0.28296703296703296 0.0 0.0
0.0 1.0775623268698062 0.31868131868131866 0.0026455026455026454 0.0
0.0 1.0138504155124652 0.29395604395604397 0.0 0.0
0.0028368794326241137 1.0318559556786704 0.3173076923076923 0.0026455026455026454 0.0
0.0 1.0512465373961217 0.30494505494505497 0.0 0.0
0.0 1.0235457063711912 0.2651098901098901 0.0 0.0
0.0 1.0373961218836565 0.31456043956043955 0.0 0.0
0.0014184397163120568 1.0360110803324099 0.29532967032967034 0.0013227513227513227 0.0
0.0 0.9930747922437674 0.30082417582417587 0.0 0.0
0.0014184397163120568 1.0096952908587258 0.29945054945054944 0.0013227513227513227 0.0
0.0 1.0498614958448753 0.3173076923076923 0.0 0.0
0.0028368794326241137 1.0609418282548477 0.3173076923076923 0.0 0.0
0.0 1.0304709141274238 0.29532967032967034 0.0013227513227513227 0.0
0.0 0.9722991689750692 0.28708791208791207 0.0013227513227513227 0.0
0.0 1.0304709141274238 0.2925824175824176 0.0026455026455026454 0.0
0.0 1.0401662049861495 0.28296703296703296 0.0026455026455026454 0.0
0.0 1.0166204986149585 0.2925824175824176 0.0 0.0
0.0014184397163120568 1.005540166204986 0.27197802197802196 0.0026455026455026454 0.0
0.0 1.0152354570637119 0.3021978021978022 0.0 0.0014084507042253522
0.0 1.0318559556786704 0.27472527472527475 0.0 0.0
0.0 1.0235457063711912 0.3021978021978022 0.0026455026455026454 0.0
0.0 1.002770083102493 0.27609890109890106 0.0026455026455026454 0.0
0.0 1.0290858725761771 0.29395604395604397 0.0026455026455026454 0.0
0.0 0.96398891966759 0.2733516483516484 0.0 0.0
0.0 1.0609418282548477 0.29395604395604397 0.0026455026455026454 0.0
0.0 1.0734072022160666 0.31868131868131866 0.0 0.0
0.0 1.0332409972299168 0.28296703296703296 0.003968253968253968 0.0
0.0014184397163120568 1.0692520775623269 0.30494505494505497 0.0 0.0
0.0 0.997229916897507 0.3090659340659341 0.0013227513227513227 0.0
0.0 1.0304709141274238 0.30082417582417587 0.0013227513227513227 0.0
0.0 1.0360110803324099 0.2884615384615385 0.0013227513227513227 0.0
0.0014184397163120568 0.9944598337950138 0.2925824175824176 0.0013227513227513227 0.0
0.0014184397163120568 0.9833795013850415 0.29532967032967034 0.0 0.0
0.0 1.027700831024931 0.2884615384615385 0.0026455026455026454 0.0
0.0 1.0138504155124652 0.27609890109890106 0.0013227513227513227 0.0
0.0028368794326241137 1.0138504155124652 0.28983516483516486 0.0013227513227513227 0.0
0.0 1.0124653739612188 0.2967032967032967 0.0013227513227513227 0.0
0.0 0.9903047091412741 0.29945054945054944 0.0013227513227513227 0.0
0.0 1.0013850415512466 0.2802197802197802 0.0013227513227513227 0.0
0.0 0.9944598337950138 0.2486263736263736 0.0013227513227513227 0.0
0.0 1.0235457063711912 0.26785714285714285 0.0013227513227513227 0.0
0.0014184397163120568 1.0360110803324099 0.2623626373626374 0.0013227513227513227 0.0
0.0 1.0554016620498614 0.2802197802197802 0.0 0.0
0.0 1.0069252077562327 0.25824175824175827 0.0013227513227513227 0.0
0.0 1.0706371191135733 0.29945054945054944 0.0013227513227513227 0.0
0.0 1.0360110803324099 0.27472527472527475 0.0013227513227513227 0.0
0.0014184397163120568 1.0415512465373962 0.31868131868131866 0.0 0.0
