0.00425531914893617 0.13988919667590027 0.06043956043956044 0.0 0.0
0.005673758865248227 0.1191135734072022 0.049450549450549455 0.0 0.0
0.0 0.10941828254847645 0.05357142857142857 0.0013227513227513227 0.0
0.0014184397163120568 0.14958448753462603 0.0521978021978022 0.0 0.0
0.0014184397163120568 0.1481994459833795 0.049450549450549455 0.0013227513227513227 0.0
0.0 0.12465373961218837 0.04120879120879121 0.0 0.0
0.0014184397163120568 0.13157894736842105 0.06043956043956044 0.0 0.0
0.0014184397163120568 0.1481994459833795 0.054945054945054944 0.0 0.0
0.0014184397163120568 0.12880886426592797 0.046703296703296704 0.0 0.0
0.0 0.13157894736842105 0.0521978021978022 0.003968253968253968 0.0
0.0014184397163120568 0.12465373961218837 0.042582417582417584 0.0 0.0
0.0 0.12326869806094184 0.04532967032967033 0.0013227513227513227 0.0
0.0 0.13573407202216065 0.046703296703296704 0.0 0.0
0.0 0.11357340720221606 0.061813186813186816 0.0013227513227513227 0.0
0.00425531914893617 0.13157894736842105 0.050824175824175824 0.0 0.0
0.0014184397163120568 0.1634349030470914 0.03296703296703296 0.0 0.0
0.0 0.12880886426592797 0.050824175824175824 0.0 0.0
0.00425531914893617 0.13988919667590027 0.04532967032967033 0.0 0.0
0.0014184397163120568 0.1329639889196676 0.04120879120879121 0.0 0.0
0.0014184397163120568 0.12465373961218837 0.03983516483516483 0.0 0.0
0.0014184397163120568 0.1440443213296399 0.046703296703296704 0.0 0.0014084507042253522
0.00425531914893617 0.0997229916897507 0.04807692307692308 0.0 0.0
0.0 0.1703601108033241 0.0521978021978022 0.0 0.0
0.0014184397163120568 0.11357340720221606 0.049450549450549455 0.0 0.0
0.0014184397163120568 0.10941828254847645 0.06593406593406592 0.0013227513227513227 0.0
0.0 0.11634349030470914 0.05357142857142857 0.0013227513227513227 0.0
0.0 0.13019390581717452 0.059065934065934064 0.0 0.0
0.0 0.16204986149584488 0.05631868131868132 0.0 0.0
0.0014184397163120568 0.13988919667590027 0.050824175824175824 0.0 0.0
0.0014184397163120568 0.14127423822714683 0.03983516483516483 0.0 0.0
0.0014184397163120568 0.10526315789473685 0.050824175824175824 0.0026455026455026454 0.0
0.0 0.15789473684210525 0.04120879120879121 0.0 0.0
0.0 0.13573407202216065 0.04532967032967033 0.0013227513227513227 0.0014084507042253522
0.0014184397163120568 0.1329639889196676 0.04807692307692308 0.0013227513227513227 0.0014084507042253522
0.0 0.1149584487534626 0.05631868131868132 0.0 0.0
0.00425531914893617 0.12603878116343492 0.059065934065934064 0.0013227513227513227 0.0
0.00425531914893617 0.10941828254847645 0.0728021978021978 0.0 0.0
0.0014184397163120568 0.13019390581717452 0.0521978021978022 0.0 0.0
0.0014184397163120568 0.1371191135734072 0.04807692307692308 0.0 0.0
0.0 0.16066481994459833 0.0521978021978022 0.0013227513227513227 0.0
0.0028368794326241137 0.13434903047091412 0.05631868131868132 0.0013227513227513227 0.0
0.0014184397163120568 0.13019390581717452 0.0521978021978022 0.0 0.0
0.0 0.12603878116343492 0.04395604395604395 0.003968253968253968 0.0
0.0 0.1191135734072022 0.049450549450549455 0.0013227513227513227 0.0
0.0014184397163120568 0.15373961218836565 0.0521978021978022 0.0 0.0
0.00425531914893617 0.12880886426592797 0.03708791208791209 0.0013227513227513227 0.0
0.0014184397163120568 0.09833795013850416 0.04532967032967033 0.0013227513227513227 0.0
0.0014184397163120568 0.13573407202216065 0.06456043956043957 0.0 0.0
0.0028368794326241137 0.11772853185595568 0.042582417582417584 0.0013227513227513227 0.0
0.0028368794326241137 0.13573407202216065 0.04807692307692308 0.0 0.0
0.0 0.12188365650969529 0.05357142857142857 0.0013227513227513227 0.0
0.0028368794326241137 0.09279778393351801 0.04120879120879121 0.0 0.0
0.0 0.12880886426592797 0.061813186813186816 0.0 0.0
0.0014184397163120568 0.09833795013850416 0.05357142857142857 0.0 0.0
0.0 0.13573407202216065 0.0521978021978022 0.0 0.0
0.0 0.1481994459833795 0.06318681318681318 0.0 0.0
0.0028368794326241137 0.12188365650969529 0.03708791208791209 0.0013227513227513227 0.0
0.0 0.10110803324099724 0.04395604395604395 0.0 0.0
0.00425531914893617 0.10110803324099724 0.04120879120879121 0.0013227513227513227 0.0
0.0 0.11772853185595568 0.0673076923076923 0.0 0.0
0.0028368794326241137 0.12880886426592797 0.054945054945054944 0.0 0.0
0.0014184397163120568 0.10941828254847645 0.04120879120879121 0.0 0.0
0.0 0.12326869806094184 0.050824175824175824 0.0 0.0
0.0014184397163120568 0.15235457063711913 0.04807692307692308 0.0 0.0
0.0 0.1149584487534626 0.046703296703296704 0.0 0.0
0.0014184397163120568 0.10526315789473685 0.04395604395604395 0.0 0.0
0.0 0.1481994459833795 0.08104395604395605 0.0 0.0
0.0028368794326241137 0.13157894736842105 0.050824175824175824 0.0 0.0
0.0 0.12049861495844875 0.042582417582417584 0.0013227513227513227 0.0
0.0014184397163120568 0.10941828254847645 0.061813186813186816 0.0 0.0
0.0014184397163120568 0.1149584487534626 0.03296703296703296 0.0 0.0
0.0014184397163120568 0.1038781163434903 0.05769230769230769 0.0013227513227513227 0.0
0.0 0.13019390581717452 0.04532967032967033 0.0 0.0
0.0014184397163120568 0.10249307479224376 0.05357142857142857 0.0 0.0
0.0028368794326241137 0.13157894736842105 0.04395604395604395 0.0 0.0
0.0 0.12465373961218837 0.03983516483516483 0.0 0.0
0.0014184397163120568 0.12465373961218837 0.059065934065934064 0.0 0.0
0.0028368794326241137 0.13019390581717452 0.06043956043956044 0.0 0.0
0.0028368794326241137 0.12742382271468145 0.03983516483516483 0.0 0.0
0.0 0.13157894736842105 0.050824175824175824 0.0 0.0014084507042253522
0.0 0.08448753462603878 0.03983516483516483 0.0013227513227513227 0.0
0.0 0.11218836565096954 0.05769230769230769 0.0 0.0
0.0028368794326241137 0.12188365650969529 0.04120879120879121 0.0013227513227513227 0.0
0.0 0.11080332409972299 0.05357142857142857 0.0013227513227513227 0.0
0.0014184397163120568 0.1149584487534626 0.042582417582417584 0.0 0.0
0.0 0.11772853185595568 0.042582417582417584 0.0026455026455026454 0.0
0.0 0.12188365650969529 0.03296703296703296 0.0 0.0
0.0 0.13019390581717452 0.046703296703296704 0.0 0.0
0.0014184397163120568 0.09279778393351801 0.04807692307692308 0.0013227513227513227 0.0
0.0 0.11634349030470914 0.042582417582417584 0.0013227513227513227 0.0
0.0 0.09141274238227147 0.046703296703296704 0.0013227513227513227 0.0
0.0014184397163120568 0.10110803324099724 0.050824175824175824 0.0 0.0
0.0 0.09833795013850416 0.03983516483516483 0.0013227513227513227 0.0
0.0 0.11772853185595568 0.046703296703296704 0.0 0.0
0.0014184397163120568 0.0886426592797784 0.04807692307692308 0.0026455026455026454 0.0
0.0 0.11634349030470914 0.03983516483516483 0.0 0.0
0.0 0.11080332409972299 0.059065934065934064 0.0026455026455026454 0.0
0.0014184397163120568 0.0997229916897507 0.03571428571428572 0.0 0.0
0.0014184397163120568 0.11357340720221606 0.042582417582417584 0.0013227513227513227 0.0
0.00425531914893617 0.08587257617728532 0.059065934065934064 0.0 0.0
0.0 0.0886426592797784 0.028846153846153844 0.0 0.0
0.0028368794326241137 0.0 0.0 0.0 0.0
0.0 0.0 0.0 0.0 0.0
0.0 0.0 0.0 0.0013227513227513227 0.0
0.0 0.0013850415512465374 0.0 0.0 0.0
0.0014184397163120568 0.10664819944598339 0.0521978021978022 0.0 0.0014084507042253522
0.0 0.0 0.0 0.0 0.0
0.0 0.0 0.0 0.0 0.0
0.0 0.0 0.0 0.0 0.0
0.0 0.0 0.0 0.0 0.0
0.0 0.04986149584487535 0.1304945054945055 0.0013227513227513227 0.0
0.0 0.0 0.0 0.0 0.0014084507042253522
0.0 0.0 0.0 0.0 0.0
0.0 0.0013850415512465374 0.0 0.0 0.0
0.0 0.0 0.0 0.0 0.0
0.0014184397163120568 0.10664819944598339 0.034340659340659344 0.0 0.0
0.0 0.0 0.0 0.0 0.0
0.0 0.0 0.0 0.0 0.0
0.0 0.0 0.0 0.0 0.0
0.0 0.0 0.0 0.0 0.0014084507042253522
0.0 0.05678670360110803 0.10989010989010989 0.0 0.0
0.0 0.0 0.0 0.0 0.0
0.0 0.0 0.0 0.0 0.0
0.0 0.0013850415512465374 0.0 0.0 0.0
0.0 0.0 0.0 0.0 0.0
0.0 0.0 0.0 0.0 0.0
0.0 0.0 0.0 0.0 0.0
0.0 0.0 0.0 0.0 0.0
0.0 0.0 0.0 0.0 0.0
0.0 0.0 0.0 0.0013227513227513227 0.0
0.0 0.0 0.0 0.0 0.0
0.0014184397163120568 0.04709141274238227 0.16895604395604397 0.0 0.0
0.0014184397163120568 0.05124653739612188 0.1456043956043956 0.0 0.0
0.0 0.05817174515235457 0.15521978021978022 0.0013227513227513227 0.0
0.0 0.036011080332409975 0.13598901098901098 0.0013227513227513227 0.0
0.0 0.03878116343490305 0.1401098901098901 0.005291005291005291 0.0
0.0 0.03462603878116344 0.0837912087912088 0.0013227513227513227 0.0
0.0 0.052631578947368425 0.10851648351648352 0.0 0.0
0.0 0.0595567867036011 0.13324175824175824 0.0013227513227513227 0.0
0.0 0.07340720221606647 0.12637362637362637 0.003968253968253968 0.0
0.0014184397163120568 0.05678670360110803 0.157967032967033 0.0013227513227513227 0.0
0.0 0.045706371191135735 0.1771978021978022 0.0013227513227513227 0.0
0.0 0.045706371191135735 0.1620879120879121 0.0013227513227513227 0.0
0.0 0.052631578947368425 0.13598901098901098 0.0013227513227513227 0.0
0.0 0.05124653739612188 0.12637362637362637 0.0013227513227513227 0.0
0.0014184397163120568 0.03462603878116344 0.13186813186813184 0.0013227513227513227 0.0
0.0014184397163120568 0.05678670360110803 0.1717032967032967 0.0 0.0
0.0 0.052631578947368425 0.1771978021978022 0.0 0.0
0.0014184397163120568 0.036011080332409975 0.14972527472527472 0.0 0.0
0.0 0.0443213296398892 0.20054945054945053 0.0 0.0
0.0 0.05817174515235457 0.17994505494505494 0.0026455026455026454 0.0
0.0014184397163120568 0.036011080332409975 0.1758241758241758 0.0026455026455026454 0.0
0.0014184397163120568 0.054016620498614956 0.21978021978021978 0.0013227513227513227 0.0
0.0 0.06371191135734072 0.21016483516483517 0.0013227513227513227 0.0
0.0 0.05124653739612188 0.2486263736263736 0.0 0.0
0.0 0.052631578947368425 0.2664835164835165 0.0 0.0
0.0 0.07063711911357341 0.3131868131868132 0.0026455026455026454 0.0
0.0 0.09418282548476455 0.32554945054945056 0.0 0.0
0.0 0.08448753462603878 0.3173076923076923 0.0013227513227513227 0.0
0.0028368794326241137 0.07202216066481995 0.43543956043956045 0.0013227513227513227 0.0
0.0014184397163120568 0.08587257617728532 0.39285714285714285 0.0013227513227513227 0.0
0.0 0.08725761772853186 0.45054945054945056 0.0026455026455026454 0.0
0.0 0.08448753462603878 0.4697802197802198 0.0026455026455026454 0.0
0.0 0.1038781163434903 0.48214285714285715 0.0 0.0
0.0 0.1038781163434903 0.5796703296703297 0.0 0.0
0.0 0.10249307479224376 0.6222527472527472 0.0013227513227513227 0.0
0.0014184397163120568 0.13434903047091412 0.6401098901098902 0.0 0.0
0.0 0.11634349030470914 0.6813186813186813 0.0013227513227513227 0.0
0.0 0.12603878116343492 0.8063186813186813 0.003968253968253968 0.0
0.0 0.14265927977839335 0.7898351648351648 0.006613756613756614 0.0
0.0 0.13850415512465375 0.8351648351648352 0.0 0.0
0.0 0.13573407202216065 0.8516483516483517 0.0013227513227513227 0.0
0.0 0.13434903047091412 0.8777472527472527 0.003968253968253968 0.0
0.0 0.12049861495844875 0.8791208791208791 0.005291005291005291 0.0
0.0 0.14265927977839335 0.8406593406593407 0.0026455026455026454 0.0
0.0 0.14681440443213295 0.9958791208791208 0.0 0.0
0.0014184397163120568 0.15096952908587255 0.9739010989010989 0.0013227513227513227 0.0
0.0 0.13157894736842105 0.9752747252747253 0.0013227513227513227 0.0
0.0014184397163120568 0.1329639889196676 0.9903846153846154 0.0 0.0014084507042253522
0.0 0.14265927977839335 0.9807692307692308 0.0013227513227513227 0.0
0.0014184397163120568 0.13434903047091412 1.0178571428571428 0.0013227513227513227 0.0
0.0 0.14265927977839335 1.039835164835165 0.0013227513227513227 0.0
0.0014184397163120568 0.14958448753462603 0.9752747252747253 0.0013227513227513227 0.0
0.0 0.13573407202216065 0.9862637362637362 0.0 0.0
0.0028368794326241137 0.1481994459833795 0.989010989010989 0.0013227513227513227 0.0
0.0 0.15235457063711913 0.9876373626373626 0.0013227513227513227 0.0
0.0 0.13434903047091412 1.010989010989011 0.0 0.0
0.0014184397163120568 0.15650969529085873 1.0288461538461537 0.0 0.0014084507042253522
0.0 0.14127423822714683 0.9862637362637362 0.0 0.0
0.0 0.13157894736842105 0.9972527472527473 0.003968253968253968 0.0
0.0 0.14681440443213295 1.0714285714285714 0.0026455026455026454 0.0
0.0 0.13019390581717452 1.0082417582417582 0.0 0.0
0.0 0.1440443213296399 0.9807692307692308 0.0026455026455026454 0.0
0.0 0.15789473684210525 1.013736263736264 0.0 0.0
0.0 0.1440443213296399 1.0 0.0 0.0014084507042253522
0.0 0.15650969529085873 1.0480769230769231 0.0026455026455026454 0.0
0.0 0.1329639889196676 1.032967032967033 0.0026455026455026454 0.0
0.0 0.15373961218836565 1.085164835164835 0.003968253968253968 0.0
0.0014184397163120568 0.1634349030470914 1.0645604395604396 0.0 0.0
0.0 0.13157894736842105 1.0618131868131868 0.0026455026455026454 0.0
0.0 0.1481994459833795 1.0645604395604396 0.003968253968253968 0.0
0.0 0.14542936288088643 1.0384615384615385 0.0 0.0
0.0014184397163120568 0.15096952908587255 1.0686813186813187 0.0 0.0
0.0014184397163120568 0.15235457063711913 1.070054945054945 0.0013227513227513227 0.0
0.0 0.13434903047091412 1.039835164835165 0.0 0.0
0.0 0.14542936288088643 1.0357142857142856 0.0013227513227513227 0.0
0.0 0.12880886426592797 1.0865384615384615 0.0 0.0
0.0 0.15373961218836565 1.0467032967032968 0.0013227513227513227 0.0
0.0 0.1481994459833795 1.043956043956044 0.0013227513227513227 0.0014084507042253522
0.0 0.14542936288088643 1.0302197802197803 0.0 0.0014084507042253522
0.0 0.14681440443213295 1.1016483516483517 0.0013227513227513227 0.0
0.0 0.15235457063711913 1.0686813186813187 0.0026455026455026454 0.0
0.0 0.16897506925207756 1.0274725274725274 0.0026455026455026454 0.0
0.0 0.14265927977839335 1.0714285714285714 0.0013227513227513227 0.0
0.0014184397163120568 0.15096952908587255 1.039835164835165 0.003968253968253968 0.0
0.0 0.1149584487534626 1.0233516483516485 0.0 0.0
0.0 0.15235457063711913 1.0934065934065935 0.0013227513227513227 0.0
0.0014184397163120568 0.1371191135734072 1.0604395604395604 0.0 0.0
0.0 0.14127423822714683 1.0480769230769231 0.0013227513227513227 0.0014084507042253522
0.0 0.1371191135734072 1.0892857142857142 0.0026455026455026454 0.0
0.0 0.14265927977839335 1.085164835164835 0.0 0.0
0.0 0.13434903047091412 1.0206043956043955 0.0013227513227513227 0.0
0.0 0.13157894736842105 1.0343406593406592 0.0 0.0
0.0 0.15096952908587255 1.0631868131868132 0.0 0.0
0.0 0.1329639889196676 1.0192307692307692 0.0 0.0
0.0014184397163120568 0.1703601108033241 1.070054945054945 0.0013227513227513227 0.0
0.0 0.1371191135734072 1.0508241758241759 0.0 0.0
0.0 0.1703601108033241 1.0686813186813187 0.0 0.0
0.0 0.14127423822714683 1.0357142857142856 0.0013227513227513227 0.0
0.0 0.13988919667590027 1.1263736263736264 0.0013227513227513227 0.0
