17.0 28.166666666666668 21.8 17.5 14.5
17.666666666666668 29.666666666666668 26.599999999999998 15.833333333333334 12.5
15.666666666666666 31.833333333333332 22.599999999999998 16.333333333333332 12.166666666666666
17.333333333333332 31.5 30.8 17.0 11.833333333333332
17.333333333333332 31.833333333333332 25.2 17.666666666666668 11.166666666666666
15.833333333333334 32.666666666666664 27.2 15.0 13.0
19.0 27.666666666666664 26.8 16.0 11.666666666666668
18.666666666666668 27.333333333333336 25.2 16.666666666666668 13.0
18.333333333333332 32.666666666666664 24.6 17.833333333333332 14.833333333333334
17.0 34.5 23.8 16.166666666666664 13.666666666666668
15.0 35.0 25.8 17.833333333333332 11.333333333333334
18.166666666666668 31.166666666666664 26.4 15.666666666666666 15.0
19.166666666666664 33.166666666666664 29.6 18.833333333333332 12.5
18.666666666666668 30.0 26.0 20.333333333333332 12.833333333333334
18.666666666666668 33.5 26.8 17.166666666666668 16.0
18.5 31.833333333333332 27.799999999999997 18.5 13.333333333333334
16.666666666666668 32.666666666666664 27.799999999999997 17.333333333333332 14.666666666666666
16.0 30.333333333333332 26.200000000000003 16.5 12.166666666666666
13.833333333333332 31.666666666666668 27.2 19.0 10.666666666666666
14.833333333333334 30.333333333333332 21.0 17.5 14.0
19.333333333333336 29.0 27.2 17.5 14.5
16.833333333333332 30.166666666666668 25.2 14.666666666666666 12.333333333333334
18.0 33.833333333333336 27.2 12.5 14.333333333333334
17.5 30.833333333333336 28.400000000000002 17.0 11.666666666666668
16.833333333333332 31.833333333333332 26.200000000000003 16.833333333333332 13.333333333333334
17.833333333333332 31.166666666666664 30.8 16.0 12.833333333333334
19.666666666666664 34.0 25.0 15.5 11.5
17.166666666666668 30.333333333333332 28.2 17.0 11.666666666666668
18.0 29.166666666666668 26.4 14.5 13.0
15.333333333333332 31.833333333333332 26.0 15.166666666666666 14.166666666666666
18.166666666666668 31.666666666666668 26.4 16.5 10.833333333333334
18.833333333333332 32.0 27.2 13.666666666666668 14.5
18.166666666666668 29.833333333333332 24.6 15.5 10.5
20.0 28.0 21.6 14.333333333333334 13.166666666666666
16.0 32.666666666666664 27.799999999999997 13.5 13.5
18.0 33.5 23.2 14.666666666666666 12.666666666666666
13.833333333333332 34.333333333333336 24.8 15.833333333333334 11.833333333333332
18.5 32.33333333333333 25.0 14.666666666666666 13.333333333333334
19.666666666666664 35.166666666666664 26.8 15.166666666666666 14.333333333333334
17.333333333333332 31.5 27.2 15.666666666666666 13.333333333333334
16.333333333333332 33.166666666666664 25.0 18.833333333333332 12.166666666666666
19.333333333333336 32.666666666666664 29.0 17.666666666666668 12.333333333333334
16.333333333333332 33.5 26.8 12.166666666666666 12.166666666666666
16.5 32.833333333333336 24.2 16.166666666666664 12.5
20.333333333333332 31.5 26.200000000000003 15.166666666666666 12.166666666666666
15.333333333333332 31.666666666666668 26.200000000000003 14.833333333333334 13.666666666666668
13.333333333333334 32.833333333333336 25.8 15.5 13.0
15.333333333333332 33.5 26.0 16.833333333333332 14.5
16.0 29.333333333333332 27.799999999999997 18.0 13.0
16.833333333333332 31.833333333333332 25.6 14.5 12.666666666666666
19.833333333333336 31.333333333333332 25.0 15.833333333333334 12.833333333333334
13.833333333333332 32.5 26.599999999999998 14.5 14.666666666666666
17.0 34.0 28.2 16.5 13.0
18.166666666666668 32.0 23.8 17.5 14.666666666666666
16.833333333333332 31.0 29.8 16.5 15.166666666666666
18.333333333333332 32.16666666666667 25.2 13.666666666666668 13.5
16.833333333333332 29.5 27.599999999999998 16.0 11.166666666666666
18.833333333333332 33.0 25.0 14.666666666666666 15.166666666666666
16.5 33.166666666666664 25.2 15.833333333333334 11.833333333333332
14.833333333333334 30.5 24.400000000000002 15.833333333333334 12.833333333333334
17.833333333333332 31.833333333333332 27.0 17.5 13.0
18.166666666666668 29.666666666666668 27.599999999999998 16.333333333333332 10.833333333333334
17.5 33.333333333333336 21.8 16.5 16.166666666666664
15.833333333333334 33.666666666666664 27.0 18.0 14.0
18.333333333333332 28.333333333333332 29.6 16.5 12.833333333333334
18.0 30.5 22.8 19.166666666666664 14.166666666666666
20.0 32.5 26.4 19.666666666666664 12.833333333333334
21.333333333333332 32.5 27.400000000000002 16.0 12.666666666666666
18.166666666666668 33.333333333333336 26.8 15.5 12.5
15.666666666666666 32.33333333333333 29.4 16.333333333333332 15.666666666666666
17.666666666666668 33.0 26.4 15.166666666666666 14.5
18.333333333333332 30.833333333333336 25.8 16.166666666666664 14.0
16.833333333333332 33.833333333333336 31.0 18.333333333333332 15.166666666666666
18.0 34.0 25.6 15.333333333333332 14.166666666666666
17.833333333333332 33.166666666666664 24.0 17.0 14.833333333333334
18.5 30.333333333333332 25.8 17.833333333333332 10.333333333333334
15.0 32.5 27.2 14.833333333333334 14.333333333333334
14.5 33.0 26.200000000000003 13.833333333333332 14.5
17.5 33.5 25.4 15.833333333333334 16.5
19.666666666666664 29.166666666666668 28.8 18.166666666666668 13.166666666666666
18.5 32.5 28.6 15.0 13.0
18.166666666666668 31.166666666666664 24.6 15.666666666666666 12.0
17.833333333333332 32.666666666666664 28.0 16.166666666666664 13.666666666666668
19.5 32.33333333333333 31.2 13.0 14.0
16.166666666666664 33.833333333333336 27.0 14.666666666666666 13.0
18.666666666666668 35.0 24.6 15.666666666666666 12.166666666666666
16.333333333333332 34.666666666666664 31.0 17.5 14.0
16.166666666666664 36.666666666666664 25.2 14.333333333333334 12.0
19.166666666666664 30.0 28.0 14.833333333333334 15.666666666666666
16.0 32.833333333333336 26.4 14.0 13.0
19.666666666666664 31.0 26.0 16.833333333333332 13.166666666666666
18.0 31.0 27.799999999999997 16.0 13.0
17.333333333333332 32.0 25.2 15.666666666666666 13.166666666666666
18.333333333333332 34.5 29.0 14.833333333333334 12.5
16.833333333333332 30.5 28.2 15.666666666666666 14.5
17.5 31.833333333333332 23.599999999999998 16.833333333333332 12.0
17.5 34.0 29.2 17.166666666666668 14.5
18.333333333333332 32.666666666666664 25.8 17.833333333333332 14.666666666666666
16.0 34.166666666666664 26.599999999999998 16.666666666666668 13.0
17.333333333333332 32.666666666666664 22.2 15.333333333333332 12.333333333333334
18.0 30.666666666666664 24.6 16.5 13.166666666666666
15.166666666666666 15.333333333333332 15.0 17.833333333333332 14.833333333333334
16.166666666666664 13.666666666666668 18.4 14.666666666666666 13.666666666666668
15.5 15.5 15.2 17.666666666666668 15.166666666666666
17.833333333333332 14.833333333333334 14.6 12.666666666666666 16.333333333333332
18.0 33.0 26.4 16.0 12.333333333333334
13.5 17.5 14.4 15.5 10.5
17.5 16.166666666666664 12.0 13.333333333333334 15.666666666666666
16.0 15.666666666666666 14.6 15.833333333333334 14.833333333333334
14.833333333333334 17.833333333333332 12.4 16.166666666666664 14.666666666666666
16.166666666666664 27.0 31.8 18.833333333333332 12.333333333333334
15.0 14.0 15.6 13.333333333333334 19.666666666666664
18.0 17.166666666666668 13.4 13.833333333333332 15.5
15.166666666666666 18.5 14.8 13.5 16.833333333333332
14.166666666666666 13.5 13.0 14.0 15.666666666666666
14.333333333333334 29.333333333333332 29.0 15.166666666666666 12.333333333333334
16.5 15.0 15.4 14.5 14.166666666666666
15.0 14.166666666666666 14.6 15.5 16.333333333333332
15.833333333333334 16.333333333333332 14.200000000000001 14.5 13.166666666666666
17.0 12.833333333333334 12.0 14.666666666666666 18.666666666666668
15.833333333333334 28.666666666666668 30.599999999999998 15.666666666666666 14.666666666666666
15.0 13.0 17.8 12.333333333333334 17.166666666666668
15.833333333333334 13.5 13.2 15.833333333333334 15.333333333333332
14.0 13.5 14.200000000000001 14.833333333333334 13.833333333333332
16.333333333333332 14.166666666666666 13.6 17.166666666666668 12.0
17.5 17.333333333333332 14.200000000000001 12.333333333333334 18.166666666666668
14.166666666666666 14.833333333333334 14.200000000000001 16.333333333333332 13.5
15.166666666666666 10.666666666666666 14.4 13.5 16.0
18.0 17.833333333333332 14.4 14.5 14.666666666666666
13.166666666666666 16.666666666666668 15.2 12.5 13.5
13.333333333333334 14.833333333333334 13.799999999999999 15.5 16.5
16.0 29.0 31.2 16.5 12.0
16.333333333333332 29.0 33.2 18.666666666666668 12.5
15.166666666666666 30.5 30.0 17.833333333333332 12.666666666666666
13.166666666666666 26.166666666666668 32.2 17.666666666666668 13.833333333333332
17.5 29.666666666666668 36.0 16.833333333333332 11.333333333333334
16.166666666666664 32.666666666666664 31.2 18.5 13.5
17.333333333333332 28.666666666666668 31.2 13.333333333333334 11.833333333333332
14.833333333333334 29.833333333333332 31.4 18.666666666666668 11.833333333333332
16.5 26.666666666666668 35.6 16.833333333333332 14.166666666666666
16.666666666666668 26.666666666666668 34.0 15.166666666666666 14.0
14.0 29.166666666666668 32.599999999999994 18.5 12.333333333333334
17.833333333333332 26.0 32.2 16.5 14.166666666666666
16.166666666666664 30.5 33.0 18.333333333333332 12.333333333333334
17.5 28.333333333333332 33.6 18.5 13.166666666666666
14.5 31.166666666666664 33.4 15.833333333333334 13.166666666666666
17.0 30.5 33.4 14.666666666666666 13.0
16.166666666666664 27.666666666666664 32.599999999999994 17.333333333333332 16.166666666666664
16.166666666666664 26.333333333333332 34.8 17.333333333333332 12.333333333333334
18.5 28.5 32.2 14.166666666666666 10.666666666666666
14.333333333333334 29.5 32.2 16.666666666666668 13.0
17.5 24.833333333333332 33.0 15.333333333333332 12.833333333333334
16.5 29.833333333333332 34.0 16.5 13.833333333333332
16.0 27.5 33.2 19.166666666666664 14.333333333333334
17.0 29.833333333333332 33.6 16.333333333333332 14.833333333333334
15.166666666666666 26.166666666666668 35.2 18.5 13.166666666666666
14.0 29.0 32.4 15.0 12.333333333333334
17.5 30.0 35.8 18.5 12.0
17.0 29.833333333333332 34.8 15.833333333333334 11.666666666666668
17.666666666666668 30.5 36.4 17.333333333333332 13.0
15.333333333333332 31.0 36.2 17.0 11.333333333333334
17.666666666666668 30.166666666666668 32.800000000000004 18.5 15.833333333333334
17.333333333333332 31.333333333333332 35.4 17.0 13.0
13.666666666666668 30.0 36.0 18.666666666666668 12.5
14.5 29.0 36.6 20.0 14.166666666666666
15.0 26.5 35.6 18.0 12.5
16.666666666666668 32.33333333333333 37.6 18.333333333333332 14.5
15.666666666666666 30.166666666666668 40.2 17.666666666666668 13.666666666666668
16.666666666666668 32.16666666666667 40.599999999999994 19.5 9.833333333333332
13.833333333333332 33.0 37.8 17.333333333333332 11.166666666666666
15.0 34.166666666666664 37.6 18.166666666666668 11.666666666666668
14.833333333333334 30.666666666666664 39.800000000000004 18.666666666666668 12.0
16.166666666666664 29.833333333333332 40.0 21.833333333333332 13.0
15.333333333333332 31.0 39.199999999999996 18.0 13.833333333333332
15.0 34.833333333333336 41.6 16.833333333333332 12.833333333333334
14.5 31.0 46.0 17.333333333333332 14.666666666666666
15.0 30.166666666666668 41.8 19.0 12.0
18.0 33.0 39.6 18.833333333333332 13.166666666666666
14.666666666666666 31.666666666666668 38.800000000000004 17.166666666666668 11.333333333333334
15.0 33.5 40.599999999999994 18.833333333333332 13.5
13.166666666666666 30.166666666666668 41.2 19.5 12.5
17.833333333333332 30.333333333333332 42.6 18.333333333333332 12.833333333333334
17.5 28.0 42.6 19.0 11.5
13.666666666666668 30.333333333333332 40.4 17.833333333333332 10.333333333333334
16.0 29.833333333333332 40.599999999999994 18.333333333333332 13.0
15.833333333333334 31.166666666666664 41.2 16.833333333333332 12.666666666666666
14.833333333333334 29.333333333333332 42.8 17.166666666666668 13.0
14.833333333333334 31.0 44.0 20.833333333333332 11.166666666666666
16.5 32.833333333333336 40.599999999999994 18.0 11.833333333333332
15.5 30.666666666666664 44.4 20.166666666666664 10.0
19.5 30.166666666666668 42.6 20.5 14.833333333333334
13.833333333333332 31.0 38.4 14.833333333333334 13.666666666666668
17.333333333333332 30.166666666666668 40.599999999999994 16.333333333333332 11.5
16.666666666666668 37.0 41.2 17.166666666666668 11.833333333333332
16.166666666666664 30.166666666666668 41.8 19.666666666666664 12.5
15.166666666666666 28.166666666666668 43.2 16.0 14.166666666666666
14.333333333333334 30.166666666666668 39.199999999999996 15.333333333333332 11.166666666666666
14.166666666666666 31.833333333333332 42.0 17.666666666666668 11.166666666666666
16.833333333333332 32.666666666666664 42.2 16.666666666666668 13.833333333333332
16.0 29.833333333333332 41.2 19.166666666666664 13.333333333333334
12.333333333333334 30.333333333333332 41.6 17.666666666666668 12.666666666666666
14.666666666666666 30.166666666666668 43.6 16.333333333333332 10.333333333333334
16.166666666666664 27.833333333333336 43.6 19.833333333333336 13.833333333333332
12.833333333333334 33.833333333333336 42.0 17.666666666666668 8.333333333333334
15.333333333333332 32.33333333333333 41.6 17.333333333333332 13.666666666666668
16.333333333333332 30.333333333333332 36.2 15.5 16.0
16.0 29.0 42.0 16.333333333333332 11.5
15.0 36.5 44.4 19.333333333333336 15.5
13.333333333333334 33.5 42.4 17.0 11.166666666666666
16.0 31.666666666666668 40.599999999999994 18.666666666666668 11.5
16.166666666666664 30.0 43.6 17.166666666666668 11.5
14.5 32.5 41.6 18.666666666666668 9.666666666666668
15.666666666666666 32.666666666666664 41.2 17.5 13.333333333333334
17.5 30.0 43.4 19.833333333333336 13.333333333333334
13.0 31.833333333333332 41.6 17.666666666666668 9.666666666666668
16.5 29.833333333333332 44.4 14.666666666666666 10.5
16.666666666666668 29.833333333333332 43.2 19.5 13.833333333333332
18.833333333333332 30.166666666666668 42.8 18.166666666666668 13.333333333333334
16.0 29.666666666666668 41.0 18.333333333333332 12.0
18.0 31.5 41.0 17.833333333333332 12.833333333333334
17.333333333333332 32.33333333333333 40.800000000000004 19.666666666666664 12.0
17.833333333333332 32.0 41.4 17.666666666666668 11.333333333333334
16.333333333333332 33.0 42.0 17.5 11.833333333333332
19.833333333333336 29.666666666666668 41.4 17.0 14.166666666666666
16.833333333333332 30.166666666666668 42.6 18.666666666666668 15.166666666666666
13.333333333333334 31.833333333333332 44.4 17.333333333333332 12.5
13.333333333333334 29.0 44.2 19.5 11.833333333333332
15.333333333333332 34.333333333333336 43.0 18.666666666666668 9.666666666666668
13.666666666666668 33.333333333333336 41.4 18.0 12.0
15.0 31.5 40.4 17.166666666666668 13.5
