10.571428571428571 20.153846153846153 17.1875 11.440000000000001 8.08
9.035714285714286 19.192307692307693 15.8125 9.96 9.48
10.428571428571429 18.615384615384617 18.0625 10.52 8.64
9.892857142857142 18.615384615384617 16.375 8.920000000000002 9.92
11.642857142857142 19.269230769230766 15.5 8.52 8.88
11.25 19.46153846153846 17.15625 10.28 8.920000000000002
10.535714285714285 19.5 16.5625 10.040000000000001 9.92
9.892857142857142 19.96153846153846 15.71875 9.04 8.200000000000001
11.107142857142858 18.73076923076923 17.375 10.28 8.88
10.071428571428571 19.42307692307692 17.375 9.4 9.16
11.25 19.346153846153847 17.03125 10.76 9.12
11.0 18.346153846153847 16.09375 10.319999999999999 9.4
10.0 20.307692307692307 16.875 11.48 8.319999999999999
10.785714285714286 18.076923076923077 17.1875 10.72 8.84
9.5 19.42307692307692 17.375 9.92 8.8
10.678571428571427 20.076923076923077 17.46875 10.8 9.08
10.642857142857142 18.653846153846153 16.78125 10.36 9.520000000000001
10.357142857142856 20.384615384615383 18.15625 10.040000000000001 8.8
9.5 19.384615384615387 17.53125 10.6 11.16
10.857142857142858 19.115384615384613 19.125 11.36 9.36
10.321428571428571 19.307692307692307 16.96875 11.36 8.4
10.071428571428571 17.576923076923077 17.6875 10.76 9.12
9.642857142857142 20.0 16.65625 11.04 10.6
10.142857142857142 18.846153846153847 15.5 10.84 9.68
10.857142857142858 18.26923076923077 17.5625 11.2 10.319999999999999
10.357142857142856 17.461538461538463 18.9375 10.6 8.920000000000002
10.321428571428571 17.538461538461537 18.53125 10.48 9.84
9.321428571428571 19.115384615384613 16.21875 9.68 9.2
9.535714285714286 18.5 16.59375 10.76 9.56
10.178571428571429 19.115384615384613 17.0 11.76 9.04
11.178571428571429 18.73076923076923 16.15625 11.4 10.36
9.5 18.115384615384617 16.6875 10.120000000000001 9.12
10.428571428571429 18.692307692307693 16.5625 10.48 9.16
9.178571428571429 19.96153846153846 17.1875 9.84 9.2
9.857142857142858 19.42307692307692 17.4375 10.72 9.48
9.25 20.26923076923077 18.1875 9.68 10.08
9.964285714285714 18.076923076923077 17.6875 9.76 8.28
9.928571428571429 18.76923076923077 18.4375 10.56 10.28
10.428571428571429 19.230769230769234 15.6875 9.879999999999999 9.4
10.035714285714285 18.923076923076923 16.25 9.440000000000001 7.96
11.25 18.96153846153846 17.0625 9.879999999999999 9.799999999999999
9.678571428571429 19.269230769230766 16.1875 11.639999999999999 7.56
9.0 18.53846153846154 15.90625 9.639999999999999 9.92
11.071428571428571 18.384615384615383 16.0 9.84 10.200000000000001
9.214285714285715 19.230769230769234 16.5625 11.32 9.36
8.964285714285715 18.692307692307693 16.3125 9.96 9.440000000000001
10.571428571428571 19.307692307692307 14.4375 11.24 8.68
10.25 20.5 16.5625 10.48 8.64
11.035714285714286 17.461538461538463 16.25 10.040000000000001 9.36
11.214285714285715 18.76923076923077 15.90625 9.719999999999999 9.68
9.5 19.076923076923077 16.28125 10.56 9.639999999999999
9.678571428571429 20.115384615384613 17.25 10.319999999999999 9.56
10.107142857142858 19.307692307692307 17.0625 10.36 10.64
10.357142857142856 19.53846153846154 16.09375 10.120000000000001 8.959999999999999
10.571428571428571 17.923076923076923 16.96875 10.88 8.76
10.285714285714285 19.384615384615387 17.625 10.08 8.52
10.071428571428571 19.307692307692307 18.15625 9.96 8.68
9.857142857142858 17.384615384615383 15.90625 10.319999999999999 9.520000000000001
10.321428571428571 19.846153846153847 14.90625 9.92 9.04
10.035714285714285 18.076923076923077 16.375 9.28 8.52
10.107142857142858 19.96153846153846 16.6875 10.16 9.4
10.678571428571427 19.96153846153846 17.03125 10.36 9.520000000000001
9.928571428571429 17.576923076923077 16.28125 11.24 8.8
9.428571428571429 19.923076923076923 17.5625 10.84 9.0
9.178571428571429 19.192307692307693 16.6875 10.76 9.6
8.75 20.846153846153847 18.5 10.959999999999999 9.28
9.75 18.076923076923077 15.71875 11.0 9.28
9.642857142857142 20.807692307692307 15.78125 10.48 7.92
10.357142857142856 18.23076923076923 17.25 10.120000000000001 9.32
10.0 19.615384615384613 17.03125 10.8 9.76
11.607142857142858 18.846153846153847 15.34375 10.6 10.0
10.821428571428573 18.73076923076923 16.3125 11.440000000000001 9.6
9.035714285714286 19.653846153846153 16.78125 11.440000000000001 10.92
8.892857142857144 19.769230769230766 16.8125 10.92 8.4
8.785714285714285 18.73076923076923 16.21875 12.68 9.92
9.857142857142858 20.076923076923077 16.59375 11.12 9.879999999999999
10.25 20.03846153846154 15.28125 11.12 8.84
10.214285714285714 18.653846153846153 16.03125 10.24 9.639999999999999
10.357142857142856 18.23076923076923 16.65625 10.56 9.32
10.25 18.615384615384617 16.1875 10.48 8.72
9.928571428571429 18.615384615384617 16.4375 10.92 9.2
10.642857142857142 20.03846153846154 15.3125 9.799999999999999 8.0
8.964285714285715 19.5 16.625 11.24 9.799999999999999
11.035714285714286 19.769230769230766 17.15625 9.92 9.96
10.964285714285715 18.807692307692307 15.4375 10.56 9.2
11.821428571428571 19.115384615384613 16.84375 10.120000000000001 9.520000000000001
10.392857142857142 20.692307692307693 17.34375 10.28 8.72
10.75 19.96153846153846 15.25 9.6 9.48
10.821428571428573 19.269230769230766 18.84375 8.200000000000001 8.6
10.107142857142858 19.96153846153846 18.15625 11.0 10.200000000000001
10.678571428571427 19.692307692307693 17.5 10.64 8.64
10.214285714285714 19.307692307692307 16.0625 10.76 11.12
10.428571428571429 20.615384615384617 14.90625 10.52 9.96
10.964285714285715 18.884615384615387 15.375 9.879999999999999 9.68
10.535714285714285 20.53846153846154 16.03125 12.28 10.36
10.25 19.46153846153846 16.9375 9.4 9.28
10.357142857142856 18.53846153846154 17.375 9.520000000000001 9.639999999999999
10.571428571428571 19.846153846153847 16.46875 10.16 8.16
9.071428571428571 19.0 16.21875 10.88 9.440000000000001
10.714285714285714 18.76923076923077 17.1875 10.48 9.4
10.285714285714285 21.846153846153847 16.4375 10.120000000000001 9.6
10.071428571428571 10.769230769230768 11.34375 10.72 9.84
10.857142857142858 9.961538461538462 9.21875 10.319999999999999 9.879999999999999
10.107142857142858 10.923076923076923 8.9375 10.76 10.88
10.571428571428571 10.730769230769232 10.5625 9.879999999999999 11.2
9.285714285714286 19.115384615384613 15.1875 10.52 8.56
10.035714285714285 10.153846153846153 9.84375 9.879999999999999 9.6
10.25 8.884615384615385 9.8125 10.120000000000001 10.6
10.428571428571429 10.576923076923077 10.3125 11.48 10.88
10.857142857142858 11.038461538461538 10.5 10.08 9.68
10.535714285714285 16.0 19.0 10.84 8.68
11.607142857142858 11.653846153846153 10.0 11.28 10.08
10.464285714285714 10.307692307692308 11.03125 9.92 10.56
11.678571428571429 10.0 11.0 10.84 10.24
11.357142857142858 10.384615384615385 9.4375 10.64 10.52
11.321428571428571 18.692307692307693 16.8125 10.120000000000001 9.36
9.678571428571429 10.692307692307692 10.1875 10.68 12.08
10.821428571428573 11.26923076923077 10.28125 11.04 10.4
10.357142857142856 11.076923076923077 10.53125 10.48 9.28
10.821428571428573 10.038461538461538 10.46875 9.68 9.4
10.714285714285714 17.69230769230769 19.84375 11.04 8.76
10.75 11.653846153846153 10.65625 9.76 9.520000000000001
10.107142857142858 9.0 10.15625 11.04 11.520000000000001
9.321428571428571 9.653846153846153 10.71875 10.88 9.719999999999999
9.678571428571429 10.153846153846153 10.0625 8.84 10.88
10.107142857142858 9.576923076923077 10.03125 10.24 8.76
9.25 9.576923076923077 10.5 10.0 10.24
11.142857142857144 10.192307692307692 9.9375 9.32 11.48
10.25 10.346153846153847 9.96875 9.92 9.76
10.035714285714285 10.653846153846155 10.1875 11.32 10.200000000000001
10.107142857142858 10.076923076923077 11.125 10.319999999999999 10.8
9.714285714285714 17.384615384615383 19.375 9.56 9.04
