71.07692307692308 69.3076923076923 69.25 70.71428571428572 71.76923076923076
71.15384615384615 70.07692307692308 71.3125 71.14285714285715 72.53846153846153
70.92307692307692 70.23076923076924 69.9375 70.64285714285715 72.46153846153847
72.23076923076924 72.07692307692308 71.9375 70.64285714285715 73.76923076923077
72.3076923076923 70.38461538461537 71.8125 71.78571428571429 72.76923076923077
72.53846153846153 71.3076923076923 70.875 71.71428571428572 72.6923076923077
70.92307692307692 71.53846153846153 70.3125 70.78571428571429 72.0
72.53846153846153 73.0 72.125 71.92857142857143 74.07692307692308
71.0 69.53846153846153 70.875 70.35714285714286 71.38461538461539
71.6923076923077 69.6923076923077 70.875 71.78571428571429 73.46153846153847
72.23076923076924 72.07692307692308 71.25 71.35714285714286 73.53846153846153
70.92307692307692 69.84615384615385 71.0625 71.21428571428572 72.38461538461539
70.15384615384615 70.92307692307692 69.5 70.85714285714286 73.07692307692308
70.76923076923076 69.84615384615385 71.6875 71.14285714285715 72.84615384615385
73.15384615384615 70.76923076923076 71.375 72.0 73.6923076923077
71.07692307692308 72.61538461538461 71.625 72.14285714285715 73.15384615384615
70.46153846153847 70.46153846153847 71.8125 70.92857142857143 72.3076923076923
72.0 70.76923076923076 72.3125 71.07142857142858 72.3076923076923
72.38461538461539 70.76923076923076 70.5 71.92857142857143 74.15384615384616
71.6923076923077 69.61538461538463 69.4375 71.07142857142858 71.3076923076923
69.38461538461537 69.6923076923077 70.25 71.07142857142858 72.23076923076924
71.46153846153847 70.23076923076924 69.625 69.85714285714285 71.0
71.23076923076924 70.38461538461537 70.5 70.07142857142857 72.3076923076923
71.61538461538461 70.15384615384615 71.25 72.0 72.76923076923077
70.07692307692308 68.76923076923076 69.0625 70.92857142857143 70.6923076923077
71.15384615384615 70.3076923076923 70.75 71.57142857142858 71.6923076923077
70.92307692307692 71.15384615384615 69.9375 70.78571428571429 72.23076923076924
69.61538461538463 70.61538461538463 69.25 70.14285714285714 72.15384615384615
70.76923076923076 70.76923076923076 70.375 71.71428571428572 72.23076923076924
71.23076923076924 70.07692307692308 69.875 70.57142857142858 72.92307692307692
73.0 70.76923076923076 70.5625 71.85714285714286 72.46153846153847
73.61538461538461 72.6923076923077 72.6875 72.07142857142858 73.92307692307692
70.84615384615385 70.53846153846153 72.1875 70.64285714285715 73.0
71.15384615384615 69.3076923076923 69.25 70.35714285714286 70.0
71.23076923076924 70.6923076923077 70.25 71.07142857142858 72.38461538461539
70.6923076923077 69.46153846153847 68.8125 68.85714285714285 70.6923076923077
71.92307692307692 71.0 69.75 71.28571428571429 72.15384615384615
71.3076923076923 69.23076923076924 70.125 72.0 70.76923076923076
70.84615384615385 71.61538461538461 70.9375 72.21428571428572 72.76923076923077
71.0 70.84615384615385 70.125 70.28571428571428 72.76923076923077
70.15384615384615 70.07692307692308 70.1875 71.0 72.38461538461539
72.46153846153847 70.07692307692308 70.5 71.21428571428572 71.92307692307692
70.76923076923076 69.46153846153847 69.75 69.85714285714285 72.46153846153847
71.15384615384615 69.6923076923077 70.125 70.85714285714286 71.38461538461539
71.38461538461539 68.61538461538461 69.1875 70.28571428571428 71.61538461538461
71.84615384615385 70.53846153846153 71.125 70.71428571428572 73.07692307692308
71.38461538461539 69.6923076923077 70.25 69.92857142857142 72.46153846153847
69.61538461538463 69.46153846153847 69.9375 70.28571428571428 72.0
70.84615384615385 69.0 69.1875 69.21428571428571 71.15384615384615
70.3076923076923 70.61538461538463 70.0 69.78571428571428 71.76923076923076
69.84615384615385 69.76923076923076 69.625 71.0 72.3076923076923
71.38461538461539 68.6923076923077 69.9375 72.07142857142858 72.84615384615385
71.0 69.46153846153847 70.0 70.28571428571428 72.38461538461539
69.84615384615385 68.23076923076924 69.375 70.07142857142857 72.07692307692308
71.84615384615385 69.61538461538463 69.9375 69.85714285714285 71.76923076923076
70.07692307692308 68.23076923076924 70.0 70.64285714285715 71.76923076923076
73.0 69.15384615384615 69.5 71.5 72.76923076923077
69.0 69.61538461538463 69.375 70.64285714285715 71.84615384615385
70.3076923076923 70.15384615384615 69.8125 70.64285714285715 72.6923076923077
70.76923076923076 69.15384615384615 71.375 71.85714285714286 73.46153846153847
72.76923076923077 69.15384615384615 70.1875 71.78571428571429 73.23076923076923
72.38461538461539 70.53846153846153 69.75 70.5 72.0
72.15384615384615 68.53846153846153 70.3125 71.21428571428572 72.46153846153847
71.46153846153847 68.38461538461539 70.8125 71.78571428571429 72.6923076923077
71.38461538461539 68.92307692307692 70.4375 71.07142857142858 72.15384615384615
71.3076923076923 67.23076923076923 72.125 71.07142857142858 71.76923076923076
72.0 68.76923076923076 70.0 71.57142857142858 71.76923076923076
70.61538461538463 69.15384615384615 70.0625 70.64285714285715 73.0
72.61538461538461 69.6923076923077 70.8125 71.35714285714286 72.3076923076923
72.53846153846153 70.0 70.0 71.42857142857143 73.23076923076923
71.23076923076924 68.07692307692308 69.5625 71.42857142857143 72.38461538461539
71.0 69.53846153846153 71.4375 71.64285714285715 73.15384615384615
71.53846153846153 68.15384615384615 70.75 70.64285714285715 72.6923076923077
72.6923076923077 69.38461538461537 69.9375 71.5 73.0
72.38461538461539 68.07692307692308 71.3125 70.78571428571429 73.07692307692308
71.53846153846153 68.07692307692308 69.375 70.21428571428571 71.84615384615385
72.38461538461539 70.07692307692308 70.875 72.64285714285715 73.6923076923077
71.84615384615385 68.07692307692308 70.0625 71.07142857142858 71.92307692307692
71.46153846153847 67.84615384615385 70.25 71.57142857142858 72.0
70.92307692307692 67.84615384615385 69.5 70.5 72.38461538461539
71.07692307692308 69.15384615384615 70.625 72.57142857142857 74.3076923076923
70.53846153846153 67.3076923076923 69.8125 70.78571428571429 73.53846153846153
70.38461538461537 68.0 71.125 71.14285714285715 73.07692307692308
69.0 68.46153846153847 70.125 71.5 72.53846153846153
69.46153846153847 66.46153846153847 67.875 70.5 72.15384615384615
72.23076923076924 68.07692307692308 70.0 71.71428571428572 73.38461538461539
71.0 68.15384615384615 69.5 71.42857142857143 73.46153846153847
70.61538461538463 66.84615384615385 68.9375 69.92857142857142 71.53846153846153
71.3076923076923 68.0 69.125 70.85714285714286 73.46153846153847
73.23076923076923 68.0 70.3125 71.78571428571429 73.15384615384615
70.61538461538463 67.61538461538461 70.25 71.64285714285715 73.0
73.61538461538461 68.3076923076923 70.875 71.64285714285715 74.23076923076923
72.23076923076924 67.61538461538461 70.0625 71.0 73.0
70.84615384615385 67.46153846153847 68.8125 69.85714285714285 71.6923076923077
70.3076923076923 66.38461538461539 70.125 69.07142857142857 72.07692307692308
70.23076923076924 66.23076923076923 69.5625 70.42857142857143 72.0
72.0 66.15384615384616 69.1875 71.14285714285715 72.76923076923077
71.15384615384615 67.3076923076923 70.25 72.42857142857143 72.92307692307692
73.38461538461539 65.53846153846153 70.1875 71.42857142857143 73.07692307692308
71.07692307692308 66.84615384615385 70.3125 71.07142857142858 73.3076923076923
72.0 67.23076923076923 69.0625 71.07142857142858 72.46153846153847
66.46153846153847 65.84615384615384 66.5 66.42857142857143 66.46153846153847
65.53846153846153 65.53846153846153 65.9375 65.57142857142857 66.15384615384616
67.23076923076923 66.23076923076923 65.1875 66.28571428571428 66.76923076923077
64.84615384615384 65.76923076923077 65.875 65.64285714285714 65.38461538461539
70.76923076923076 66.15384615384616 69.5 70.0 72.23076923076924
65.3076923076923 65.84615384615384 64.9375 65.57142857142857 66.92307692307692
66.15384615384616 66.15384615384616 65.875 67.5 67.38461538461539
66.38461538461539 65.53846153846153 66.0625 65.64285714285714 65.6923076923077
65.6923076923077 64.3076923076923 66.1875 65.21428571428571 65.0
71.6923076923077 67.38461538461539 69.0 71.78571428571429 71.92307692307692
65.84615384615384 65.76923076923077 66.125 65.5 66.15384615384616
67.61538461538461 67.53846153846153 66.4375 67.92857142857143 67.6923076923077
66.76923076923077 67.23076923076923 67.375 67.07142857142857 66.84615384615385
66.76923076923077 65.61538461538461 65.375 65.5 65.76923076923077
72.0 65.3076923076923 69.5625 71.0 73.0
65.53846153846153 66.0 65.375 66.0 66.92307692307692
66.92307692307692 64.38461538461539 65.5 65.57142857142857 65.07692307692308
66.92307692307692 66.23076923076923 65.875 66.71428571428571 66.0
66.61538461538461 67.07692307692308 65.8125 67.21428571428571 67.46153846153847
70.3076923076923 68.0 67.75 70.28571428571428 72.61538461538461
65.76923076923077 65.0 66.625 67.0 66.92307692307692
66.0 66.38461538461539 66.0625 66.07142857142857 65.3076923076923
66.23076923076923 67.23076923076923 65.75 66.92857142857143 65.84615384615384
65.07692307692308 65.53846153846153 65.75 65.78571428571428 65.23076923076923
68.23076923076924 66.6923076923077 67.375 67.42857142857143 68.23076923076924
67.15384615384615 66.23076923076923 66.5625 66.64285714285714 66.3076923076923
65.3076923076923 65.0 66.25 64.92857142857143 65.84615384615384
66.92307692307692 65.92307692307692 66.25 66.85714285714285 66.53846153846153
64.0 65.23076923076923 65.5 65.21428571428571 65.76923076923077
67.23076923076923 67.23076923076923 66.9375 67.07142857142857 67.15384615384615
71.07692307692308 68.07692307692308 68.6875 71.0 73.46153846153847
