0.002074688796680498 0.1685897435897436 0.04065620542082739 0.0 0.0
0.0013831258644536654 0.1282051282051282 0.04992867332382311 0.000708215297450425 0.0
0.002074688796680498 0.16987179487179485 0.05706134094151213 0.000708215297450425 0.0
0.002074688796680498 0.13205128205128205 0.03637660485021398 0.000708215297450425 0.0
0.0013831258644536654 0.19358974358974357 0.042796005706134094 0.0 0.0
0.0013831258644536654 0.11923076923076924 0.03637660485021398 0.0 0.0
0.002074688796680498 0.1685897435897436 0.053495007132667624 0.0 0.0
0.0027662517289073307 0.12051282051282051 0.0477888730385164 0.0 0.0
0.002074688796680498 0.1685897435897436 0.05064194008559201 0.0 0.0
0.0013831258644536654 0.1717948717948718 0.04065620542082739 0.000708215297450425 0.0
0.0013831258644536654 0.14423076923076925 0.0477888730385164 0.000708215297450425 0.0
0.0006915629322268327 0.19358974358974357 0.049215406562054205 0.000708215297450425 0.0006729475100942127
0.002074688796680498 0.15064102564102566 0.0485021398002853 0.0 0.0006729475100942127
0.002074688796680498 0.1794871794871795 0.0485021398002853 0.0 0.0006729475100942127
0.0 0.1814102564102564 0.04992867332382311 0.0 0.0
0.004149377593360996 0.1378205128205128 0.04208273894436519 0.0 0.0
0.004840940525587828 0.158974358974359 0.06062767475035664 0.0 0.0
0.0027662517289073307 0.19743589743589746 0.052781740370898715 0.0 0.0
0.0 0.20448717948717948 0.037803138373751786 0.0 0.0
0.0013831258644536654 0.17884615384615385 0.05135520684736091 0.000708215297450425 0.0
0.002074688796680498 0.17435897435897435 0.05492154065620542 0.0 0.0
0.0013831258644536654 0.15256410256410255 0.05206847360912981 0.000708215297450425 0.0
0.002074688796680498 0.20064102564102565 0.04065620542082739 0.0 0.0006729475100942127
0.0006915629322268327 0.1955128205128205 0.03851640513552069 0.00141643059490085 0.0
0.003457814661134163 0.16794871794871796 0.05206847360912981 0.000708215297450425 0.0
0.0006915629322268327 0.22371794871794873 0.0477888730385164 0.00141643059490085 0.0
0.0 0.1717948717948718 0.03922967189728959 0.0 0.0006729475100942127
0.002074688796680498 0.18397435897435896 0.05706134094151213 0.00141643059490085 0.0
0.002074688796680498 0.23717948717948717 0.037803138373751786 0.0 0.0
0.005532503457814661 0.2057692307692308 0.0470756062767475 0.000708215297450425 0.0
0.0006915629322268327 0.1891025641025641 0.05420827389443652 0.0 0.0
0.0013831258644536654 0.20833333333333334 0.049215406562054205 0.0 0.0
0.0 0.19166666666666668 0.0485021398002853 0.000708215297450425 0.0006729475100942127
0.0027662517289073307 0.20384615384615384 0.05848787446504993 0.0021246458923512746 0.0
0.0013831258644536654 0.22435897435897437 0.05206847360912981 0.0 0.0
0.0013831258644536654 0.2314102564102564 0.05848787446504993 0.00141643059490085 0.0
0.002074688796680498 0.2108974358974359 0.053495007132667624 0.0 0.0
0.002074688796680498 0.2532051282051282 0.05064194008559201 0.0 0.0
0.0 0.2442307692307692 0.0442225392296719 0.000708215297450425 0.0006729475100942127
0.002074688796680498 0.25961538461538464 0.049215406562054205 0.0 0.0
0.0027662517289073307 0.2737179487179487 0.05064194008559201 0.0 0.0
0.0013831258644536654 0.2814102564102564 0.056348074179743225 0.0 0.0
0.002074688796680498 0.3019230769230769 0.05563480741797432 0.00141643059490085 0.0
0.0 0.2782051282051282 0.05206847360912981 0.0 0.0
0.002074688796680498 0.29102564102564105 0.052781740370898715 0.000708215297450425 0.0
0.0013831258644536654 0.31858974358974357 0.06419400855920115 0.00141643059490085 0.0
0.002074688796680498 0.29358974358974355 0.046362339514978604 0.0 0.0
0.0006915629322268327 0.30256410256410254 0.06348074179743224 0.000708215297450425 0.0
0.002074688796680498 0.2858974358974359 0.053495007132667624 0.0 0.0
0.004149377593360996 0.28717948717948716 0.05064194008559201 0.000708215297450425 0.0
0.0013831258644536654 0.3814102564102564 0.05920114122681883 0.0 0.0
0.0027662517289073307 0.3891025641025641 0.05135520684736091 0.0 0.0
0.0013831258644536654 0.3685897435897436 0.06419400855920115 0.00141643059490085 0.0
0.0013831258644536654 0.38974358974358975 0.05492154065620542 0.000708215297450425 0.0
0.0006915629322268327 0.3653846153846154 0.07132667617689016 0.0 0.0
0.0006915629322268327 0.3987179487179487 0.05920114122681883 0.000708215297450425 0.0
0.0006915629322268327 0.38589743589743586 0.06490727532097004 0.00141643059490085 0.0006729475100942127
0.004840940525587828 0.4301282051282051 0.05206847360912981 0.0 0.0
0.0027662517289073307 0.43525641025641026 0.05135520684736091 0.000708215297450425 0.0
0.0013831258644536654 0.47435897435897434 0.07346647646219687 0.000708215297450425 0.0006729475100942127
0.0013831258644536654 0.4237179487179487 0.07560627674750357 0.00141643059490085 0.0
0.0 0.42115384615384616 0.0485021398002853 0.0 0.0
0.002074688796680498 0.45 0.05920114122681883 0.000708215297450425 0.0
0.002074688796680498 0.48333333333333334 0.07417974322396577 0.0 0.0
0.004840940525587828 0.5269230769230769 0.07631954350927247 0.000708215297450425 0.0
0.0006915629322268327 0.5192307692307693 0.06562054208273894 0.000708215297450425 0.0
0.0006915629322268327 0.5166666666666667 0.07560627674750357 0.000708215297450425 0.0
0.002074688796680498 0.5243589743589743 0.06847360912981455 0.0 0.0
0.002074688796680498 0.5057692307692307 0.06633380884450785 0.0 0.0006729475100942127
0.002074688796680498 0.5115384615384615 0.07061340941512126 0.0 0.0
0.0013831258644536654 0.5435897435897437 0.06205420827389444 0.000708215297450425 0.0
0.002074688796680498 0.5384615384615384 0.06348074179743224 0.0 0.0
0.0006915629322268327 0.591025641025641 0.07489300998573467 0.000708215297450425 0.0
0.0 0.6038461538461538 0.0884450784593438 0.000708215297450425 0.0
0.0 0.592948717948718 0.06419400855920115 0.000708215297450425 0.0
0.002074688796680498 0.607051282051282 0.07061340941512126 0.0 0.0
0.0 0.6589743589743591 0.07703281027104138 0.0 0.0
0.0013831258644536654 0.6006410256410256 0.05420827389443652 0.000708215297450425 0.0
0.0013831258644536654 0.6378205128205128 0.06990014265335236 0.00141643059490085 0.0
0.0013831258644536654 0.6429487179487179 0.08059914407988587 0.00141643059490085 0.0
0.0 0.5878205128205128 0.05492154065620542 0.000708215297450425 0.0
0.0013831258644536654 0.6801282051282052 0.07061340941512126 0.0 0.0
0.0013831258644536654 0.6807692307692308 0.08273894436519258 0.0 0.0
0.002074688796680498 0.7083333333333334 0.0891583452211127 0.0 0.0
0.0013831258644536654 0.7224358974358974 0.08345221112696148 0.000708215297450425 0.0
0.002074688796680498 0.716025641025641 0.07417974322396577 0.0 0.0
0.0006915629322268327 0.7705128205128206 0.0898716119828816 0.0 0.0
0.002074688796680498 0.7224358974358974 0.07132667617689016 0.000708215297450425 0.0
0.005532503457814661 0.819871794871795 0.08559201141226819 0.0 0.0
0.003457814661134163 0.8205128205128205 0.10485021398002853 0.000708215297450425 0.0
0.002074688796680498 0.8596153846153847 0.08131241084165478 0.000708215297450425 0.0
0.003457814661134163 0.8891025641025642 0.07417974322396577 0.000708215297450425 0.0
0.002074688796680498 0.8487179487179487 0.07417974322396577 0.00141643059490085 0.0
0.002074688796680498 0.8256410256410257 0.08630527817403709 0.0 0.0
0.0013831258644536654 0.8576923076923076 0.0884450784593438 0.000708215297450425 0.0
0.0027662517289073307 0.9711538461538461 0.0970042796005706 0.0 0.0
0.0006915629322268327 0.9525641025641025 0.10057061340941512 0.0 0.0
0.0013831258644536654 0.9487179487179487 0.09843081312410841 0.0 0.0
0.003457814661134163 1.0185897435897437 0.10627674750356633 0.000708215297450425 0.0006729475100942127
0.0006915629322268327 1.0243589743589743 0.09914407988587731 0.0 0.0
0.0027662517289073307 1.0326923076923076 0.0891583452211127 0.0 0.0
0.0006915629322268327 0.10192307692307692 0.0007132667617689016 0.0 0.0
0.0 0.09038461538461538 0.0007132667617689016 0.0 0.0
0.0 0.09807692307692308 0.0007132667617689016 0.0 0.0
0.0 0.0923076923076923 0.0 0.000708215297450425 0.0006729475100942127
0.004149377593360996 1.0615384615384615 0.08701854493580599 0.000708215297450425 0.0006729475100942127
0.0 0.11987179487179486 0.0007132667617689016 0.00141643059490085 0.0
0.0 0.08974358974358974 0.0 0.0 0.0006729475100942127
0.0 0.08653846153846154 0.0 0.0 0.0
0.0 0.0923076923076923 0.0014265335235378032 0.0 0.0006729475100942127
0.0 0.8737179487179487 0.20827389443651925 0.0 0.0
0.0 0.10128205128205128 0.0 0.0 0.0
0.0 0.0794871794871795 0.0007132667617689016 0.0 0.0
0.0 0.09679487179487178 0.0007132667617689016 0.0 0.0
0.0006915629322268327 0.0858974358974359 0.0007132667617689016 0.0 0.0
0.002074688796680498 1.085897435897436 0.10271041369472182 0.0 0.0
0.0 0.08846153846153847 0.0 0.000708215297450425 0.0
0.0 0.09166666666666667 0.0 0.0 0.0
0.0 0.09038461538461538 0.0 0.0 0.0
0.0 0.09294871794871795 0.0 0.0 0.0
0.0 0.8384615384615385 0.19971469329529243 0.00141643059490085 0.0
0.0 0.10448717948717949 0.0007132667617689016 0.0 0.0
0.0 0.07435897435897436 0.0007132667617689016 0.000708215297450425 0.0
0.0 0.08717948717948718 0.0007132667617689016 0.000708215297450425 0.0
0.0 0.10128205128205128 0.0007132667617689016 0.0 0.0013458950201884253
0.0 0.09615384615384616 0.0007132667617689016 0.0 0.0
0.0 0.0923076923076923 0.0007132667617689016 0.0 0.0
0.0 0.09358974358974359 0.0014265335235378032 0.000708215297450425 0.0
0.0 0.10320512820512821 0.0 0.0 0.0
0.0006915629322268327 0.12307692307692307 0.0007132667617689016 0.0 0.0
0.0 0.09038461538461538 0.0 0.0 0.0
0.0006915629322268327 0.8294871794871795 0.1776034236804565 0.00141643059490085 0.0
