0.0013831258644536654 0.1717948717948718 0.0456490727532097 0.0 0.0
0.0013831258644536654 0.12948717948717947 0.0470756062767475 0.0 0.0
0.0 0.16538461538461538 0.04992867332382311 0.00141643059490085 0.0
0.0027662517289073307 0.13589743589743591 0.039942938659058486 0.00141643059490085 0.0
0.0 0.19743589743589746 0.039942938659058486 0.0 0.0
0.0 0.10384615384615384 0.03851640513552069 0.0 0.0
0.0 0.14358974358974358 0.05706134094151213 0.0 0.0
0.0027662517289073307 0.12051282051282051 0.052781740370898715 0.0 0.0
0.0013831258644536654 0.16153846153846152 0.05135520684736091 0.0 0.0
0.0 0.16666666666666666 0.039942938659058486 0.0 0.0
0.0013831258644536654 0.13974358974358975 0.052781740370898715 0.0 0.0
0.0 0.17564102564102563 0.05135520684736091 0.00141643059490085 0.0
0.0027662517289073307 0.12692307692307694 0.05563480741797432 0.0 0.0
0.0013831258644536654 0.15512820512820513 0.0470756062767475 0.0 0.0013458950201884253
0.0 0.15128205128205127 0.04992867332382311 0.0 0.0
0.004149377593360996 0.13076923076923078 0.0485021398002853 0.0 0.0
0.0027662517289073307 0.13076923076923078 0.06562054208273894 0.0 0.0
0.0027662517289073307 0.17564102564102563 0.05420827389443652 0.0 0.0
0.0 0.158974358974359 0.037089871611982884 0.0 0.0
0.0013831258644536654 0.14615384615384616 0.059914407988587735 0.0 0.0
0.0013831258644536654 0.12564102564102564 0.06134094151212554 0.0 0.0
0.0 0.1064102564102564 0.03851640513552069 0.0 0.0
0.0013831258644536654 0.15128205128205127 0.03566333808844508 0.0 0.0
0.0 0.1423076923076923 0.039942938659058486 0.0 0.0
0.0013831258644536654 0.11794871794871795 0.0442225392296719 0.00141643059490085 0.0
0.0013831258644536654 0.14487179487179488 0.0442225392296719 0.0 0.0
0.0 0.11923076923076924 0.03566333808844508 0.0 0.0
0.0027662517289073307 0.1282051282051282 0.05135520684736091 0.00141643059490085 0.0
0.0013831258644536654 0.17307692307692307 0.034236804564907276 0.0 0.0
0.005532503457814661 0.13589743589743591 0.0456490727532097 0.00141643059490085 0.0
0.0 0.1282051282051282 0.05135520684736091 0.0 0.0
0.0013831258644536654 0.13846153846153847 0.04136947218259629 0.0 0.0
0.0 0.10384615384615384 0.0470756062767475 0.0 0.0013458950201884253
0.0 0.1141025641025641 0.0485021398002853 0.0028328611898017 0.0
0.0 0.15 0.0470756062767475 0.0 0.0
0.0013831258644536654 0.12692307692307694 0.05848787446504993 0.0028328611898017 0.0
0.0 0.11923076923076924 0.0442225392296719 0.0 0.0
0.0013831258644536654 0.14615384615384616 0.039942938659058486 0.0 0.0
0.0 0.11666666666666667 0.042796005706134094 0.00141643059490085 0.0
0.0013831258644536654 0.13333333333333333 0.04992867332382311 0.0 0.0
0.0027662517289073307 0.14102564102564102 0.03851640513552069 0.0 0.0
0.0013831258644536654 0.13333333333333333 0.0456490727532097 0.0 0.0
0.0027662517289073307 0.16153846153846152 0.0456490727532097 0.00141643059490085 0.0
0.0 0.1217948717948718 0.03851640513552069 0.0 0.0
0.0013831258644536654 0.11153846153846154 0.037089871611982884 0.0 0.0
0.0013831258644536654 0.14487179487179488 0.06276747503566334 0.0 0.0
0.0027662517289073307 0.13076923076923078 0.03566333808844508 0.0 0.0
0.0013831258644536654 0.1217948717948718 0.042796005706134094 0.0 0.0
0.0027662517289073307 0.0923076923076923 0.04136947218259629 0.0 0.0
0.004149377593360996 0.08974358974358974 0.03138373751783167 0.0 0.0
0.0013831258644536654 0.1717948717948718 0.04136947218259629 0.0 0.0
0.0 0.14358974358974358 0.0442225392296719 0.0 0.0
0.0 0.13717948717948716 0.052781740370898715 0.0 0.0
0.0013831258644536654 0.1346153846153846 0.05135520684736091 0.0 0.0
0.0013831258644536654 0.12435897435897436 0.042796005706134094 0.0 0.0
0.0013831258644536654 0.13846153846153847 0.04136947218259629 0.0 0.0
0.0 0.11282051282051281 0.0470756062767475 0.00141643059490085 0.0013458950201884253
0.0013831258644536654 0.14102564102564102 0.0456490727532097 0.0 0.0
0.0013831258644536654 0.13333333333333333 0.04136947218259629 0.0 0.0
0.0 0.1576923076923077 0.0442225392296719 0.0 0.0013458950201884253
0.0013831258644536654 0.11025641025641027 0.059914407988587735 0.0 0.0
0.0 0.11923076923076924 0.03138373751783167 0.0 0.0
0.0013831258644536654 0.1141025641025641 0.0456490727532097 0.0 0.0
0.0027662517289073307 0.13076923076923078 0.05563480741797432 0.0 0.0
0.0027662517289073307 0.14743589743589744 0.06562054208273894 0.0 0.0
0.0013831258644536654 0.11923076923076924 0.0470756062767475 0.00141643059490085 0.0
0.0 0.14615384615384616 0.05706134094151213 0.00141643059490085 0.0
0.0 0.1282051282051282 0.042796005706134094 0.0 0.0
0.0027662517289073307 0.10256410256410256 0.0485021398002853 0.0 0.0
0.0027662517289073307 0.11538461538461538 0.0456490727532097 0.0 0.0
0.0027662517289073307 0.1346153846153846 0.037089871611982884 0.0 0.0
0.0013831258644536654 0.1 0.0470756062767475 0.0 0.0
0.0013831258644536654 0.13717948717948716 0.0456490727532097 0.00141643059490085 0.0
0.0 0.15 0.06704707560627675 0.00141643059490085 0.0
0.0 0.1 0.037089871611982884 0.0 0.0
0.0013831258644536654 0.12564102564102564 0.0470756062767475 0.0 0.0
0.0 0.1576923076923077 0.04136947218259629 0.0 0.0
0.0013831258644536654 0.1064102564102564 0.02282453637660485 0.00141643059490085 0.0
0.0 0.12692307692307694 0.0442225392296719 0.0 0.0
0.0013831258644536654 0.11538461538461538 0.05563480741797432 0.00141643059490085 0.0
0.0 0.08846153846153847 0.03281027104136947 0.00141643059490085 0.0
0.0013831258644536654 0.12948717948717947 0.0456490727532097 0.0 0.0
0.0013831258644536654 0.11666666666666667 0.0456490727532097 0.0 0.0
0.0013831258644536654 0.12948717948717947 0.05848787446504993 0.0 0.0
0.0013831258644536654 0.14358974358974358 0.04992867332382311 0.00141643059490085 0.0
0.0027662517289073307 0.10384615384615384 0.0442225392296719 0.0 0.0
0.0 0.13076923076923078 0.0485021398002853 0.0 0.0
0.0 0.10256410256410256 0.029957203994293868 0.0 0.0
0.0027662517289073307 0.13974358974358975 0.0470756062767475 0.0 0.0
0.0013831258644536654 0.14358974358974358 0.05848787446504993 0.0 0.0
0.0013831258644536654 0.1217948717948718 0.042796005706134094 0.00141643059490085 0.0
0.0013831258644536654 0.13076923076923078 0.03566333808844508 0.0 0.0
0.0013831258644536654 0.11666666666666667 0.04136947218259629 0.0 0.0
0.0013831258644536654 0.09358974358974359 0.03281027104136947 0.0 0.0
0.0 0.12051282051282051 0.03281027104136947 0.00141643059490085 0.0
0.0013831258644536654 0.1641025641025641 0.0442225392296719 0.0 0.0
0.0013831258644536654 0.13205128205128205 0.06134094151212554 0.0 0.0
0.0 0.09487179487179487 0.05706134094151213 0.0 0.0
0.0027662517289073307 0.13974358974358975 0.04136947218259629 0.0 0.0
0.0 0.10128205128205128 0.03281027104136947 0.0 0.0
0.0027662517289073307 0.1064102564102564 0.03566333808844508 0.0 0.0
0.0 0.0 0.0 0.0 0.0
0.0 0.0 0.0 0.0 0.0
0.0 0.0 0.0014265335235378032 0.0 0.0
0.0 0.0 0.0 0.0 0.0013458950201884253
0.004149377593360996 0.1076923076923077 0.03851640513552069 0.0 0.0013458950201884253
0.0 0.0 0.0 0.00141643059490085 0.0
0.0 0.0 0.0 0.0 0.0013458950201884253
0.0 0.0 0.0 0.0 0.0
0.0 0.0 0.0 0.0 0.0013458950201884253
0.0 0.052564102564102565 0.11697574893009986 0.0 0.0
0.0 0.0 0.0 0.0 0.0
0.0 0.0 0.0 0.0 0.0
0.0 0.0 0.0 0.0 0.0
0.0 0.001282051282051282 0.0 0.0 0.0
0.0013831258644536654 0.09487179487179487 0.04136947218259629 0.0 0.0
0.0 0.0 0.0 0.00141643059490085 0.0
0.0 0.0 0.0 0.0 0.0
0.0 0.0 0.0 0.0 0.0
0.0 0.0 0.0 0.0 0.0
0.0 0.03333333333333333 0.12410841654778888 0.00141643059490085 0.0
0.0 0.001282051282051282 0.0 0.0 0.0
0.0 0.0 0.0014265335235378032 0.00141643059490085 0.0
0.0 0.0 0.0 0.00141643059490085 0.0
0.0 0.001282051282051282 0.0 0.0 0.0026917900403768506
0.0 0.0 0.0 0.0 0.0
0.0 0.0 0.0 0.0 0.0
0.0 0.0 0.0 0.0 0.0
0.0 0.0 0.0 0.0 0.0
0.0013831258644536654 0.0 0.0 0.0 0.0
0.0 0.0 0.0 0.0 0.0
0.0 0.05128205128205128 0.10271041369472182 0.00141643059490085 0.0
