83.77777777777779 82.0 83.85714285714285 85.3 85.66666666666667
83.0 81.3 83.14285714285714 86.4 85.22222222222223
84.22222222222223 81.5 83.28571428571428 84.5 84.11111111111111
84.22222222222223 82.69999999999999 83.0 86.2 85.44444444444444
84.44444444444444 81.69999999999999 83.57142857142857 85.5 84.66666666666667
84.11111111111111 81.10000000000001 82.85714285714285 86.3 85.33333333333333
84.55555555555556 83.2 82.71428571428571 85.5 85.77777777777777
84.88888888888889 82.0 82.28571428571428 84.0 85.33333333333333
85.0 80.69999999999999 84.71428571428571 85.9 86.33333333333333
83.55555555555554 82.0 82.42857142857143 86.2 85.55555555555556
83.77777777777779 80.60000000000001 81.42857142857143 83.8 84.66666666666667
85.55555555555556 82.69999999999999 83.71428571428571 85.0 85.44444444444444
85.0 82.0 83.0 86.2 86.0
83.88888888888889 80.9 82.42857142857143 86.2 86.22222222222223
85.11111111111111 81.3 82.57142857142857 85.5 85.11111111111111
84.0 81.8 83.28571428571428 84.1 84.0
84.22222222222223 81.3 83.71428571428571 86.2 86.77777777777777
83.77777777777779 81.3 82.0 85.8 84.66666666666667
83.44444444444444 80.0 81.57142857142857 83.8 85.11111111111111
84.33333333333333 80.4 82.71428571428571 86.2 85.11111111111111
84.55555555555556 82.60000000000001 82.71428571428571 86.4 85.55555555555556
83.77777777777779 80.60000000000001 82.85714285714285 85.4 85.44444444444444
83.44444444444444 80.5 82.0 84.9 85.11111111111111
85.33333333333333 82.69999999999999 83.71428571428571 86.0 85.88888888888889
82.77777777777779 80.5 82.57142857142857 84.6 85.66666666666667
83.44444444444444 81.60000000000001 82.42857142857143 86.1 85.11111111111111
85.0 80.3 81.71428571428571 85.6 85.33333333333333
84.66666666666667 81.69999999999999 83.0 85.9 87.0
83.88888888888889 79.10000000000001 81.42857142857143 85.3 86.22222222222223
84.88888888888889 79.8 82.28571428571428 85.4 85.33333333333333
83.88888888888889 79.2 83.28571428571428 85.7 85.0
83.77777777777779 81.10000000000001 83.0 85.5 86.11111111111111
83.0 80.10000000000001 82.85714285714285 86.0 85.44444444444444
84.11111111111111 79.9 83.0 85.3 85.22222222222223
84.11111111111111 81.8 83.0 85.6 85.66666666666667
86.11111111111111 80.3 83.0 86.2 86.22222222222223
85.22222222222223 79.9 81.85714285714285 85.9 85.44444444444444
83.33333333333333 78.7 81.71428571428571 85.0 84.88888888888889
84.33333333333333 76.6 80.71428571428571 84.9 85.11111111111111
83.66666666666667 79.10000000000001 82.71428571428571 86.3 85.88888888888889
84.44444444444444 77.8 81.57142857142857 85.6 84.22222222222223
84.66666666666667 80.19999999999999 82.71428571428571 85.6 85.22222222222223
84.44444444444444 79.69999999999999 82.14285714285714 84.4 85.55555555555556
82.88888888888889 77.8 82.0 84.6 84.44444444444444
83.55555555555554 78.7 82.28571428571428 85.0 84.88888888888889
84.33333333333333 80.3 82.42857142857143 85.5 85.77777777777777
82.88888888888889 78.89999999999999 81.57142857142857 85.1 85.33333333333333
84.55555555555556 77.8 81.85714285714285 84.7 85.11111111111111
85.22222222222223 78.7 81.85714285714285 86.0 84.88888888888889
85.0 78.60000000000001 82.28571428571428 85.1 84.55555555555556
83.55555555555554 76.89999999999999 81.0 86.2 84.88888888888889
84.44444444444444 77.10000000000001 83.0 85.2 85.44444444444444
83.88888888888889 75.7 82.14285714285714 85.0 85.66666666666667
85.0 76.30000000000001 81.57142857142857 84.9 85.55555555555556
84.22222222222223 76.89999999999999 82.14285714285714 85.5 85.11111111111111
83.55555555555554 76.0 81.14285714285714 85.0 85.66666666666667
83.33333333333333 74.5 79.85714285714286 85.1 85.22222222222223
83.22222222222223 74.7 80.14285714285714 84.6 84.88888888888889
83.22222222222223 75.7 80.57142857142857 85.2 85.55555555555556
84.66666666666667 77.0 82.42857142857143 85.9 85.77777777777777
84.0 75.2 82.28571428571428 85.6 85.55555555555556
82.77777777777779 73.4 80.42857142857143 84.2 84.33333333333333
84.0 74.7 80.42857142857143 85.1 85.66666666666667
83.11111111111111 72.2 79.28571428571428 84.6 84.44444444444444
83.77777777777779 73.7 79.42857142857143 84.4 84.44444444444444
83.88888888888889 75.1 80.42857142857143 86.8 85.77777777777777
84.22222222222223 72.8 81.14285714285714 85.3 85.22222222222223
84.0 73.4 80.28571428571428 85.7 85.66666666666667
84.22222222222223 72.3 80.14285714285714 85.4 85.22222222222223
84.22222222222223 73.80000000000001 78.28571428571429 85.8 86.55555555555556
84.77777777777777 74.0 79.14285714285714 86.1 86.44444444444444
84.66666666666667 71.9 79.57142857142857 86.3 86.44444444444444
84.66666666666667 72.6 79.57142857142857 87.0 86.0
83.0 70.4 78.14285714285714 85.5 84.55555555555556
83.55555555555554 69.3 80.42857142857143 86.8 85.11111111111111
84.11111111111111 69.3 78.71428571428571 84.9 85.55555555555556
84.33333333333333 69.0 77.85714285714286 85.5 85.55555555555556
84.77777777777777 69.3 77.85714285714286 85.7 85.88888888888889
84.55555555555556 68.8 77.42857142857143 85.3 85.22222222222223
84.66666666666667 69.1 79.57142857142857 86.2 86.22222222222223
84.55555555555556 65.60000000000001 76.85714285714286 84.2 85.0
84.33333333333333 68.8 78.85714285714286 85.3 86.0
84.22222222222223 64.69999999999999 77.28571428571429 84.9 84.33333333333333
83.55555555555554 65.8 77.0 85.5 85.22222222222223
83.55555555555554 65.4 76.14285714285714 85.9 86.11111111111111
84.22222222222223 65.60000000000001 78.71428571428571 86.0 86.22222222222223
83.44444444444444 64.5 77.28571428571429 86.1 85.55555555555556
83.33333333333333 63.0 75.28571428571429 85.7 85.11111111111111
84.33333333333333 65.69999999999999 76.85714285714286 85.4 84.88888888888889
84.11111111111111 62.9 77.14285714285714 85.2 84.88888888888889
83.66666666666667 60.900000000000006 76.85714285714286 85.2 85.66666666666667
83.88888888888889 60.8 75.14285714285714 85.6 85.77777777777777
84.44444444444444 60.5 75.85714285714286 85.3 85.0
83.55555555555554 58.1 74.85714285714286 86.1 85.44444444444444
84.22222222222223 57.8 73.71428571428572 86.6 85.88888888888889
82.88888888888889 55.4 73.0 84.6 86.0
83.11111111111111 58.6 74.28571428571429 84.7 85.22222222222223
84.66666666666667 56.5 74.71428571428572 87.2 86.22222222222223
84.44444444444444 55.4 74.42857142857143 85.9 85.66666666666667
83.66666666666667 56.800000000000004 73.71428571428572 85.8 84.55555555555556
84.33333333333333 55.199999999999996 74.85714285714286 85.0 86.22222222222223
82.22222222222223 79.5 80.0 82.10000000000001 82.0
80.55555555555556 79.10000000000001 80.28571428571428 82.4 81.66666666666667
82.1111111111111 79.0 81.14285714285714 82.60000000000001 83.0
81.1111111111111 79.60000000000001 79.85714285714286 81.5 81.88888888888889
83.77777777777779 53.199999999999996 73.71428571428572 85.6 85.44444444444444
81.22222222222223 78.10000000000001 80.28571428571428 81.0 80.44444444444444
82.0 79.0 80.0 81.0 81.77777777777779
81.88888888888889 78.7 80.85714285714286 82.0 82.0
81.22222222222223 79.3 81.14285714285714 82.10000000000001 81.33333333333333
84.55555555555556 63.3 72.57142857142857 85.9 86.22222222222223
81.88888888888889 79.10000000000001 80.71428571428571 81.8 82.1111111111111
81.88888888888889 78.89999999999999 80.85714285714286 82.10000000000001 82.55555555555554
82.77777777777779 79.9 80.57142857142857 81.60000000000001 82.22222222222223
81.33333333333333 78.8 80.42857142857143 80.4 82.44444444444444
82.22222222222223 52.0 72.42857142857143 86.7 85.0
80.1111111111111 77.7 80.57142857142857 80.5 80.44444444444444
82.1111111111111 80.0 81.57142857142857 81.10000000000001 81.88888888888889
80.88888888888889 79.0 79.85714285714286 82.10000000000001 81.55555555555556
82.55555555555554 79.9 81.28571428571428 82.5 81.33333333333333
85.11111111111111 61.5 73.42857142857143 85.4 86.0
81.77777777777779 78.8 80.28571428571428 80.4 81.55555555555556
79.88888888888889 79.5 80.57142857142857 80.60000000000001 81.22222222222223
81.22222222222223 79.60000000000001 80.71428571428571 81.10000000000001 80.77777777777779
81.44444444444444 78.0 81.28571428571428 82.0 82.33333333333333
81.77777777777779 78.8 80.85714285714286 81.4 82.22222222222223
81.33333333333333 78.2 80.28571428571428 81.3 82.0
81.88888888888889 78.5 80.71428571428571 81.3 81.22222222222223
82.1111111111111 79.69999999999999 80.42857142857143 81.10000000000001 80.66666666666666
81.55555555555556 79.5 81.71428571428571 82.3 82.1111111111111
81.22222222222223 78.3 80.71428571428571 81.3 81.0
83.66666666666667 62.300000000000004 70.0 85.1 85.55555555555556
83.55555555555554 61.3 72.28571428571429 84.8 84.66666666666667
84.44444444444444 63.4 72.57142857142857 85.5 85.66666666666667
83.77777777777779 61.1 71.85714285714286 86.3 84.55555555555556
84.33333333333333 60.8 72.28571428571429 85.7 84.88888888888889
83.88888888888889 63.6 73.0 85.2 84.66666666666667
83.88888888888889 63.8 71.85714285714286 85.9 85.77777777777777
83.22222222222223 62.8 72.28571428571429 85.6 84.77777777777777
83.66666666666667 63.3 73.42857142857143 84.7 84.77777777777777
84.11111111111111 61.9 73.57142857142857 85.2 86.22222222222223
84.0 63.70000000000001 72.14285714285715 85.4 85.44444444444444
85.77777777777777 64.5 73.0 86.0 85.88888888888889
83.44444444444444 64.3 73.28571428571429 85.2 85.44444444444444
83.88888888888889 61.699999999999996 70.57142857142858 84.9 85.22222222222223
83.88888888888889 62.9 72.71428571428572 86.5 85.44444444444444
83.77777777777779 62.5 70.14285714285714 84.9 86.11111111111111
85.66666666666667 64.3 73.0 85.9 85.77777777777777
83.66666666666667 62.9 72.42857142857143 86.2 85.55555555555556
85.0 62.199999999999996 72.0 85.2 84.22222222222223
83.66666666666667 62.0 70.57142857142858 85.2 85.55555555555556
83.22222222222223 62.4 72.14285714285715 85.4 84.66666666666667
84.11111111111111 63.4 72.57142857142857 86.7 86.11111111111111
83.88888888888889 62.9 73.42857142857143 85.4 85.11111111111111
83.44444444444444 63.2 74.0 85.1 85.22222222222223
84.11111111111111 64.10000000000001 71.57142857142858 84.3 85.22222222222223
84.66666666666667 65.4 72.42857142857143 86.2 85.66666666666667
84.0 63.3 73.14285714285715 84.8 84.55555555555556
85.22222222222223 62.7 71.71428571428572 85.4 86.33333333333333
85.0 63.2 73.0 86.9 86.11111111111111
85.11111111111111 65.60000000000001 74.57142857142857 86.0 85.22222222222223
84.66666666666667 62.4 72.0 85.8 85.88888888888889
84.44444444444444 63.1 72.42857142857143 85.9 86.33333333333333
83.0 63.3 73.71428571428572 85.9 85.77777777777777
83.77777777777779 62.1 73.0 84.5 83.33333333333333
84.33333333333333 63.8 74.28571428571429 86.7 85.22222222222223
83.66666666666667 63.8 72.57142857142857 85.9 85.0
83.55555555555554 64.5 73.57142857142857 86.6 86.66666666666667
84.66666666666667 63.70000000000001 74.14285714285715 86.2 85.66666666666667
84.11111111111111 64.60000000000001 74.0 86.5 85.22222222222223
83.77777777777779 64.0 73.57142857142857 86.0 85.11111111111111
83.77777777777779 61.9 74.0 85.8 85.44444444444444
84.77777777777777 63.8 72.85714285714286 85.6 86.0
84.55555555555556 64.8 71.42857142857143 86.2 84.33333333333333
83.66666666666667 63.1 71.28571428571429 85.4 84.55555555555556
84.77777777777777 62.9 73.42857142857143 85.8 85.77777777777777
84.55555555555556 64.19999999999999 74.85714285714286 86.0 85.33333333333333
83.77777777777779 64.4 73.42857142857143 86.2 85.11111111111111
84.55555555555556 65.10000000000001 72.85714285714286 86.3 84.66666666666667
84.66666666666667 65.69999999999999 74.14285714285715 86.2 85.55555555555556
84.77777777777777 65.69999999999999 75.0 86.2 86.22222222222223
83.44444444444444 63.8 73.28571428571429 86.1 84.66666666666667
85.22222222222223 64.69999999999999 75.0 87.2 87.0
84.66666666666667 65.5 71.85714285714286 87.9 86.88888888888889
84.55555555555556 65.4 74.42857142857143 86.9 86.88888888888889
85.77777777777777 66.60000000000001 75.14285714285714 86.2 85.77777777777777
84.55555555555556 64.10000000000001 74.28571428571429 86.9 85.55555555555556
85.11111111111111 66.3 74.14285714285715 87.1 87.22222222222223
84.33333333333333 66.8 76.0 86.3 85.88888888888889
84.77777777777777 65.69999999999999 75.0 86.3 85.88888888888889
85.66666666666667 67.7 75.57142857142857 87.2 86.66666666666667
84.0 65.69999999999999 76.14285714285714 86.6 87.66666666666667
85.11111111111111 66.69999999999999 75.71428571428572 86.7 86.33333333333333
84.77777777777777 64.8 74.14285714285715 86.8 86.22222222222223
84.55555555555556 66.8 74.42857142857143 87.5 86.77777777777777
85.44444444444444 66.8 75.0 87.6 87.0
84.55555555555556 67.4 76.14285714285714 88.1 86.88888888888889
85.44444444444444 67.5 74.14285714285715 87.7 86.33333333333333
86.22222222222223 68.5 76.28571428571429 88.6 86.33333333333333
84.66666666666667 69.7 75.0 87.5 86.88888888888889
84.66666666666667 67.10000000000001 76.71428571428572 86.7 85.11111111111111
85.66666666666667 67.6 73.85714285714286 88.3 87.0
85.66666666666667 68.1 76.85714285714286 89.30000000000001 88.44444444444446
86.33333333333333 69.0 76.57142857142857 88.8 87.88888888888889
86.0 69.4 75.85714285714286 87.6 87.77777777777777
86.0 68.2 75.14285714285714 89.5 87.77777777777777
85.77777777777777 70.0 76.28571428571429 90.2 88.33333333333333
85.77777777777777 68.1 74.42857142857143 87.7 87.33333333333333
86.11111111111111 70.2 75.42857142857143 89.6 86.55555555555556
86.0 69.2 74.57142857142857 89.30000000000001 87.88888888888889
85.66666666666667 68.9 73.57142857142857 88.7 87.55555555555556
86.0 70.1 74.42857142857143 88.8 87.55555555555556
86.66666666666667 70.9 77.85714285714286 89.39999999999999 88.0
85.33333333333333 68.4 73.42857142857143 88.7 87.33333333333333
86.11111111111111 68.9 74.42857142857143 89.0 87.88888888888889
86.44444444444444 70.6 74.28571428571429 89.0 88.77777777777777
85.88888888888889 70.4 73.14285714285715 89.2 87.55555555555556
86.44444444444444 73.2 74.28571428571429 89.2 88.66666666666667
85.88888888888889 69.6 72.71428571428572 88.9 88.55555555555556
86.22222222222223 68.7 73.71428571428572 89.80000000000001 87.66666666666667
86.33333333333333 71.3 73.14285714285715 89.1 87.66666666666667
87.33333333333333 69.7 72.71428571428572 90.89999999999999 88.77777777777777
87.33333333333333 71.6 73.57142857142857 90.6 88.77777777777777
86.0 71.0 71.28571428571429 88.9 87.66666666666667
87.11111111111111 70.4 73.14285714285715 90.2 88.22222222222221
85.88888888888889 72.4 72.14285714285715 90.7 89.0
86.66666666666667 70.2 70.14285714285714 90.2 89.11111111111111
87.0 68.6 69.85714285714285 89.80000000000001 87.55555555555556
86.11111111111111 71.2 71.28571428571429 88.8 89.11111111111111
86.0 70.6 71.0 91.30000000000001 89.22222222222221
