13.833333333333332 32.4 30.666666666666664 16.166666666666664 13.5
16.666666666666668 33.6 29.166666666666668 17.833333333333332 12.5
13.0 34.2 30.166666666666668 17.5 12.833333333333334
14.0 37.400000000000006 25.5 17.666666666666668 14.333333333333334
13.333333333333334 34.8 28.5 17.166666666666668 12.333333333333334
14.833333333333334 32.0 29.333333333333332 15.666666666666666 13.0
16.666666666666668 32.800000000000004 28.166666666666668 15.666666666666666 15.833333333333334
14.833333333333334 33.6 29.666666666666668 19.666666666666664 14.5
17.5 35.6 29.333333333333332 15.833333333333334 12.166666666666666
16.333333333333332 34.2 28.666666666666668 14.833333333333334 14.333333333333334
15.5 33.6 27.833333333333336 14.166666666666666 11.833333333333332
14.833333333333334 33.6 32.16666666666667 15.5 11.666666666666668
14.833333333333334 34.6 31.5 19.5 13.0
12.833333333333334 37.6 29.666666666666668 15.833333333333334 14.666666666666666
16.666666666666668 32.599999999999994 29.333333333333332 17.833333333333332 12.0
13.333333333333334 36.4 29.333333333333332 17.166666666666668 12.833333333333334
15.5 30.8 33.0 19.666666666666664 13.166666666666666
15.833333333333334 35.2 27.666666666666664 17.5 12.833333333333334
17.0 32.2 31.333333333333332 15.0 12.333333333333334
16.666666666666668 30.0 31.166666666666664 18.0 14.833333333333334
12.666666666666666 31.2 32.666666666666664 19.333333333333336 12.333333333333334
18.0 34.4 26.666666666666668 16.833333333333332 16.5
16.166666666666664 37.6 32.5 17.833333333333332 12.166666666666666
16.5 30.4 26.833333333333336 16.166666666666664 12.0
13.5 35.8 30.0 18.666666666666668 12.0
16.166666666666664 33.0 28.5 20.666666666666668 14.5
16.333333333333332 33.2 27.166666666666664 16.0 13.5
13.333333333333334 34.2 30.5 16.666666666666668 12.333333333333334
18.0 32.800000000000004 28.666666666666668 16.833333333333332 13.5
14.666666666666666 30.8 29.166666666666668 15.666666666666666 14.0
15.166666666666666 33.6 27.0 18.833333333333332 12.333333333333334
16.166666666666664 32.0 28.0 16.833333333333332 13.5
15.833333333333334 33.6 30.666666666666664 17.333333333333332 13.0
15.833333333333334 32.599999999999994 29.666666666666668 17.0 14.5
16.5 34.0 26.0 16.5 13.666666666666668
17.5 33.2 28.5 18.833333333333332 10.666666666666666
16.666666666666668 35.2 28.5 15.333333333333332 11.166666666666666
16.333333333333332 33.8 24.666666666666668 17.833333333333332 14.166666666666666
16.166666666666664 35.8 27.5 19.5 16.0
14.5 29.8 30.666666666666664 18.166666666666668 14.333333333333334
14.333333333333334 32.800000000000004 27.833333333333336 19.833333333333336 12.333333333333334
15.333333333333332 36.8 31.0 20.0 10.666666666666666
18.0 33.0 31.5 18.833333333333332 12.833333333333334
16.0 29.8 26.666666666666668 15.666666666666666 12.833333333333334
18.333333333333332 36.0 26.166666666666668 17.333333333333332 13.333333333333334
16.833333333333332 28.6 31.166666666666664 15.666666666666666 15.5
16.5 33.4 28.0 15.0 15.5
15.5 37.199999999999996 31.0 20.166666666666664 11.5
16.333333333333332 35.6 25.666666666666668 20.166666666666664 11.5
16.5 34.0 28.166666666666668 16.166666666666664 14.333333333333334
16.0 32.2 30.333333333333332 14.0 14.166666666666666
15.833333333333334 32.800000000000004 29.166666666666668 18.833333333333332 11.666666666666668
13.666666666666668 34.8 27.333333333333336 20.166666666666664 15.166666666666666
15.333333333333332 32.599999999999994 30.333333333333332 14.5 16.5
15.166666666666666 32.2 26.0 17.333333333333332 11.666666666666668
14.833333333333334 34.8 30.0 17.666666666666668 13.833333333333332
17.833333333333332 34.6 29.666666666666668 15.666666666666666 12.833333333333334
14.333333333333334 33.8 30.0 16.833333333333332 15.666666666666666
14.5 33.0 29.0 16.333333333333332 12.0
17.666666666666668 33.2 30.333333333333332 16.333333333333332 13.666666666666668
15.666666666666666 33.0 28.666666666666668 16.0 11.5
15.5 34.2 29.0 17.166666666666668 13.333333333333334
18.5 32.4 28.666666666666668 16.166666666666664 11.666666666666668
11.666666666666668 33.4 30.333333333333332 15.333333333333332 13.333333333333334
15.333333333333332 30.599999999999998 29.5 18.0 13.666666666666668
17.666666666666668 34.2 31.666666666666668 17.166666666666668 12.833333333333334
16.5 37.400000000000006 30.0 18.166666666666668 15.666666666666666
15.333333333333332 34.0 31.0 16.166666666666664 10.666666666666666
17.0 36.6 30.833333333333336 17.833333333333332 14.166666666666666
16.333333333333332 37.6 30.166666666666668 18.5 13.0
17.333333333333332 34.4 29.5 15.833333333333334 16.833333333333332
16.666666666666668 33.0 29.666666666666668 18.5 11.0
16.833333333333332 33.2 32.16666666666667 16.333333333333332 11.833333333333332
13.0 33.0 30.5 17.333333333333332 13.5
15.833333333333334 30.4 31.0 16.833333333333332 15.166666666666666
15.5 35.4 26.5 18.333333333333332 12.666666666666666
17.166666666666668 36.2 30.166666666666668 21.833333333333332 15.0
16.666666666666668 33.4 28.5 15.833333333333334 15.5
15.166666666666666 37.0 29.5 19.5 11.833333333333332
15.5 33.4 27.0 14.833333333333334 13.166666666666666
17.666666666666668 27.599999999999998 28.166666666666668 20.0 12.666666666666666
17.166666666666668 33.4 31.833333333333332 16.0 11.833333333333332
15.666666666666666 34.8 29.833333333333332 17.166666666666668 10.0
15.333333333333332 33.0 27.666666666666664 15.0 11.333333333333334
13.666666666666668 32.2 31.0 16.833333333333332 13.333333333333334
18.166666666666668 32.0 30.166666666666668 16.166666666666664 9.0
13.833333333333332 36.4 30.166666666666668 15.833333333333334 15.166666666666666
17.166666666666668 31.8 27.833333333333336 17.333333333333332 13.5
17.666666666666668 32.4 29.0 20.333333333333332 12.833333333333334
15.0 33.4 27.833333333333336 16.333333333333332 13.833333333333332
13.833333333333332 32.2 30.166666666666668 17.666666666666668 14.0
19.5 33.2 28.166666666666668 16.833333333333332 12.666666666666666
18.166666666666668 35.2 31.5 17.0 12.166666666666666
15.833333333333334 34.4 29.166666666666668 18.0 15.5
17.333333333333332 32.599999999999994 29.166666666666668 17.166666666666668 11.5
17.0 33.6 26.0 20.0 16.0
15.0 31.2 25.5 16.333333333333332 14.666666666666666
15.666666666666666 33.4 30.166666666666668 20.666666666666668 14.333333333333334
13.333333333333334 32.4 27.166666666666664 18.333333333333332 14.833333333333334
17.666666666666668 36.4 26.0 19.333333333333336 13.166666666666666
15.5 31.4 28.333333333333332 19.833333333333336 12.333333333333334
13.666666666666668 15.6 15.0 15.166666666666666 16.666666666666668
11.833333333333332 14.8 13.0 14.666666666666666 16.166666666666664
16.0 14.8 14.666666666666666 17.5 15.333333333333332
13.833333333333332 12.8 12.166666666666666 17.666666666666668 14.5
16.333333333333332 34.6 29.166666666666668 16.833333333333332 13.333333333333334
20.5 16.6 16.5 13.5 12.666666666666666
16.5 16.6 15.666666666666666 14.833333333333334 18.0
17.166666666666668 11.2 15.5 14.666666666666666 15.666666666666666
14.833333333333334 15.8 15.166666666666666 13.333333333333334 15.833333333333334
14.5 31.0 33.333333333333336 19.166666666666664 14.666666666666666
16.0 13.6 15.5 19.166666666666664 16.833333333333332
17.333333333333332 14.4 16.666666666666668 14.666666666666666 17.0
13.833333333333332 15.8 15.833333333333334 18.833333333333332 13.333333333333334
16.833333333333332 17.6 15.333333333333332 15.333333333333332 15.0
15.166666666666666 33.4 30.333333333333332 14.833333333333334 15.166666666666666
14.166666666666666 12.0 14.666666666666666 14.166666666666666 13.5
19.5 13.4 16.0 15.333333333333332 13.166666666666666
16.0 13.6 14.5 11.833333333333332 18.166666666666668
15.666666666666666 16.400000000000002 15.833333333333334 17.333333333333332 12.833333333333334
17.666666666666668 29.8 32.5 15.5 13.333333333333334
13.333333333333334 15.6 18.833333333333332 14.5 14.833333333333334
13.0 14.200000000000001 18.166666666666668 14.166666666666666 15.166666666666666
14.666666666666666 17.8 15.833333333333334 14.0 14.833333333333334
14.0 16.2 14.333333333333334 12.833333333333334 18.166666666666668
16.833333333333332 16.400000000000002 14.5 16.333333333333332 15.0
15.833333333333334 15.6 16.666666666666668 15.333333333333332 15.0
15.0 12.4 14.5 16.333333333333332 18.333333333333332
16.0 15.0 16.166666666666664 15.833333333333334 12.0
14.666666666666666 10.6 15.333333333333332 18.166666666666668 13.833333333333332
15.333333333333332 15.8 17.333333333333332 16.166666666666664 12.833333333333334
14.666666666666666 28.6 34.333333333333336 18.833333333333332 15.833333333333334
15.333333333333332 28.400000000000002 33.666666666666664 17.333333333333332 13.5
14.333333333333334 30.4 33.666666666666664 16.333333333333332 12.0
14.666666666666666 30.4 31.333333333333332 21.0 14.833333333333334
17.166666666666668 28.0 35.833333333333336 20.333333333333332 13.0
12.833333333333334 29.4 33.666666666666664 18.333333333333332 11.833333333333332
15.0 32.4 33.166666666666664 17.333333333333332 12.833333333333334
13.5 28.6 33.333333333333336 19.833333333333336 11.0
12.166666666666666 30.0 33.5 14.833333333333334 14.166666666666666
16.333333333333332 28.2 31.333333333333332 17.666666666666668 16.5
15.0 26.0 31.666666666666668 19.333333333333336 11.5
17.0 29.0 37.166666666666664 22.166666666666668 12.833333333333334
14.166666666666666 27.0 34.833333333333336 17.0 13.666666666666668
15.166666666666666 27.2 31.333333333333332 20.333333333333332 13.5
12.333333333333334 31.4 34.666666666666664 17.666666666666668 13.0
17.166666666666668 31.4 30.5 18.5 11.0
16.0 29.2 35.666666666666664 19.833333333333336 11.0
14.666666666666666 30.599999999999998 33.5 19.833333333333336 15.166666666666666
16.333333333333332 30.200000000000003 33.333333333333336 19.666666666666664 12.166666666666666
17.0 31.2 33.166666666666664 16.5 11.333333333333334
15.666666666666666 30.4 29.0 17.5 11.5
15.0 30.0 36.666666666666664 19.5 12.333333333333334
13.333333333333334 32.4 32.5 20.166666666666664 16.166666666666664
14.833333333333334 30.4 33.0 14.666666666666666 12.833333333333334
18.333333333333332 31.6 32.666666666666664 20.833333333333332 11.0
14.833333333333334 29.2 32.0 21.666666666666668 13.833333333333332
15.333333333333332 27.799999999999997 32.666666666666664 19.166666666666664 12.666666666666666
14.333333333333334 25.0 35.333333333333336 20.333333333333332 13.0
13.166666666666666 33.2 33.166666666666664 21.166666666666668 13.333333333333334
14.5 31.0 33.833333333333336 18.166666666666668 13.5
15.166666666666666 31.6 34.0 15.833333333333334 15.666666666666666
13.666666666666668 30.4 32.666666666666664 17.833333333333332 15.166666666666666
14.166666666666666 30.200000000000003 37.5 18.166666666666668 10.833333333333334
13.5 29.0 31.333333333333332 18.333333333333332 14.5
15.333333333333332 29.8 32.0 17.666666666666668 13.166666666666666
13.666666666666668 31.4 33.833333333333336 20.0 12.5
15.833333333333334 31.0 35.5 18.5 12.666666666666666
12.666666666666666 30.0 35.166666666666664 18.833333333333332 12.833333333333334
16.666666666666668 26.4 33.5 18.666666666666668 14.0
13.666666666666668 28.8 35.333333333333336 15.666666666666666 15.666666666666666
15.166666666666666 29.2 35.333333333333336 19.666666666666664 13.5
16.0 31.0 37.0 18.333333333333332 11.833333333333332
14.5 31.4 32.0 20.0 12.166666666666666
14.833333333333334 31.2 35.166666666666664 20.0 12.0
14.0 30.200000000000003 37.5 18.666666666666668 11.333333333333334
16.0 26.8 35.833333333333336 18.666666666666668 11.833333333333332
16.333333333333332 31.4 32.5 19.0 13.0
15.833333333333334 28.0 35.5 19.833333333333336 11.333333333333334
16.0 32.800000000000004 34.5 21.666666666666668 12.333333333333334
12.666666666666666 29.6 37.333333333333336 19.5 13.333333333333334
13.5 31.0 37.166666666666664 17.0 11.833333333333332
16.0 30.4 37.5 18.166666666666668 12.0
16.833333333333332 34.0 37.333333333333336 18.333333333333332 11.833333333333332
13.0 29.4 41.166666666666664 18.666666666666668 10.833333333333334
14.5 28.6 37.83333333333333 16.333333333333332 13.833333333333332
13.5 31.4 36.0 17.333333333333332 10.5
14.666666666666666 32.4 40.666666666666664 17.666666666666668 15.833333333333334
13.166666666666666 30.8 40.16666666666667 18.833333333333332 11.833333333333332
14.166666666666666 33.2 39.33333333333333 20.166666666666664 10.666666666666666
15.0 32.2 41.0 20.333333333333332 11.333333333333334
12.666666666666666 31.6 42.0 16.666666666666668 11.833333333333332
14.666666666666666 34.2 41.333333333333336 16.833333333333332 12.5
15.833333333333334 28.8 43.333333333333336 18.166666666666668 10.666666666666666
14.5 32.4 41.0 16.666666666666668 11.166666666666666
12.333333333333334 35.4 43.666666666666664 19.166666666666664 10.666666666666666
13.5 33.8 42.666666666666664 20.833333333333332 12.0
15.333333333333332 30.599999999999998 40.0 20.0 13.833333333333332
14.0 32.2 40.0 19.833333333333336 13.5
13.666666666666668 30.599999999999998 42.5 21.833333333333332 12.833333333333334
12.833333333333334 31.0 43.333333333333336 17.166666666666668 12.166666666666666
14.333333333333334 33.0 44.333333333333336 17.5 13.833333333333332
13.666666666666668 35.2 43.166666666666664 19.166666666666664 12.166666666666666
15.833333333333334 28.8 44.5 20.0 11.5
14.166666666666666 30.0 46.83333333333333 19.833333333333336 12.833333333333334
14.166666666666666 33.0 49.333333333333336 17.0 10.333333333333334
13.5 33.0 48.16666666666667 20.833333333333332 12.333333333333334
15.166666666666666 32.0 44.666666666666664 18.166666666666668 11.833333333333332
11.833333333333332 33.0 46.66666666666667 17.166666666666668 12.333333333333334
14.5 30.599999999999998 50.333333333333336 19.666666666666664 10.833333333333334
13.833333333333332 36.2 47.83333333333333 20.0 9.166666666666666
13.333333333333334 32.4 47.5 22.833333333333336 12.333333333333334
13.166666666666666 30.8 48.5 20.5 10.666666666666666
11.166666666666666 34.4 49.166666666666664 16.666666666666668 13.0
15.166666666666666 34.6 47.66666666666667 20.0 14.0
12.166666666666666 33.0 48.5 20.833333333333332 12.166666666666666
17.0 28.6 48.5 20.166666666666664 10.5
14.333333333333334 32.599999999999994 49.833333333333336 18.833333333333332 10.0
16.666666666666668 32.0 46.5 18.833333333333332 15.333333333333332
15.333333333333332 34.4 51.666666666666664 18.833333333333332 11.333333333333334
16.0 32.4 50.166666666666664 19.333333333333336 11.666666666666668
14.166666666666666 29.8 51.666666666666664 17.0 10.166666666666666
12.0 32.800000000000004 54.16666666666667 21.333333333333332 10.666666666666666
14.5 36.0 48.833333333333336 20.0 10.333333333333334
10.833333333333334 33.6 48.16666666666667 21.833333333333332 13.833333333333332
13.833333333333332 35.8 51.0 21.0 12.833333333333334
14.333333333333334 34.6 52.0 19.833333333333336 11.833333333333332
13.333333333333334 34.8 54.66666666666667 21.666666666666668 12.0
13.0 33.8 51.833333333333336 20.333333333333332 10.0
13.666666666666668 38.0 53.5 19.0 12.5
