74.07692307692308 70.28571428571428 70.375 71.84615384615385 73.25
74.46153846153847 70.92857142857143 70.75 73.15384615384615 74.08333333333333
76.15384615384616 72.78571428571429 71.5625 73.0 74.25
73.6923076923077 69.57142857142857 68.875 71.6923076923077 73.58333333333333
73.84615384615385 70.57142857142858 70.6875 71.84615384615385 73.66666666666667
75.84615384615384 72.0 71.1875 72.84615384615385 75.16666666666667
71.23076923076924 68.85714285714285 68.5625 70.92307692307692 72.08333333333333
75.38461538461539 69.85714285714285 70.8125 72.53846153846153 74.83333333333333
73.76923076923077 69.71428571428571 69.125 71.92307692307692 73.08333333333333
72.76923076923077 69.42857142857142 68.8125 70.6923076923077 73.41666666666667
74.6923076923077 70.14285714285714 69.3125 72.0 74.25
74.38461538461539 69.71428571428571 69.4375 70.15384615384615 72.58333333333333
74.76923076923077 71.21428571428572 71.0625 72.53846153846153 74.16666666666667
74.38461538461539 70.07142857142857 70.375 71.92307692307692 75.0
73.84615384615385 70.21428571428571 70.1875 71.84615384615385 73.58333333333333
73.61538461538461 69.42857142857142 69.0625 71.3076923076923 73.0
74.92307692307692 70.64285714285715 70.5625 72.46153846153847 74.25
75.3076923076923 70.71428571428572 69.5625 72.61538461538461 75.25
75.23076923076923 71.21428571428572 70.75 72.07692307692308 73.91666666666667
73.0 68.5 69.0625 70.61538461538463 73.08333333333333
74.61538461538461 69.92857142857142 70.25 72.6923076923077 74.66666666666667
72.84615384615385 70.28571428571428 69.9375 72.07692307692308 74.0
73.0 69.64285714285714 68.5 69.92307692307692 71.66666666666667
75.07692307692308 70.0 70.0 71.15384615384615 74.41666666666667
74.46153846153847 70.07142857142857 69.25 71.84615384615385 74.25
73.3076923076923 69.42857142857142 69.875 72.3076923076923 73.08333333333333
74.76923076923077 70.92857142857143 71.25 72.53846153846153 74.25
75.0 73.07142857142857 71.375 73.92307692307692 74.0
73.0 70.42857142857143 70.9375 71.76923076923076 73.25
72.84615384615385 68.85714285714285 69.5 71.6923076923077 71.75
72.6923076923077 69.28571428571428 68.9375 70.53846153846153 72.33333333333333
74.0 69.14285714285714 69.4375 72.38461538461539 73.0
75.46153846153845 70.64285714285715 70.875 72.3076923076923 73.83333333333333
74.3076923076923 70.35714285714286 71.1875 73.38461538461539 73.66666666666667
74.38461538461539 70.07142857142857 69.5625 72.23076923076924 74.0
74.15384615384616 69.35714285714285 68.8125 71.84615384615385 73.5
73.92307692307692 70.71428571428572 69.125 72.0 74.25
75.07692307692308 71.64285714285715 70.5 72.53846153846153 73.58333333333333
73.92307692307692 69.21428571428571 69.25 71.92307692307692 72.5
73.15384615384615 68.42857142857142 68.4375 71.46153846153847 72.75
71.23076923076924 67.78571428571428 68.4375 71.0 72.25
75.0 70.85714285714286 71.0625 72.92307692307692 74.83333333333333
75.76923076923077 71.0 70.625 73.15384615384615 73.83333333333333
73.23076923076923 68.71428571428571 69.375 71.3076923076923 73.83333333333333
76.0 70.57142857142858 69.9375 73.0 74.25
74.0 69.0 69.8125 72.15384615384615 73.25
75.23076923076923 70.92857142857143 70.9375 72.0 75.16666666666667
74.3076923076923 69.42857142857142 69.5625 71.3076923076923 73.5
73.92307692307692 69.78571428571428 70.5 72.15384615384615 74.25
73.38461538461539 68.5 69.625 71.15384615384615 72.58333333333333
72.92307692307692 69.21428571428571 68.875 71.76923076923076 73.75
75.15384615384616 69.92857142857142 70.5625 71.76923076923076 74.25
75.23076923076923 69.28571428571428 68.4375 71.61538461538461 74.75
74.07692307692308 70.42857142857143 70.4375 72.76923076923077 73.33333333333333
73.6923076923077 67.92857142857143 68.0 71.6923076923077 72.75
72.15384615384615 67.0 68.75 70.23076923076924 70.91666666666667
75.07692307692308 69.5 70.4375 72.6923076923077 73.25
74.38461538461539 70.07142857142857 70.5 72.0 74.25
74.15384615384616 69.0 69.75 72.07692307692308 73.25
74.84615384615384 69.71428571428571 69.875 72.38461538461539 74.75
74.38461538461539 70.07142857142857 69.25 71.92307692307692 74.16666666666667
74.76923076923077 67.07142857142857 68.8125 72.0 73.08333333333333
76.15384615384616 71.35714285714286 70.875 73.46153846153847 75.16666666666667
74.53846153846153 66.64285714285714 68.3125 72.07692307692308 71.5
73.76923076923077 67.57142857142857 68.3125 70.0 72.58333333333333
73.6923076923077 67.64285714285714 68.3125 71.92307692307692 73.91666666666667
74.76923076923077 67.92857142857143 69.5625 72.84615384615385 74.75
73.76923076923077 68.35714285714285 70.0625 72.38461538461539 74.08333333333333
72.76923076923077 66.64285714285714 69.625 71.38461538461539 72.83333333333333
74.6923076923077 68.42857142857142 70.1875 73.46153846153847 72.75
75.07692307692308 68.57142857142857 68.8125 72.53846153846153 74.16666666666667
74.76923076923077 68.42857142857142 69.125 70.3076923076923 73.0
73.92307692307692 67.07142857142857 69.125 72.3076923076923 73.75
73.61538461538461 66.71428571428571 68.5625 71.07692307692308 73.83333333333333
73.6923076923077 67.14285714285714 68.6875 71.53846153846153 73.08333333333333
74.84615384615384 69.71428571428571 70.625 72.23076923076924 74.75
73.53846153846153 66.57142857142857 68.5 71.92307692307692 72.66666666666667
74.61538461538461 67.07142857142857 68.875 71.15384615384615 73.83333333333333
74.46153846153847 67.21428571428571 70.9375 72.6923076923077 74.41666666666667
73.53846153846153 67.07142857142857 68.6875 71.53846153846153 71.91666666666667
75.0 67.92857142857143 69.75 72.0 73.75
74.23076923076923 67.35714285714285 69.0625 71.0 74.08333333333333
73.92307692307692 66.85714285714285 68.375 70.53846153846153 73.66666666666667
74.38461538461539 67.5 68.9375 71.6923076923077 73.75
75.3076923076923 66.57142857142857 70.0 72.23076923076924 73.75
74.07692307692308 66.78571428571428 68.3125 72.15384615384615 71.91666666666667
73.76923076923077 67.71428571428571 68.875 72.0 73.33333333333333
75.23076923076923 67.0 69.125 71.15384615384615 74.58333333333333
74.76923076923077 67.5 68.75 71.84615384615385 72.91666666666667
73.76923076923077 65.92857142857143 68.1875 71.15384615384615 73.25
75.76923076923077 68.07142857142857 69.8125 72.07692307692308 74.08333333333333
74.38461538461539 65.5 67.6875 72.07692307692308 73.33333333333333
73.76923076923077 65.14285714285714 69.0625 70.61538461538463 73.83333333333333
74.6923076923077 66.14285714285714 68.875 71.92307692307692 73.41666666666667
75.3076923076923 68.0 70.0 72.46153846153847 73.75
74.46153846153847 66.85714285714285 69.125 71.92307692307692 74.0
75.15384615384616 66.78571428571428 68.875 72.3076923076923 74.41666666666667
73.84615384615385 65.07142857142857 67.4375 72.15384615384615 71.91666666666667
74.84615384615384 64.78571428571428 68.1875 72.92307692307692 73.0
74.53846153846153 66.0 67.75 72.46153846153847 73.91666666666667
73.76923076923077 64.92857142857143 67.625 72.38461538461539 73.75
66.07692307692308 66.0 66.0625 65.92307692307692 66.08333333333333
66.0 64.92857142857143 65.6875 66.92307692307692 67.25
67.15384615384615 65.28571428571428 66.75 65.6923076923077 66.58333333333333
67.23076923076923 66.21428571428571 66.9375 65.53846153846153 66.41666666666667
75.46153846153845 65.64285714285714 69.9375 73.23076923076923 74.33333333333333
67.3076923076923 65.28571428571428 66.4375 65.38461538461539 66.83333333333333
65.84615384615384 64.14285714285714 66.8125 65.15384615384616 65.66666666666667
66.92307692307692 64.28571428571428 65.8125 66.0 67.0
65.6923076923077 66.35714285714285 64.75 66.0 65.33333333333333
76.3076923076923 68.28571428571428 70.125 73.84615384615385 75.66666666666666
65.15384615384616 63.92857142857143 64.6875 67.0 65.66666666666667
67.6923076923077 66.64285714285714 66.6875 66.84615384615385 66.08333333333333
66.0 64.85714285714286 67.25 67.46153846153847 65.75
65.0 65.78571428571428 66.1875 66.53846153846153 66.08333333333333
75.38461538461539 65.57142857142857 69.0625 72.38461538461539 74.25
64.6923076923077 65.64285714285714 64.75 65.6923076923077 64.75
65.07692307692308 67.0 66.625 65.61538461538461 65.91666666666667
66.07692307692308 65.64285714285714 65.5625 66.84615384615385 66.08333333333333
67.0 64.71428571428571 66.5 67.3076923076923 66.16666666666667
73.84615384615385 67.0 67.8125 71.23076923076924 74.5
65.38461538461539 64.57142857142857 66.125 66.61538461538461 65.08333333333334
67.0 66.28571428571428 67.0625 67.07692307692308 67.08333333333333
65.76923076923077 66.42857142857143 66.0 66.61538461538461 67.16666666666667
65.92307692307692 65.35714285714286 65.9375 66.3076923076923 65.91666666666667
66.6923076923077 65.92857142857143 65.3125 65.46153846153845 66.5
67.61538461538461 66.42857142857143 66.4375 66.6923076923077 67.0
67.15384615384615 64.71428571428571 65.125 65.92307692307692 65.58333333333333
66.53846153846153 67.28571428571428 67.125 66.92307692307692 67.16666666666667
66.84615384615385 66.92857142857143 66.625 67.23076923076923 68.41666666666667
66.92307692307692 64.85714285714286 65.3125 67.38461538461539 66.5
74.0 66.42857142857143 68.3125 72.07692307692308 73.16666666666667
75.38461538461539 64.21428571428571 63.56249999999999 71.76923076923076 74.75
75.46153846153845 64.92857142857143 64.625 72.0 75.41666666666667
73.07692307692308 64.14285714285714 62.68749999999999 71.92307692307692 73.5
74.38461538461539 63.07142857142857 62.68749999999999 71.6923076923077 74.0
74.61538461538461 64.07142857142857 63.0 71.76923076923076 75.16666666666667
75.6923076923077 65.28571428571428 63.5 72.38461538461539 74.5
74.53846153846153 65.0 62.0 72.07692307692308 73.58333333333333
74.6923076923077 65.5 64.8125 71.92307692307692 75.66666666666666
74.61538461538461 64.35714285714286 60.375 72.07692307692308 73.58333333333333
74.0 63.57142857142857 61.75 72.0 75.25
76.0 64.07142857142857 61.4375 73.53846153846153 75.66666666666666
74.76923076923077 64.07142857142857 60.25 71.61538461538461 74.75
76.23076923076923 62.92857142857143 61.4375 73.84615384615385 76.16666666666666
72.61538461538461 62.285714285714285 57.1875 70.76923076923076 74.0
73.6923076923077 59.85714285714286 58.0 72.38461538461539 74.5
75.38461538461539 62.57142857142857 60.5625 72.07692307692308 74.33333333333333
75.0 64.5 59.9375 73.61538461538461 75.58333333333334
75.15384615384616 62.57142857142857 58.8125 71.3076923076923 74.08333333333333
74.6923076923077 60.5 55.5625 71.6923076923077 74.83333333333333
75.3076923076923 61.785714285714285 54.4375 71.84615384615385 74.91666666666667
75.07692307692308 62.57142857142857 53.5 72.0 76.41666666666666
75.61538461538461 61.642857142857146 55.3125 72.84615384615385 75.83333333333334
75.3076923076923 62.71428571428571 55.5 73.0 75.41666666666667
74.38461538461539 60.85714285714286 51.3125 71.92307692307692 74.91666666666667
76.0 62.142857142857146 52.625 72.53846153846153 76.41666666666666
76.61538461538461 63.42857142857143 51.625 71.38461538461539 76.08333333333334
75.3076923076923 61.07142857142857 48.3125 71.3076923076923 75.08333333333333
75.61538461538461 59.42857142857143 45.125 70.76923076923076 75.41666666666667
76.0 59.92857142857143 43.875 71.23076923076924 75.83333333333334
77.84615384615384 59.85714285714286 43.1875 73.15384615384615 77.75
75.92307692307692 59.142857142857146 40.5 71.15384615384615 76.5
77.76923076923077 58.92857142857143 36.1875 72.38461538461539 77.16666666666666
77.38461538461539 58.92857142857143 38.25 72.61538461538461 78.66666666666666
77.15384615384616 56.285714285714285 34.625 71.84615384615385 76.58333333333334
77.92307692307693 54.142857142857146 33.125 73.23076923076923 76.41666666666666
78.84615384615384 58.642857142857146 33.3125 74.15384615384616 78.25
76.38461538461539 55.92857142857143 31.25 71.07692307692308 76.91666666666666
79.0 54.785714285714285 26.25 73.92307692307692 78.91666666666666
78.07692307692307 55.357142857142854 25.75 72.3076923076923 76.83333333333334
78.46153846153845 54.714285714285715 24.9375 71.53846153846153 78.08333333333334
77.84615384615384 53.0 20.8125 71.3076923076923 76.91666666666666
77.38461538461539 51.42857142857143 19.5 72.23076923076924 77.91666666666666
78.38461538461539 51.42857142857143 16.125 71.38461538461539 79.41666666666666
78.07692307692307 51.85714285714286 15.5625 71.61538461538461 78.41666666666666
79.92307692307693 50.71428571428571 15.0625 72.6923076923077 80.25
79.07692307692307 51.642857142857146 16.3125 72.6923076923077 79.0
77.23076923076923 51.28571428571429 15.5625 71.92307692307692 78.83333333333334
79.84615384615384 51.28571428571429 16.6875 72.6923076923077 79.58333333333334
77.76923076923077 48.785714285714285 13.6875 71.38461538461539 78.75
78.38461538461539 48.5 13.5625 70.38461538461537 79.33333333333334
78.38461538461539 50.64285714285714 14.125 72.38461538461539 80.5
78.6923076923077 50.57142857142857 14.1875 71.23076923076924 79.75
79.76923076923077 50.285714285714285 13.125 72.0 80.08333333333334
79.0 50.57142857142857 13.0625 71.15384615384615 79.33333333333334
78.84615384615384 48.92857142857142 12.625 69.92307692307692 79.5
79.0 51.57142857142858 13.75 72.0 80.83333333333333
78.61538461538461 49.785714285714285 13.6875 71.0 79.08333333333334
79.15384615384616 51.07142857142858 13.3125 72.07692307692308 79.91666666666666
78.92307692307693 51.28571428571429 13.8125 71.61538461538461 79.66666666666666
79.38461538461539 50.92857142857143 13.5 71.61538461538461 79.08333333333334
77.92307692307693 49.92857142857142 13.0625 70.53846153846153 78.58333333333334
79.0 49.71428571428571 15.1875 73.0 79.25
79.53846153846155 50.71428571428571 13.125 72.76923076923077 79.16666666666666
78.23076923076923 50.357142857142854 12.5 70.76923076923076 78.91666666666666
79.53846153846155 50.57142857142857 14.0 72.61538461538461 79.91666666666666
80.38461538461539 51.5 11.8125 72.23076923076924 81.0
79.6923076923077 50.21428571428571 11.4375 72.6923076923077 79.75
80.53846153846155 48.5 12.0 72.0 79.75
77.23076923076923 49.285714285714285 11.9375 71.84615384615385 79.0
80.3076923076923 50.42857142857142 13.0625 72.76923076923077 81.0
79.07692307692307 49.57142857142857 13.1875 71.84615384615385 78.91666666666666
78.84615384615384 48.14285714285714 11.75 72.53846153846153 80.5
80.23076923076923 51.35714285714286 12.0625 72.3076923076923 80.66666666666666
80.53846153846155 51.642857142857146 12.6875 71.3076923076923 80.0
80.38461538461539 49.42857142857142 12.4375 72.23076923076924 80.41666666666666
80.0 49.42857142857142 12.375 70.61538461538463 80.33333333333334
80.38461538461539 50.42857142857142 11.9375 72.0 79.91666666666666
79.53846153846155 49.857142857142854 12.75 71.53846153846153 79.5
80.3076923076923 51.142857142857146 12.1875 71.61538461538461 80.5
79.15384615384616 48.285714285714285 11.25 70.07692307692308 79.08333333333334
79.15384615384616 47.57142857142857 10.9375 70.84615384615385 79.41666666666666
78.30769230769232 49.785714285714285 11.25 69.6923076923077 78.5
80.38461538461539 50.357142857142854 11.3125 71.6923076923077 80.16666666666666
78.76923076923077 50.21428571428571 11.0 71.0 81.0
80.53846153846155 49.857142857142854 12.8125 72.46153846153847 79.75
79.92307692307693 48.285714285714285 12.875 71.23076923076924 80.5
79.46153846153845 49.5 11.75 70.92307692307692 80.5
80.07692307692308 49.71428571428571 12.0625 71.61538461538461 80.66666666666666
78.30769230769232 50.07142857142857 11.625 71.07692307692308 79.25
78.0 49.0 11.8125 70.23076923076924 78.25
79.61538461538461 51.07142857142858 12.8125 71.61538461538461 80.0
78.46153846153845 47.714285714285715 11.25 71.3076923076923 78.83333333333334
79.38461538461539 50.42857142857142 13.375 71.0 79.66666666666666
78.0 48.57142857142857 11.5625 69.84615384615385 79.0
80.07692307692308 50.42857142857142 13.5 71.6923076923077 79.91666666666666
78.92307692307693 49.5 12.6875 72.38461538461539 79.0
79.3076923076923 49.71428571428571 12.4375 71.3076923076923 79.66666666666666
79.6923076923077 50.5 13.0 72.84615384615385 81.25
