32935.000 -0.400 -0.400 0.087
32936.000 -0.400 -0.331 0.371
32937.000 -0.400 -0.262 0.174
32938.000 -0.400 -0.192 0.302
32939.000 -0.400 -0.123 0.211
32940.000 -0.400 -0.054 0.022
32941.000 -0.400 0.015 0.176
32942.000 -0.400 0.085 0.327
32943.000 -0.400 0.154 0.498
32944.000 -0.400 0.223 0.076
32945.000 -0.400 0.292 0.097
32946.000 -0.400 0.362 0.341
32947.000 -0.400 0.431 0.198
32948.000 -0.331 -0.400 0.254
32949.000 -0.331 -0.331 0.499
32950.000 -0.331 -0.262 0.211
32951.000 -0.331 -0.192 0.326
32952.000 -0.331 -0.123 0.147
32953.000 -0.331 -0.054 0.159
32954.000 -0.331 0.015 0.265
32955.000 -0.331 0.085 0.480
32956.000 -0.331 0.154 0.408
32957.000 -0.331 0.223 0.112
32958.000 -0.331 0.292 0.397
32959.000 -0.331 0.362 0.245
32960.000 -0.331 0.431 0.377
32961.000 -0.262 -0.400 0.029
32962.000 -0.262 -0.331 0.251
32963.000 -0.262 -0.262 0.363
32964.000 -0.262 -0.192 0.178
32965.000 -0.262 -0.123 0.219
32966.000 -0.262 -0.054 0.241
32967.000 -0.262 0.015 0.204
32968.000 -0.262 0.085 0.054
32969.000 -0.262 0.154 0.004
32970.000 -0.262 0.223 0.458
32971.000 -0.262 0.292 0.092
32972.000 -0.262 0.362 0.103
32973.000 -0.262 0.431 0.218
32974.000 -0.192 -0.400 0.419
32975.000 -0.192 -0.331 0.025
32976.000 -0.192 -0.262 0.093
32977.000 -0.192 -0.192 0.454
32978.000 -0.192 -0.123 0.084
32979.000 -0.192 -0.054 0.214
32980.000 -0.192 0.015 0.178
32981.000 -0.192 0.085 0.105
32982.000 -0.192 0.154 0.244
32983.000 -0.192 0.223 0.208
32984.000 -0.192 0.292 0.426
32985.000 -0.192 0.362 0.451
32986.000 -0.192 0.431 0.375
32987.000 -0.123 -0.400 0.389
32988.000 -0.123 -0.331 0.104
32989.000 -0.123 -0.262 0.098
32990.000 -0.123 -0.192 0.419
32991.000 -0.123 -0.123 0.146
32992.000 -0.123 -0.054 0.389
32993.000 -0.123 0.015 0.177
32994.000 -0.123 0.085 0.152
32995.000 -0.123 0.154 0.292
32996.000 -0.123 0.223 0.069
32997.000 -0.123 0.292 0.402
32998.000 -0.123 0.362 0.104
32999.000 -0.123 0.431 0.453
33000.000 -0.054 -0.400 0.495
33001.000 -0.054 -0.331 0.217
33002.000 -0.054 -0.262 0.496
33003.000 -0.054 -0.192 0.118
33004.000 -0.054 -0.123 0.340
33005.000 -0.054 -0.054 0.004
33006.000 -0.054 0.015 0.106
33007.000 -0.054 0.085 0.177
33008.000 -0.054 0.154 0.210
33009.000 -0.054 0.223 0.487
33010.000 -0.054 0.292 0.344
33011.000 -0.054 0.362 0.066
33012.000 -0.054 0.431 0.127
33013.000 0.015 -0.400 0.398
33014.000 0.015 -0.331 0.282
33015.000 0.015 -0.262 0.124
33016.000 0.015 -0.192 0.261
33017.000 0.015 -0.123 0.446
33018.000 0.015 -0.054 0.395
33019.000 0.015 0.015 0.155
33020.000 0.015 0.085 0.240
33021.000 0.015 0.154 0.085
33022.000 0.015 0.223 0.069
33023.000 0.015 0.292 0.450
33024.000 0.015 0.362 0.026
33025.000 0.015 0.431 0.039
33026.000 0.085 -0.400 0.327
33027.000 0.085 -0.331 0.117
33028.000 0.085 -0.262 0.162
33029.000 0.085 -0.192 0.006
33030.000 0.085 -0.123 0.180
33031.000 0.085 -0.054 0.176
33032.000 0.085 0.015 0.198
33033.000 0.085 0.085 0.214
33034.000 0.085 0.154 0.340
33035.000 0.085 0.223 0.066
33036.000 0.085 0.292 0.136
33037.000 0.085 0.362 0.450
33038.000 0.085 0.431 0.269
33039.000 0.154 -0.400 0.072
33040.000 0.154 -0.331 0.119
33041.000 0.154 -0.262 0.105
33042.000 0.154 -0.192 0.429
33043.000 0.154 -0.123 0.457
33044.000 0.154 -0.054 0.316
33045.000 0.154 0.015 0.455
33046.000 0.154 0.085 0.256
33047.000 0.154 0.154 0.364
33048.000 0.154 0.223 0.077
33049.000 0.154 0.292 0.240
33050.000 0.154 0.362 0.140
33051.000 0.154 0.431 0.263
33052.000 0.223 -0.400 0.297
33053.000 0.223 -0.331 0.337
33054.000 0.223 -0.192 0.064
33055.000 0.223 -0.123 0.348
33056.000 0.223 -0.054 0.378
33057.000 0.223 0.015 0.118
33058.000 0.223 0.085 0.381
33059.000 0.223 0.154 0.210
33060.000 0.223 0.223 0.058
33061.000 0.223 0.292 0.072
33062.000 0.223 0.362 0.149
33063.000 0.223 0.431 0.460
33064.000 0.292 -0.400 0.106
33065.000 0.292 -0.331 0.288
33066.000 0.292 -0.262 0.339
33067.000 0.292 -0.192 0.176
33068.000 0.292 -0.123 0.176
33069.000 0.292 -0.054 0.329
33070.000 0.292 0.015 0.049
33071.000 0.292 0.085 0.454
33072.000 0.292 0.154 0.417
33073.000 0.292 0.223 0.467
33074.000 0.292 0.292 0.173
33075.000 0.292 0.362 0.082
33076.000 0.292 0.431 0.302
33077.000 0.362 -0.400 0.230
33078.000 0.362 -0.331 0.225
33079.000 0.362 -0.262 0.239
33080.000 0.362 -0.192 0.163
33081.000 0.362 -0.123 0.353
33082.000 0.362 -0.054 0.478
33083.000 0.362 0.015 0.170
33084.000 0.362 0.085 0.053
33085.000 0.362 0.154 0.313
33086.000 0.362 0.223 0.036
33087.000 0.362 0.292 0.097
33088.000 0.362 0.362 0.420
33089.000 0.362 0.431 0.081
33090.000 0.431 -0.400 0.489
33091.000 0.431 -0.331 0.108
33092.000 0.431 -0.262 0.213
33093.000 0.431 -0.192 0.171
33094.000 0.431 -0.123 0.332
33095.000 0.431 -0.054 0.129
33096.000 0.431 0.015 0.005
33097.000 0.431 0.085 0.348
33098.000 0.431 0.154 0.498
33099.000 0.431 0.223 0.159
33100.000 0.431 0.292 0.247
33101.000 0.431 0.362 0.179
33102.000 0.431 0.431 0.421
