85.44444444444444 81.69999999999999 84.75 86.8 86.11111111111111
85.33333333333333 82.4 84.875 87.5 85.22222222222223
86.0 83.2 85.25 89.5 86.44444444444444
85.66666666666667 81.0 83.875 87.7 85.66666666666667
85.11111111111111 81.60000000000001 83.375 87.0 86.33333333333333
85.33333333333333 81.5 85.5 87.6 85.55555555555556
84.11111111111111 79.69999999999999 83.125 86.0 83.11111111111111
85.77777777777777 81.60000000000001 84.0 87.3 85.44444444444444
85.77777777777777 80.5 84.625 86.2 85.11111111111111
84.88888888888889 80.10000000000001 84.25 86.7 83.88888888888889
85.22222222222223 81.9 83.875 87.9 84.88888888888889
84.88888888888889 80.8 83.25 87.5 83.77777777777779
84.55555555555556 81.10000000000001 85.0 88.1 85.11111111111111
84.88888888888889 80.5 82.375 87.2 85.11111111111111
85.55555555555556 82.3 82.625 86.8 85.22222222222223
84.22222222222223 79.9 82.25 86.5 83.44444444444444
85.22222222222223 81.3 84.125 86.8 85.66666666666667
85.77777777777777 79.8 82.875 87.3 84.55555555555556
85.77777777777777 81.60000000000001 84.375 87.6 85.77777777777777
84.22222222222223 80.0 82.625 86.6 85.0
85.44444444444444 81.4 84.125 86.7 85.88888888888889
84.66666666666667 80.10000000000001 81.75 86.7 85.11111111111111
84.55555555555556 80.9 81.75 86.1 83.88888888888889
83.66666666666667 80.5 83.5 87.5 85.11111111111111
85.44444444444444 80.4 83.625 87.1 83.77777777777779
84.55555555555556 80.0 82.25 86.8 85.55555555555556
84.88888888888889 81.0 83.375 87.4 85.0
85.33333333333333 80.4 84.75 87.6 86.66666666666667
85.22222222222223 79.9 83.0 87.3 85.77777777777777
85.0 78.10000000000001 82.5 86.6 84.55555555555556
85.77777777777777 79.3 83.125 86.7 84.0
86.0 78.8 83.875 87.2 85.77777777777777
85.88888888888889 78.5 83.125 88.8 85.77777777777777
84.66666666666667 79.8 83.375 87.3 86.11111111111111
85.77777777777777 78.8 83.25 86.6 85.0
86.44444444444444 78.3 83.25 87.6 85.77777777777777
85.66666666666667 77.3 82.5 86.4 84.77777777777777
85.66666666666667 77.60000000000001 83.375 88.4 85.11111111111111
83.66666666666667 77.10000000000001 82.125 87.4 85.33333333333333
84.66666666666667 75.5 82.25 86.2 84.11111111111111
83.22222222222223 78.10000000000001 81.5 86.1 83.11111111111111
85.33333333333333 77.5 83.875 87.5 85.55555555555556
85.88888888888889 76.8 82.875 87.5 85.33333333333333
83.77777777777779 75.89999999999999 81.75 86.7 85.88888888888889
85.22222222222223 77.0 83.375 88.3 84.77777777777777
85.11111111111111 76.30000000000001 82.25 86.8 85.22222222222223
85.44444444444444 76.89999999999999 83.125 88.2 86.22222222222223
85.88888888888889 74.30000000000001 81.75 87.0 85.0
85.11111111111111 73.6 81.25 86.8 86.0
84.11111111111111 73.0 80.75 87.4 85.33333333333333
85.11111111111111 73.7 81.625 86.9 85.0
85.33333333333333 73.1 81.125 87.6 85.22222222222223
85.88888888888889 72.6 81.375 87.4 85.0
84.33333333333333 74.39999999999999 81.75 87.7 85.44444444444444
84.0 71.6 80.875 87.4 84.66666666666667
84.11111111111111 72.9 81.0 85.8 84.0
85.88888888888889 73.3 81.375 86.7 86.22222222222223
85.77777777777777 72.4 81.75 87.9 86.55555555555556
85.88888888888889 70.5 81.75 86.9 84.88888888888889
86.0 71.7 81.75 87.5 85.88888888888889
85.77777777777777 70.9 78.625 87.5 86.0
84.88888888888889 69.5 80.25 87.6 85.0
86.0 72.8 82.0 89.0 85.22222222222223
84.11111111111111 69.1 79.875 86.4 84.55555555555556
84.66666666666667 68.0 78.75 86.3 85.22222222222223
84.44444444444444 68.1 79.0 87.1 84.33333333333333
84.88888888888889 67.4 79.625 87.3 86.11111111111111
85.33333333333333 68.3 80.75 87.3 85.44444444444444
84.22222222222223 67.3 79.75 87.3 84.33333333333333
86.0 67.4 79.75 86.8 85.66666666666667
85.55555555555556 66.19999999999999 79.0 87.8 85.44444444444444
84.77777777777777 66.19999999999999 78.875 88.2 85.22222222222223
84.44444444444444 63.70000000000001 77.5 85.9 85.44444444444444
85.33333333333333 65.5 77.625 87.1 84.77777777777777
84.44444444444444 65.10000000000001 78.625 86.7 84.22222222222223
85.77777777777777 65.60000000000001 79.0 88.6 85.66666666666667
84.77777777777777 62.5 78.125 87.0 85.66666666666667
85.11111111111111 61.199999999999996 78.0 87.5 85.44444444444444
84.22222222222223 61.699999999999996 77.75 88.3 85.22222222222223
84.0 61.5 76.75 86.6 84.88888888888889
85.11111111111111 60.699999999999996 78.375 87.3 85.22222222222223
84.88888888888889 61.5 76.375 86.9 85.66666666666667
84.88888888888889 59.7 77.125 87.7 84.33333333333333
85.77777777777777 59.2 77.25 88.8 84.44444444444444
84.88888888888889 60.3 78.625 87.7 85.0
85.0 59.2 76.875 87.9 85.33333333333333
85.22222222222223 58.8 76.375 87.5 84.55555555555556
84.55555555555556 56.800000000000004 76.75 86.6 85.33333333333333
85.0 56.099999999999994 76.0 86.9 86.22222222222223
84.22222222222223 55.9 74.125 87.8 84.22222222222223
84.66666666666667 55.300000000000004 75.0 87.7 85.44444444444444
84.88888888888889 53.5 74.625 86.8 85.11111111111111
84.22222222222223 53.699999999999996 73.875 87.2 84.66666666666667
85.11111111111111 52.8 75.0 87.4 84.55555555555556
84.44444444444444 52.699999999999996 74.375 88.3 85.88888888888889
84.66666666666667 53.0 74.625 87.3 85.11111111111111
85.66666666666667 49.0 74.75 87.7 85.55555555555556
84.66666666666667 49.8 73.0 87.4 84.0
84.44444444444444 47.1 73.375 86.8 84.88888888888889
85.33333333333333 48.2 74.375 87.4 84.77777777777777
83.33333333333333 46.4 70.625 86.5 85.44444444444444
82.0 78.7 81.0 81.8 82.22222222222223
81.44444444444444 78.3 80.875 81.0 81.77777777777779
81.33333333333333 78.39999999999999 80.625 82.10000000000001 81.33333333333333
82.44444444444444 79.39999999999999 81.125 82.3 82.55555555555554
85.44444444444444 45.6 72.625 87.3 85.77777777777777
81.0 77.8 80.5 82.4 82.22222222222223
80.44444444444444 77.5 79.75 81.3 81.22222222222223
82.1111111111111 76.89999999999999 81.5 81.60000000000001 82.77777777777779
81.44444444444444 78.7 80.375 81.0 81.0
84.55555555555556 54.800000000000004 72.0 88.6 85.0
81.66666666666667 77.3 79.75 80.3 81.88888888888889
82.22222222222223 78.5 80.875 82.10000000000001 82.22222222222223
81.55555555555556 78.5 80.125 80.60000000000001 83.33333333333333
81.44444444444444 77.2 79.625 80.5 81.22222222222223
85.11111111111111 45.6 72.5 87.5 85.88888888888889
80.55555555555556 78.0 80.125 80.60000000000001 81.44444444444444
80.77777777777779 78.10000000000001 79.375 81.19999999999999 80.44444444444444
81.1111111111111 77.2 79.75 81.0 80.88888888888889
81.55555555555556 78.39999999999999 81.375 81.9 82.22222222222223
84.55555555555556 53.3 71.125 88.2 84.22222222222223
81.0 77.3 80.875 82.19999999999999 80.88888888888889
82.33333333333333 79.39999999999999 80.375 82.3 82.44444444444444
82.66666666666667 77.5 80.75 81.9 80.88888888888889
81.44444444444444 77.8 79.625 81.3 81.66666666666667
80.77777777777779 78.2 81.875 81.3 81.33333333333333
81.33333333333333 78.8 81.5 82.4 83.22222222222223
82.1111111111111 77.89999999999999 79.875 81.0 82.22222222222223
81.77777777777779 78.89999999999999 81.75 81.8 82.33333333333333
81.55555555555556 77.60000000000001 81.0 82.5 81.77777777777779
82.33333333333333 76.6 81.625 81.0 81.77777777777779
84.44444444444444 52.0 70.625 87.2 84.77777777777777
85.66666666666667 53.199999999999996 69.875 87.7 84.11111111111111
85.11111111111111 52.400000000000006 69.25 88.1 85.0
85.44444444444444 50.8 67.75 87.9 85.44444444444444
84.55555555555556 52.1 69.125 87.2 84.22222222222223
86.66666666666667 53.5 69.25 88.5 85.22222222222223
85.44444444444444 53.400000000000006 70.25 88.4 85.55555555555556
86.0 53.6 70.875 88.1 85.0
85.44444444444444 54.1 71.375 88.8 83.77777777777779
86.11111111111111 54.5 67.5 87.6 84.88888888888889
84.11111111111111 53.8 69.625 87.0 85.33333333333333
85.44444444444444 52.8 69.125 87.7 86.22222222222223
85.55555555555556 53.900000000000006 68.375 88.3 84.88888888888889
86.33333333333333 52.0 69.125 90.5 86.22222222222223
84.55555555555556 52.1 66.625 87.0 84.33333333333333
85.22222222222223 53.0 69.5 87.8 84.77777777777777
83.77777777777779 52.400000000000006 68.75 88.6 85.44444444444444
85.33333333333333 55.7 70.125 88.1 85.11111111111111
84.66666666666667 53.0 67.5 88.3 84.33333333333333
85.22222222222223 52.900000000000006 67.25 89.39999999999999 84.66666666666667
84.0 55.4 67.625 89.6 85.66666666666667
84.88888888888889 55.9 66.25 88.3 84.0
86.33333333333333 53.5 66.125 88.7 86.11111111111111
85.33333333333333 55.300000000000004 67.5 89.1 86.11111111111111
86.11111111111111 53.6 67.125 89.6 85.0
85.55555555555556 54.9 68.75 88.9 85.22222222222223
85.55555555555556 55.800000000000004 66.5 89.30000000000001 85.66666666666667
85.0 54.4 66.25 89.7 85.77777777777777
85.44444444444444 54.0 65.125 89.5 85.0
85.22222222222223 55.5 63.875 89.0 84.88888888888889
87.0 55.9 64.375 89.80000000000001 85.33333333333333
86.11111111111111 54.300000000000004 63.5 89.39999999999999 84.88888888888889
86.11111111111111 55.300000000000004 63.375 90.2 85.55555555555556
85.33333333333333 54.800000000000004 62.875 90.30000000000001 86.11111111111111
85.55555555555556 53.5 60.5 88.9 85.66666666666667
85.55555555555556 56.099999999999994 62.375 90.39999999999999 86.88888888888889
86.55555555555556 58.7 63.125 91.1 87.11111111111111
85.0 56.2 61.25 89.5 87.0
87.44444444444444 54.0 60.0 91.0 87.33333333333333
86.66666666666667 55.4 60.875 89.89999999999999 86.44444444444444
86.11111111111111 55.7 61.375 90.2 85.44444444444444
85.22222222222223 55.599999999999994 56.75 90.6 86.11111111111111
85.88888888888889 54.800000000000004 56.0 90.6 86.66666666666667
86.55555555555556 54.1 54.125 90.30000000000001 86.11111111111111
86.77777777777777 56.099999999999994 55.25 90.39999999999999 86.22222222222223
87.0 53.900000000000006 52.75 92.1 87.33333333333333
86.22222222222223 56.2 55.625 91.30000000000001 88.22222222222221
87.0 56.0 55.375 90.6 86.77777777777777
87.0 55.9 56.0 91.5 87.11111111111111
86.55555555555556 54.4 52.875 92.8 86.77777777777777
87.0 54.1 53.125 91.6 85.77777777777777
87.22222222222223 56.300000000000004 53.75 92.0 87.11111111111111
87.22222222222223 53.699999999999996 52.125 91.6 86.77777777777777
88.44444444444446 56.4 52.25 93.2 86.77777777777777
87.0 56.9 53.375 91.30000000000001 85.88888888888889
86.33333333333333 53.6 52.125 91.2 87.11111111111111
87.22222222222223 55.300000000000004 51.25 92.60000000000001 87.33333333333333
86.88888888888889 54.9 51.875 91.7 86.66666666666667
87.33333333333333 55.1 53.875 92.1 86.77777777777777
86.88888888888889 55.9 52.0 92.1 86.44444444444444
87.0 55.7 53.0 91.89999999999999 85.88888888888889
86.11111111111111 55.9 52.25 90.7 86.0
87.22222222222223 54.300000000000004 51.625 92.0 85.77777777777777
87.22222222222223 58.1 52.25 91.39999999999999 86.77777777777777
86.11111111111111 54.199999999999996 51.5 91.30000000000001 86.66666666666667
88.11111111111111 54.9 55.0 91.89999999999999 86.66666666666667
88.33333333333333 58.7 50.625 93.10000000000001 87.88888888888889
86.77777777777777 55.199999999999996 50.75 92.2 88.0
86.33333333333333 54.800000000000004 49.25 92.0 87.22222222222223
87.55555555555556 54.5 51.375 92.2 87.77777777777777
88.66666666666667 55.0 51.375 92.8 86.88888888888889
86.44444444444444 56.2 50.5 91.1 86.55555555555556
86.22222222222223 54.300000000000004 50.375 91.6 86.77777777777777
87.77777777777777 56.300000000000004 53.375 92.7 87.77777777777777
87.0 56.4 53.75 92.3 87.0
87.88888888888889 55.1 51.5 92.0 86.44444444444444
87.11111111111111 55.199999999999996 51.625 91.5 86.44444444444444
88.77777777777777 55.9 49.75 91.5 87.66666666666667
87.66666666666667 54.9 53.25 92.60000000000001 86.88888888888889
88.33333333333333 55.300000000000004 51.25 91.89999999999999 87.22222222222223
86.88888888888889 56.0 49.875 91.0 86.55555555555556
87.66666666666667 55.1 51.0 91.89999999999999 85.66666666666667
87.11111111111111 55.5 51.25 91.2 85.11111111111111
87.66666666666667 54.800000000000004 50.625 92.1 87.44444444444444
87.22222222222223 56.2 49.5 91.2 86.11111111111111
87.77777777777777 56.099999999999994 50.75 90.7 87.55555555555556
87.77777777777777 54.9 49.75 91.39999999999999 86.44444444444444
87.77777777777777 56.7 51.0 92.39999999999999 86.55555555555556
87.66666666666667 56.2 49.5 92.1 87.0
87.33333333333333 56.099999999999994 51.75 91.7 86.11111111111111
86.33333333333333 55.0 51.5 90.89999999999999 87.33333333333333
86.66666666666667 56.800000000000004 53.0 91.30000000000001 87.11111111111111
87.55555555555556 55.0 49.125 91.30000000000001 86.55555555555556
86.33333333333333 54.9 53.375 91.39999999999999 85.44444444444444
87.88888888888889 55.0 50.25 91.2 85.55555555555556
87.44444444444444 55.5 50.75 91.80000000000001 86.55555555555556
87.0 55.1 52.375 91.1 86.77777777777777
87.44444444444444 56.099999999999994 50.125 92.0 87.11111111111111
87.44444444444444 55.7 51.5 92.1 87.77777777777777
