0.0 0.15989159891598914 0.04583333333333334 0.0 0.0
0.0 0.14363143631436312 0.07638888888888888 0.002797202797202797 0.0
0.002728512960436562 0.15853658536585366 0.05972222222222222 0.0 0.0
0.001364256480218281 0.15853658536585366 0.0875 0.0013986013986013986 0.0
0.001364256480218281 0.13956639566395662 0.0625 0.0 0.0
0.004092769440654843 0.12195121951219512 0.0625 0.0013986013986013986 0.0
0.002728512960436562 0.17615176151761516 0.0638888888888889 0.0 0.0
0.0 0.1951219512195122 0.06805555555555555 0.0 0.0
0.002728512960436562 0.13550135501355012 0.0875 0.0 0.0
0.002728512960436562 0.16937669376693767 0.05555555555555556 0.0 0.0
0.004092769440654843 0.14634146341463414 0.07083333333333333 0.005594405594405594 0.0
0.002728512960436562 0.14905149051490515 0.058333333333333334 0.0 0.0
0.001364256480218281 0.12330623306233061 0.05 0.002797202797202797 0.0
0.0 0.19105691056910568 0.08611111111111111 0.0 0.0
0.0 0.15853658536585366 0.043055555555555555 0.0013986013986013986 0.0
0.001364256480218281 0.15853658536585366 0.08888888888888889 0.0 0.0
0.0 0.14498644986449866 0.07222222222222222 0.0 0.0
0.0 0.16666666666666666 0.08055555555555556 0.0 0.0
0.001364256480218281 0.15853658536585366 0.05277777777777778 0.0 0.0
0.0 0.13956639566395662 0.06666666666666667 0.0 0.0
0.0 0.14905149051490515 0.08888888888888889 0.0013986013986013986 0.0015015015015015015
0.0 0.17615176151761516 0.05694444444444444 0.0 0.0
0.0 0.12059620596205962 0.05555555555555556 0.0 0.0
0.002728512960436562 0.1815718157181572 0.07777777777777778 0.0013986013986013986 0.0
0.0 0.13956639566395662 0.05277777777777778 0.0 0.0
0.0 0.14227642276422764 0.05416666666666666 0.0 0.0
0.002728512960436562 0.13414634146341464 0.05138888888888889 0.0 0.0
0.0 0.15176151761517614 0.06527777777777778 0.0 0.0
0.0 0.14092140921409216 0.07361111111111111 0.0 0.0
0.0 0.13821138211382114 0.05972222222222222 0.0 0.0
0.004092769440654843 0.15989159891598914 0.0625 0.002797202797202797 0.0
0.0 0.11924119241192412 0.06111111111111111 0.0013986013986013986 0.0
0.0 0.16802168021680217 0.044444444444444446 0.0 0.0
0.001364256480218281 0.13008130081300812 0.04027777777777778 0.0 0.0
0.001364256480218281 0.12737127371273713 0.08055555555555556 0.0 0.0
0.001364256480218281 0.15040650406504064 0.08472222222222223 0.0 0.0
0.001364256480218281 0.13143631436314362 0.06666666666666667 0.0 0.0
0.002728512960436562 0.11653116531165313 0.06527777777777778 0.0 0.0
0.001364256480218281 0.15582655826558264 0.09166666666666667 0.0 0.0
0.001364256480218281 0.15582655826558264 0.05 0.0 0.0
0.0 0.12872628726287264 0.05416666666666666 0.0013986013986013986 0.0
0.002728512960436562 0.12195121951219512 0.05277777777777778 0.0 0.0
0.0 0.13008130081300812 0.07638888888888888 0.0 0.0
0.0 0.15853658536585366 0.07777777777777778 0.0 0.0
0.001364256480218281 0.10840108401084012 0.05972222222222222 0.0 0.0
0.001364256480218281 0.14634146341463414 0.06944444444444445 0.002797202797202797 0.0
0.0 0.12195121951219512 0.06527777777777778 0.0 0.0
0.0 0.14227642276422764 0.048611111111111105 0.0 0.0
0.005457025920873124 0.14498644986449866 0.05277777777777778 0.0 0.0
0.0 0.13279132791327913 0.06111111111111111 0.0013986013986013986 0.0
0.002728512960436562 0.12195121951219512 0.05277777777777778 0.0013986013986013986 0.0
0.002728512960436562 0.14498644986449866 0.06805555555555555 0.0 0.0
0.001364256480218281 0.14905149051490515 0.05694444444444444 0.0 0.0
0.0 0.09620596205962059 0.05 0.0 0.0
0.001364256480218281 0.11788617886178862 0.044444444444444446 0.0 0.0
0.002728512960436562 0.11246612466124661 0.05972222222222222 0.0 0.0
0.001364256480218281 0.13008130081300812 0.05694444444444444 0.0013986013986013986 0.0
0.002728512960436562 0.12059620596205962 0.05416666666666666 0.0 0.0
0.0 0.12330623306233061 0.06111111111111111 0.0 0.0
0.001364256480218281 0.13414634146341464 0.06666666666666667 0.0 0.0
0.001364256480218281 0.11924119241192412 0.05416666666666666 0.0 0.0
0.001364256480218281 0.15311653116531165 0.06111111111111111 0.0 0.0
0.0 0.14498644986449866 0.05555555555555556 0.0 0.0
0.001364256480218281 0.13008130081300812 0.06527777777777778 0.0 0.0
0.001364256480218281 0.10840108401084012 0.05555555555555556 0.0 0.0
0.005457025920873124 0.1043360433604336 0.06805555555555555 0.0 0.0
0.002728512960436562 0.1070460704607046 0.05694444444444444 0.0013986013986013986 0.0
0.002728512960436562 0.12195121951219512 0.043055555555555555 0.0 0.0
0.002728512960436562 0.14227642276422764 0.044444444444444446 0.0 0.0
0.002728512960436562 0.13279132791327913 0.05555555555555556 0.0 0.0
0.0 0.12466124661246614 0.043055555555555555 0.0 0.0
0.0 0.10298102981029811 0.05277777777777778 0.0013986013986013986 0.0
0.001364256480218281 0.14634146341463414 0.05555555555555556 0.0 0.0
0.001364256480218281 0.11246612466124661 0.058333333333333334 0.0 0.0
0.002728512960436562 0.13414634146341464 0.058333333333333334 0.0 0.0
0.0 0.11517615176151762 0.07361111111111111 0.0 0.0
0.002728512960436562 0.10027100271002709 0.06666666666666667 0.0 0.0
0.0 0.15040650406504064 0.07916666666666666 0.0013986013986013986 0.0
0.002728512960436562 0.14634146341463414 0.03888888888888889 0.0 0.0
0.004092769440654843 0.13685636856368563 0.06527777777777778 0.0013986013986013986 0.0
0.0 0.12059620596205962 0.048611111111111105 0.0 0.0
0.001364256480218281 0.10840108401084012 0.05138888888888889 0.0 0.0
0.001364256480218281 0.13143631436314362 0.04583333333333334 0.0013986013986013986 0.0
0.001364256480218281 0.11382113821138211 0.05694444444444444 0.0 0.0
0.001364256480218281 0.10027100271002709 0.04722222222222222 0.0 0.0
0.001364256480218281 0.10298102981029811 0.05972222222222222 0.0 0.0
0.0 0.0989159891598916 0.0625 0.0013986013986013986 0.0
0.002728512960436562 0.13143631436314362 0.05416666666666666 0.0 0.0
0.0 0.10840108401084012 0.058333333333333334 0.0 0.0
0.001364256480218281 0.11111111111111112 0.048611111111111105 0.0 0.0
0.002728512960436562 0.11517615176151762 0.05694444444444444 0.0 0.0015015015015015015
0.0 0.11517615176151762 0.03888888888888889 0.0 0.0
0.001364256480218281 0.13821138211382114 0.05416666666666666 0.0013986013986013986 0.0
0.0 0.11653116531165313 0.04583333333333334 0.0 0.0
0.001364256480218281 0.11111111111111112 0.04027777777777778 0.0 0.0
0.002728512960436562 0.1056910569105691 0.0638888888888889 0.0 0.0
0.001364256480218281 0.12737127371273713 0.05555555555555556 0.0 0.0
0.0 0.12466124661246614 0.058333333333333334 0.0013986013986013986 0.0
0.0 0.12466124661246614 0.043055555555555555 0.0013986013986013986 0.0
0.0 0.0989159891598916 0.05277777777777778 0.0 0.0
0.001364256480218281 0.11382113821138211 0.05694444444444444 0.0 0.0
0.0 0.0 0.0 0.0 0.0
0.0 0.0 0.0 0.0013986013986013986 0.0
0.0 0.0 0.0 0.0 0.0
0.0 0.0 0.0 0.0 0.0
0.002728512960436562 0.15311653116531165 0.0625 0.0 0.0
0.0 0.0 0.0 0.0 0.0015015015015015015
0.0 0.0 0.0 0.0 0.0
0.0 0.0 0.0 0.0 0.0
0.0 0.0 0.0 0.0 0.0
0.0 0.03523035230352304 0.10277777777777777 0.0 0.0
0.0 0.0 0.0 0.0013986013986013986 0.0
0.0 0.0 0.0 0.0 0.0
0.0 0.0 0.0 0.0 0.0
0.0 0.0 0.0 0.0 0.0
0.002728512960436562 0.08401084010840108 0.0638888888888889 0.0 0.0
0.0 0.0 0.0 0.0 0.0015015015015015015
0.0 0.0 0.0 0.0 0.0
0.0 0.0 0.0 0.0 0.0015015015015015015
0.0 0.0 0.0 0.0 0.0
0.001364256480218281 0.03929539295392954 0.15 0.0013986013986013986 0.0
0.0 0.0 0.0 0.0 0.0
0.0 0.0 0.0 0.0 0.0
0.0 0.0 0.0 0.0 0.0
0.001364256480218281 0.0 0.0 0.0 0.0
0.0 0.0 0.0 0.0 0.0
0.0 0.0 0.0 0.0 0.0
0.0 0.0 0.0 0.0 0.0
0.0 0.0 0.0 0.0 0.0
0.0 0.0 0.0 0.0 0.0
0.0 0.0013550135501355014 0.0 0.0 0.0
0.0 0.05962059620596206 0.13194444444444442 0.0013986013986013986 0.0
0.0 0.04065040650406504 0.11805555555555557 0.0 0.0
0.001364256480218281 0.03929539295392954 0.13472222222222222 0.0 0.0
0.0 0.04065040650406504 0.13472222222222222 0.0 0.0
0.0 0.05420054200542006 0.1361111111111111 0.0 0.0
0.0 0.03929539295392954 0.14305555555555555 0.002797202797202797 0.0
0.0 0.02710027100271003 0.14444444444444443 0.0013986013986013986 0.0
0.0 0.044715447154471545 0.15833333333333333 0.0 0.0
0.001364256480218281 0.050135501355013545 0.11805555555555557 0.0 0.0
0.0 0.04878048780487805 0.20277777777777778 0.0013986013986013986 0.0
0.0 0.04336043360433604 0.16944444444444445 0.0 0.0
0.0 0.05826558265582656 0.2152777777777778 0.0013986013986013986 0.0
0.0 0.04742547425474255 0.22777777777777777 0.0 0.0
0.0 0.07723577235772358 0.23055555555555554 0.0 0.0
0.0 0.051490514905149054 0.24861111111111112 0.002797202797202797 0.0
0.0 0.051490514905149054 0.2513888888888889 0.0 0.0
0.001364256480218281 0.06504065040650406 0.24583333333333332 0.0 0.0
0.0 0.04065040650406504 0.26666666666666666 0.0 0.0
0.001364256480218281 0.056910569105691054 0.2847222222222222 0.002797202797202797 0.0
0.0 0.04742547425474255 0.3055555555555555 0.0013986013986013986 0.0
0.0 0.050135501355013545 0.3666666666666667 0.0 0.0
0.0 0.04336043360433604 0.3875 0.0 0.0
0.001364256480218281 0.07181571815718156 0.3875 0.0 0.0
0.0 0.056910569105691054 0.4041666666666667 0.0 0.0
0.0 0.06775067750677506 0.41527777777777775 0.0 0.0015015015015015015
0.001364256480218281 0.06097560975609756 0.41805555555555557 0.002797202797202797 0.0
0.002728512960436562 0.05420054200542006 0.43472222222222223 0.0 0.0
0.0 0.056910569105691054 0.49444444444444446 0.0013986013986013986 0.0
0.0 0.06775067750677506 0.575 0.0013986013986013986 0.0
0.0 0.06504065040650406 0.6291666666666667 0.0 0.0
0.0 0.06504065040650406 0.6666666666666666 0.0 0.0
0.0 0.05555555555555556 0.6958333333333333 0.0 0.0
0.001364256480218281 0.06504065040650406 0.8027777777777778 0.0 0.0
0.0 0.05826558265582656 0.8013888888888889 0.0 0.0
0.002728512960436562 0.07046070460704608 0.8541666666666667 0.0013986013986013986 0.0
0.0 0.07723577235772358 0.9027777777777778 0.0013986013986013986 0.0
0.0 0.05826558265582656 0.9430555555555556 0.0 0.0
0.0 0.06097560975609756 0.9583333333333333 0.0 0.0
0.0 0.08401084010840108 1.0638888888888889 0.0013986013986013986 0.0
0.0 0.07723577235772358 1.05 0.0 0.0
0.0 0.08672086720867209 1.1236111111111111 0.002797202797202797 0.0
0.0 0.08130081300813008 1.2291666666666665 0.0 0.0
0.0 0.07994579945799457 1.3166666666666667 0.0 0.0015015015015015015
0.0 0.08536585365853658 1.4625000000000001 0.0 0.0
0.002728512960436562 0.0975609756097561 1.472222222222222 0.0013986013986013986 0.0
0.0 0.12059620596205962 1.4902777777777778 0.002797202797202797 0.0
0.0 0.0907859078590786 1.452777777777778 0.0013986013986013986 0.0
0.0 0.08130081300813008 1.4611111111111112 0.0013986013986013986 0.0
0.002728512960436562 0.10298102981029811 1.463888888888889 0.0013986013986013986 0.0
0.001364256480218281 0.11246612466124661 1.5833333333333333 0.0 0.0
0.0 0.10298102981029811 1.6055555555555556 0.0 0.0
0.0 0.09620596205962059 1.5333333333333334 0.0013986013986013986 0.0
0.0 0.09620596205962059 1.5555555555555554 0.0 0.0
0.0 0.11246612466124661 1.5930555555555554 0.0 0.0
0.001364256480218281 0.11382113821138211 1.575 0.0 0.0
0.0 0.12466124661246614 1.5694444444444444 0.002797202797202797 0.0
0.0 0.10298102981029811 1.5916666666666666 0.0 0.0
0.0 0.10840108401084012 1.575 0.0013986013986013986 0.0
0.0 0.0989159891598916 1.55 0.0 0.0
0.0 0.0948509485094851 1.5652777777777778 0.0 0.0
0.0 0.08807588075880758 1.5819444444444444 0.0 0.0
0.0 0.08807588075880758 1.5916666666666666 0.0 0.0
0.0 0.11111111111111112 1.5319444444444446 0.0 0.0015015015015015015
0.0 0.0907859078590786 1.575 0.0013986013986013986 0.0
0.0 0.08130081300813008 1.538888888888889 0.002797202797202797 0.0
0.0 0.10975609756097561 1.5472222222222223 0.0013986013986013986 0.0
0.0 0.09349593495934959 1.7 0.0013986013986013986 0.0
0.0 0.12330623306233061 1.676388888888889 0.0013986013986013986 0.0
0.0 0.1043360433604336 1.7125000000000001 0.0 0.0
0.0 0.0989159891598916 1.6791666666666667 0.0 0.0
0.0 0.13143631436314362 1.6708333333333334 0.0 0.0
0.0 0.0948509485094851 1.6583333333333332 0.0 0.0
0.0 0.10027100271002709 1.7041666666666668 0.0013986013986013986 0.0
0.0 0.09214092140921408 1.6055555555555556 0.0 0.0
0.0 0.09349593495934959 1.6305555555555555 0.0 0.0
0.0 0.1070460704607046 1.6958333333333333 0.0013986013986013986 0.0
0.001364256480218281 0.08672086720867209 1.6375000000000002 0.0 0.0
0.001364256480218281 0.11382113821138211 1.7305555555555554 0.0 0.0
0.001364256480218281 0.1070460704607046 1.6236111111111111 0.0 0.0
0.001364256480218281 0.12466124661246614 1.6624999999999999 0.0013986013986013986 0.0
0.0 0.11111111111111112 1.7055555555555557 0.002797202797202797 0.0
0.001364256480218281 0.13956639566395662 1.6555555555555554 0.0 0.0
0.0 0.0907859078590786 1.6736111111111112 0.0013986013986013986 0.0
0.001364256480218281 0.1016260162601626 1.6930555555555555 0.0 0.0
0.0 0.1056910569105691 1.676388888888889 0.0 0.0
0.002728512960436562 0.14227642276422764 1.6902777777777778 0.0 0.0
0.0 0.13008130081300812 1.6902777777777778 0.0 0.0
0.0 0.11924119241192412 1.7125000000000001 0.0013986013986013986 0.0
0.0 0.11788617886178862 1.7263888888888888 0.0013986013986013986 0.0
0.0 0.0989159891598916 1.6555555555555554 0.0013986013986013986 0.0
0.001364256480218281 0.0948509485094851 1.6583333333333332 0.0013986013986013986 0.0
0.0 0.08401084010840108 1.6305555555555555 0.0013986013986013986 0.0
0.0 0.08943089430894309 1.7041666666666668 0.0013986013986013986 0.0
0.0 0.11653116531165313 1.6152777777777778 0.0 0.0
0.0 0.11924119241192412 1.6569444444444443 0.0 0.0
0.0 0.11382113821138211 1.6513888888888888 0.0 0.0
0.0 0.11517615176151762 1.6402777777777777 0.0 0.0
0.0 0.1070460704607046 1.6624999999999999 0.0013986013986013986 0.0015015015015015015
0.001364256480218281 0.11517615176151762 1.6583333333333332 0.0 0.0
