11.2 35.166666666666664 29.0 12.666666666666666 14.333333333333334
15.6 32.33333333333333 31.166666666666664 16.5 13.166666666666666
12.0 36.0 28.333333333333332 15.166666666666666 13.333333333333334
12.8 34.5 31.833333333333332 15.166666666666666 15.5
11.2 33.5 27.5 18.166666666666668 12.5
13.6 35.166666666666664 30.333333333333332 15.333333333333332 13.166666666666666
14.4 29.5 26.833333333333336 14.666666666666666 12.833333333333334
14.0 36.5 31.166666666666664 14.0 13.833333333333332
12.4 34.333333333333336 27.333333333333336 16.333333333333332 13.0
16.0 31.666666666666668 28.833333333333332 13.666666666666668 13.666666666666668
13.2 35.0 32.0 14.666666666666666 14.5
14.200000000000001 32.16666666666667 30.0 13.5 13.5
15.8 33.0 33.0 16.666666666666668 13.5
14.0 33.0 28.666666666666668 15.833333333333334 12.166666666666666
13.2 30.166666666666668 27.166666666666664 17.0 12.0
12.8 32.833333333333336 31.666666666666668 15.5 11.166666666666666
15.6 32.0 29.5 18.833333333333332 11.666666666666668
13.799999999999999 35.333333333333336 29.333333333333332 19.5 14.5
9.4 34.5 28.5 16.666666666666668 16.0
15.8 33.5 27.5 16.333333333333332 12.166666666666666
13.799999999999999 31.166666666666664 28.0 15.833333333333334 17.166666666666668
12.6 31.0 29.0 15.0 12.5
13.2 33.333333333333336 28.5 15.166666666666666 12.833333333333334
15.2 35.833333333333336 31.666666666666668 15.666666666666666 11.833333333333332
14.0 32.5 29.333333333333332 15.333333333333332 13.333333333333334
14.0 32.0 27.0 14.833333333333334 13.833333333333332
15.8 36.166666666666664 26.833333333333336 13.833333333333332 10.833333333333334
14.8 35.333333333333336 29.333333333333332 16.166666666666664 13.666666666666668
13.799999999999999 36.333333333333336 29.333333333333332 13.833333333333332 12.833333333333334
15.6 30.666666666666664 28.0 13.5 12.333333333333334
14.4 30.833333333333336 28.666666666666668 14.833333333333334 12.833333333333334
13.0 31.833333333333332 30.5 17.666666666666668 13.0
14.4 35.166666666666664 29.0 16.5 13.5
12.4 34.666666666666664 28.833333333333332 13.833333333333332 11.5
17.0 34.0 29.666666666666668 14.5 12.0
15.2 34.333333333333336 27.5 16.166666666666664 13.5
17.6 36.833333333333336 27.666666666666664 18.166666666666668 12.833333333333334
14.8 34.833333333333336 29.666666666666668 15.833333333333334 15.0
11.6 33.166666666666664 29.0 15.5 10.5
11.799999999999999 33.5 28.5 17.666666666666668 13.333333333333334
13.4 30.333333333333332 29.5 13.333333333333334 10.5
14.4 33.833333333333336 29.166666666666668 13.333333333333334 14.0
14.0 35.666666666666664 28.0 16.333333333333332 13.833333333333332
15.6 32.33333333333333 27.333333333333336 17.5 13.166666666666666
15.6 36.5 33.333333333333336 15.0 13.5
12.4 31.666666666666668 29.666666666666668 16.666666666666668 13.5
13.799999999999999 35.333333333333336 29.833333333333332 15.833333333333334 15.5
14.4 33.333333333333336 28.166666666666668 19.666666666666664 12.166666666666666
15.0 34.166666666666664 27.0 14.0 15.5
12.6 34.833333333333336 28.5 17.0 11.5
13.0 33.833333333333336 29.0 14.333333333333334 13.0
12.4 32.5 30.333333333333332 14.333333333333334 13.833333333333332
12.4 35.5 31.333333333333332 18.666666666666668 14.333333333333334
15.8 30.5 28.5 16.333333333333332 15.0
13.2 30.333333333333332 27.5 15.5 11.5
13.2 35.0 27.166666666666664 14.0 10.666666666666666
13.0 36.333333333333336 26.666666666666668 16.5 10.5
14.6 36.0 30.666666666666664 17.166666666666668 16.0
11.6 36.0 28.5 15.333333333333332 14.666666666666666
14.200000000000001 35.166666666666664 31.166666666666664 15.333333333333332 14.666666666666666
13.4 36.0 26.166666666666668 17.833333333333332 15.833333333333334
18.0 35.333333333333336 25.166666666666668 16.166666666666664 11.666666666666668
14.0 35.166666666666664 31.666666666666668 14.333333333333334 12.333333333333334
11.4 31.166666666666664 29.333333333333332 17.166666666666668 12.666666666666666
11.0 33.666666666666664 27.0 20.0 15.333333333333332
13.6 32.5 31.333333333333332 14.666666666666666 12.666666666666666
17.8 33.333333333333336 32.5 18.0 12.666666666666666
15.8 34.666666666666664 28.0 16.666666666666668 11.333333333333334
13.0 31.833333333333332 28.5 15.166666666666666 13.0
12.200000000000001 32.833333333333336 28.0 14.166666666666666 12.5
14.6 36.666666666666664 30.333333333333332 17.0 11.666666666666668
14.0 35.0 29.0 15.833333333333334 12.666666666666666
13.2 34.833333333333336 28.666666666666668 15.333333333333332 15.166666666666666
12.0 30.5 29.666666666666668 18.5 14.0
15.8 33.666666666666664 29.333333333333332 12.833333333333334 12.0
14.200000000000001 32.666666666666664 27.666666666666664 12.666666666666666 13.666666666666668
12.200000000000001 34.666666666666664 25.666666666666668 15.0 14.666666666666666
15.6 36.0 28.666666666666668 17.333333333333332 14.166666666666666
14.200000000000001 33.833333333333336 30.5 13.833333333333332 15.0
15.4 36.0 27.166666666666664 14.833333333333334 12.333333333333334
12.4 35.5 29.0 15.166666666666666 12.5
13.4 36.0 30.166666666666668 16.166666666666664 12.666666666666666
14.6 34.833333333333336 29.833333333333332 15.333333333333332 13.0
13.4 35.333333333333336 31.833333333333332 17.5 13.5
12.8 33.333333333333336 26.666666666666668 15.5 16.166666666666664
14.8 35.0 26.5 14.0 14.0
16.0 35.166666666666664 28.166666666666668 12.0 13.166666666666666
13.0 35.5 29.666666666666668 16.333333333333332 14.666666666666666
12.8 35.166666666666664 27.666666666666664 15.833333333333334 12.666666666666666
12.0 34.666666666666664 29.666666666666668 14.0 13.666666666666668
12.200000000000001 37.0 30.166666666666668 16.666666666666668 13.5
13.0 34.166666666666664 30.833333333333336 16.5 11.166666666666666
14.4 36.166666666666664 26.833333333333336 12.833333333333334 12.833333333333334
12.4 35.666666666666664 29.666666666666668 12.666666666666666 13.5
15.6 35.0 31.166666666666664 16.5 12.833333333333334
17.0 37.83333333333333 29.0 14.333333333333334 11.666666666666668
15.0 33.5 26.833333333333336 14.833333333333334 17.333333333333332
13.2 35.0 29.833333333333332 16.0 12.833333333333334
12.200000000000001 37.166666666666664 31.833333333333332 15.5 13.333333333333334
12.6 36.166666666666664 29.5 15.833333333333334 13.666666666666668
14.200000000000001 34.666666666666664 28.666666666666668 17.166666666666668 14.166666666666666
13.4 13.0 16.833333333333332 15.5 15.833333333333334
14.8 15.833333333333334 17.833333333333332 16.0 15.5
14.6 15.0 15.666666666666666 14.166666666666666 15.833333333333334
14.200000000000001 18.333333333333332 15.0 17.333333333333332 17.0
13.4 34.833333333333336 31.5 13.5 10.833333333333334
11.6 14.5 16.5 15.5 17.5
15.6 15.0 16.0 14.333333333333334 14.333333333333334
16.8 13.166666666666666 12.666666666666666 13.666666666666668 16.666666666666668
17.8 15.833333333333334 14.666666666666666 14.833333333333334 16.166666666666664
11.799999999999999 31.0 37.166666666666664 15.5 11.333333333333334
16.0 14.0 15.166666666666666 15.666666666666666 16.666666666666668
14.0 16.666666666666668 13.166666666666666 16.5 13.833333333333332
14.8 16.166666666666664 12.666666666666666 17.166666666666668 15.833333333333334
16.0 13.833333333333332 17.5 13.666666666666668 14.5
14.6 33.5 30.666666666666664 13.333333333333334 14.0
16.0 16.166666666666664 12.166666666666666 13.333333333333334 16.166666666666664
18.4 15.333333333333332 14.166666666666666 13.333333333333334 15.833333333333334
17.6 14.833333333333334 17.166666666666668 16.833333333333332 15.666666666666666
15.8 17.0 13.5 14.166666666666666 16.166666666666664
14.0 30.0 30.333333333333332 15.666666666666666 13.5
14.0 12.833333333333334 19.666666666666664 14.666666666666666 14.0
16.6 14.333333333333334 13.0 17.166666666666668 14.833333333333334
18.2 11.666666666666668 17.333333333333332 14.166666666666666 17.5
15.6 17.0 16.333333333333332 15.333333333333332 13.333333333333334
16.0 15.166666666666666 15.666666666666666 15.833333333333334 16.333333333333332
14.4 14.166666666666666 15.166666666666666 14.5 18.0
13.799999999999999 17.0 14.666666666666666 13.833333333333332 14.333333333333334
16.400000000000002 15.833333333333334 14.666666666666666 13.333333333333334 15.5
16.2 18.5 16.166666666666664 15.166666666666666 15.333333333333332
17.0 14.833333333333334 16.5 18.333333333333332 17.166666666666668
12.6 33.0 29.5 17.166666666666668 14.666666666666666
11.2 30.166666666666668 32.5 15.833333333333334 13.166666666666666
13.0 28.666666666666668 36.166666666666664 14.5 12.5
14.200000000000001 32.5 36.166666666666664 15.666666666666666 11.666666666666668
11.4 31.5 35.0 18.0 14.166666666666666
15.6 31.166666666666664 33.5 14.0 14.666666666666666
12.4 32.833333333333336 36.5 16.166666666666664 13.166666666666666
14.6 32.833333333333336 35.166666666666664 19.166666666666664 13.333333333333334
12.6 27.0 39.16666666666667 16.0 12.0
14.200000000000001 30.333333333333332 35.833333333333336 13.0 11.166666666666666
12.8 31.666666666666668 38.83333333333333 17.5 15.0
13.2 32.5 35.833333333333336 16.166666666666664 14.5
15.6 30.666666666666664 33.5 14.666666666666666 15.666666666666666
15.0 32.833333333333336 38.5 17.166666666666668 12.333333333333334
13.799999999999999 27.333333333333336 37.666666666666664 14.333333333333334 12.5
12.200000000000001 30.5 35.333333333333336 16.833333333333332 11.666666666666668
14.0 30.5 36.833333333333336 14.166666666666666 13.833333333333332
13.2 29.5 36.333333333333336 14.0 13.833333333333332
13.2 32.33333333333333 36.166666666666664 14.833333333333334 11.0
13.4 29.333333333333332 39.5 14.5 13.666666666666668
12.200000000000001 31.333333333333332 39.66666666666667 16.166666666666664 10.166666666666666
14.4 29.333333333333332 37.666666666666664 12.333333333333334 13.0
17.0 30.333333333333332 36.333333333333336 13.333333333333334 13.833333333333332
12.6 32.833333333333336 34.333333333333336 15.333333333333332 14.166666666666666
15.2 29.666666666666668 38.33333333333333 15.666666666666666 11.666666666666668
15.4 30.333333333333332 40.16666666666667 15.833333333333334 13.333333333333334
13.4 30.666666666666664 36.833333333333336 18.0 13.0
12.200000000000001 35.5 36.666666666666664 16.833333333333332 12.833333333333334
10.6 32.5 39.33333333333333 13.666666666666668 10.833333333333334
14.200000000000001 31.5 38.83333333333333 17.166666666666668 13.666666666666668
13.6 34.166666666666664 42.5 16.833333333333332 10.0
15.2 34.833333333333336 38.83333333333333 15.666666666666666 14.666666666666666
12.8 32.5 45.333333333333336 18.833333333333332 12.833333333333334
14.8 31.333333333333332 43.166666666666664 17.333333333333332 12.5
13.6 30.5 41.166666666666664 18.0 10.333333333333334
8.8 33.666666666666664 44.833333333333336 14.833333333333334 12.833333333333334
12.8 34.833333333333336 42.666666666666664 17.666666666666668 13.833333333333332
12.6 33.166666666666664 42.0 14.166666666666666 12.666666666666666
11.2 35.5 48.333333333333336 16.666666666666668 13.833333333333332
13.6 33.5 44.333333333333336 18.666666666666668 11.5
12.6 34.0 47.5 15.166666666666666 13.166666666666666
11.2 33.333333333333336 44.333333333333336 18.333333333333332 12.0
10.8 29.0 47.66666666666667 15.333333333333332 13.833333333333332
11.4 33.333333333333336 48.833333333333336 14.0 10.0
12.200000000000001 34.666666666666664 49.5 15.333333333333332 13.666666666666668
12.0 33.5 48.333333333333336 17.833333333333332 12.5
14.6 34.333333333333336 47.16666666666667 16.0 13.666666666666668
16.2 33.5 48.0 18.833333333333332 13.666666666666668
13.6 32.5 50.0 16.5 13.5
12.4 32.5 53.66666666666667 16.333333333333332 11.166666666666666
11.4 33.0 51.333333333333336 16.666666666666668 10.666666666666666
11.4 34.333333333333336 51.0 15.666666666666666 12.833333333333334
11.0 33.833333333333336 49.666666666666664 16.5 11.5
9.6 33.5 53.166666666666664 15.5 11.0
11.4 34.666666666666664 47.66666666666667 15.5 9.5
11.6 33.833333333333336 47.33333333333333 16.333333333333332 12.666666666666666
13.799999999999999 33.833333333333336 51.666666666666664 18.833333333333332 12.333333333333334
12.0 33.5 49.333333333333336 17.5 13.833333333333332
14.4 33.5 52.166666666666664 17.5 15.166666666666666
10.0 35.5 50.833333333333336 18.0 11.333333333333334
12.0 34.0 47.5 18.666666666666668 11.833333333333332
10.6 32.5 47.33333333333333 16.166666666666664 11.0
12.4 29.666666666666668 52.5 18.666666666666668 9.333333333333334
11.0 34.5 48.333333333333336 14.5 12.0
12.4 36.0 49.5 16.0 11.666666666666668
14.6 37.166666666666664 50.333333333333336 16.166666666666664 12.333333333333334
10.8 33.833333333333336 52.0 16.666666666666668 12.5
11.4 35.166666666666664 50.5 15.833333333333334 12.666666666666666
11.799999999999999 34.0 50.333333333333336 17.166666666666668 11.833333333333332
13.799999999999999 33.333333333333336 50.333333333333336 14.333333333333334 11.666666666666668
14.0 33.666666666666664 50.5 14.5 12.666666666666666
10.200000000000001 32.0 47.33333333333333 17.0 12.833333333333334
16.8 29.666666666666668 49.5 15.0 11.666666666666668
12.4 35.833333333333336 50.666666666666664 17.5 12.166666666666666
12.8 34.166666666666664 46.83333333333333 17.0 12.333333333333334
11.4 36.0 49.333333333333336 19.333333333333336 11.333333333333334
10.200000000000001 34.166666666666664 50.833333333333336 15.333333333333332 13.5
14.4 35.0 48.5 18.0 10.166666666666666
10.8 34.666666666666664 50.166666666666664 15.833333333333334 12.5
15.8 32.833333333333336 48.5 17.833333333333332 13.166666666666666
13.2 33.833333333333336 49.166666666666664 16.666666666666668 11.166666666666666
11.4 32.33333333333333 52.5 19.333333333333336 11.5
12.200000000000001 34.833333333333336 50.666666666666664 17.333333333333332 10.833333333333334
14.6 35.166666666666664 52.166666666666664 17.5 10.666666666666666
11.2 33.333333333333336 53.0 15.5 12.833333333333334
10.8 33.666666666666664 47.0 17.0 14.0
11.2 33.333333333333336 49.5 17.833333333333332 11.5
14.6 33.5 49.333333333333336 14.0 13.0
11.0 34.833333333333336 50.0 20.0 11.166666666666666
10.200000000000001 35.0 49.5 16.166666666666664 12.5
13.2 32.833333333333336 47.5 17.5 10.666666666666666
12.6 30.0 50.5 16.833333333333332 10.833333333333334
14.4 31.166666666666664 49.5 17.166666666666668 10.166666666666666
11.4 33.5 49.5 15.0 12.0
11.2 32.0 48.833333333333336 16.5 13.833333333333332
15.0 33.166666666666664 49.666666666666664 16.166666666666664 11.5
10.0 33.0 48.333333333333336 14.5 11.333333333333334
14.6 34.5 47.83333333333333 17.666666666666668 12.833333333333334
10.6 35.0 52.833333333333336 15.0 12.333333333333334
