72.61538461538461 69.57142857142857 69.5625 71.21428571428572 71.61538461538461
72.07692307692308 70.0 69.25 70.07142857142857 70.53846153846153
73.0 69.64285714285714 70.5625 70.64285714285715 72.92307692307692
72.6923076923077 69.78571428571428 71.5625 71.0 70.92307692307692
70.61538461538463 67.71428571428571 69.1875 69.71428571428571 69.46153846153847
73.38461538461539 69.21428571428571 70.0 70.92857142857143 71.46153846153847
72.6923076923077 70.14285714285714 70.125 71.71428571428572 72.15384615384615
73.23076923076923 70.64285714285715 70.5 73.28571428571429 71.92307692307692
74.15384615384616 70.78571428571429 71.5625 72.35714285714286 73.15384615384615
73.15384615384615 70.07142857142857 71.875 71.35714285714286 71.38461538461539
73.53846153846153 70.64285714285715 71.3125 71.92857142857143 72.23076923076924
71.92307692307692 69.64285714285714 69.75 71.28571428571429 72.3076923076923
72.6923076923077 69.57142857142857 70.8125 71.5 71.92307692307692
73.6923076923077 71.5 72.0 72.64285714285715 73.07692307692308
72.3076923076923 70.0 70.375 69.64285714285714 72.6923076923077
71.76923076923076 69.57142857142857 69.6875 70.21428571428571 70.84615384615385
73.6923076923077 70.07142857142857 70.8125 73.71428571428572 72.84615384615385
73.76923076923077 70.0 70.6875 71.42857142857143 73.3076923076923
74.07692307692308 69.92857142857142 70.6875 72.21428571428572 72.6923076923077
73.23076923076923 71.5 70.875 71.35714285714286 72.0
72.15384615384615 69.57142857142857 70.3125 72.57142857142857 72.38461538461539
71.92307692307692 70.21428571428571 70.5625 72.28571428571429 72.38461538461539
74.15384615384616 70.21428571428571 71.1875 71.85714285714286 72.23076923076924
74.15384615384616 71.78571428571429 72.0 72.57142857142857 72.46153846153847
73.84615384615385 70.5 70.4375 72.35714285714286 71.61538461538461
71.23076923076924 68.14285714285714 69.3125 70.0 71.15384615384615
73.84615384615385 70.92857142857143 71.25 71.64285714285715 72.53846153846153
72.3076923076923 68.0 69.8125 70.07142857142857 71.61538461538461
72.76923076923077 70.14285714285714 71.9375 72.0 72.61538461538461
72.53846153846153 68.07142857142857 69.8125 71.64285714285715 71.61538461538461
74.53846153846153 70.64285714285715 72.6875 71.92857142857143 72.15384615384615
72.23076923076924 70.14285714285714 70.3125 72.07142857142858 72.46153846153847
73.76923076923077 70.21428571428571 71.4375 71.78571428571429 72.61538461538461
73.07692307692308 69.21428571428571 70.5625 71.57142857142858 72.76923076923077
72.92307692307692 70.21428571428571 70.5625 71.0 71.76923076923076
73.6923076923077 71.5 71.25 71.5 73.92307692307692
73.15384615384615 69.35714285714285 71.125 70.35714285714286 71.61538461538461
73.3076923076923 70.14285714285714 70.5625 72.35714285714286 73.15384615384615
71.84615384615385 69.57142857142857 70.4375 70.78571428571429 71.53846153846153
74.46153846153847 70.35714285714286 71.8125 73.07142857142857 72.84615384615385
73.3076923076923 70.21428571428571 70.625 72.07142857142858 71.07692307692308
72.46153846153847 70.21428571428571 70.3125 71.92857142857143 72.0
73.92307692307692 70.14285714285714 70.8125 71.92857142857143 72.46153846153847
74.07692307692308 70.64285714285715 71.3125 73.57142857142857 72.76923076923077
74.46153846153847 70.21428571428571 71.0 71.71428571428572 71.53846153846153
73.38461538461539 70.07142857142857 69.5625 72.28571428571429 73.38461538461539
73.38461538461539 70.5 71.75 71.57142857142858 71.84615384615385
73.92307692307692 68.85714285714285 70.375 72.21428571428572 72.23076923076924
74.46153846153847 70.21428571428571 72.1875 72.92857142857143 73.0
73.3076923076923 70.42857142857143 70.5625 71.64285714285715 71.38461538461539
73.15384615384615 68.92857142857142 70.8125 70.92857142857143 71.23076923076924
72.53846153846153 68.42857142857142 70.0625 71.14285714285715 70.6923076923077
72.07692307692308 68.85714285714285 69.375 70.78571428571429 71.07692307692308
73.23076923076923 71.21428571428572 71.375 71.71428571428572 72.23076923076924
75.0 70.85714285714286 72.1875 72.07142857142858 74.0
74.53846153846153 70.42857142857143 71.3125 71.0 72.6923076923077
73.76923076923077 70.21428571428571 70.8125 71.28571428571429 72.38461538461539
73.6923076923077 69.78571428571428 70.1875 72.07142857142858 72.3076923076923
72.23076923076924 69.07142857142857 69.3125 70.78571428571429 72.3076923076923
73.23076923076923 69.85714285714285 71.1875 70.57142857142858 72.07692307692308
73.92307692307692 68.92857142857142 71.5 71.85714285714286 72.84615384615385
72.23076923076924 70.0 70.0625 72.42857142857143 72.76923076923077
74.3076923076923 69.07142857142857 70.625 72.07142857142858 72.53846153846153
74.23076923076923 69.57142857142857 70.5625 72.28571428571429 72.53846153846153
72.76923076923077 69.85714285714285 69.9375 72.57142857142857 72.23076923076924
73.61538461538461 68.64285714285714 70.0625 72.0 71.6923076923077
74.07692307692308 70.5 70.375 71.5 72.07692307692308
73.38461538461539 69.42857142857142 70.8125 71.92857142857143 72.15384615384615
74.6923076923077 69.21428571428571 71.1875 72.35714285714286 72.0
74.53846153846153 70.42857142857143 72.0625 72.5 72.92307692307692
71.53846153846153 68.35714285714285 70.0625 70.71428571428572 71.23076923076924
72.38461538461539 69.28571428571428 69.3125 70.78571428571429 72.3076923076923
73.0 68.21428571428571 69.8125 72.5 71.0
74.07692307692308 69.71428571428571 70.75 72.0 72.07692307692308
71.61538461538461 69.0 69.125 70.0 71.38461538461539
73.23076923076923 70.07142857142857 70.8125 72.35714285714286 73.38461538461539
73.0 68.07142857142857 69.5 71.57142857142858 71.76923076923076
73.23076923076923 69.64285714285714 70.0625 70.5 72.38461538461539
73.23076923076923 68.85714285714285 70.6875 71.14285714285715 71.46153846153847
72.92307692307692 67.92857142857143 68.9375 71.64285714285715 72.92307692307692
74.15384615384616 69.85714285714285 70.5 72.07142857142858 73.76923076923077
72.23076923076924 68.42857142857142 70.25 71.78571428571429 71.84615384615385
72.84615384615385 67.5 70.4375 71.42857142857143 71.38461538461539
73.15384615384615 68.28571428571428 70.1875 71.28571428571429 72.38461538461539
74.3076923076923 67.78571428571428 69.875 72.35714285714286 73.46153846153847
73.6923076923077 68.57142857142857 71.0 72.85714285714286 72.15384615384615
72.53846153846153 67.64285714285714 70.1875 71.28571428571429 71.38461538461539
73.6923076923077 68.57142857142857 71.0 71.78571428571429 72.07692307692308
73.0 67.14285714285714 69.75 71.35714285714286 71.92307692307692
73.61538461538461 68.78571428571428 70.375 71.92857142857143 72.15384615384615
72.53846153846153 67.64285714285714 69.5625 71.85714285714286 71.15384615384615
73.61538461538461 68.21428571428571 69.375 72.35714285714286 72.3076923076923
73.61538461538461 70.57142857142858 71.25 72.5 73.6923076923077
73.46153846153847 67.07142857142857 70.4375 71.07142857142858 72.61538461538461
73.76923076923077 68.5 71.625 72.64285714285715 72.0
73.53846153846153 67.64285714285714 71.0 72.0 71.61538461538461
74.46153846153847 67.57142857142857 70.25 72.0 71.84615384615385
74.15384615384616 67.78571428571428 70.0625 72.21428571428572 73.76923076923077
73.84615384615385 68.71428571428571 71.8125 73.21428571428572 72.46153846153847
73.84615384615385 65.85714285714285 70.8125 71.28571428571429 71.76923076923076
72.46153846153847 66.14285714285714 68.5625 70.42857142857143 71.84615384615385
66.84615384615385 65.14285714285714 66.5625 65.57142857142857 65.53846153846153
66.53846153846153 65.92857142857143 66.25 65.78571428571428 66.23076923076923
66.76923076923077 65.71428571428571 66.8125 66.57142857142857 67.38461538461539
65.92307692307692 66.5 67.125 66.07142857142857 65.15384615384616
74.3076923076923 67.78571428571428 70.3125 72.92857142857143 72.92307692307692
66.84615384615385 67.64285714285714 67.875 66.78571428571428 67.23076923076923
66.92307692307692 66.07142857142857 67.0 66.21428571428571 66.61538461538461
66.23076923076923 66.28571428571428 66.25 66.14285714285714 65.92307692307692
66.0 66.64285714285714 65.125 65.07142857142857 66.07692307692308
73.0 69.0 69.6875 72.42857142857143 74.23076923076923
66.15384615384616 66.71428571428571 66.875 67.5 66.53846153846153
65.38461538461539 64.92857142857143 65.875 65.21428571428571 65.53846153846153
66.46153846153847 65.0 67.625 66.14285714285714 65.76923076923077
66.92307692307692 68.0 67.25 66.92857142857143 67.0
72.76923076923077 67.35714285714285 70.25 71.14285714285715 72.61538461538461
66.61538461538461 66.07142857142857 65.625 66.07142857142857 66.46153846153847
64.23076923076923 65.0 64.3125 64.5 65.23076923076923
66.92307692307692 65.0 66.6875 66.21428571428571 66.6923076923077
66.46153846153847 66.57142857142857 65.8125 65.71428571428571 66.23076923076923
72.84615384615385 67.92857142857143 68.9375 71.64285714285715 72.46153846153847
65.46153846153845 65.35714285714286 66.3125 66.92857142857143 65.6923076923077
66.0 65.28571428571428 66.75 65.28571428571428 66.0
65.84615384615384 66.92857142857143 66.75 66.14285714285714 67.38461538461539
66.61538461538461 66.57142857142857 66.25 67.5 66.07692307692308
67.0 66.07142857142857 66.3125 66.0 66.53846153846153
67.0 65.92857142857143 65.5625 66.42857142857143 66.61538461538461
65.53846153846153 65.35714285714286 65.0 65.21428571428571 64.38461538461539
65.07692307692308 66.64285714285714 65.5625 65.57142857142857 66.15384615384616
67.07692307692308 66.42857142857143 66.375 67.64285714285714 67.23076923076923
67.61538461538461 67.21428571428571 67.8125 66.78571428571428 65.61538461538461
72.76923076923077 69.0 69.3125 71.64285714285715 72.38461538461539
72.6923076923077 68.5 69.5 72.14285714285715 72.53846153846153
74.0 67.64285714285714 69.5625 72.21428571428572 73.3076923076923
73.38461538461539 67.35714285714285 69.4375 71.71428571428572 72.15384615384615
71.53846153846153 66.5 67.8125 70.5 71.23076923076924
71.38461538461539 67.64285714285714 67.8125 69.07142857142857 70.38461538461537
73.23076923076923 68.35714285714285 69.75 71.64285714285715 72.38461538461539
72.92307692307692 67.71428571428571 68.4375 70.85714285714286 72.3076923076923
72.38461538461539 68.0 67.875 71.85714285714286 71.3076923076923
71.38461538461539 67.21428571428571 67.25 71.5 72.15384615384615
72.38461538461539 67.5 66.8125 71.5 71.38461538461539
71.84615384615385 67.5 66.75 70.92857142857143 72.15384615384615
72.38461538461539 66.92857142857143 67.1875 71.64285714285715 72.07692307692308
73.07692307692308 69.07142857142857 68.125 72.57142857142857 74.15384615384616
72.38461538461539 68.0 67.5625 71.5 72.46153846153847
73.0 67.42857142857143 66.625 72.57142857142857 72.92307692307692
72.76923076923077 66.42857142857143 66.9375 70.64285714285715 73.15384615384615
72.84615384615385 67.85714285714285 67.375 72.57142857142857 72.92307692307692
72.0 67.78571428571428 66.75 72.07142857142858 73.0
74.3076923076923 69.35714285714285 67.75 72.21428571428572 74.15384615384616
72.15384615384615 68.21428571428571 67.3125 70.64285714285715 73.07692307692308
72.15384615384615 66.92857142857143 64.9375 71.21428571428572 72.92307692307692
72.46153846153847 67.07142857142857 65.75 72.71428571428572 72.6923076923077
71.46153846153847 67.28571428571428 65.125 72.64285714285715 73.84615384615385
71.61538461538461 68.21428571428571 64.9375 71.07142857142858 72.84615384615385
70.07692307692308 64.85714285714286 61.625 69.0 72.46153846153847
72.61538461538461 67.0 63.875 71.78571428571429 73.53846153846153
72.76923076923077 67.14285714285714 63.625 71.07142857142858 73.46153846153847
72.53846153846153 68.21428571428571 64.3125 72.64285714285715 73.61538461538461
72.46153846153847 66.85714285714285 61.5 71.14285714285715 72.0
73.15384615384615 66.71428571428571 62.75 71.85714285714286 73.3076923076923
72.38461538461539 66.64285714285714 61.75 71.0 73.61538461538461
74.15384615384616 66.07142857142857 61.125 72.21428571428572 74.6923076923077
73.3076923076923 66.71428571428571 61.5625 72.28571428571429 73.23076923076923
72.15384615384615 65.5 59.625 72.07142857142858 74.15384615384616
73.84615384615385 66.64285714285714 59.6875 71.85714285714286 73.38461538461539
73.84615384615385 67.5 61.1875 71.85714285714286 75.6923076923077
73.76923076923077 67.14285714285714 59.5 72.92857142857143 74.38461538461539
73.3076923076923 65.35714285714286 59.5625 71.42857142857143 73.61538461538461
74.0 66.21428571428571 59.0625 71.64285714285715 74.46153846153847
73.15384615384615 65.71428571428571 58.5625 71.85714285714286 74.15384615384616
74.0 66.42857142857143 59.0 72.64285714285715 73.3076923076923
74.0 64.78571428571428 57.875 72.21428571428572 74.23076923076923
71.92307692307692 64.07142857142857 54.9375 71.07142857142858 72.07692307692308
72.92307692307692 64.21428571428571 56.375 70.42857142857143 73.53846153846153
73.92307692307692 66.35714285714285 58.375 71.35714285714286 73.61538461538461
74.92307692307692 66.42857142857143 58.625 73.07142857142857 74.6923076923077
73.46153846153847 65.07142857142857 55.875 71.57142857142858 73.3076923076923
73.6923076923077 65.21428571428571 56.1875 71.14285714285715 73.84615384615385
75.46153846153845 65.71428571428571 57.125 72.0 75.6923076923077
74.15384615384616 66.07142857142857 56.625 71.64285714285715 74.07692307692308
75.0 66.5 56.75 71.21428571428572 74.3076923076923
74.76923076923077 64.35714285714286 55.3125 72.14285714285715 73.61538461538461
73.23076923076923 64.35714285714286 57.125 70.78571428571429 73.92307692307692
74.23076923076923 64.78571428571428 56.25 72.57142857142857 74.0
74.46153846153847 66.21428571428571 57.6875 72.5 74.07692307692308
73.92307692307692 65.14285714285714 57.0 71.85714285714286 74.07692307692308
74.61538461538461 65.0 57.0 72.0 76.0
72.76923076923077 65.21428571428571 55.1875 69.57142857142857 73.3076923076923
74.15384615384616 66.0 57.0625 72.21428571428572 74.61538461538461
74.3076923076923 66.35714285714285 56.8125 72.07142857142858 76.07692307692308
74.53846153846153 64.5 55.1875 71.57142857142858 74.46153846153847
73.61538461538461 66.64285714285714 57.625 71.78571428571429 74.0
72.76923076923077 64.78571428571428 55.0625 70.78571428571429 73.92307692307692
72.76923076923077 65.21428571428571 55.25 71.92857142857143 73.23076923076923
73.3076923076923 66.85714285714285 57.25 72.64285714285715 74.15384615384616
73.92307692307692 66.28571428571428 56.5625 71.0 74.53846153846153
74.0 65.14285714285714 56.5 72.57142857142857 73.84615384615385
72.92307692307692 64.85714285714286 54.5 71.07142857142858 74.23076923076923
73.76923076923077 66.42857142857143 56.0 71.5 74.23076923076923
74.15384615384616 65.57142857142857 55.4375 71.28571428571429 74.0
72.92307692307692 66.28571428571428 55.8125 71.78571428571429 75.23076923076923
73.6923076923077 64.85714285714286 55.5 71.5 74.3076923076923
72.46153846153847 64.92857142857143 55.0625 70.78571428571429 73.38461538461539
75.46153846153845 66.71428571428571 55.875 72.5 75.38461538461539
74.38461538461539 65.28571428571428 57.1875 72.71428571428572 73.61538461538461
72.53846153846153 66.28571428571428 54.8125 72.07142857142858 73.53846153846153
74.53846153846153 65.42857142857143 55.3125 71.78571428571429 75.38461538461539
73.0 64.42857142857143 55.0625 71.5 72.6923076923077
73.61538461538461 65.28571428571428 56.0625 72.28571428571429 73.84615384615385
74.07692307692308 65.35714285714286 55.375 73.5 73.23076923076923
75.46153846153845 65.28571428571428 55.0 72.42857142857143 75.3076923076923
73.38461538461539 66.71428571428571 56.875 73.28571428571429 73.76923076923077
75.46153846153845 64.14285714285714 55.9375 72.28571428571429 74.53846153846153
73.53846153846153 65.07142857142857 55.0 72.21428571428572 74.3076923076923
72.53846153846153 64.5 53.5 70.0 73.15384615384615
74.3076923076923 64.5 54.4375 70.78571428571429 73.76923076923077
76.38461538461539 65.42857142857143 56.875 73.78571428571429 74.61538461538461
72.61538461538461 64.5 53.3125 70.92857142857143 74.0
73.84615384615385 64.07142857142857 56.125 71.64285714285715 74.0
71.92307692307692 63.92857142857143 53.8125 70.21428571428571 72.6923076923077
72.53846153846153 64.78571428571428 54.125 71.0 73.6923076923077
72.23076923076924 64.0 53.75 69.71428571428571 72.38461538461539
74.15384615384616 64.92857142857143 55.0 72.85714285714286 74.15384615384616
72.84615384615385 65.07142857142857 54.3125 70.85714285714286 73.6923076923077
73.23076923076923 64.21428571428571 53.1875 70.35714285714286 73.46153846153847
73.3076923076923 63.92857142857143 55.3125 70.64285714285715 72.92307692307692
74.15384615384616 66.71428571428571 56.9375 72.14285714285715 74.38461538461539
74.23076923076923 65.14285714285714 55.9375 72.42857142857143 73.46153846153847
