0.0 0.17349726775956284 0.05662983425414365 0.0 0.0
0.001485884101040119 0.10655737704918034 0.04834254143646409 0.0 0.0015220700152207
0.0 0.12568306010928962 0.03591160220994475 0.0 0.0
0.0 0.14617486338797814 0.04558011049723757 0.0 0.0
0.0 0.15710382513661203 0.055248618784530384 0.0 0.0
0.0 0.16256830601092895 0.06353591160220995 0.0014285714285714286 0.0
0.0 0.1366120218579235 0.04558011049723757 0.002857142857142857 0.0
0.001485884101040119 0.14754098360655737 0.041436464088397795 0.0 0.0
0.0 0.12568306010928962 0.04005524861878453 0.0 0.0
0.001485884101040119 0.16530054644808745 0.034530386740331494 0.0 0.0
0.002971768202080238 0.16530054644808745 0.03867403314917127 0.004285714285714285 0.0
0.002971768202080238 0.1762295081967213 0.052486187845303865 0.0 0.0
0.001485884101040119 0.15300546448087432 0.08701657458563536 0.0 0.0
0.0 0.17076502732240437 0.04005524861878453 0.0 0.0
0.001485884101040119 0.14617486338797814 0.04558011049723757 0.0 0.0
0.001485884101040119 0.14754098360655737 0.04696132596685083 0.0 0.0
0.001485884101040119 0.17896174863387979 0.04281767955801105 0.0 0.0
0.001485884101040119 0.19262295081967215 0.04558011049723757 0.0 0.0
0.004457652303120356 0.2185792349726776 0.05386740331491713 0.0014285714285714286 0.0
0.0 0.16393442622950818 0.04696132596685083 0.0 0.0
0.001485884101040119 0.1953551912568306 0.06767955801104972 0.0 0.0
0.0 0.18032786885245902 0.04834254143646409 0.0 0.0
0.001485884101040119 0.18032786885245902 0.05386740331491713 0.0 0.0
0.0 0.20491803278688525 0.03314917127071823 0.0 0.0
0.0 0.15983606557377047 0.04558011049723757 0.0 0.0
0.001485884101040119 0.18852459016393444 0.05801104972375691 0.0014285714285714286 0.0
0.001485884101040119 0.16939890710382513 0.05662983425414365 0.0 0.0
0.001485884101040119 0.1912568306010929 0.055248618784530384 0.0 0.0
0.0 0.19808743169398907 0.04281767955801105 0.0 0.0
0.001485884101040119 0.21311475409836067 0.06629834254143646 0.0 0.0
0.001485884101040119 0.18306010928961747 0.04696132596685083 0.0 0.0015220700152207
0.0 0.16393442622950818 0.05939226519337016 0.0 0.0
0.0 0.18715846994535518 0.04281767955801105 0.0014285714285714286 0.0
0.001485884101040119 0.24180327868852458 0.04834254143646409 0.0 0.0
0.001485884101040119 0.20491803278688525 0.06077348066298342 0.0 0.0
0.002971768202080238 0.16256830601092895 0.06215469613259669 0.0014285714285714286 0.0
0.0 0.1953551912568306 0.05662983425414365 0.0 0.0
0.001485884101040119 0.21174863387978143 0.06077348066298342 0.0014285714285714286 0.0
0.001485884101040119 0.21174863387978143 0.04281767955801105 0.0014285714285714286 0.0
0.001485884101040119 0.21311475409836067 0.06077348066298342 0.0 0.0
0.001485884101040119 0.21038251366120217 0.04281767955801105 0.0 0.0
0.0 0.20901639344262296 0.06906077348066299 0.0 0.0
0.0 0.21038251366120217 0.04281767955801105 0.0 0.0
0.0 0.28961748633879786 0.07734806629834254 0.0 0.0
0.002971768202080238 0.26092896174863384 0.07596685082872928 0.0014285714285714286 0.0
0.0 0.2486338797814208 0.04696132596685083 0.0 0.0
0.0 0.273224043715847 0.06353591160220995 0.002857142857142857 0.0
0.001485884101040119 0.26502732240437155 0.055248618784530384 0.0 0.0
0.0 0.2459016393442623 0.06077348066298342 0.0 0.0
0.0 0.21448087431693988 0.05110497237569061 0.0 0.0
0.004457652303120356 0.273224043715847 0.06906077348066299 0.0 0.0
0.0 0.2978142076502732 0.05386740331491713 0.0 0.0
0.0 0.2581967213114754 0.04005524861878453 0.0014285714285714286 0.0
0.001485884101040119 0.30191256830601093 0.04972375690607735 0.0 0.0
0.0 0.2827868852459016 0.06077348066298342 0.0 0.0
0.001485884101040119 0.3005464480874317 0.07320441988950277 0.0014285714285714286 0.0
0.0 0.3524590163934426 0.07596685082872928 0.0 0.0
0.0 0.3128415300546448 0.04558011049723757 0.0 0.0
0.0 0.29918032786885246 0.04972375690607735 0.0 0.0
0.001485884101040119 0.3251366120218579 0.052486187845303865 0.0 0.0
0.0 0.34972677595628415 0.06629834254143646 0.0014285714285714286 0.0
0.001485884101040119 0.3401639344262295 0.03867403314917127 0.0 0.0
0.001485884101040119 0.33879781420765026 0.06629834254143646 0.0 0.0
0.001485884101040119 0.31693989071038253 0.05662983425414365 0.0 0.0
0.0 0.36885245901639346 0.06767955801104972 0.0 0.0
0.001485884101040119 0.4139344262295082 0.04972375690607735 0.0 0.0
0.0 0.3948087431693989 0.06353591160220995 0.0 0.0
0.001485884101040119 0.4398907103825137 0.05662983425414365 0.0014285714285714286 0.0
0.004457652303120356 0.43032786885245905 0.04696132596685083 0.0 0.0
0.001485884101040119 0.45081967213114754 0.05110497237569061 0.0 0.0
0.001485884101040119 0.45081967213114754 0.055248618784530384 0.0 0.0
0.001485884101040119 0.4740437158469945 0.08011049723756906 0.0 0.0
0.001485884101040119 0.5 0.07320441988950277 0.0 0.0
0.0 0.5382513661202186 0.09806629834254144 0.0 0.0
0.0 0.5081967213114754 0.05662983425414365 0.0 0.0
0.0 0.5833333333333334 0.06906077348066299 0.0 0.0
0.0 0.5437158469945356 0.07044198895027624 0.0 0.0
0.002971768202080238 0.5983606557377049 0.0718232044198895 0.0014285714285714286 0.0
0.001485884101040119 0.5546448087431695 0.07734806629834254 0.0 0.0
0.001485884101040119 0.6489071038251366 0.08287292817679559 0.0 0.0
0.001485884101040119 0.674863387978142 0.0649171270718232 0.0 0.0
0.0 0.6707650273224044 0.0718232044198895 0.0 0.0
0.0 0.7213114754098361 0.09806629834254144 0.0014285714285714286 0.0
0.004457652303120356 0.7636612021857924 0.06215469613259669 0.0 0.0
0.007429420505200594 0.825136612021858 0.10082872928176795 0.0 0.0
0.001485884101040119 0.8087431693989071 0.0925414364640884 0.0 0.0
0.0 0.8647540983606556 0.08701657458563536 0.0 0.0
0.0 0.837431693989071 0.0856353591160221 0.0 0.0
0.0 0.9166666666666666 0.11878453038674032 0.0 0.0
0.0 0.8784153005464481 0.08149171270718232 0.0014285714285714286 0.0
0.0 0.9043715846994536 0.09392265193370165 0.0 0.0
0.001485884101040119 0.9904371584699453 0.1132596685082873 0.0 0.0
0.002971768202080238 0.8770491803278688 0.08839779005524862 0.0 0.0
0.0 1.0765027322404372 0.08425414364640883 0.0 0.0
0.0 0.9713114754098361 0.0925414364640884 0.0 0.0
0.001485884101040119 1.010928961748634 0.0787292817679558 0.0014285714285714286 0.0
0.002971768202080238 1.128415300546448 0.11049723756906077 0.0014285714285714286 0.0
0.004457652303120356 1.1571038251366121 0.11049723756906077 0.0 0.0
0.001485884101040119 1.1256830601092898 0.12154696132596685 0.0 0.0
0.0 1.139344262295082 0.07596685082872928 0.002857142857142857 0.0
0.0 1.1653005464480874 0.10773480662983426 0.0 0.0
0.0 0.025956284153005462 0.0 0.0 0.0
0.0 0.045081967213114756 0.0 0.0 0.0
0.0 0.045081967213114756 0.0 0.0 0.0
0.0 0.050546448087431695 0.0 0.0 0.0
0.0 1.2062841530054644 0.10911602209944751 0.0014285714285714286 0.0015220700152207
0.001485884101040119 0.0546448087431694 0.0 0.0 0.0
0.0 0.04234972677595628 0.0 0.0 0.0
0.0 0.036885245901639344 0.0 0.0 0.0
0.0 0.0273224043715847 0.0 0.0 0.0
0.0 0.9289617486338798 0.2610497237569061 0.0014285714285714286 0.0
0.0 0.03415300546448088 0.0 0.0 0.0
0.0 0.03005464480874317 0.0 0.0 0.0
0.0 0.04234972677595628 0.0 0.0 0.0
0.0 0.040983606557377046 0.0 0.0 0.0
0.0 1.2008196721311475 0.106353591160221 0.0 0.0
0.0 0.01912568306010929 0.0 0.0 0.0
0.0 0.03278688524590164 0.0 0.0 0.0
0.0 0.03825136612021858 0.0 0.0 0.0
0.0 0.031420765027322405 0.0 0.0 0.0
0.0 0.8975409836065573 0.24861878453038677 0.0014285714285714286 0.0
0.0 0.031420765027322405 0.0013812154696132596 0.0014285714285714286 0.0
0.0 0.03825136612021858 0.0 0.0 0.0
0.0 0.03551912568306011 0.0 0.0 0.0
0.0 0.03551912568306011 0.0 0.0 0.0
0.0 0.031420765027322405 0.0 0.0 0.0
0.0 0.04234972677595628 0.0 0.0 0.0015220700152207
0.0 0.036885245901639344 0.0013812154696132596 0.0 0.0
0.0 0.040983606557377046 0.0 0.0 0.0
0.0 0.036885245901639344 0.0 0.0 0.0
0.0 0.04371584699453552 0.0013812154696132596 0.0 0.0
0.0 0.9057377049180327 0.25828729281767954 0.0 0.0
0.0 0.8688524590163934 0.212707182320442 0.0014285714285714286 0.0
0.001485884101040119 0.948087431693989 0.24861878453038677 0.0 0.0
0.0 0.9221311475409837 0.1781767955801105 0.002857142857142857 0.0
0.0 0.9180327868852459 0.21823204419889503 0.0 0.0
0.002971768202080238 0.8866120218579235 0.20027624309392264 0.0 0.0
0.001485884101040119 0.9207650273224044 0.21132596685082872 0.004285714285714285 0.0
0.0 0.9166666666666666 0.26795580110497236 0.0 0.0
0.0 0.8784153005464481 0.20441988950276244 0.0 0.0
0.0 0.9043715846994536 0.22237569060773482 0.002857142857142857 0.0
0.0 0.8756830601092896 0.2941988950276243 0.002857142857142857 0.0
0.001485884101040119 0.8346994535519126 0.21823204419889503 0.0 0.0
0.0 0.8702185792349727 0.21823204419889503 0.0 0.0
0.0 0.871584699453552 0.2361878453038674 0.0014285714285714286 0.0
0.0 0.8579234972677595 0.21408839779005523 0.0 0.0
0.0 0.8879781420765028 0.1850828729281768 0.0 0.0
0.0 0.9508196721311475 0.20994475138121546 0.002857142857142857 0.0
0.0 0.8934426229508197 0.25828729281767954 0.0 0.0
0.0 0.8961748633879781 0.2016574585635359 0.0 0.0
0.0 0.9098360655737705 0.2430939226519337 0.0 0.0
0.0 0.8237704918032787 0.18093922651933703 0.0014285714285714286 0.0
0.001485884101040119 0.8784153005464481 0.19613259668508287 0.0014285714285714286 0.0
0.0 0.8155737704918032 0.18232044198895028 0.0 0.0
0.0 0.8743169398907104 0.21823204419889503 0.0 0.0
0.0 0.8551912568306012 0.1781767955801105 0.0 0.0
0.0 0.8114754098360656 0.212707182320442 0.0014285714285714286 0.0
0.0 0.8989071038251366 0.1892265193370166 0.0 0.0
0.0 0.8784153005464481 0.1892265193370166 0.0 0.0
0.0 0.8592896174863388 0.1988950276243094 0.0 0.0
0.001485884101040119 0.8661202185792349 0.21132596685082872 0.0 0.0
0.0 0.8456284153005464 0.17541436464088397 0.0 0.0
0.001485884101040119 0.8319672131147541 0.18646408839779005 0.0014285714285714286 0.0
0.0 0.8688524590163934 0.2154696132596685 0.0 0.0
0.001485884101040119 0.8265027322404371 0.1988950276243094 0.0014285714285714286 0.0
0.001485884101040119 0.8401639344262295 0.17265193370165746 0.0014285714285714286 0.0
0.0 0.8237704918032787 0.19475138121546962 0.0 0.0
0.001485884101040119 0.8524590163934427 0.14226519337016574 0.0014285714285714286 0.0
0.0 0.8702185792349727 0.19613259668508287 0.0 0.0
0.0 0.8128415300546449 0.1643646408839779 0.0014285714285714286 0.0
0.0 0.8551912568306012 0.18093922651933703 0.0014285714285714286 0.0015220700152207
0.0 0.8265027322404371 0.18646408839779005 0.0014285714285714286 0.0
0.001485884101040119 0.8155737704918032 0.16988950276243095 0.0 0.0
0.0 0.8729508196721311 0.19060773480662982 0.0 0.0
0.0 0.8183060109289617 0.17955801104972377 0.0014285714285714286 0.0
0.001485884101040119 0.842896174863388 0.18093922651933703 0.002857142857142857 0.0
0.0 0.7595628415300546 0.15607734806629836 0.002857142857142857 0.0
0.0 0.819672131147541 0.16988950276243095 0.0014285714285714286 0.0
0.0 0.7923497267759563 0.16298342541436464 0.002857142857142857 0.0
0.0 0.8210382513661203 0.2058011049723757 0.0014285714285714286 0.0015220700152207
0.0 0.8510928961748634 0.17679558011049723 0.004285714285714285 0.0
0.001485884101040119 0.7650273224043715 0.17265193370165746 0.0 0.0
0.0 0.8592896174863388 0.19337016574585636 0.0014285714285714286 0.0
0.001485884101040119 0.8128415300546449 0.1988950276243094 0.002857142857142857 0.0
0.0 0.842896174863388 0.15469613259668508 0.0014285714285714286 0.0
0.002971768202080238 0.8456284153005464 0.20994475138121546 0.0 0.0
0.0 0.8032786885245902 0.15883977900552484 0.0 0.0
0.0 0.7472677595628415 0.16160220994475138 0.0014285714285714286 0.0
0.0 0.8224043715846994 0.1574585635359116 0.002857142857142857 0.0
0.0 0.8688524590163934 0.18646408839779005 0.0014285714285714286 0.0
0.001485884101040119 0.7718579234972678 0.1878453038674033 0.0 0.0
0.0 0.796448087431694 0.18093922651933703 0.0 0.0
0.0 0.814207650273224 0.18370165745856354 0.0014285714285714286 0.0
0.0 0.8060109289617486 0.15607734806629836 0.0 0.0
0.0 0.8606557377049181 0.17265193370165746 0.0014285714285714286 0.0
0.001485884101040119 0.8073770491803278 0.20303867403314918 0.0 0.0
0.0 0.7800546448087432 0.1643646408839779 0.0 0.0
0.0 0.8169398907103825 0.17541436464088397 0.0 0.0
0.001485884101040119 0.8483606557377049 0.16850828729281767 0.0 0.0
0.0 0.8005464480874317 0.18232044198895028 0.002857142857142857 0.0
0.0 0.8401639344262295 0.17679558011049723 0.0014285714285714286 0.0
0.0 0.7472677595628415 0.15193370165745856 0.0 0.0
0.0 0.7978142076502732 0.18093922651933703 0.0014285714285714286 0.0
0.0 0.819672131147541 0.17541436464088397 0.0 0.0
0.0 0.8114754098360656 0.16988950276243095 0.0014285714285714286 0.0
0.0 0.8729508196721311 0.20027624309392264 0.0 0.0
0.001485884101040119 0.8169398907103825 0.12154696132596685 0.0014285714285714286 0.0
0.001485884101040119 0.796448087431694 0.16988950276243095 0.0 0.0
0.001485884101040119 0.8674863387978142 0.1988950276243094 0.002857142857142857 0.0
0.001485884101040119 0.7691256830601093 0.1505524861878453 0.0014285714285714286 0.0
0.001485884101040119 0.7896174863387978 0.15607734806629836 0.0 0.0
0.0 0.8005464480874317 0.17265193370165746 0.0 0.0
0.0 0.7896174863387978 0.1781767955801105 0.0 0.0
0.0 0.7431693989071039 0.143646408839779 0.002857142857142857 0.0
0.0 0.8032786885245902 0.19060773480662982 0.0 0.0
0.0 0.8005464480874317 0.20303867403314918 0.0 0.0
0.0 0.8128415300546449 0.16298342541436464 0.0014285714285714286 0.0
0.0 0.7513661202185793 0.17955801104972377 0.0014285714285714286 0.0
0.0 0.8401639344262295 0.18093922651933703 0.0 0.0
0.0 0.8743169398907104 0.16160220994475138 0.0 0.0
0.0 0.8866120218579235 0.15883977900552484 0.0 0.0
0.0 0.837431693989071 0.15331491712707182 0.0 0.0
0.0 0.8073770491803278 0.17265193370165746 0.0 0.0
0.0 0.8046448087431695 0.1643646408839779 0.0 0.0
0.0 0.8483606557377049 0.16850828729281767 0.0 0.0
0.0 0.842896174863388 0.16850828729281767 0.0 0.0
0.0 0.7800546448087432 0.1477900552486188 0.0014285714285714286 0.0
0.0 0.819672131147541 0.1919889502762431 0.0 0.0
0.0 0.76775956284153 0.15469613259668508 0.0 0.0
0.0 0.8456284153005464 0.15607734806629836 0.0 0.0
