31900.000 -0.500 -0.500
31901.000 -0.500 -0.462
31902.000 -0.500 -0.423
31903.000 -0.500 -0.385
31904.000 -0.500 -0.346
31905.000 -0.500 -0.308
31906.000 -0.500 -0.269
31907.000 -0.500 -0.231
31908.000 -0.500 -0.192
31909.000 -0.500 -0.154
31910.000 -0.500 -0.115
31911.000 -0.500 -0.077
31912.000 -0.500 -0.038
31913.000 -0.500 0.000
31914.000 -0.500 0.038
31915.000 -0.500 0.077
31916.000 -0.500 0.115
31917.000 -0.500 0.154
31918.000 -0.500 0.192
31919.000 -0.500 0.231
31920.000 -0.500 0.269
31921.000 -0.500 0.308
31922.000 -0.500 0.346
31923.000 -0.500 0.385
31924.000 -0.500 0.423
31925.000 -0.500 0.462
31926.000 -0.462 -0.462
31927.000 -0.462 -0.423
31928.000 -0.462 -0.385
31929.000 -0.462 -0.346
31930.000 -0.462 -0.308
31931.000 -0.462 -0.269
31932.000 -0.462 -0.231
31933.000 -0.462 -0.192
31934.000 -0.462 -0.154
31935.000 -0.462 -0.115
31936.000 -0.462 -0.077
31937.000 -0.462 -0.038
31938.000 -0.462 0.000
31939.000 -0.462 0.038
31940.000 -0.462 0.077
31941.000 -0.462 0.115
31942.000 -0.462 0.154
31943.000 -0.462 0.192
31944.000 -0.462 0.231
31945.000 -0.462 0.269
31946.000 -0.462 0.308
31947.000 -0.462 0.346
31948.000 -0.462 0.385
31949.000 -0.462 0.423
31950.000 -0.462 0.462
31951.000 -0.423 -0.500
31952.000 -0.423 -0.462
31953.000 -0.423 -0.423
31954.000 -0.423 -0.385
31955.000 -0.423 -0.346
31956.000 -0.423 -0.308
31957.000 -0.423 -0.269
31958.000 -0.423 -0.231
31959.000 -0.423 -0.192
31960.000 -0.423 -0.154
31961.000 -0.423 -0.115
31962.000 -0.423 -0.077
31963.000 -0.423 -0.038
31964.000 -0.423 0.000
31965.000 -0.423 0.038
31966.000 -0.423 0.077
31967.000 -0.423 0.115
31968.000 -0.423 0.154
31969.000 -0.423 0.192
31970.000 -0.423 0.231
31971.000 -0.423 0.269
31972.000 -0.423 0.308
31973.000 -0.423 0.346
31974.000 -0.423 0.385
31975.000 -0.423 0.423
31976.000 -0.423 0.462
31977.000 -0.385 -0.462
31978.000 -0.385 -0.423
31979.000 -0.385 -0.385
31980.000 -0.385 -0.346
31981.000 -0.385 -0.308
31982.000 -0.385 -0.269
31983.000 -0.385 -0.231
31984.000 -0.385 -0.192
31985.000 -0.385 -0.154
31986.000 -0.385 -0.115
31987.000 -0.385 -0.077
31988.000 -0.385 -0.038
31989.000 -0.385 0.000
31990.000 -0.385 0.038
31991.000 -0.385 0.077
31992.000 -0.385 0.115
31993.000 -0.385 0.154
31994.000 -0.385 0.192
31995.000 -0.385 0.231
31996.000 -0.385 0.269
31997.000 -0.385 0.308
31998.000 -0.385 0.346
31999.000 -0.385 0.385
32000.000 -0.385 0.423
32001.000 -0.385 0.462
32002.000 -0.346 -0.500
32003.000 -0.346 -0.462
32004.000 -0.346 -0.423
32005.000 -0.346 -0.385
32006.000 -0.346 -0.346
32007.000 -0.346 -0.308
32008.000 -0.346 -0.269
32009.000 -0.346 -0.231
32010.000 -0.346 -0.192
32011.000 -0.346 -0.154
32012.000 -0.346 -0.115
32013.000 -0.346 -0.077
32014.000 -0.346 -0.038
32015.000 -0.346 0.000
32016.000 -0.346 0.038
32017.000 -0.346 0.077
32018.000 -0.346 0.115
32019.000 -0.346 0.154
32020.000 -0.346 0.192
32021.000 -0.346 0.231
32022.000 -0.346 0.269
32023.000 -0.346 0.308
32024.000 -0.346 0.385
32025.000 -0.346 0.423
32026.000 -0.346 0.462
32027.000 -0.308 -0.500
32028.000 -0.308 -0.462
32029.000 -0.308 -0.423
32030.000 -0.308 -0.385
32031.000 -0.308 -0.346
32032.000 -0.308 -0.308
32033.000 -0.308 -0.269
32034.000 -0.308 -0.231
32035.000 -0.308 -0.192
32036.000 -0.308 -0.154
32037.000 -0.308 -0.115
32038.000 -0.308 -0.077
32039.000 -0.308 -0.038
32040.000 -0.308 0.000
32041.000 -0.308 0.038
32042.000 -0.308 0.077
32043.000 -0.308 0.115
32044.000 -0.308 0.154
32045.000 -0.308 0.192
32046.000 -0.308 0.231
32047.000 -0.308 0.269
32048.000 -0.308 0.308
32049.000 -0.308 0.346
32050.000 -0.308 0.385
32051.000 -0.308 0.423
32052.000 -0.308 0.462
32053.000 -0.269 -0.500
32054.000 -0.269 -0.462
32055.000 -0.269 -0.423
32056.000 -0.269 -0.346
32057.000 -0.269 -0.308
32058.000 -0.269 -0.269
32059.000 -0.269 -0.231
32060.000 -0.269 -0.192
32061.000 -0.269 -0.154
32062.000 -0.269 -0.115
32063.000 -0.269 -0.077
32064.000 -0.269 -0.038
32065.000 -0.269 0.000
32066.000 -0.269 0.038
32067.000 -0.269 0.077
32068.000 -0.269 0.115
32069.000 -0.269 0.154
32070.000 -0.269 0.192
32071.000 -0.269 0.231
32072.000 -0.269 0.269
32073.000 -0.269 0.346
32074.000 -0.269 0.385
32075.000 -0.269 0.423
32076.000 -0.269 0.462
32077.000 -0.231 -0.500
32078.000 -0.231 -0.462
32079.000 -0.231 -0.423
32080.000 -0.231 -0.385
32081.000 -0.231 -0.346
32082.000 -0.231 -0.308
32083.000 -0.231 -0.269
32084.000 -0.231 -0.231
32085.000 -0.231 -0.192
32086.000 -0.231 -0.154
32087.000 -0.231 -0.115
32088.000 -0.231 -0.077
32089.000 -0.231 -0.038
32090.000 -0.231 0.000
32091.000 -0.231 0.038
32092.000 -0.231 0.077
32093.000 -0.231 0.115
32094.000 -0.231 0.192
32095.000 -0.231 0.231
32096.000 -0.231 0.269
32097.000 -0.231 0.308
32098.000 -0.231 0.385
32099.000 -0.231 0.423
32100.000 -0.231 0.462
32101.000 -0.192 -0.500
32102.000 -0.192 -0.462
32103.000 -0.192 -0.423
32104.000 -0.192 -0.385
32105.000 -0.192 -0.346
32106.000 -0.192 -0.308
32107.000 -0.192 -0.269
32108.000 -0.192 -0.231
32109.000 -0.192 -0.192
32110.000 -0.192 -0.154
32111.000 -0.192 -0.115
32112.000 -0.192 -0.077
32113.000 -0.192 -0.038
32114.000 -0.192 0.038
32115.000 -0.192 0.077
32116.000 -0.192 0.115
32117.000 -0.192 0.154
32118.000 -0.192 0.192
32119.000 -0.192 0.231
32120.000 -0.192 0.269
32121.000 -0.192 0.308
32122.000 -0.192 0.346
32123.000 -0.192 0.385
32124.000 -0.192 0.423
32125.000 -0.192 0.462
32126.000 -0.154 -0.500
32127.000 -0.154 -0.462
32128.000 -0.154 -0.423
32129.000 -0.154 -0.385
32130.000 -0.154 -0.308
32131.000 -0.154 -0.269
32132.000 -0.154 -0.231
32133.000 -0.154 -0.192
32134.000 -0.154 -0.154
32135.000 -0.154 -0.115
32136.000 -0.154 -0.077
32137.000 -0.154 -0.038
32138.000 -0.154 0.038
32139.000 -0.154 0.077
32140.000 -0.154 0.115
32141.000 -0.154 0.154
32142.000 -0.154 0.192
32143.000 -0.154 0.231
32144.000 -0.154 0.269
32145.000 -0.154 0.308
32146.000 -0.154 0.346
32147.000 -0.154 0.385
32148.000 -0.154 0.423
32149.000 -0.154 0.462
32150.000 -0.115 -0.500
32151.000 -0.115 -0.462
32152.000 -0.115 -0.423
32153.000 -0.115 -0.385
32154.000 -0.115 -0.346
32155.000 -0.115 -0.308
32156.000 -0.115 -0.231
32157.000 -0.115 -0.192
32158.000 -0.115 -0.154
32159.000 -0.115 -0.115
32160.000 -0.115 -0.077
32161.000 -0.115 -0.038
32162.000 -0.115 0.000
32163.000 -0.115 0.038
32164.000 -0.115 0.077
32165.000 -0.115 0.115
32166.000 -0.115 0.154
32167.000 -0.115 0.192
32168.000 -0.115 0.231
32169.000 -0.115 0.269
32170.000 -0.115 0.308
32171.000 -0.115 0.346
32172.000 -0.115 0.423
32173.000 -0.115 0.462
32174.000 -0.077 -0.462
32175.000 -0.077 -0.385
32176.000 -0.077 -0.346
32177.000 -0.077 -0.269
32178.000 -0.077 -0.231
32179.000 -0.077 -0.192
32180.000 -0.077 -0.154
32181.000 -0.077 -0.115
32182.000 -0.077 -0.038
32183.000 -0.077 0.000
32184.000 -0.077 0.038
32185.000 -0.077 0.077
32186.000 -0.077 0.154
32187.000 -0.077 0.192
32188.000 -0.077 0.231
32189.000 -0.077 0.269
32190.000 -0.077 0.308
32191.000 -0.077 0.346
32192.000 -0.077 0.385
32193.000 -0.077 0.423
32194.000 -0.077 0.462
32195.000 -0.038 -0.500
32196.000 -0.038 -0.423
32197.000 -0.038 -0.385
32198.000 -0.038 -0.346
32199.000 -0.038 -0.308
32200.000 -0.038 -0.269
32201.000 -0.038 -0.231
32202.000 -0.038 -0.192
32203.000 -0.038 -0.115
32204.000 -0.038 -0.077
32205.000 -0.038 -0.038
32206.000 -0.038 0.000
32207.000 -0.038 0.038
32208.000 -0.038 0.077
32209.000 -0.038 0.115
32210.000 -0.038 0.154
32211.000 -0.038 0.192
32212.000 -0.038 0.231
32213.000 -0.038 0.269
32214.000 -0.038 0.346
32215.000 -0.038 0.385
32216.000 -0.038 0.423
32217.000 -0.038 0.462
32218.000 0.000 -0.500
32219.000 0.000 -0.462
32220.000 0.000 -0.423
32221.000 0.000 -0.385
32222.000 0.000 -0.308
32223.000 0.000 -0.269
32224.000 0.000 -0.231
32225.000 0.000 -0.154
32226.000 0.000 -0.115
32227.000 0.000 -0.038
32228.000 0.000 0.000
32229.000 0.000 0.038
32230.000 0.000 0.077
32231.000 0.000 0.115
32232.000 0.000 0.192
32233.000 0.000 0.231
32234.000 0.000 0.269
32235.000 0.000 0.308
32236.000 0.000 0.346
32237.000 0.000 0.385
32238.000 0.000 0.423
32239.000 0.038 -0.500
32240.000 0.038 -0.462
32241.000 0.038 -0.423
32242.000 0.038 -0.385
32243.000 0.038 -0.346
32244.000 0.038 -0.308
32245.000 0.038 -0.269
32246.000 0.038 -0.231
32247.000 0.038 -0.192
32248.000 0.038 -0.154
32249.000 0.038 -0.077
32250.000 0.038 -0.038
32251.000 0.038 0.000
32252.000 0.038 0.038
32253.000 0.038 0.077
32254.000 0.038 0.115
32255.000 0.038 0.154
32256.000 0.038 0.192
32257.000 0.038 0.231
32258.000 0.038 0.269
32259.000 0.038 0.308
32260.000 0.038 0.346
32261.000 0.038 0.385
32262.000 0.038 0.423
32263.000 0.038 0.462
32264.000 0.077 -0.500
32265.000 0.077 -0.462
32266.000 0.077 -0.423
32267.000 0.077 -0.385
32268.000 0.077 -0.346
32269.000 0.077 -0.308
32270.000 0.077 -0.269
32271.000 0.077 -0.231
32272.000 0.077 -0.192
32273.000 0.077 -0.154
32274.000 0.077 -0.115
32275.000 0.077 -0.077
32276.000 0.077 -0.038
32277.000 0.077 0.000
32278.000 0.077 0.038
32279.000 0.077 0.077
32280.000 0.077 0.115
32281.000 0.077 0.154
32282.000 0.077 0.192
32283.000 0.077 0.231
32284.000 0.077 0.269
32285.000 0.077 0.308
32286.000 0.077 0.346
32287.000 0.077 0.385
32288.000 0.077 0.423
32289.000 0.077 0.462
32290.000 0.115 -0.500
32291.000 0.115 -0.462
32292.000 0.115 -0.385
32293.000 0.115 -0.346
32294.000 0.115 -0.308
32295.000 0.115 -0.269
32296.000 0.115 -0.231
32297.000 0.115 -0.192
32298.000 0.115 -0.154
32299.000 0.115 -0.115
32300.000 0.115 -0.077
32301.000 0.115 -0.038
32302.000 0.115 0.000
32303.000 0.115 0.038
32304.000 0.115 0.077
32305.000 0.115 0.115
32306.000 0.115 0.154
32307.000 0.115 0.192
32308.000 0.115 0.231
32309.000 0.115 0.269
32310.000 0.115 0.308
32311.000 0.115 0.346
32312.000 0.115 0.385
32313.000 0.115 0.423
32314.000 0.115 0.462
32315.000 0.154 -0.500
32316.000 0.154 -0.462
32317.000 0.154 -0.423
32318.000 0.154 -0.385
32319.000 0.154 -0.346
32320.000 0.154 -0.308
32321.000 0.154 -0.269
32322.000 0.154 -0.231
32323.000 0.154 -0.192
32324.000 0.154 -0.154
32325.000 0.154 -0.115
32326.000 0.154 -0.077
32327.000 0.154 -0.038
32328.000 0.154 0.000
32329.000 0.154 0.038
32330.000 0.154 0.077
32331.000 0.154 0.115
32332.000 0.154 0.154
32333.000 0.154 0.192
32334.000 0.154 0.231
32335.000 0.154 0.269
32336.000 0.154 0.308
32337.000 0.154 0.346
32338.000 0.154 0.385
32339.000 0.154 0.423
32340.000 0.154 0.462
32341.000 0.192 -0.500
32342.000 0.192 -0.462
32343.000 0.192 -0.423
32344.000 0.192 -0.385
32345.000 0.192 -0.346
32346.000 0.192 -0.269
32347.000 0.192 -0.231
32348.000 0.192 -0.192
32349.000 0.192 -0.154
32350.000 0.192 -0.115
32351.000 0.192 -0.077
32352.000 0.192 -0.038
32353.000 0.192 0.000
32354.000 0.192 0.038
32355.000 0.192 0.077
32356.000 0.192 0.115
32357.000 0.192 0.154
32358.000 0.192 0.192
32359.000 0.192 0.231
32360.000 0.192 0.269
32361.000 0.192 0.308
32362.000 0.192 0.346
32363.000 0.192 0.423
32364.000 0.192 0.462
32365.000 0.231 -0.500
32366.000 0.231 -0.462
32367.000 0.231 -0.423
32368.000 0.231 -0.385
32369.000 0.231 -0.346
32370.000 0.231 -0.308
32371.000 0.231 -0.269
32372.000 0.231 -0.231
32373.000 0.231 -0.192
32374.000 0.231 -0.154
32375.000 0.231 -0.115
32376.000 0.231 -0.077
32377.000 0.231 -0.038
32378.000 0.231 0.000
32379.000 0.231 0.038
32380.000 0.231 0.077
32381.000 0.231 0.115
32382.000 0.231 0.154
32383.000 0.231 0.192
32384.000 0.231 0.231
32385.000 0.231 0.269
32386.000 0.231 0.308
32387.000 0.231 0.346
32388.000 0.231 0.385
32389.000 0.231 0.423
32390.000 0.269 -0.500
32391.000 0.269 -0.462
32392.000 0.269 -0.423
32393.000 0.269 -0.385
32394.000 0.269 -0.346
32395.000 0.269 -0.308
32396.000 0.269 -0.269
32397.000 0.269 -0.231
32398.000 0.269 -0.192
32399.000 0.269 -0.154
32400.000 0.269 -0.115
32401.000 0.269 -0.077
32402.000 0.269 -0.038
32403.000 0.269 0.000
32404.000 0.269 0.038
32405.000 0.269 0.077
32406.000 0.269 0.115
32407.000 0.269 0.154
32408.000 0.269 0.192
32409.000 0.269 0.231
32410.000 0.269 0.269
32411.000 0.269 0.308
32412.000 0.269 0.346
32413.000 0.269 0.385
32414.000 0.269 0.423
32415.000 0.269 0.462
32416.000 0.308 -0.500
32417.000 0.308 -0.462
32418.000 0.308 -0.423
32419.000 0.308 -0.385
32420.000 0.308 -0.346
32421.000 0.308 -0.308
32422.000 0.308 -0.269
32423.000 0.308 -0.231
32424.000 0.308 -0.192
32425.000 0.308 -0.154
32426.000 0.308 -0.115
32427.000 0.308 -0.077
32428.000 0.308 -0.038
32429.000 0.308 0.077
32430.000 0.308 0.115
32431.000 0.308 0.154
32432.000 0.308 0.192
32433.000 0.308 0.231
32434.000 0.308 0.308
32435.000 0.308 0.346
32436.000 0.308 0.385
32437.000 0.308 0.423
32438.000 0.308 0.462
32439.000 0.346 -0.500
32440.000 0.346 -0.462
32441.000 0.346 -0.423
32442.000 0.346 -0.385
32443.000 0.346 -0.346
32444.000 0.346 -0.308
32445.000 0.346 -0.269
32446.000 0.346 -0.231
32447.000 0.346 -0.192
32448.000 0.346 -0.154
32449.000 0.346 -0.115
32450.000 0.346 -0.077
32451.000 0.346 -0.038
32452.000 0.346 0.000
32453.000 0.346 0.038
32454.000 0.346 0.077
32455.000 0.346 0.115
32456.000 0.346 0.154
32457.000 0.346 0.192
32458.000 0.346 0.231
32459.000 0.346 0.269
32460.000 0.346 0.308
32461.000 0.346 0.346
32462.000 0.346 0.385
32463.000 0.346 0.423
32464.000 0.346 0.462
32465.000 0.385 -0.462
32466.000 0.385 -0.423
32467.000 0.385 -0.346
32468.000 0.385 -0.308
32469.000 0.385 -0.269
32470.000 0.385 -0.231
32471.000 0.385 -0.192
32472.000 0.385 -0.115
32473.000 0.385 -0.077
32474.000 0.385 -0.038
32475.000 0.385 0.000
32476.000 0.385 0.038
32477.000 0.385 0.077
32478.000 0.385 0.115
32479.000 0.385 0.154
32480.000 0.385 0.192
32481.000 0.385 0.231
32482.000 0.385 0.269
32483.000 0.385 0.308
32484.000 0.385 0.385
32485.000 0.385 0.423
32486.000 0.385 0.462
32487.000 0.423 -0.500
32488.000 0.423 -0.462
32489.000 0.423 -0.423
32490.000 0.423 -0.385
32491.000 0.423 -0.346
32492.000 0.423 -0.308
32493.000 0.423 -0.231
32494.000 0.423 -0.192
32495.000 0.423 -0.154
32496.000 0.423 -0.115
32497.000 0.423 -0.077
32498.000 0.423 -0.038
32499.000 0.423 0.000
32500.000 0.423 0.077
32501.000 0.423 0.115
32502.000 0.423 0.192
32503.000 0.423 0.231
32504.000 0.423 0.269
32505.000 0.423 0.308
32506.000 0.423 0.346
32507.000 0.423 0.385
32508.000 0.423 0.423
32509.000 0.423 0.462
32510.000 0.462 -0.500
32511.000 0.462 -0.462
32512.000 0.462 -0.423
32513.000 0.462 -0.385
32514.000 0.462 -0.346
32515.000 0.462 -0.308
32516.000 0.462 -0.269
32517.000 0.462 -0.231
32518.000 0.462 -0.192
32519.000 0.462 -0.154
32520.000 0.462 -0.115
32521.000 0.462 -0.077
32522.000 0.462 -0.038
32523.000 0.462 0.000
32524.000 0.462 0.038
32525.000 0.462 0.077
32526.000 0.462 0.115
32527.000 0.462 0.154
32528.000 0.462 0.192
32529.000 0.462 0.231
32530.000 0.462 0.269
32531.000 0.462 0.308
32532.000 0.462 0.346
32533.000 0.462 0.385
32534.000 0.462 0.423
32535.000 0.462 0.462
