32935.000 -0.400 -0.400 0.413
32936.000 -0.400 -0.331 0.256
32937.000 -0.400 -0.262 0.295
32938.000 -0.400 -0.192 0.226
32939.000 -0.400 -0.123 0.274
32940.000 -0.400 -0.054 0.074
32941.000 -0.400 0.015 0.472
32942.000 -0.400 0.085 0.490
32943.000 -0.400 0.154 0.259
32944.000 -0.400 0.223 0.183
32945.000 -0.400 0.292 0.267
32946.000 -0.400 0.362 0.378
32947.000 -0.400 0.431 0.353
32948.000 -0.331 -0.400 0.257
32949.000 -0.331 -0.331 0.165
32950.000 -0.331 -0.262 0.306
32951.000 -0.331 -0.192 0.180
32952.000 -0.331 -0.123 0.047
32953.000 -0.331 -0.054 0.366
32954.000 -0.331 0.015 0.010
32955.000 -0.331 0.085 0.117
32956.000 -0.331 0.154 0.032
32957.000 -0.331 0.223 0.325
32958.000 -0.331 0.292 0.323
32959.000 -0.331 0.362 0.165
32960.000 -0.331 0.431 0.009
32961.000 -0.262 -0.400 0.464
32962.000 -0.262 -0.331 0.057
32963.000 -0.262 -0.262 0.351
32964.000 -0.262 -0.192 0.123
32965.000 -0.262 -0.123 0.376
32966.000 -0.262 -0.054 0.009
32967.000 -0.262 0.015 0.215
32968.000 -0.262 0.085 0.212
32969.000 -0.262 0.154 0.312
32970.000 -0.262 0.223 0.122
32971.000 -0.262 0.292 0.276
32972.000 -0.262 0.362 0.297
32973.000 -0.262 0.431 0.110
32974.000 -0.192 -0.400 0.269
32975.000 -0.192 -0.331 0.200
32976.000 -0.192 -0.262 0.067
32977.000 -0.192 -0.192 0.412
32978.000 -0.192 -0.123 0.499
32979.000 -0.192 -0.054 0.091
32980.000 -0.192 0.015 0.246
32981.000 -0.192 0.085 0.109
32982.000 -0.192 0.154 0.040
32983.000 -0.192 0.223 0.061
32984.000 -0.192 0.292 0.009
32985.000 -0.192 0.362 0.183
32986.000 -0.192 0.431 0.355
32987.000 -0.123 -0.400 0.451
32988.000 -0.123 -0.331 0.247
32989.000 -0.123 -0.262 0.033
32990.000 -0.123 -0.192 0.141
32991.000 -0.123 -0.123 0.430
32992.000 -0.123 -0.054 0.194
32993.000 -0.123 0.015 0.357
32994.000 -0.123 0.085 0.227
32995.000 -0.123 0.154 0.485
32996.000 -0.123 0.223 0.172
32997.000 -0.123 0.292 0.228
32998.000 -0.123 0.362 0.344
32999.000 -0.123 0.431 0.139
33000.000 -0.054 -0.400 0.265
33001.000 -0.054 -0.331 0.288
33002.000 -0.054 -0.262 0.412
33003.000 -0.054 -0.192 0.148
33004.000 -0.054 -0.123 0.042
33005.000 -0.054 -0.054 0.130
33006.000 -0.054 0.015 0.019
33007.000 -0.054 0.085 0.379
33008.000 -0.054 0.154 0.179
33009.000 -0.054 0.223 0.420
33010.000 -0.054 0.292 0.455
33011.000 -0.054 0.362 0.436
33012.000 -0.054 0.431 0.370
33013.000 0.015 -0.400 0.190
33014.000 0.015 -0.331 0.019
33015.000 0.015 -0.262 0.255
33016.000 0.015 -0.192 0.236
33017.000 0.015 -0.123 0.203
33018.000 0.015 -0.054 0.152
33019.000 0.015 0.015 0.307
33020.000 0.015 0.085 0.442
33021.000 0.015 0.154 0.222
33022.000 0.015 0.223 0.280
33023.000 0.015 0.292 0.026
33024.000 0.015 0.362 0.300
33025.000 0.015 0.431 0.046
33026.000 0.085 -0.400 0.009
33027.000 0.085 -0.331 0.235
33028.000 0.085 -0.262 0.389
33029.000 0.085 -0.192 0.145
33030.000 0.085 -0.123 0.442
33031.000 0.085 -0.054 0.209
33032.000 0.085 0.015 0.435
33033.000 0.085 0.085 0.390
33034.000 0.085 0.154 0.129
33035.000 0.085 0.223 0.089
33036.000 0.085 0.292 0.438
33037.000 0.085 0.362 0.351
33038.000 0.085 0.431 0.086
33039.000 0.154 -0.400 0.350
33040.000 0.154 -0.331 0.007
33041.000 0.154 -0.262 0.105
33042.000 0.154 -0.123 0.137
33043.000 0.154 -0.054 0.430
33044.000 0.154 0.015 0.094
33045.000 0.154 0.085 0.215
33046.000 0.154 0.154 0.110
33047.000 0.154 0.223 0.181
33048.000 0.154 0.292 0.328
33049.000 0.154 0.362 0.124
33050.000 0.154 0.431 0.107
33051.000 0.223 -0.400 0.097
33052.000 0.223 -0.331 0.088
33053.000 0.223 -0.262 0.421
33054.000 0.223 -0.192 0.125
33055.000 0.223 -0.123 0.045
33056.000 0.223 -0.054 0.433
33057.000 0.223 0.015 0.350
33058.000 0.223 0.085 0.209
33059.000 0.223 0.154 0.308
33060.000 0.223 0.223 0.220
33061.000 0.223 0.292 0.433
33062.000 0.223 0.362 0.153
33063.000 0.223 0.431 0.319
33064.000 0.292 -0.400 0.129
33065.000 0.292 -0.331 0.020
33066.000 0.292 -0.262 0.436
33067.000 0.292 -0.192 0.498
33068.000 0.292 -0.123 0.395
33069.000 0.292 -0.054 0.376
33070.000 0.292 0.015 0.191
33071.000 0.292 0.085 0.195
33072.000 0.292 0.154 0.025
33073.000 0.292 0.223 0.426
33074.000 0.292 0.292 0.109
33075.000 0.292 0.362 0.201
33076.000 0.292 0.431 0.065
33077.000 0.362 -0.400 0.464
33078.000 0.362 -0.331 0.144
33079.000 0.362 -0.262 0.225
33080.000 0.362 -0.192 0.226
33081.000 0.362 -0.123 0.213
33082.000 0.362 -0.054 0.365
33083.000 0.362 0.015 0.036
33084.000 0.362 0.085 0.293
33085.000 0.362 0.154 0.389
33086.000 0.362 0.223 0.197
33087.000 0.362 0.292 0.424
33088.000 0.362 0.362 0.405
33089.000 0.362 0.431 0.187
33090.000 0.431 -0.400 0.096
33091.000 0.431 -0.331 0.250
33092.000 0.431 -0.262 0.427
33093.000 0.431 -0.192 0.078
33094.000 0.431 -0.123 0.480
33095.000 0.431 -0.054 0.044
33096.000 0.431 0.015 0.301
33097.000 0.431 0.085 0.235
33098.000 0.431 0.154 0.027
33099.000 0.431 0.223 0.065
33100.000 0.431 0.292 0.389
33101.000 0.431 0.362 0.046
33102.000 0.431 0.431 0.002
