0.0013717421124828533 0.16459197786998617 0.06313497822931785 0.0 0.0
0.0006858710562414267 0.18049792531120332 0.06240928882438317 0.0006711409395973154 0.0007012622720897616
0.0006858710562414267 0.1230982019363762 0.05152394775036284 0.0 0.0
0.0006858710562414267 0.1479944674965422 0.06966618287373004 0.0 0.0
0.0027434842249657067 0.16804979253112032 0.05878084179970972 0.0 0.0
0.0013717421124828533 0.13485477178423236 0.07184325108853411 0.0013422818791946308 0.0007012622720897616
0.0013717421124828533 0.21023513139695713 0.0899854862119013 0.0 0.0
0.0013717421124828533 0.14730290456431536 0.06821480406386067 0.0006711409395973154 0.0
0.0 0.15214384508990317 0.055152394775036286 0.0 0.0
0.0 0.14730290456431536 0.06531204644412192 0.0 0.0
0.0006858710562414267 0.17704011065006917 0.06313497822931785 0.0 0.0007012622720897616
0.0006858710562414267 0.17842323651452283 0.07764876632801161 0.0013422818791946308 0.0
0.0013717421124828533 0.16597510373443983 0.06095791001451379 0.0013422818791946308 0.0007012622720897616
0.0013717421124828533 0.165283540802213 0.06386066763425255 0.0 0.0
0.0006858710562414267 0.16182572614107885 0.06386066763425255 0.0 0.0
0.00205761316872428 0.16044260027662519 0.07692307692307693 0.0 0.0
0.00205761316872428 0.16943291839557398 0.06676342525399129 0.0006711409395973154 0.0
0.0013717421124828533 0.16390041493775934 0.07039187227866472 0.0 0.0
0.0006858710562414267 0.16459197786998617 0.07547169811320756 0.0 0.0
0.0006858710562414267 0.16251728907330568 0.059506531204644414 0.0 0.0
0.0006858710562414267 0.17219917012448133 0.06095791001451379 0.0 0.0
0.0006858710562414267 0.1715076071922545 0.07256894049346879 0.0 0.0
0.0006858710562414267 0.19917012448132781 0.07402031930333818 0.0006711409395973154 0.0
0.0006858710562414267 0.17427385892116184 0.07402031930333818 0.0 0.0
0.0 0.1970954356846473 0.07982583454281568 0.0 0.0
0.0013717421124828533 0.18049792531120332 0.07111756168359941 0.0 0.0007012622720897616
0.0 0.18810511756569848 0.06095791001451379 0.0 0.0007012622720897616
0.0013717421124828533 0.2012448132780083 0.06748911465892599 0.0 0.0
0.0006858710562414267 0.1798063623789765 0.0849056603773585 0.0 0.0
0.0006858710562414267 0.19571230982019364 0.08925979680696662 0.0013422818791946308 0.0
0.0 0.17842323651452283 0.07474600870827286 0.0 0.0
0.0 0.18603042876901799 0.06966618287373004 0.0 0.0
0.00205761316872428 0.17911479944674966 0.07982583454281568 0.0013422818791946308 0.0
0.0006858710562414267 0.21023513139695713 0.06966618287373004 0.0 0.0
0.0013717421124828533 0.19640387275242047 0.09651669085631351 0.0 0.0
0.0006858710562414267 0.18948824343015214 0.07111756168359941 0.0006711409395973154 0.0
0.0013717421124828533 0.23029045643153528 0.06966618287373004 0.0 0.0
0.0006858710562414267 0.23720608575380359 0.09216255442670537 0.0006711409395973154 0.0
0.0006858710562414267 0.2157676348547718 0.10014513788098695 0.0006711409395973154 0.0
0.0006858710562414267 0.21230982019363764 0.0783744557329463 0.0006711409395973154 0.0
0.00205761316872428 0.20746887966804978 0.07474600870827286 0.0 0.0
0.0013717421124828533 0.22199170124481327 0.08055152394775036 0.0 0.001402524544179523
0.0006858710562414267 0.23651452282157676 0.08780841799709725 0.0 0.0
0.0006858710562414267 0.22821576763485477 0.0849056603773585 0.0006711409395973154 0.0
0.0006858710562414267 0.2330567081604426 0.08127721335268505 0.0006711409395973154 0.0
0.0 0.22752420470262794 0.09216255442670537 0.0006711409395973154 0.0
0.0006858710562414267 0.2206085753803596 0.07982583454281568 0.0006711409395973154 0.0
0.0027434842249657067 0.28492392807745504 0.1088534107402032 0.0 0.0
0.0013717421124828533 0.24827109266943295 0.08127721335268505 0.0006711409395973154 0.0
0.0 0.21645919778699863 0.09288824383164006 0.0 0.0
0.00205761316872428 0.26625172890733056 0.10087082728592163 0.0006711409395973154 0.0
0.003429355281207133 0.31258644536652835 0.08563134978229318 0.0006711409395973154 0.0
0.0 0.26556016597510373 0.10522496371552975 0.0 0.0
0.0 0.26348547717842324 0.0834542815674891 0.0006711409395973154 0.0
0.0 0.3229598893499308 0.1269956458635704 0.0006711409395973154 0.0
0.0006858710562414267 0.28284923928077454 0.12409288824383163 0.0 0.0
0.0013717421124828533 0.2918395573997234 0.09724238026124819 0.0 0.0
0.0013717421124828533 0.35408022130013833 0.1320754716981132 0.0006711409395973154 0.0
0.0013717421124828533 0.3312586445366529 0.12336719883889694 0.0006711409395973154 0.0
0.0027434842249657067 0.3582295988934993 0.11248185776487664 0.0 0.0
0.0013717421124828533 0.36168741355463346 0.12481857764876635 0.0 0.0
0.0 0.32918395573997233 0.12264150943396226 0.0006711409395973154 0.0
0.0006858710562414267 0.3506224066390041 0.14078374455732945 0.0006711409395973154 0.0
0.0006858710562414267 0.3582295988934993 0.13280116110304788 0.0 0.0
0.0006858710562414267 0.351313969571231 0.1313497822931785 0.0 0.0
0.0006858710562414267 0.343015214384509 0.11973875181422351 0.0 0.0
0.0006858710562414267 0.3727524204702628 0.14513788098693758 0.0006711409395973154 0.0
0.0013717421124828533 0.37136929460580914 0.125544267053701 0.0006711409395973154 0.0007012622720897616
0.0006858710562414267 0.3990318118948824 0.11465892597968069 0.0 0.0
0.0006858710562414267 0.40041493775933606 0.14150943396226415 0.0013422818791946308 0.0
0.0006858710562414267 0.4308437067773167 0.13642960812772134 0.0 0.0
0.0006858710562414267 0.3948824343015214 0.15239477503628449 0.0013422818791946308 0.0
0.0006858710562414267 0.4495159059474412 0.1444121915820029 0.0 0.0
0.0027434842249657067 0.43775933609958506 0.16182873730043543 0.0 0.0
0.0 0.4315352697095436 0.1560232220609579 0.0 0.0
0.0006858710562414267 0.44329183955739976 0.1669085631349782 0.0 0.0
0.0 0.4211618257261411 0.14150943396226415 0.0006711409395973154 0.0
0.0 0.4391424619640388 0.16110304789550073 0.0 0.0
0.0 0.46403872752420466 0.17126269956458637 0.0 0.0
0.0013717421124828533 0.4827109266943292 0.1560232220609579 0.0 0.0
0.0006858710562414267 0.49446749654218536 0.17271407837445574 0.0 0.0
0.0 0.5380359612724758 0.169811320754717 0.0 0.0
0.0 0.49377593360995853 0.17198838896952104 0.0 0.0
0.0006858710562414267 0.48824343015214383 0.17053701015965167 0.0006711409395973154 0.0
0.0027434842249657067 0.5961272475795297 0.17779390420899854 0.0 0.0
0.0006858710562414267 0.5304287690179806 0.17634252539912917 0.0 0.0
0.0013717421124828533 0.582295988934993 0.22423802612481858 0.0006711409395973154 0.0
0.0 0.5511756569847855 0.19085631349782292 0.0 0.0
0.0 0.6410788381742738 0.23004354136429608 0.0006711409395973154 0.0
0.0013717421124828533 0.6051175656984786 0.1981132075471698 0.0006711409395973154 0.0
0.0013717421124828533 0.6362378976486861 0.21335268505079824 0.0 0.0
0.0 0.6535269709543569 0.23875181422351233 0.0 0.0
0.0 0.6604426002766252 0.22859216255442671 0.0006711409395973154 0.0
0.0 0.6756569847856155 0.23875181422351233 0.0 0.0
0.0006858710562414267 0.6376210235131397 0.23367198838896952 0.0 0.0
0.0 0.6590594744121715 0.26560232220609575 0.0 0.0
0.00205761316872428 0.6556016597510373 0.24818577648766327 0.0006711409395973154 0.0
0.0013717421124828533 0.6881051175656985 0.248911465892598 0.0 0.0
0.0 0.6749654218533886 0.2757619738751814 0.0006711409395973154 0.0
0.0006858710562414267 0.7551867219917012 0.25834542815674894 0.0006711409395973154 0.0
0.0006858710562414267 0.7219917012448133 0.2641509433962264 0.002013422818791946 0.0007012622720897616
0.0 0.051867219917012444 0.0021770682148040637 0.0 0.0
0.0 0.05532503457814661 0.0050798258345428155 0.0 0.0
0.0 0.05394190871369295 0.0021770682148040637 0.0 0.0
0.0 0.048409405255878286 0.006531204644412192 0.0 0.0
0.0013717421124828533 0.7565698478561549 0.2612481857764877 0.0013422818791946308 0.0
0.0 0.0636237897648686 0.001451378809869376 0.0 0.0
0.0 0.04910096818810512 0.00362844702467344 0.0006711409395973154 0.0
0.0 0.058782849239280774 0.00362844702467344 0.0 0.0
0.0 0.05601659751037344 0.002902757619738752 0.0 0.0
0.0 0.5698478561549101 0.40566037735849053 0.0006711409395973154 0.0
0.0 0.04910096818810512 0.0043541364296081275 0.0 0.0007012622720897616
0.0 0.050484094052558784 0.0043541364296081275 0.0 0.0
0.0 0.050484094052558784 0.001451378809869376 0.0006711409395973154 0.0
0.0 0.05394190871369295 0.001451378809869376 0.0 0.0
0.0027434842249657067 0.7538035961272476 0.2619738751814224 0.0 0.0
0.0 0.042876901798063624 0.002902757619738752 0.0 0.0
0.0 0.04702627939142462 0.0021770682148040637 0.0 0.0
0.0 0.05255878284923928 0.00362844702467344 0.0 0.0
0.0 0.05325034578146612 0.000725689404934688 0.0 0.0007012622720897616
0.0 0.5373443983402489 0.3584905660377358 0.0006711409395973154 0.0
0.0 0.04771784232365145 0.002902757619738752 0.0 0.0
0.0 0.04356846473029046 0.0021770682148040637 0.0 0.0
0.0 0.04426002766251729 0.0043541364296081275 0.0 0.0
0.0 0.048409405255878286 0.001451378809869376 0.0013422818791946308 0.0007012622720897616
0.0 0.04495159059474412 0.00725689404934688 0.0 0.0007012622720897616
0.0 0.058091286307053944 0.002902757619738752 0.0 0.0
0.0 0.05463347164591978 0.001451378809869376 0.0 0.0
0.0 0.050484094052558784 0.000725689404934688 0.0 0.0
0.0 0.05325034578146612 0.00362844702467344 0.0006711409395973154 0.0
0.0 0.04080221300138313 0.0021770682148040637 0.0 0.0
0.0 0.5394190871369294 0.3722786647314949 0.0013422818791946308 0.0
0.0 0.5387275242047027 0.3751814223512337 0.002013422818791946 0.0
0.0 0.5359612724757954 0.3904208998548621 0.0 0.0
0.0 0.5525587828492393 0.3918722786647315 0.0006711409395973154 0.0
0.0013717421124828533 0.5401106500691563 0.38171262699564584 0.002013422818791946 0.0
0.0013717421124828533 0.5656984785615491 0.38679245283018865 0.0 0.0
0.0006858710562414267 0.5601659751037344 0.36937590711175616 0.0 0.0
0.0 0.5518672199170125 0.3991291727140784 0.0006711409395973154 0.0007012622720897616
0.0013717421124828533 0.54149377593361 0.42525399129172714 0.0 0.0007012622720897616
0.0006858710562414267 0.5567081604426002 0.37953555878084183 0.0026845637583892616 0.0
0.0013717421124828533 0.5691562932226832 0.41364296081277213 0.0006711409395973154 0.0
0.0 0.5408022130013831 0.3955007256894049 0.0006711409395973154 0.0
0.0006858710562414267 0.5380359612724758 0.43904208998548616 0.0 0.0
0.0013717421124828533 0.5477178423236515 0.3657474600870827 0.0013422818791946308 0.0
0.0 0.5553250345781466 0.40783744557329465 0.0006711409395973154 0.0
0.0 0.5511756569847855 0.41799709724238027 0.0 0.0
0.0006858710562414267 0.5656984785615491 0.4085631349782293 0.0006711409395973154 0.0
0.0006858710562414267 0.5615491009681881 0.4223512336719884 0.0006711409395973154 0.0
0.0006858710562414267 0.558091286307054 0.45210449927431057 0.003355704697986577 0.0
0.0006858710562414267 0.5235131396957123 0.44702467343976776 0.0006711409395973154 0.0
0.0006858710562414267 0.5089903181189488 0.42017416545718433 0.0 0.0
0.0 0.5138312586445366 0.41872278664731494 0.0 0.0
0.0006858710562414267 0.5366528354080221 0.4760522496371553 0.002013422818791946 0.0
0.0 0.5435684647302904 0.45718432510885343 0.0006711409395973154 0.0
0.0006858710562414267 0.5663900414937759 0.5130624092888244 0.0006711409395973154 0.0
0.0 0.5511756569847855 0.5188679245283019 0.002013422818791946 0.0
0.0006858710562414267 0.5615491009681881 0.5137880986937591 0.0 0.0
0.0006858710562414267 0.5594744121715075 0.5493468795355588 0.0 0.0007012622720897616
0.0013717421124828533 0.5843706777316736 0.6088534107402032 0.0013422818791946308 0.0
0.0 0.5380359612724758 0.567489114658926 0.0006711409395973154 0.0
0.0 0.5760719225449517 0.6226415094339623 0.0006711409395973154 0.0
0.0 0.5179806362378977 0.6204644412191581 0.002013422818791946 0.0
0.0 0.573997233748271 0.6465892597968069 0.0 0.0
0.0 0.5269709543568465 0.6436865021770682 0.0 0.0
0.0 0.5463347164591978 0.6509433962264152 0.0013422818791946308 0.0
0.00205761316872428 0.5532503457814661 0.751088534107402 0.0013422818791946308 0.0
0.0 0.5650069156293223 0.8178519593613933 0.0006711409395973154 0.0
0.0 0.5940525587828492 0.8062409288824384 0.0013422818791946308 0.0
0.0013717421124828533 0.5186721991701245 0.7924528301886792 0.0013422818791946308 0.0
0.0013717421124828533 0.5850622406639004 0.8584905660377359 0.0 0.0
0.0006858710562414267 0.5719225449515906 0.9513788098693758 0.0006711409395973154 0.0
0.0 0.5297372060857538 0.9724238026124818 0.0013422818791946308 0.0007012622720897616
0.0006858710562414267 0.5408022130013831 0.9898403483309143 0.0006711409395973154 0.0
0.0 0.5843706777316736 1.0065312046444124 0.0013422818791946308 0.0
0.0006858710562414267 0.582295988934993 1.1110304789550072 0.0013422818791946308 0.0
0.0 0.5677731673582297 1.1502177068214805 0.0006711409395973154 0.0
0.0 0.5477178423236515 1.2351233671988389 0.0 0.0
0.0006858710562414267 0.54149377593361 1.2612481857764877 0.0006711409395973154 0.0
0.0 0.5746887966804979 1.355587808417997 0.0006711409395973154 0.0
0.0 0.5733056708160443 1.4564586357039186 0.0006711409395973154 0.0
0.0 0.5802213001383125 1.5058055152394774 0.0006711409395973154 0.0007012622720897616
0.0006858710562414267 0.5802213001383125 1.5428156748911466 0.0006711409395973154 0.0
0.0 0.6154910096818811 1.640058055152395 0.0006711409395973154 0.0
0.0006858710562414267 0.632088520055325 1.759796806966618 0.0013422818791946308 0.0
0.0013717421124828533 0.5829875518672198 1.7416545718432512 0.0013422818791946308 0.0
0.0006858710562414267 0.5802213001383125 1.8076923076923077 0.0006711409395973154 0.0
0.0 0.5899031811894883 1.9433962264150944 0.0006711409395973154 0.0
0.0 0.6147994467496543 2.0384615384615383 0.0013422818791946308 0.0
0.0006858710562414267 0.6230982019363762 2.1008708272859216 0.0006711409395973154 0.0
0.0006858710562414267 0.6514522821576763 2.3033381712626997 0.002013422818791946 0.0
0.0 0.6369294605809128 2.230769230769231 0.0006711409395973154 0.0007012622720897616
0.0006858710562414267 0.6604426002766252 2.283018867924528 0.0026845637583892616 0.0
0.0 0.6936376210235131 2.4426705370101596 0.0013422818791946308 0.0007012622720897616
0.0006858710562414267 0.6908713692946058 2.4825834542815675 0.0006711409395973154 0.0
0.0006858710562414267 0.7047026279391425 2.527576197387518 0.0 0.0
0.0006858710562414267 0.6957123098201936 2.60522496371553 0.0013422818791946308 0.0
0.0 0.7240663900414938 2.7264150943396226 0.0 0.0
0.0 0.7323651452282157 2.8918722786647315 0.0 0.0
0.0006858710562414267 0.7378976486860304 3.007256894049347 0.0006711409395973154 0.0
0.0 0.7358229598893499 3.030478955007257 0.002013422818791946 0.0
0.0 0.780774550484094 3.1240928882438315 0.002013422818791946 0.0
0.0 0.7973720608575381 3.2605224963715527 0.0013422818791946308 0.0
0.0 0.8264177040110651 3.2082728592162555 0.0006711409395973154 0.0
0.0 0.7863070539419088 3.3243831640058055 0.0 0.0
0.0 0.8146611341632088 3.4245283018867925 0.0 0.0
0.0 0.80567081604426 3.5130624092888247 0.0006711409395973154 0.0
0.0 0.818118948824343 3.6226415094339623 0.0006711409395973154 0.0
0.0006858710562414267 0.8748271092669433 3.7039187227866472 0.0006711409395973154 0.0
0.0 0.8983402489626556 3.8447024673439767 0.0013422818791946308 0.0
0.0 0.8990318118948823 3.982583454281568 0.0 0.0
0.0006858710562414267 0.8831258644536653 3.984034833091437 0.0 0.0007012622720897616
0.0 0.9183955739972338 4.1589259796806965 0.0013422818791946308 0.0
0.0 0.9633471645919779 4.193759071117562 0.002013422818791946 0.0
0.0 0.954356846473029 4.261248185776488 0.0 0.0
0.0006858710562414267 0.9716459197786999 4.344702467343977 0.0006711409395973154 0.0
0.0006858710562414267 0.9854771784232365 4.590711175616836 0.0 0.0
0.0 0.9771784232365146 4.535558780841799 0.0006711409395973154 0.0
0.0 1.0380359612724757 4.687953555878084 0.002013422818791946 0.0
0.0 1.0477178423236515 4.890420899854862 0.0006711409395973154 0.0
0.0006858710562414267 1.1085753803596128 4.87155297532656 0.0006711409395973154 0.0007012622720897616
0.0013717421124828533 1.1265560165975104 5.096516690856314 0.0006711409395973154 0.0
0.0013717421124828533 1.0885200553250347 5.072568940493469 0.002013422818791946 0.0007012622720897616
0.0006858710562414267 1.1500691562932226 5.187227866473149 0.0 0.0
0.0 1.1051175656984786 5.261973875181423 0.0 0.0
0.0 1.1327800829875518 5.380261248185777 0.0006711409395973154 0.0
0.0006858710562414267 1.197786998616874 5.515239477503629 0.0 0.0007012622720897616
0.0013717421124828533 1.2337482710926693 5.5921625544267055 0.0006711409395973154 0.0
0.0 1.2434301521438451 5.702467343976778 0.0 0.0
0.0 1.2282157676348546 5.566763425253992 0.0006711409395973154 0.0
