11.142857142857144 20.142857142857142 17.06451612903226 9.964285714285714 8.692307692307692
10.964285714285715 19.17857142857143 15.903225806451614 8.464285714285714 9.192307692307692
10.285714285714285 19.357142857142858 16.064516129032256 10.071428571428571 9.0
10.678571428571427 19.857142857142858 17.741935483870968 9.357142857142858 9.5
10.25 19.0 17.903225806451612 9.357142857142858 8.384615384615385
9.785714285714286 20.75 16.870967741935484 9.785714285714286 9.461538461538462
9.964285714285714 19.321428571428573 17.774193548387096 10.571428571428571 9.961538461538462
10.392857142857142 18.571428571428573 18.870967741935484 9.178571428571429 9.26923076923077
10.178571428571429 18.892857142857142 17.93548387096774 10.535714285714285 7.461538461538462
12.964285714285715 19.75 16.193548387096772 9.035714285714286 8.730769230769232
9.535714285714286 18.107142857142858 17.870967741935484 9.357142857142858 8.153846153846153
10.75 19.464285714285715 15.419354838709678 9.642857142857142 9.576923076923077
9.714285714285714 19.285714285714285 15.61290322580645 9.464285714285715 9.692307692307693
11.285714285714286 18.785714285714285 16.935483870967744 9.107142857142858 9.692307692307693
10.75 19.285714285714285 16.41935483870968 10.107142857142858 8.615384615384615
10.392857142857142 20.57142857142857 17.516129032258068 10.428571428571429 10.038461538461538
9.821428571428571 20.107142857142858 19.516129032258064 9.75 9.076923076923077
9.964285714285714 18.75 17.580645161290324 8.821428571428573 9.384615384615385
10.25 19.464285714285715 17.0 9.821428571428571 8.884615384615385
10.571428571428571 19.785714285714285 17.193548387096776 9.75 10.807692307692308
11.607142857142858 19.714285714285715 16.516129032258064 9.5 9.307692307692308
10.892857142857144 19.928571428571427 17.64516129032258 9.785714285714286 9.884615384615383
10.678571428571427 19.107142857142858 17.32258064516129 10.928571428571429 9.307692307692308
10.678571428571427 18.5 17.548387096774196 10.25 10.576923076923077
9.428571428571429 18.785714285714285 16.64516129032258 10.642857142857142 9.038461538461538
10.464285714285714 20.035714285714285 17.0 10.25 9.384615384615385
10.892857142857144 20.0 16.741935483870968 9.464285714285715 10.576923076923077
9.75 18.03571428571429 16.161290322580644 8.964285714285715 10.115384615384615
10.535714285714285 19.785714285714285 16.258064516129032 10.392857142857142 9.653846153846153
11.285714285714286 18.42857142857143 16.935483870967744 10.678571428571427 8.884615384615385
10.964285714285715 17.857142857142858 16.935483870967744 10.892857142857144 11.076923076923077
10.107142857142858 18.214285714285715 17.483870967741932 10.107142857142858 10.307692307692308
10.321428571428571 18.25 17.29032258064516 9.571428571428571 8.884615384615385
11.178571428571429 20.32142857142857 16.870967741935484 10.571428571428571 10.038461538461538
10.75 20.82142857142857 16.903225806451612 10.25 8.692307692307692
10.75 18.357142857142858 17.225806451612904 10.714285714285714 9.923076923076923
10.464285714285714 17.357142857142854 17.870967741935484 8.928571428571429 9.192307692307692
11.821428571428571 19.82142857142857 17.387096774193548 9.035714285714286 9.153846153846153
10.357142857142856 17.0 16.806451612903224 9.107142857142858 10.153846153846153
10.25 19.964285714285715 15.580645161290322 8.571428571428571 10.461538461538462
9.964285714285714 20.07142857142857 16.096774193548388 9.607142857142858 9.884615384615383
10.714285714285714 19.892857142857142 16.580645161290324 9.535714285714286 9.884615384615383
9.571428571428571 17.892857142857146 17.35483870967742 10.285714285714285 10.576923076923077
11.357142857142858 19.678571428571427 16.806451612903224 9.392857142857142 9.73076923076923
9.071428571428571 19.857142857142858 17.741935483870968 10.428571428571429 8.692307692307692
10.214285714285714 21.357142857142854 16.0 9.607142857142858 8.961538461538462
10.0 20.142857142857142 15.935483870967742 11.25 8.653846153846155
10.928571428571429 18.857142857142858 15.903225806451614 8.714285714285714 8.653846153846155
11.178571428571429 17.535714285714285 16.870967741935484 9.607142857142858 8.192307692307692
10.357142857142856 18.92857142857143 16.483870967741936 9.142857142857144 9.461538461538462
10.428571428571429 20.07142857142857 17.06451612903226 9.035714285714286 9.192307692307692
11.928571428571429 18.42857142857143 16.903225806451612 9.821428571428571 9.384615384615385
10.25 18.42857142857143 15.258064516129032 10.642857142857142 9.423076923076923
9.928571428571429 18.857142857142858 16.903225806451612 9.857142857142858 10.423076923076923
10.892857142857144 18.42857142857143 16.29032258064516 10.535714285714285 9.423076923076923
11.142857142857144 19.321428571428573 16.129032258064516 10.107142857142858 10.076923076923077
9.214285714285715 18.571428571428573 18.387096774193548 10.428571428571429 8.076923076923077
9.678571428571429 19.75 17.64516129032258 9.678571428571429 8.846153846153845
10.357142857142856 19.607142857142858 16.806451612903224 10.0 8.730769230769232
10.035714285714285 20.214285714285715 16.29032258064516 9.857142857142858 8.384615384615385
10.75 18.321428571428573 16.903225806451612 9.428571428571429 8.769230769230768
10.357142857142856 19.535714285714285 17.903225806451612 9.464285714285715 10.26923076923077
10.107142857142858 18.642857142857142 17.93548387096774 9.607142857142858 9.692307692307693
11.0 19.678571428571427 16.41935483870968 9.178571428571429 9.461538461538462
11.535714285714286 19.214285714285715 16.032258064516128 9.714285714285714 9.884615384615383
9.607142857142858 20.0 15.967741935483872 9.857142857142858 7.846153846153847
10.428571428571429 18.571428571428573 15.548387096774194 9.785714285714286 9.653846153846153
10.392857142857142 18.714285714285715 18.258064516129032 10.714285714285714 8.807692307692308
10.892857142857144 18.5 17.548387096774196 8.571428571428571 9.384615384615385
10.035714285714285 18.25 16.29032258064516 9.892857142857142 9.153846153846153
10.428571428571429 20.428571428571427 15.806451612903228 9.607142857142858 8.307692307692308
10.035714285714285 18.607142857142858 15.967741935483872 10.428571428571429 8.192307692307692
10.035714285714285 20.428571428571427 16.064516129032256 8.714285714285714 8.923076923076923
10.785714285714286 19.214285714285715 16.774193548387096 9.75 8.653846153846155
9.928571428571429 20.678571428571427 16.483870967741936 10.642857142857142 8.615384615384615
10.75 19.321428571428573 16.032258064516128 9.642857142857142 9.576923076923077
11.25 19.464285714285715 15.709677419354838 9.821428571428571 8.692307692307692
9.75 19.785714285714285 16.548387096774196 10.142857142857142 9.384615384615385
10.535714285714285 18.214285714285715 16.096774193548388 10.392857142857142 10.692307692307692
10.964285714285715 17.5 16.580645161290324 9.214285714285715 9.038461538461538
10.214285714285714 18.17857142857143 15.774193548387098 10.392857142857142 9.153846153846153
9.535714285714286 19.142857142857142 16.548387096774196 10.035714285714285 9.807692307692307
10.821428571428573 18.892857142857142 16.70967741935484 9.035714285714286 8.653846153846155
10.642857142857142 19.321428571428573 17.225806451612904 10.607142857142856 9.615384615384617
10.0 21.464285714285715 16.064516129032256 10.071428571428571 9.192307692307692
10.428571428571429 19.0 16.967741935483872 9.678571428571429 9.384615384615385
10.25 19.75 17.516129032258068 9.535714285714286 10.653846153846155
10.178571428571429 19.607142857142858 16.935483870967744 9.642857142857142 7.615384615384615
10.0 18.642857142857142 17.03225806451613 8.821428571428573 8.807692307692308
8.928571428571429 19.142857142857142 16.193548387096772 9.785714285714286 8.615384615384615
11.142857142857144 17.0 16.0 10.678571428571427 9.230769230769232
10.535714285714285 18.821428571428573 15.935483870967742 9.785714285714286 9.038461538461538
10.5 19.25 16.806451612903224 9.678571428571429 9.384615384615385
9.75 19.214285714285715 16.451612903225808 10.071428571428571 9.307692307692308
10.357142857142856 19.535714285714285 18.838709677419356 9.785714285714286 10.807692307692308
11.464285714285715 20.035714285714285 15.806451612903228 9.821428571428571 8.807692307692308
9.321428571428571 19.142857142857142 16.838709677419352 9.607142857142858 9.961538461538462
9.714285714285714 19.535714285714285 17.35483870967742 9.214285714285715 9.423076923076923
9.464285714285715 19.25 16.741935483870968 9.607142857142858 11.192307692307692
8.571428571428571 19.857142857142858 17.32258064516129 9.357142857142858 9.230769230769232
10.357142857142856 18.607142857142858 15.129032258064516 10.357142857142856 9.076923076923077
11.285714285714286 9.5 10.709677419354838 10.357142857142856 10.076923076923077
10.5 10.0 9.580645161290322 11.357142857142858 9.846153846153847
9.0 10.357142857142856 11.774193548387096 11.0 11.423076923076923
10.0 9.785714285714286 9.322580645161292 11.107142857142858 10.076923076923077
9.392857142857142 18.142857142857142 17.870967741935484 9.607142857142858 9.230769230769232
10.5 10.285714285714285 9.806451612903226 10.892857142857144 10.0
10.785714285714286 10.535714285714285 9.903225806451614 10.321428571428571 10.0
10.928571428571429 9.75 10.548387096774194 10.285714285714285 9.807692307692307
11.035714285714286 10.321428571428571 9.838709677419354 10.464285714285714 10.076923076923077
10.107142857142858 17.0 20.38709677419355 10.535714285714285 10.26923076923077
10.5 10.428571428571429 10.129032258064516 10.571428571428571 10.807692307692308
10.428571428571429 8.607142857142856 10.32258064516129 8.357142857142856 11.076923076923077
10.321428571428571 9.821428571428571 10.290322580645162 11.785714285714286 10.153846153846153
11.285714285714286 9.785714285714286 9.935483870967742 9.892857142857142 11.23076923076923
11.142857142857144 18.642857142857142 16.38709677419355 9.357142857142858 10.0
9.857142857142858 9.392857142857142 11.129032258064516 9.678571428571429 9.884615384615383
11.035714285714286 9.607142857142858 10.67741935483871 9.892857142857142 10.23076923076923
9.928571428571429 10.928571428571429 9.709677419354838 10.357142857142856 11.153846153846153
10.607142857142856 10.071428571428571 10.193548387096776 10.892857142857144 10.653846153846155
10.25 17.964285714285715 19.870967741935484 9.571428571428571 8.769230769230768
10.0 11.142857142857144 9.774193548387096 10.321428571428571 10.153846153846153
10.5 10.678571428571427 8.774193548387098 9.75 8.653846153846155
8.928571428571429 10.357142857142856 10.129032258064516 11.214285714285715 10.769230769230768
10.392857142857142 9.571428571428571 9.645161290322582 9.178571428571429 11.384615384615385
9.785714285714286 10.428571428571429 11.096774193548388 9.25 11.0
10.607142857142856 10.0 10.225806451612904 10.857142857142858 9.923076923076923
11.071428571428571 10.714285714285714 11.161290322580646 10.535714285714285 10.576923076923077
11.535714285714286 10.642857142857142 9.451612903225806 10.892857142857144 10.038461538461538
11.571428571428571 10.785714285714286 10.806451612903226 10.321428571428571 11.384615384615385
9.928571428571429 9.678571428571429 10.129032258064516 11.535714285714286 10.576923076923077
9.357142857142858 15.928571428571427 18.483870967741936 9.5 8.461538461538462
10.607142857142856 17.46428571428571 19.161290322580644 10.678571428571427 9.307692307692308
9.785714285714286 19.035714285714285 18.58064516129032 10.071428571428571 9.192307692307692
10.357142857142856 17.46428571428571 17.870967741935484 10.571428571428571 8.807692307692308
11.678571428571429 18.142857142857142 20.0 10.392857142857142 9.038461538461538
10.678571428571427 17.428571428571427 18.516129032258064 11.285714285714286 9.423076923076923
10.75 17.428571428571427 18.61290322580645 9.928571428571429 9.461538461538462
10.357142857142856 17.178571428571427 19.903225806451616 9.928571428571429 9.692307692307693
10.464285714285714 16.96428571428571 18.193548387096776 10.071428571428571 9.461538461538462
10.535714285714285 16.214285714285715 17.387096774193548 10.5 9.26923076923077
9.428571428571429 17.535714285714285 16.838709677419352 10.642857142857142 10.0
9.964285714285714 17.07142857142857 18.516129032258064 10.357142857142856 9.0
9.607142857142858 16.214285714285715 17.806451612903224 9.857142857142858 9.0
10.142857142857142 17.57142857142857 18.161290322580648 9.964285714285714 9.192307692307692
9.857142857142858 18.17857142857143 18.741935483870968 10.464285714285714 9.153846153846153
9.964285714285714 16.428571428571427 17.93548387096774 9.607142857142858 10.23076923076923
10.392857142857142 16.678571428571427 19.870967741935484 9.321428571428571 10.0
9.392857142857142 18.03571428571429 20.06451612903226 9.571428571428571 10.307692307692308
9.214285714285715 17.32142857142857 19.58064516129032 9.785714285714286 10.115384615384615
10.928571428571429 16.678571428571427 18.741935483870968 9.142857142857144 8.884615384615385
10.928571428571429 17.285714285714285 17.612903225806452 9.0 9.5
9.75 16.392857142857142 19.451612903225808 10.428571428571429 8.961538461538462
10.642857142857142 17.107142857142854 17.93548387096774 10.285714285714285 9.192307692307692
11.0 16.857142857142858 20.06451612903226 10.642857142857142 8.384615384615385
11.464285714285715 17.428571428571427 19.774193548387096 10.892857142857144 9.576923076923077
10.785714285714286 18.0 18.93548387096774 9.535714285714286 9.615384615384617
9.678571428571429 16.5 18.387096774193548 8.964285714285715 8.153846153846153
9.5 17.32142857142857 18.451612903225804 9.964285714285714 9.538461538461538
10.821428571428573 17.25 17.96774193548387 10.214285714285714 8.538461538461538
10.321428571428571 17.178571428571427 18.35483870967742 11.214285714285715 10.153846153846153
10.535714285714285 15.785714285714285 16.29032258064516 10.214285714285714 9.73076923076923
10.964285714285715 17.535714285714285 19.58064516129032 8.321428571428571 9.038461538461538
11.5 17.428571428571427 19.516129032258064 9.821428571428571 10.346153846153847
10.535714285714285 16.607142857142858 18.967741935483872 10.142857142857142 9.961538461538462
10.0 17.75 17.387096774193548 10.785714285714286 9.538461538461538
10.107142857142858 16.75 18.806451612903228 10.071428571428571 8.692307692307692
9.571428571428571 15.928571428571427 20.612903225806452 8.821428571428573 10.076923076923077
9.428571428571429 16.928571428571427 17.64516129032258 9.285714285714286 8.115384615384615
9.892857142857142 16.035714285714285 18.870967741935484 9.964285714285714 9.076923076923077
10.785714285714286 15.928571428571427 19.516129032258064 9.964285714285714 11.23076923076923
10.642857142857142 16.5 17.419354838709676 9.5 9.5
9.892857142857142 17.428571428571427 18.0 9.892857142857142 9.192307692307692
10.285714285714285 17.285714285714285 19.935483870967744 10.571428571428571 9.384615384615385
10.857142857142858 16.607142857142858 18.903225806451612 10.357142857142856 10.307692307692308
9.928571428571429 17.5 18.70967741935484 10.071428571428571 9.192307692307692
11.071428571428571 16.857142857142858 18.774193548387096 10.75 10.192307692307692
9.464285714285715 17.892857142857146 19.387096774193548 9.892857142857142 8.846153846153845
9.785714285714286 16.892857142857142 19.096774193548384 10.892857142857144 10.576923076923077
8.392857142857142 17.535714285714285 18.258064516129032 10.035714285714285 9.807692307692307
9.821428571428571 16.607142857142858 18.387096774193548 9.892857142857142 7.961538461538461
9.678571428571429 18.107142857142858 18.645161290322584 10.035714285714285 9.961538461538462
9.107142857142858 17.46428571428571 18.483870967741936 11.178571428571429 9.038461538461538
9.5 17.07142857142857 18.419354838709676 9.607142857142858 10.076923076923077
8.892857142857144 18.42857142857143 18.903225806451612 9.964285714285714 8.5
9.964285714285714 16.285714285714285 17.93548387096774 10.607142857142856 10.115384615384615
10.321428571428571 17.035714285714285 19.451612903225808 9.785714285714286 9.5
10.392857142857142 16.71428571428571 18.58064516129032 9.107142857142858 9.884615384615383
10.428571428571429 15.142857142857144 20.0 9.928571428571429 9.076923076923077
8.75 18.5 18.838709677419356 10.035714285714285 9.5
10.535714285714285 18.392857142857142 17.774193548387096 9.321428571428571 8.192307692307692
10.428571428571429 17.21428571428571 20.903225806451612 10.285714285714285 9.538461538461538
10.035714285714285 17.46428571428571 18.93548387096774 8.821428571428573 10.769230769230768
9.071428571428571 17.32142857142857 18.67741935483871 10.035714285714285 10.923076923076923
10.071428571428571 19.25 20.096774193548388 10.071428571428571 9.076923076923077
9.678571428571429 17.535714285714285 19.0 10.214285714285714 8.192307692307692
10.964285714285715 15.892857142857142 19.419354838709676 10.0 9.384615384615385
9.928571428571429 18.03571428571429 17.548387096774196 10.285714285714285 9.076923076923077
9.678571428571429 17.428571428571427 18.193548387096776 10.178571428571429 9.076923076923077
11.214285714285715 17.67857142857143 18.774193548387096 11.0 9.346153846153847
9.857142857142858 16.785714285714285 19.419354838709676 8.392857142857142 9.76923076923077
9.714285714285714 16.857142857142858 19.741935483870968 10.392857142857142 8.923076923076923
8.892857142857144 17.178571428571427 18.516129032258064 10.035714285714285 9.615384615384617
9.357142857142858 18.357142857142858 17.96774193548387 10.25 10.5
8.107142857142858 17.357142857142854 19.838709677419356 9.464285714285715 9.0
10.178571428571429 16.357142857142858 18.806451612903228 9.857142857142858 9.653846153846153
10.071428571428571 17.32142857142857 19.096774193548384 9.678571428571429 9.653846153846153
10.214285714285714 16.607142857142858 19.161290322580644 10.964285714285715 8.807692307692308
10.785714285714286 17.892857142857146 18.193548387096776 9.178571428571429 9.653846153846153
9.357142857142858 16.357142857142858 20.29032258064516 10.071428571428571 8.769230769230768
9.035714285714286 16.928571428571427 20.032258064516128 8.535714285714285 9.653846153846153
11.214285714285715 17.25 18.645161290322584 9.285714285714286 8.961538461538462
11.107142857142858 17.07142857142857 20.0 10.5 9.307692307692308
9.678571428571429 16.785714285714285 18.419354838709676 11.035714285714286 9.26923076923077
9.964285714285714 17.821428571428573 19.096774193548384 9.678571428571429 9.076923076923077
10.75 18.67857142857143 18.806451612903228 9.857142857142858 9.884615384615383
10.392857142857142 18.42857142857143 18.387096774193548 10.142857142857142 8.423076923076923
10.857142857142858 17.035714285714285 19.903225806451616 10.035714285714285 9.115384615384615
10.357142857142856 17.178571428571427 19.258064516129032 9.678571428571429 10.038461538461538
9.785714285714286 16.607142857142858 18.806451612903228 10.428571428571429 9.961538461538462
11.785714285714286 17.32142857142857 18.193548387096776 9.428571428571429 9.115384615384615
9.642857142857142 16.892857142857142 19.322580645161292 10.607142857142856 8.615384615384615
10.035714285714285 17.821428571428573 18.129032258064516 10.892857142857144 9.5
9.821428571428571 16.32142857142857 19.322580645161292 9.107142857142858 9.346153846153847
8.357142857142856 16.178571428571427 19.967741935483872 10.535714285714285 9.076923076923077
10.178571428571429 16.71428571428571 19.58064516129032 10.142857142857142 8.923076923076923
10.678571428571427 17.46428571428571 18.193548387096776 11.285714285714286 9.846153846153847
9.821428571428571 17.035714285714285 19.161290322580644 10.892857142857144 8.5
10.321428571428571 15.892857142857142 18.93548387096774 9.821428571428571 10.461538461538462
9.535714285714286 18.03571428571429 17.483870967741932 9.285714285714286 8.961538461538462
