70.63636363636364 69.07692307692308 68.4375 69.76923076923076 72.07142857142858
70.72727272727272 70.07692307692308 70.5625 70.15384615384615 72.92857142857143
70.0 70.23076923076924 70.8125 70.3076923076923 73.0
71.36363636363636 69.23076923076924 69.5625 69.84615384615385 71.64285714285715
70.54545454545455 69.46153846153847 69.5625 71.07692307692308 74.07142857142857
72.63636363636364 69.92307692307692 69.6875 71.84615384615385 73.42857142857143
70.45454545454545 69.61538461538463 69.5 68.53846153846153 72.14285714285715
70.72727272727272 69.84615384615385 70.25 71.46153846153847 73.07142857142857
70.63636363636364 69.76923076923076 69.5 70.53846153846153 72.35714285714286
72.0 72.23076923076924 71.3125 71.92307692307692 74.85714285714286
70.45454545454545 69.07692307692308 69.9375 68.92307692307692 71.42857142857143
71.9090909090909 70.53846153846153 70.125 71.38461538461539 73.5
71.27272727272728 69.76923076923076 70.1875 70.84615384615385 72.85714285714286
70.0909090909091 68.0 68.5 69.84615384615385 72.42857142857143
71.63636363636364 69.84615384615385 71.0625 71.76923076923076 74.85714285714286
70.81818181818183 69.15384615384615 70.5625 70.23076923076924 73.42857142857143
71.0 70.15384615384615 69.5625 70.92307692307692 73.5
69.81818181818183 70.07692307692308 69.5 70.23076923076924 72.21428571428572
69.36363636363636 70.46153846153847 69.0625 69.46153846153847 72.78571428571429
70.27272727272728 69.92307692307692 69.875 70.6923076923077 72.71428571428572
69.63636363636364 69.15384615384615 70.0 70.46153846153847 72.28571428571429
71.45454545454545 70.6923076923077 71.625 70.76923076923076 73.35714285714286
68.18181818181817 69.0 68.5625 68.53846153846153 71.5
70.54545454545455 68.6923076923077 70.0 69.76923076923076 71.64285714285715
71.0909090909091 70.07692307692308 70.0 72.07692307692308 72.78571428571429
71.0 69.76923076923076 69.8125 70.23076923076924 73.5
70.72727272727272 69.3076923076923 70.0625 71.46153846153847 74.07142857142857
71.81818181818183 71.07692307692308 70.5625 71.15384615384615 73.85714285714286
70.63636363636364 69.92307692307692 70.125 70.15384615384615 72.92857142857143
71.81818181818183 69.92307692307692 70.4375 70.76923076923076 73.35714285714286
70.63636363636364 69.15384615384615 71.125 70.84615384615385 73.14285714285715
70.0 69.76923076923076 70.375 71.07692307692308 74.0
70.63636363636364 69.92307692307692 70.75 71.3076923076923 73.21428571428572
69.81818181818183 68.07692307692308 68.9375 70.92307692307692 72.92857142857143
72.18181818181819 70.23076923076924 71.1875 71.61538461538461 72.57142857142857
71.18181818181817 70.61538461538463 71.5 71.15384615384615 73.85714285714286
71.27272727272728 70.84615384615385 71.0625 72.23076923076924 74.5
70.0909090909091 69.07692307692308 69.1875 70.76923076923076 73.71428571428572
70.63636363636364 69.92307692307692 69.6875 70.6923076923077 73.42857142857143
70.54545454545455 69.23076923076924 70.4375 70.84615384615385 73.07142857142857
70.36363636363636 69.92307692307692 70.375 70.07692307692308 73.35714285714286
69.9090909090909 68.84615384615385 70.25 70.07692307692308 72.5
71.63636363636364 70.0 69.5 70.84615384615385 73.71428571428572
70.63636363636364 68.92307692307692 70.3125 70.61538461538463 73.42857142857143
71.36363636363636 69.84615384615385 70.0625 70.46153846153847 72.0
70.18181818181817 69.84615384615385 71.25 71.76923076923076 73.5
70.81818181818183 70.38461538461537 70.9375 71.53846153846153 73.21428571428572
71.9090909090909 71.0 70.875 70.6923076923077 74.57142857142857
71.0909090909091 72.15384615384615 72.5 72.53846153846153 75.42857142857143
71.72727272727272 70.38461538461537 70.25 71.38461538461539 73.28571428571429
70.27272727272728 69.0 69.1875 69.84615384615385 72.57142857142857
70.36363636363636 69.61538461538463 70.25 70.15384615384615 72.14285714285715
70.9090909090909 70.3076923076923 70.5625 70.92307692307692 73.0
71.0909090909091 68.6923076923077 68.8125 70.61538461538463 72.71428571428572
71.0 70.15384615384615 70.4375 71.38461538461539 74.0
71.63636363636364 71.23076923076924 71.25 72.15384615384615 74.14285714285715
70.63636363636364 69.38461538461537 70.3125 72.15384615384615 73.71428571428572
69.36363636363636 68.84615384615385 69.875 70.23076923076924 72.57142857142857
71.9090909090909 68.6923076923077 70.1875 70.76923076923076 72.85714285714286
71.36363636363636 68.0 69.375 69.76923076923076 72.5
71.63636363636364 68.53846153846153 69.3125 70.0 72.21428571428572
70.54545454545455 69.0 70.5625 72.07692307692308 73.92857142857143
71.0909090909091 68.92307692307692 69.8125 70.53846153846153 73.28571428571429
70.36363636363636 69.07692307692308 71.0 71.61538461538461 74.21428571428572
69.9090909090909 68.0 69.1875 69.46153846153847 72.21428571428572
72.36363636363636 69.6923076923077 70.625 69.84615384615385 73.78571428571429
69.72727272727272 67.76923076923077 68.9375 70.15384615384615 71.78571428571429
69.0909090909091 67.92307692307692 69.6875 70.38461538461537 71.71428571428572
70.36363636363636 70.0 70.5 70.46153846153847 73.64285714285715
69.63636363636364 69.23076923076924 70.1875 70.6923076923077 72.28571428571429
71.0909090909091 69.38461538461537 70.6875 72.38461538461539 73.28571428571429
71.27272727272728 69.92307692307692 70.6875 70.84615384615385 73.07142857142857
71.0909090909091 67.6923076923077 69.75 69.61538461538463 73.28571428571429
71.72727272727272 68.6923076923077 69.25 71.61538461538461 74.14285714285715
71.9090909090909 70.0 70.875 71.84615384615385 74.21428571428572
71.54545454545455 66.84615384615385 69.3125 70.53846153846153 72.71428571428572
70.72727272727272 67.76923076923077 69.875 70.76923076923076 73.07142857142857
70.81818181818183 68.3076923076923 69.6875 69.92307692307692 71.57142857142858
71.0909090909091 69.15384615384615 70.125 71.53846153846153 72.85714285714286
70.81818181818183 67.23076923076923 69.3125 71.23076923076924 73.14285714285715
71.63636363636364 68.0 70.0 71.23076923076924 73.35714285714286
70.36363636363636 67.92307692307692 70.125 70.3076923076923 73.92857142857143
72.0 69.07692307692308 70.625 71.61538461538461 74.0
72.0 68.23076923076924 70.375 71.76923076923076 73.85714285714286
72.18181818181819 68.6923076923077 69.8125 70.53846153846153 73.14285714285715
69.54545454545455 67.53846153846153 68.6875 71.15384615384615 73.57142857142857
72.54545454545455 70.23076923076924 71.8125 72.6923076923077 74.92857142857143
71.0909090909091 68.92307692307692 70.6875 71.3076923076923 73.0
70.18181818181817 67.23076923076923 69.0625 70.07692307692308 73.42857142857143
70.18181818181817 68.23076923076924 69.1875 70.3076923076923 72.0
69.63636363636364 67.46153846153847 70.3125 71.07692307692308 74.0
72.9090909090909 69.07692307692308 72.4375 72.46153846153847 74.28571428571429
71.54545454545455 68.92307692307692 69.9375 70.0 73.0
70.72727272727272 67.76923076923077 69.75 71.6923076923077 73.35714285714286
71.36363636363636 67.46153846153847 69.6875 71.3076923076923 73.64285714285715
70.0 66.53846153846153 68.0 69.46153846153847 72.57142857142857
70.81818181818183 66.23076923076923 69.4375 71.0 73.21428571428572
70.27272727272728 66.92307692307692 69.3125 69.92307692307692 72.21428571428572
71.54545454545455 67.38461538461539 69.6875 70.46153846153847 73.0
71.36363636363636 67.46153846153847 70.25 71.61538461538461 73.5
71.0 66.15384615384616 70.3125 69.76923076923076 72.78571428571429
66.0909090909091 66.38461538461539 67.1875 66.53846153846153 66.78571428571428
67.36363636363636 66.6923076923077 66.8125 67.3076923076923 67.28571428571428
65.27272727272728 66.15384615384616 65.8125 65.6923076923077 67.0
67.72727272727273 67.3076923076923 67.4375 67.15384615384615 66.85714285714285
71.0909090909091 66.92307692307692 70.3125 71.53846153846153 74.42857142857143
66.0909090909091 66.23076923076923 66.0 66.15384615384616 66.42857142857143
66.36363636363636 65.92307692307692 66.25 66.38461538461539 66.57142857142857
66.54545454545455 66.3076923076923 66.625 67.07692307692308 67.14285714285714
65.0 64.92307692307692 66.125 65.61538461538461 65.78571428571428
72.45454545454545 69.46153846153847 69.0625 71.92307692307692 74.92857142857143
67.18181818181817 65.92307692307692 66.0625 65.38461538461539 66.42857142857143
67.18181818181817 65.92307692307692 66.875 65.76923076923077 67.14285714285714
66.27272727272728 66.46153846153847 66.5625 66.46153846153847 66.78571428571428
66.45454545454547 65.15384615384616 65.5 66.0 66.21428571428571
70.36363636363636 66.76923076923077 70.25 71.07692307692308 73.71428571428572
66.9090909090909 67.46153846153847 66.9375 67.6923076923077 67.71428571428571
65.81818181818181 66.07692307692308 66.0 65.92307692307692 66.71428571428571
67.72727272727273 65.84615384615384 66.75 65.3076923076923 67.64285714285714
65.0909090909091 66.07692307692308 66.1875 67.07692307692308 66.85714285714285
70.9090909090909 67.92307692307692 68.375 70.46153846153847 72.57142857142857
66.0909090909091 65.15384615384616 65.375 65.38461538461539 65.78571428571428
66.0909090909091 65.15384615384616 65.9375 66.15384615384616 66.64285714285714
65.9090909090909 66.53846153846153 66.875 66.61538461538461 65.78571428571428
66.36363636363636 66.84615384615385 66.8125 67.6923076923077 68.0
64.9090909090909 65.0 65.5625 66.23076923076923 65.92857142857143
66.9090909090909 66.23076923076923 66.375 65.3076923076923 66.5
67.36363636363636 66.0 65.9375 66.38461538461539 66.64285714285714
65.36363636363636 65.07692307692308 66.875 65.0 65.21428571428571
64.0 64.53846153846155 65.3125 63.92307692307693 64.5
67.36363636363636 66.76923076923077 66.0 66.23076923076923 67.42857142857143
70.36363636363636 68.38461538461539 69.375 71.38461538461539 74.14285714285715
69.63636363636364 66.3076923076923 67.1875 70.0 71.71428571428572
69.81818181818183 67.76923076923077 69.125 71.46153846153847 72.21428571428572
69.0 67.3076923076923 67.5625 69.3076923076923 70.64285714285715
70.63636363636364 67.84615384615385 68.3125 72.46153846153847 74.21428571428572
73.36363636363637 69.46153846153847 71.1875 72.0 74.85714285714286
69.9090909090909 68.15384615384615 68.125 70.6923076923077 72.14285714285715
71.72727272727272 68.3076923076923 68.125 71.53846153846153 73.57142857142857
70.54545454545455 68.23076923076924 68.1875 72.07692307692308 73.42857142857143
69.36363636363636 67.0 67.4375 69.61538461538463 72.85714285714286
71.81818181818183 68.61538461538461 68.875 72.0 74.57142857142857
69.9090909090909 68.38461538461539 67.1875 71.07692307692308 73.14285714285715
71.63636363636364 68.0 67.25 71.84615384615385 74.71428571428572
69.72727272727272 68.23076923076924 67.25 70.61538461538463 74.21428571428572
68.81818181818181 66.6923076923077 66.3125 69.07692307692308 71.92857142857143
72.0 69.0 69.0625 72.07692307692308 74.57142857142857
70.81818181818183 68.3076923076923 66.25 72.0 73.71428571428572
71.36363636363636 68.15384615384615 66.75 70.53846153846153 73.5
72.0 69.23076923076924 67.8125 72.38461538461539 75.85714285714286
70.72727272727272 67.3076923076923 64.4375 70.15384615384615 73.35714285714286
71.0 67.46153846153847 66.125 71.23076923076924 72.78571428571429
71.18181818181817 68.38461538461539 66.75 70.6923076923077 73.42857142857143
69.63636363636364 65.84615384615384 65.25 70.76923076923076 72.85714285714286
71.0909090909091 68.76923076923076 67.25 71.38461538461539 74.64285714285715
70.81818181818183 68.6923076923077 65.125 71.0 73.64285714285715
71.0 67.23076923076923 64.25 71.53846153846153 74.71428571428572
71.36363636363636 68.53846153846153 65.25 71.92307692307692 74.71428571428572
71.18181818181817 68.84615384615385 64.375 70.76923076923076 73.64285714285715
71.81818181818183 67.23076923076923 62.4375 71.53846153846153 74.28571428571429
70.54545454545455 65.3076923076923 59.875 70.0 73.07142857142857
70.9090909090909 66.61538461538461 62.3125 71.0 73.42857142857143
71.54545454545455 65.92307692307692 59.3125 70.53846153846153 73.07142857142857
71.81818181818183 67.0 60.5 72.3076923076923 74.71428571428572
72.72727272727272 67.61538461538461 60.25 71.92307692307692 75.85714285714286
71.9090909090909 67.3076923076923 58.1875 71.6923076923077 74.5
71.45454545454545 64.3076923076923 57.1875 71.07692307692308 73.5
70.63636363636364 66.23076923076923 57.4375 71.76923076923076 74.28571428571429
73.0909090909091 67.15384615384615 55.9375 71.3076923076923 75.21428571428572
70.72727272727272 66.84615384615385 56.0 71.38461538461539 75.64285714285714
72.0909090909091 65.07692307692308 53.9375 70.53846153846153 74.5
73.0 65.61538461538461 54.25 72.84615384615385 75.64285714285714
72.36363636363636 65.76923076923077 52.9375 70.15384615384615 75.78571428571429
72.81818181818183 65.3076923076923 52.9375 72.84615384615385 75.92857142857143
72.54545454545455 66.0 51.125 72.76923076923077 74.71428571428572
72.72727272727272 63.692307692307686 48.375 71.23076923076924 74.71428571428572
70.81818181818183 64.15384615384616 47.0 71.46153846153847 75.64285714285714
73.36363636363637 64.15384615384616 47.1875 72.0 76.21428571428572
73.9090909090909 64.53846153846155 45.8125 73.46153846153847 77.78571428571429
72.0 63.692307692307686 44.5 72.0 75.35714285714286
72.63636363636364 64.0 44.5625 73.6923076923077 76.92857142857143
73.18181818181819 63.0 39.9375 70.76923076923076 75.28571428571429
72.63636363636364 62.84615384615385 40.0 72.53846153846153 76.42857142857143
73.45454545454545 62.61538461538461 39.5 73.07692307692308 76.85714285714286
73.0909090909091 62.769230769230774 37.9375 73.3076923076923 77.0
72.9090909090909 61.230769230769226 36.25 71.61538461538461 76.85714285714286
71.72727272727272 60.38461538461539 32.5 71.0 75.85714285714286
72.54545454545455 62.0 33.375 73.38461538461539 77.0
73.0 60.38461538461539 29.6875 72.53846153846153 76.92857142857143
72.0909090909091 59.61538461538462 26.3125 71.92307692307692 77.42857142857143
72.63636363636364 58.53846153846154 25.4375 71.6923076923077 77.71428571428571
73.0909090909091 56.23076923076923 21.4375 73.0 76.28571428571429
73.45454545454545 58.15384615384615 21.8125 73.0 76.92857142857143
74.45454545454545 58.0 21.5 71.53846153846153 77.64285714285714
73.72727272727272 57.30769230769231 21.1875 73.07692307692308 77.71428571428571
72.9090909090909 56.61538461538461 20.875 71.76923076923076 76.42857142857143
74.81818181818181 59.07692307692307 21.0 73.6923076923077 78.85714285714286
73.81818181818183 57.46153846153846 20.0 71.92307692307692 77.85714285714286
75.0909090909091 58.92307692307693 21.625 72.92307692307692 79.07142857142857
74.0 57.53846153846154 19.8125 72.23076923076924 77.35714285714286
74.0909090909091 57.92307692307693 20.625 73.0 77.57142857142857
74.27272727272727 56.69230769230769 20.25 71.07692307692308 76.78571428571429
74.0909090909091 57.84615384615385 18.75 72.84615384615385 78.28571428571429
74.72727272727272 58.23076923076923 21.625 74.0 78.5
74.18181818181819 56.07692307692308 17.375 72.6923076923077 77.64285714285714
73.54545454545453 57.30769230769231 18.75 72.76923076923077 77.78571428571429
76.27272727272727 58.46153846153846 19.5 73.53846153846153 78.64285714285714
74.27272727272727 56.69230769230769 18.5 72.53846153846153 77.0
74.81818181818181 56.84615384615385 18.75 73.07692307692308 78.07142857142857
74.36363636363637 57.07692307692307 18.8125 72.53846153846153 76.42857142857143
73.54545454545453 56.07692307692308 18.1875 71.6923076923077 77.14285714285714
74.36363636363637 55.230769230769226 18.25 72.53846153846153 78.35714285714286
73.45454545454545 55.46153846153847 17.375 71.53846153846153 76.85714285714286
74.81818181818181 57.76923076923077 18.3125 73.84615384615385 77.71428571428571
73.45454545454545 56.92307692307693 18.3125 72.3076923076923 77.85714285714286
72.9090909090909 55.61538461538461 17.375 72.15384615384615 77.64285714285714
73.45454545454545 54.07692307692308 15.6875 71.15384615384615 76.14285714285714
73.36363636363637 57.23076923076923 17.25 72.53846153846153 77.64285714285714
74.27272727272727 53.84615384615385 15.5 72.53846153846153 77.71428571428571
72.54545454545455 54.0 15.8125 71.46153846153847 77.14285714285714
74.27272727272727 56.23076923076923 17.875 73.23076923076923 77.57142857142857
75.0 56.38461538461539 17.5 72.0 78.64285714285714
73.36363636363637 55.0 16.9375 72.3076923076923 77.21428571428571
75.54545454545455 58.307692307692314 18.0 75.0 79.07142857142857
73.54545454545453 54.769230769230774 16.875 71.61538461538461 77.78571428571429
75.0 57.69230769230769 18.5625 73.23076923076923 78.42857142857143
74.36363636363637 57.84615384615385 17.9375 73.53846153846153 79.0
73.45454545454545 55.84615384615385 17.375 72.61538461538461 77.35714285714286
73.0 56.23076923076923 16.125 71.76923076923076 76.71428571428572
75.0909090909091 58.07692307692307 19.0625 72.38461538461539 78.42857142857143
