32935.000 -0.400 -0.400 0.135
32936.000 -0.400 -0.331 0.104
32937.000 -0.400 -0.262 0.252
32938.000 -0.400 -0.192 0.134
32939.000 -0.400 -0.123 0.124
32940.000 -0.400 -0.054 0.129
32941.000 -0.400 0.015 0.028
32942.000 -0.400 0.085 0.430
32943.000 -0.400 0.154 0.040
32944.000 -0.400 0.223 0.151
32945.000 -0.400 0.292 0.442
32946.000 -0.400 0.362 0.418
32947.000 -0.400 0.431 0.437
32948.000 -0.331 -0.400 0.301
32949.000 -0.331 -0.331 0.340
32950.000 -0.331 -0.262 0.467
32951.000 -0.331 -0.192 0.085
32952.000 -0.331 -0.123 0.003
32953.000 -0.331 -0.054 0.050
32954.000 -0.331 0.015 0.217
32955.000 -0.331 0.085 0.324
32956.000 -0.331 0.154 0.380
32957.000 -0.331 0.223 0.190
32958.000 -0.331 0.292 0.299
32959.000 -0.331 0.362 0.171
32960.000 -0.331 0.431 0.469
32961.000 -0.262 -0.400 0.318
32962.000 -0.262 -0.331 0.250
32963.000 -0.262 -0.262 0.056
32964.000 -0.262 -0.192 0.399
32965.000 -0.262 -0.123 0.327
32966.000 -0.262 -0.054 0.095
32967.000 -0.262 0.015 0.215
32968.000 -0.262 0.154 0.233
32969.000 -0.262 0.223 0.238
32970.000 -0.262 0.292 0.276
32971.000 -0.262 0.362 0.136
32972.000 -0.262 0.431 0.081
32973.000 -0.192 -0.400 0.446
32974.000 -0.192 -0.331 0.065
32975.000 -0.192 -0.262 0.396
32976.000 -0.192 -0.192 0.340
32977.000 -0.192 -0.123 0.105
32978.000 -0.192 -0.054 0.389
32979.000 -0.192 0.015 0.085
32980.000 -0.192 0.085 0.438
32981.000 -0.192 0.154 0.100
32982.000 -0.192 0.223 0.088
32983.000 -0.192 0.292 0.361
32984.000 -0.192 0.362 0.040
32985.000 -0.192 0.431 0.328
32986.000 -0.123 -0.400 0.177
32987.000 -0.123 -0.331 0.375
32988.000 -0.123 -0.262 0.030
32989.000 -0.123 -0.192 0.470
32990.000 -0.123 -0.123 0.051
32991.000 -0.123 -0.054 0.074
32992.000 -0.123 0.015 0.066
32993.000 -0.123 0.085 0.287
32994.000 -0.123 0.154 0.430
32995.000 -0.123 0.223 0.421
32996.000 -0.123 0.292 0.327
32997.000 -0.123 0.362 0.160
32998.000 -0.123 0.431 0.364
32999.000 -0.054 -0.400 0.287
33000.000 -0.054 -0.331 0.033
33001.000 -0.054 -0.262 0.333
33002.000 -0.054 -0.192 0.228
33003.000 -0.054 -0.123 0.383
33004.000 -0.054 -0.054 0.359
33005.000 -0.054 0.015 0.069
33006.000 -0.054 0.085 0.279
33007.000 -0.054 0.154 0.393
33008.000 -0.054 0.223 0.001
33009.000 -0.054 0.292 0.490
33010.000 -0.054 0.362 0.190
33011.000 -0.054 0.431 0.100
33012.000 0.015 -0.400 0.162
33013.000 0.015 -0.331 0.057
33014.000 0.015 -0.262 0.333
33015.000 0.015 -0.192 0.164
33016.000 0.015 -0.123 0.002
33017.000 0.015 -0.054 0.382
33018.000 0.015 0.015 0.235
33019.000 0.015 0.085 0.103
33020.000 0.015 0.154 0.487
33021.000 0.015 0.223 0.307
33022.000 0.015 0.292 0.260
33023.000 0.015 0.362 0.361
33024.000 0.015 0.431 0.095
33025.000 0.085 -0.400 0.329
33026.000 0.085 -0.331 0.395
33027.000 0.085 -0.262 0.479
33028.000 0.085 -0.192 0.050
33029.000 0.085 -0.123 0.138
33030.000 0.085 -0.054 0.329
33031.000 0.085 0.015 0.484
33032.000 0.085 0.085 0.435
33033.000 0.085 0.154 0.165
33034.000 0.085 0.223 0.475
33035.000 0.085 0.292 0.481
33036.000 0.085 0.362 0.045
33037.000 0.085 0.431 0.327
33038.000 0.154 -0.400 0.319
33039.000 0.154 -0.331 0.302
33040.000 0.154 -0.262 0.371
33041.000 0.154 -0.192 0.232
33042.000 0.154 -0.123 0.181
33043.000 0.154 -0.054 0.313
33044.000 0.154 0.015 0.050
33045.000 0.154 0.085 0.122
33046.000 0.154 0.154 0.072
33047.000 0.154 0.223 0.035
33048.000 0.154 0.292 0.196
33049.000 0.154 0.362 0.361
33050.000 0.154 0.431 0.039
33051.000 0.223 -0.400 0.422
33052.000 0.223 -0.331 0.475
33053.000 0.223 -0.262 0.336
33054.000 0.223 -0.192 0.387
33055.000 0.223 -0.123 0.061
33056.000 0.223 -0.054 0.283
33057.000 0.223 0.015 0.022
33058.000 0.223 0.085 0.193
33059.000 0.223 0.154 0.194
33060.000 0.223 0.223 0.208
33061.000 0.223 0.292 0.210
33062.000 0.223 0.362 0.417
33063.000 0.223 0.431 0.000
33064.000 0.292 -0.400 0.109
33065.000 0.292 -0.331 0.137
33066.000 0.292 -0.262 0.263
33067.000 0.292 -0.192 0.407
33068.000 0.292 -0.123 0.426
33069.000 0.292 -0.054 0.486
33070.000 0.292 0.015 0.009
33071.000 0.292 0.085 0.341
33072.000 0.292 0.154 0.179
33073.000 0.292 0.223 0.287
33074.000 0.292 0.292 0.307
33075.000 0.292 0.362 0.295
33076.000 0.292 0.431 0.049
33077.000 0.362 -0.400 0.132
33078.000 0.362 -0.331 0.381
33079.000 0.362 -0.262 0.335
33080.000 0.362 -0.192 0.009
33081.000 0.362 -0.123 0.284
33082.000 0.362 -0.054 0.403
33083.000 0.362 0.015 0.303
33084.000 0.362 0.085 0.013
33085.000 0.362 0.154 0.069
33086.000 0.362 0.223 0.081
33087.000 0.362 0.292 0.008
33088.000 0.362 0.362 0.103
33089.000 0.362 0.431 0.315
33090.000 0.431 -0.400 0.258
33091.000 0.431 -0.331 0.033
33092.000 0.431 -0.262 0.107
33093.000 0.431 -0.192 0.200
33094.000 0.431 -0.123 0.071
33095.000 0.431 -0.054 0.077
33096.000 0.431 0.015 0.018
33097.000 0.431 0.085 0.001
33098.000 0.431 0.154 0.468
33099.000 0.431 0.223 0.229
33100.000 0.431 0.292 0.377
33101.000 0.431 0.362 0.450
33102.000 0.431 0.431 0.288
