84.11111111111111 82.10000000000001 82.5 84.33333333333333 84.66666666666667
84.0 83.3 83.75 84.33333333333333 84.55555555555556
84.22222222222223 82.5 82.5 84.11111111111111 84.77777777777777
84.0 81.4 82.125 83.88888888888889 85.0
83.88888888888889 82.5 82.625 85.11111111111111 85.88888888888889
84.0 81.3 82.75 84.33333333333333 86.11111111111111
84.22222222222223 81.60000000000001 83.75 83.77777777777779 84.0
84.66666666666667 82.60000000000001 83.25 84.22222222222223 84.77777777777777
84.66666666666667 83.2 82.25 84.88888888888889 85.66666666666667
86.11111111111111 82.69999999999999 82.875 86.0 86.44444444444444
84.22222222222223 82.19999999999999 82.75 84.0 83.77777777777779
84.88888888888889 82.8 83.875 84.66666666666667 85.77777777777777
84.66666666666667 82.9 83.625 84.66666666666667 84.66666666666667
83.0 81.19999999999999 82.0 84.33333333333333 83.77777777777779
84.88888888888889 83.1 83.25 84.77777777777777 85.55555555555556
83.33333333333333 81.4 83.5 85.44444444444444 83.88888888888889
85.0 79.69999999999999 82.625 85.66666666666667 85.33333333333333
85.11111111111111 82.5 83.5 84.33333333333333 85.33333333333333
83.66666666666667 80.19999999999999 83.625 83.33333333333333 84.44444444444444
84.0 82.60000000000001 82.75 84.0 84.66666666666667
84.33333333333333 80.3 83.125 84.0 85.44444444444444
85.55555555555556 82.60000000000001 84.0 84.22222222222223 85.55555555555556
83.22222222222223 81.19999999999999 82.5 82.66666666666667 83.88888888888889
83.66666666666667 80.8 82.875 84.0 84.44444444444444
84.44444444444444 81.19999999999999 83.375 85.0 86.44444444444444
84.55555555555556 81.69999999999999 84.375 84.44444444444444 84.11111111111111
84.22222222222223 81.4 83.0 84.44444444444444 84.77777777777777
85.11111111111111 81.9 82.375 85.11111111111111 85.22222222222223
84.44444444444444 80.9 83.375 84.22222222222223 84.77777777777777
86.0 81.4 82.875 85.11111111111111 85.44444444444444
84.22222222222223 81.0 82.875 84.33333333333333 85.66666666666667
84.44444444444444 81.19999999999999 84.125 84.77777777777777 86.0
83.77777777777779 81.69999999999999 82.875 85.55555555555556 85.66666666666667
84.0 80.69999999999999 82.375 84.11111111111111 85.66666666666667
85.0 80.9 83.5 84.55555555555556 85.33333333333333
85.22222222222223 81.9 83.0 84.55555555555556 85.0
84.77777777777777 81.10000000000001 83.25 85.22222222222223 86.0
83.22222222222223 79.10000000000001 83.125 82.88888888888889 84.77777777777777
83.66666666666667 80.4 82.125 84.11111111111111 85.55555555555556
83.11111111111111 80.9 82.75 85.11111111111111 84.77777777777777
84.55555555555556 80.8 82.375 84.55555555555556 85.88888888888889
84.33333333333333 80.3 82.25 84.44444444444444 85.22222222222223
84.33333333333333 80.5 84.0 84.77777777777777 84.77777777777777
83.44444444444444 79.5 82.5 85.55555555555556 84.88888888888889
83.88888888888889 79.39999999999999 83.25 83.77777777777779 85.22222222222223
83.66666666666667 80.3 83.0 85.0 85.88888888888889
84.11111111111111 79.10000000000001 82.625 84.77777777777777 86.22222222222223
85.22222222222223 80.9 83.125 85.55555555555556 85.88888888888889
85.44444444444444 81.5 83.5 84.77777777777777 85.66666666666667
83.77777777777779 80.8 83.375 84.55555555555556 86.0
83.55555555555554 79.5 82.25 84.33333333333333 84.0
83.33333333333333 77.5 82.5 84.44444444444444 84.66666666666667
83.77777777777779 78.2 83.5 85.0 84.55555555555556
84.66666666666667 77.3 82.0 84.22222222222223 85.55555555555556
84.11111111111111 78.10000000000001 82.25 84.55555555555556 85.55555555555556
84.88888888888889 79.39999999999999 84.0 85.22222222222223 85.0
85.44444444444444 76.1 82.625 85.0 85.66666666666667
84.88888888888889 77.2 82.5 83.88888888888889 84.66666666666667
83.22222222222223 75.89999999999999 82.0 84.66666666666667 85.11111111111111
84.0 75.89999999999999 81.375 84.33333333333333 84.44444444444444
84.55555555555556 76.1 82.375 84.0 84.88888888888889
84.33333333333333 75.30000000000001 82.625 84.11111111111111 84.66666666666667
83.66666666666667 74.6 82.75 84.11111111111111 84.66666666666667
83.33333333333333 74.80000000000001 83.0 84.33333333333333 84.66666666666667
83.22222222222223 73.3 81.25 84.33333333333333 84.55555555555556
84.77777777777777 74.80000000000001 81.875 84.11111111111111 86.44444444444444
81.66666666666667 72.9 80.875 84.0 84.0
84.22222222222223 71.8 80.625 84.44444444444444 85.22222222222223
85.0 74.30000000000001 82.125 85.33333333333333 87.33333333333333
83.22222222222223 73.2 81.375 84.88888888888889 84.77777777777777
83.77777777777779 73.0 81.625 84.88888888888889 85.55555555555556
83.33333333333333 72.9 81.25 85.0 85.44444444444444
83.44444444444444 72.0 80.75 83.55555555555554 84.55555555555556
84.66666666666667 70.4 82.75 84.77777777777777 86.0
83.22222222222223 71.0 83.375 85.0 84.55555555555556
82.22222222222223 69.4 81.25 84.66666666666667 84.33333333333333
83.88888888888889 72.2 81.625 83.55555555555554 85.44444444444444
83.55555555555554 71.0 81.125 84.33333333333333 84.66666666666667
82.33333333333333 69.6 79.5 84.11111111111111 85.44444444444444
82.22222222222223 69.3 80.625 84.66666666666667 84.66666666666667
84.0 70.0 81.25 84.88888888888889 85.0
83.44444444444444 69.0 81.125 83.88888888888889 85.11111111111111
83.55555555555554 68.1 81.375 84.77777777777777 85.66666666666667
83.44444444444444 68.9 80.0 85.22222222222223 86.0
83.33333333333333 68.4 80.5 84.22222222222223 85.44444444444444
83.0 65.5 80.5 84.55555555555556 84.11111111111111
84.22222222222223 69.1 80.875 85.33333333333333 86.11111111111111
84.44444444444444 64.60000000000001 80.5 84.77777777777777 85.44444444444444
82.44444444444444 65.5 80.5 84.11111111111111 84.11111111111111
83.11111111111111 64.8 80.0 85.0 85.0
83.11111111111111 64.8 79.5 84.11111111111111 84.0
83.77777777777779 65.5 80.875 85.11111111111111 85.0
82.44444444444444 63.1 80.25 84.33333333333333 85.55555555555556
83.66666666666667 62.4 79.75 84.22222222222223 84.66666666666667
82.88888888888889 61.3 79.125 84.11111111111111 84.44444444444444
82.22222222222223 60.8 77.875 83.77777777777779 84.55555555555556
82.22222222222223 61.199999999999996 79.875 84.11111111111111 84.55555555555556
82.66666666666667 60.8 79.25 84.0 85.22222222222223
82.33333333333333 60.0 79.0 83.55555555555554 86.33333333333333
83.22222222222223 59.5 79.375 84.22222222222223 85.0
82.77777777777779 57.4 78.25 84.44444444444444 85.11111111111111
82.33333333333333 81.8 82.0 82.1111111111111 82.0
82.22222222222223 81.0 81.75 81.55555555555556 82.55555555555554
82.22222222222223 79.5 81.125 82.1111111111111 80.88888888888889
82.1111111111111 80.69999999999999 82.25 81.55555555555556 82.44444444444444
83.11111111111111 57.0 79.375 84.44444444444444 84.66666666666667
82.44444444444444 81.5 82.25 81.44444444444444 81.77777777777779
81.77777777777779 80.60000000000001 81.25 81.77777777777779 80.66666666666666
81.55555555555556 81.60000000000001 81.5 80.77777777777779 82.44444444444444
81.55555555555556 80.60000000000001 81.75 80.77777777777779 80.66666666666666
84.22222222222223 64.4 76.125 84.0 85.77777777777777
82.33333333333333 80.8 82.0 81.1111111111111 81.55555555555556
82.22222222222223 81.9 81.625 81.0 80.66666666666666
81.88888888888889 79.60000000000001 82.25 82.1111111111111 81.66666666666667
82.33333333333333 79.9 81.5 81.1111111111111 81.66666666666667
82.55555555555554 55.800000000000004 78.875 84.66666666666667 85.55555555555556
82.22222222222223 80.9 82.25 82.22222222222223 82.66666666666667
82.0 81.19999999999999 81.25 81.55555555555556 82.0
82.33333333333333 80.5 82.0 80.88888888888889 82.33333333333333
82.22222222222223 79.9 82.0 80.77777777777779 81.22222222222223
83.0 64.5 76.125 84.44444444444444 84.11111111111111
80.44444444444444 80.3 80.375 81.0 81.22222222222223
82.88888888888889 81.0 81.625 81.88888888888889 81.77777777777779
82.0 81.0 82.0 80.77777777777779 81.44444444444444
82.22222222222223 80.0 82.25 81.88888888888889 82.1111111111111
80.22222222222223 80.10000000000001 80.125 81.33333333333333 80.66666666666666
81.44444444444444 80.9 80.625 81.0 80.1111111111111
81.1111111111111 80.60000000000001 81.75 81.55555555555556 80.77777777777779
81.77777777777779 80.0 81.75 81.66666666666667 80.77777777777779
81.0 79.69999999999999 79.0 80.66666666666666 81.1111111111111
81.88888888888889 79.5 81.625 80.77777777777779 82.0
84.44444444444444 64.10000000000001 77.5 85.0 86.55555555555556
81.77777777777779 62.0 75.125 83.66666666666667 84.33333333333333
83.77777777777779 62.1 76.5 84.0 83.44444444444444
81.88888888888889 62.4 77.125 83.11111111111111 83.66666666666667
83.22222222222223 63.9 77.125 85.44444444444444 85.11111111111111
83.66666666666667 64.9 77.5 85.11111111111111 85.22222222222223
83.55555555555554 63.6 76.125 84.22222222222223 85.44444444444444
84.22222222222223 63.5 75.125 84.55555555555556 84.88888888888889
83.77777777777779 64.0 75.875 84.11111111111111 85.66666666666667
82.88888888888889 64.0 76.875 84.44444444444444 84.77777777777777
84.11111111111111 63.8 77.25 85.11111111111111 86.0
82.88888888888889 63.1 75.875 84.11111111111111 85.0
83.88888888888889 64.0 75.5 84.55555555555556 85.11111111111111
84.11111111111111 64.9 76.0 84.77777777777777 85.33333333333333
83.22222222222223 64.3 76.625 83.11111111111111 84.44444444444444
83.88888888888889 65.5 78.75 85.0 86.0
84.22222222222223 63.6 75.75 85.22222222222223 85.77777777777777
83.77777777777779 64.69999999999999 77.75 84.33333333333333 85.0
84.77777777777777 64.60000000000001 77.5 86.11111111111111 86.33333333333333
84.11111111111111 63.8 75.0 83.44444444444444 84.88888888888889
83.33333333333333 63.4 76.0 84.22222222222223 84.33333333333333
83.33333333333333 65.69999999999999 76.5 85.33333333333333 84.77777777777777
82.77777777777779 62.7 75.375 84.22222222222223 84.55555555555556
85.11111111111111 64.60000000000001 76.875 84.44444444444444 85.22222222222223
84.33333333333333 65.60000000000001 76.5 85.55555555555556 86.0
83.11111111111111 63.9 75.875 84.22222222222223 85.11111111111111
83.55555555555554 64.69999999999999 76.375 85.11111111111111 85.77777777777777
83.88888888888889 65.3 76.125 85.55555555555556 85.11111111111111
83.33333333333333 65.8 76.875 84.88888888888889 84.77777777777777
81.88888888888889 64.10000000000001 73.625 83.44444444444444 85.22222222222223
84.0 63.70000000000001 75.0 85.44444444444444 84.66666666666667
83.88888888888889 65.10000000000001 75.5 84.33333333333333 85.33333333333333
84.44444444444444 65.10000000000001 76.125 84.77777777777777 85.0
84.22222222222223 66.60000000000001 76.75 85.44444444444444 85.77777777777777
85.22222222222223 66.8 74.875 85.55555555555556 87.22222222222223
83.88888888888889 67.0 74.25 85.44444444444444 85.66666666666667
83.66666666666667 65.8 74.0 84.77777777777777 85.88888888888889
84.33333333333333 67.8 74.75 85.55555555555556 85.88888888888889
84.88888888888889 66.69999999999999 74.125 86.22222222222223 85.55555555555556
84.0 65.69999999999999 73.0 85.55555555555556 85.66666666666667
84.11111111111111 65.8 74.625 86.33333333333333 85.88888888888889
85.22222222222223 65.8 74.0 86.55555555555556 87.0
84.11111111111111 65.19999999999999 72.75 86.11111111111111 86.33333333333333
85.77777777777777 65.69999999999999 72.875 85.88888888888889 86.55555555555556
85.0 64.8 72.625 85.33333333333333 85.77777777777777
84.44444444444444 66.19999999999999 72.0 85.11111111111111 85.55555555555556
84.77777777777777 67.0 72.25 85.11111111111111 85.66666666666667
85.55555555555556 66.69999999999999 71.875 87.33333333333333 87.55555555555556
85.22222222222223 66.60000000000001 72.125 85.88888888888889 86.11111111111111
85.44444444444444 67.9 72.25 86.66666666666667 86.77777777777777
84.77777777777777 66.19999999999999 71.375 86.22222222222223 86.55555555555556
85.0 66.8 72.0 87.33333333333333 85.33333333333333
85.55555555555556 66.5 71.5 86.44444444444444 87.33333333333333
85.0 67.8 70.5 87.11111111111111 86.55555555555556
84.77777777777777 66.5 70.5 86.88888888888889 87.11111111111111
84.55555555555556 67.8 68.875 85.66666666666667 86.33333333333333
86.44444444444444 66.69999999999999 70.375 86.11111111111111 86.77777777777777
85.11111111111111 66.19999999999999 69.25 87.11111111111111 87.22222222222223
84.55555555555556 66.69999999999999 68.0 87.0 86.77777777777777
84.66666666666667 66.69999999999999 68.0 87.11111111111111 85.88888888888889
84.33333333333333 66.19999999999999 66.125 86.0 85.88888888888889
85.22222222222223 67.5 66.25 87.66666666666667 87.88888888888889
85.88888888888889 66.69999999999999 66.75 86.55555555555556 86.22222222222223
85.88888888888889 67.8 66.0 88.0 86.22222222222223
84.44444444444444 66.8 63.125 87.11111111111111 86.44444444444444
86.77777777777777 67.6 66.0 87.66666666666667 87.33333333333333
86.11111111111111 66.8 65.75 87.11111111111111 86.44444444444444
85.88888888888889 68.4 67.5 88.55555555555556 86.66666666666667
85.55555555555556 68.6 65.5 87.55555555555556 87.88888888888889
85.88888888888889 68.4 67.125 87.33333333333333 87.44444444444444
85.44444444444444 67.8 65.0 87.22222222222223 86.55555555555556
85.22222222222223 65.8 66.125 88.44444444444446 87.0
86.11111111111111 68.4 66.75 88.88888888888889 87.77777777777777
85.22222222222223 67.6 63.5 87.66666666666667 87.0
86.22222222222223 69.0 65.25 87.11111111111111 87.0
86.44444444444444 67.10000000000001 65.0 88.11111111111111 88.44444444444446
85.11111111111111 68.1 65.5 87.11111111111111 86.44444444444444
86.0 68.4 65.0 87.22222222222223 87.66666666666667
85.66666666666667 68.2 67.5 87.77777777777777 86.88888888888889
84.0 67.7 64.25 86.88888888888889 86.33333333333333
85.11111111111111 68.1 65.5 86.77777777777777 86.88888888888889
85.44444444444444 66.5 64.5 88.0 86.88888888888889
85.33333333333333 69.2 66.375 88.0 87.33333333333333
85.44444444444444 66.5 66.875 87.11111111111111 86.11111111111111
84.44444444444444 67.5 65.125 86.0 86.66666666666667
84.44444444444444 67.4 64.25 86.44444444444444 86.55555555555556
86.66666666666667 68.4 65.375 87.66666666666667 87.66666666666667
84.33333333333333 67.5 63.0 86.77777777777777 86.33333333333333
84.55555555555556 65.9 63.625 86.55555555555556 86.22222222222223
86.33333333333333 67.5 65.375 86.55555555555556 86.66666666666667
85.44444444444444 69.5 65.625 87.88888888888889 87.77777777777777
86.0 67.6 64.625 87.22222222222223 87.0
86.0 67.4 65.625 88.66666666666667 88.0
85.0 68.0 63.75 87.11111111111111 87.33333333333333
86.11111111111111 68.0 64.75 88.22222222222221 87.88888888888889
86.11111111111111 69.7 65.875 88.22222222222221 86.88888888888889
84.88888888888889 69.1 64.0 86.66666666666667 87.0
85.0 66.3 64.75 86.66666666666667 86.88888888888889
86.0 68.2 66.625 87.77777777777777 88.22222222222221
