0.0014184397163120568 0.13361462728551335 0.06420765027322403 0.0 0.0
0.0014184397163120568 0.14627285513361463 0.045081967213114756 0.0 0.0
0.0028368794326241137 0.14767932489451474 0.06147540983606557 0.0 0.0
0.0 0.11954992967651196 0.051912568306010924 0.0013623978201634877 0.0
0.0 0.1518987341772152 0.06420765027322403 0.0 0.0
0.0014184397163120568 0.1350210970464135 0.06420765027322403 0.0 0.0
0.0014184397163120568 0.14767932489451474 0.050546448087431695 0.0013623978201634877 0.0
0.0014184397163120568 0.12939521800281292 0.06693989071038252 0.0 0.0
0.00425531914893617 0.1308016877637131 0.07513661202185792 0.0013623978201634877 0.0
0.0 0.1209563994374121 0.06420765027322403 0.0 0.0
0.0 0.14627285513361463 0.050546448087431695 0.0 0.0
0.0028368794326241137 0.12236286919831225 0.0587431693989071 0.0013623978201634877 0.0
0.0 0.14767932489451474 0.07240437158469946 0.0013623978201634877 0.0014005602240896359
0.0014184397163120568 0.12658227848101267 0.06010928961748634 0.0 0.0
0.0 0.170182841068917 0.06147540983606557 0.0 0.0
0.0028368794326241137 0.10970464135021096 0.056010928961748634 0.0 0.0
0.0 0.18424753867791843 0.06147540983606557 0.0 0.0
0.0014184397163120568 0.09142053445850913 0.050546448087431695 0.0027247956403269754 0.0
0.0014184397163120568 0.1209563994374121 0.056010928961748634 0.0 0.0
0.0014184397163120568 0.11954992967651196 0.08333333333333333 0.0027247956403269754 0.0
0.0 0.13783403656821377 0.05737704918032787 0.0 0.0
0.0 0.13924050632911392 0.04234972677595628 0.0 0.0
0.0 0.13220815752461323 0.0587431693989071 0.0 0.0
0.00425531914893617 0.13783403656821377 0.050546448087431695 0.0 0.0
0.0 0.14205344585091423 0.04918032786885246 0.0 0.0
0.0 0.13220815752461323 0.04918032786885246 0.0013623978201634877 0.0
0.0 0.1209563994374121 0.050546448087431695 0.0013623978201634877 0.0
0.0014184397163120568 0.14627285513361463 0.056010928961748634 0.0 0.0
0.0 0.12517580872011252 0.04371584699453552 0.0 0.0
0.0 0.1533052039381153 0.06284153005464481 0.0 0.0
0.0014184397163120568 0.14205344585091423 0.06557377049180328 0.0 0.0
0.0 0.13783403656821377 0.06420765027322403 0.0 0.0
0.0 0.15049226441631505 0.05327868852459017 0.0 0.0
0.0014184397163120568 0.1533052039381153 0.056010928961748634 0.0 0.0
0.0014184397163120568 0.12376933895921237 0.05737704918032787 0.0013623978201634877 0.0
0.0014184397163120568 0.13642756680731366 0.04781420765027322 0.0 0.0014005602240896359
0.0014184397163120568 0.15752461322081576 0.0587431693989071 0.0 0.0
0.00425531914893617 0.14486638537271448 0.06967213114754098 0.0 0.0
0.00425531914893617 0.10267229254571027 0.03005464480874317 0.0 0.0
0.0028368794326241137 0.13220815752461323 0.04781420765027322 0.0 0.0
0.0028368794326241137 0.12236286919831225 0.050546448087431695 0.0 0.0
0.0 0.12798874824191278 0.06830601092896176 0.005449591280653951 0.0
0.0 0.12376933895921237 0.05737704918032787 0.0 0.0
0.0 0.15893108298171588 0.04644808743169399 0.0013623978201634877 0.0014005602240896359
0.0014184397163120568 0.1490857946554149 0.06830601092896176 0.0013623978201634877 0.0
0.0 0.12517580872011252 0.045081967213114756 0.0 0.0
0.0014184397163120568 0.16033755274261605 0.06010928961748634 0.0027247956403269754 0.0
0.0 0.10829817158931083 0.04371584699453552 0.0 0.0
0.0 0.12236286919831225 0.05737704918032787 0.0 0.0
0.0014184397163120568 0.13783403656821377 0.051912568306010924 0.0 0.0
0.0 0.11954992967651196 0.04781420765027322 0.0 0.0
0.0 0.11251758087201125 0.051912568306010924 0.0 0.0
0.0 0.10407876230661041 0.04371584699453552 0.0013623978201634877 0.0
0.0014184397163120568 0.12939521800281292 0.04644808743169399 0.0013623978201634877 0.0
0.0 0.10126582278481014 0.04918032786885246 0.0013623978201634877 0.0
0.0 0.12939521800281292 0.06420765027322403 0.0 0.0
0.0028368794326241137 0.14064697609001406 0.06557377049180328 0.0 0.0
0.0 0.15049226441631505 0.05327868852459017 0.0 0.0
0.0 0.14064697609001406 0.051912568306010924 0.0 0.0
0.0014184397163120568 0.11954992967651196 0.045081967213114756 0.0 0.0
0.0 0.08860759493670886 0.04644808743169399 0.0 0.0
0.0 0.12376933895921237 0.06147540983606557 0.0 0.0
0.0028368794326241137 0.11392405063291139 0.07786885245901638 0.0 0.0
0.0028368794326241137 0.12658227848101267 0.045081967213114756 0.0013623978201634877 0.0
0.0014184397163120568 0.10829817158931083 0.040983606557377046 0.0027247956403269754 0.0
0.0014184397163120568 0.11673699015471167 0.0587431693989071 0.0013623978201634877 0.0
0.0014184397163120568 0.09282700421940929 0.04234972677595628 0.004087193460490464 0.0
0.0 0.11673699015471167 0.06693989071038252 0.0027247956403269754 0.0
0.0028368794326241137 0.10267229254571027 0.06420765027322403 0.0 0.0
0.0014184397163120568 0.10407876230661041 0.06693989071038252 0.0 0.0
0.0014184397163120568 0.11392405063291139 0.04644808743169399 0.0013623978201634877 0.0
0.0 0.09423347398030942 0.050546448087431695 0.0013623978201634877 0.0
0.0014184397163120568 0.11533052039381153 0.06284153005464481 0.0 0.0
0.0028368794326241137 0.12798874824191278 0.06284153005464481 0.0013623978201634877 0.0
0.005673758865248227 0.13361462728551335 0.04918032786885246 0.0 0.0
0.0028368794326241137 0.15049226441631505 0.04918032786885246 0.0 0.0
0.0 0.10548523206751055 0.056010928961748634 0.0027247956403269754 0.0
0.0028368794326241137 0.12517580872011252 0.0546448087431694 0.0013623978201634877 0.0014005602240896359
0.0014184397163120568 0.09423347398030942 0.045081967213114756 0.0 0.0
0.0 0.13642756680731366 0.03825136612021858 0.0013623978201634877 0.0
0.0 0.10267229254571027 0.04371584699453552 0.0 0.0
0.0 0.12939521800281292 0.056010928961748634 0.0 0.0
0.0014184397163120568 0.12517580872011252 0.0587431693989071 0.0013623978201634877 0.0
0.0014184397163120568 0.11392405063291139 0.03961748633879782 0.0013623978201634877 0.0
0.0 0.13783403656821377 0.056010928961748634 0.0013623978201634877 0.0
0.0 0.09282700421940929 0.07650273224043716 0.0 0.0
0.0014184397163120568 0.10689170182841068 0.03278688524590164 0.0 0.0
0.0014184397163120568 0.12939521800281292 0.04918032786885246 0.0 0.0
0.0014184397163120568 0.1350210970464135 0.04644808743169399 0.0 0.0
0.0014184397163120568 0.12517580872011252 0.050546448087431695 0.0 0.0
0.0014184397163120568 0.11533052039381153 0.03961748633879782 0.0 0.0
0.0014184397163120568 0.10267229254571027 0.0546448087431694 0.0 0.0
0.0 0.12236286919831225 0.040983606557377046 0.0 0.0014005602240896359
0.0 0.11392405063291139 0.050546448087431695 0.0013623978201634877 0.0
0.0 0.10829817158931083 0.0546448087431694 0.0013623978201634877 0.0
0.0 0.10970464135021096 0.07103825136612021 0.0 0.0
0.0 0.12236286919831225 0.04644808743169399 0.0013623978201634877 0.0
0.0014184397163120568 0.08720112517580872 0.04371584699453552 0.0013623978201634877 0.0
0.0 0.07454289732770746 0.05327868852459017 0.0 0.0
0.005673758865248227 0.12376933895921237 0.04918032786885246 0.0 0.0
0.0 0.10407876230661041 0.04781420765027322 0.0 0.0
0.0 0.0 0.0 0.0 0.0
0.0 0.0014064697609001407 0.0 0.0 0.0
0.0 0.0 0.0 0.0 0.0
0.0 0.0 0.0 0.0 0.0
0.0014184397163120568 0.11251758087201125 0.036885245901639344 0.0027247956403269754 0.0
0.0 0.0 0.00273224043715847 0.0 0.0
0.0 0.0 0.0 0.0 0.0
0.0 0.0 0.0 0.0 0.0
0.0 0.0 0.0 0.0 0.0
0.0 0.0450070323488045 0.16530054644808745 0.004087193460490464 0.0
0.0 0.0 0.0 0.0 0.0
0.0 0.0 0.0 0.0 0.0
0.0 0.0 0.0 0.0 0.0
0.0 0.0 0.0 0.0013623978201634877 0.0
0.0014184397163120568 0.1209563994374121 0.06284153005464481 0.0 0.0
0.0 0.0014064697609001407 0.0 0.0 0.0
0.0 0.0 0.0 0.0 0.0
0.0 0.0 0.001366120218579235 0.0 0.0
0.0 0.0 0.0 0.0 0.0014005602240896359
0.0 0.05485232067510548 0.14617486338797814 0.0027247956403269754 0.0
0.0 0.0 0.0 0.0 0.0
0.0 0.0 0.0 0.0 0.0
0.0 0.0 0.0 0.0 0.0
0.0014184397163120568 0.0 0.0 0.0 0.0014005602240896359
0.0 0.0 0.0 0.0 0.0
0.0 0.0 0.0 0.0 0.0
0.0 0.0 0.0 0.0 0.0
0.0 0.0 0.0 0.0 0.0014005602240896359
0.0 0.0 0.0 0.0 0.0
0.0 0.0 0.0 0.0 0.0
0.0 0.030942334739803092 0.12568306010928962 0.0013623978201634877 0.0
0.0 0.035161744022503515 0.12978142076502733 0.0013623978201634877 0.0
0.0014184397163120568 0.03234880450070323 0.15983606557377047 0.005449591280653951 0.0
0.0 0.040787623066104076 0.14071038251366122 0.0013623978201634877 0.0
0.0 0.03938115330520394 0.15300546448087432 0.0 0.0
0.0 0.03656821378340366 0.1762295081967213 0.005449591280653951 0.0
0.0028368794326241137 0.04219409282700422 0.13524590163934425 0.0027247956403269754 0.0
0.0 0.03656821378340366 0.226775956284153 0.006811989100817439 0.0
0.0014184397163120568 0.03938115330520394 0.22814207650273224 0.0 0.0
0.0 0.04360056258790436 0.17759562841530055 0.0027247956403269754 0.0
0.0 0.0379746835443038 0.20081967213114754 0.0013623978201634877 0.0
0.0014184397163120568 0.03656821378340366 0.2540983606557377 0.0 0.0
0.0 0.052039381153305204 0.26639344262295084 0.0 0.0
0.0 0.04360056258790436 0.30191256830601093 0.0013623978201634877 0.0
0.0 0.029535864978902954 0.2745901639344262 0.0013623978201634877 0.0
0.0 0.0379746835443038 0.28142076502732244 0.0 0.0
0.0 0.05063291139240507 0.3551912568306011 0.0027247956403269754 0.0
0.0014184397163120568 0.0379746835443038 0.31830601092896177 0.0013623978201634877 0.0
0.0014184397163120568 0.04360056258790436 0.389344262295082 0.0027247956403269754 0.0
0.0 0.0379746835443038 0.42213114754098363 0.0 0.0
0.0 0.06469760900140646 0.4166666666666667 0.0013623978201634877 0.0
0.0014184397163120568 0.040787623066104076 0.453551912568306 0.0027247956403269754 0.0
0.0014184397163120568 0.03938115330520394 0.48497267759562845 0.0013623978201634877 0.0
0.0 0.0450070323488045 0.48770491803278687 0.0027247956403269754 0.0
0.0028368794326241137 0.03375527426160337 0.5368852459016393 0.0013623978201634877 0.0
0.0 0.05344585091420534 0.6106557377049181 0.0027247956403269754 0.0
0.0028368794326241137 0.04360056258790436 0.6420765027322405 0.0013623978201634877 0.0
0.0 0.0379746835443038 0.7144808743169399 0.0 0.0
0.0 0.03656821378340366 0.7595628415300546 0.0 0.0
0.0014184397163120568 0.046413502109704644 0.894808743169399 0.0027247956403269754 0.0
0.0 0.03938115330520394 0.9303278688524591 0.0 0.0
0.0 0.0379746835443038 1.0327868852459017 0.0013623978201634877 0.0
0.0 0.05485232067510548 1.0860655737704918 0.0 0.0
0.0 0.040787623066104076 1.081967213114754 0.0 0.0
0.0 0.04219409282700422 1.2704918032786885 0.0013623978201634877 0.0
0.0 0.061884669479606184 1.3005464480874316 0.004087193460490464 0.0
0.0014184397163120568 0.05625879043600562 1.4549180327868854 0.0027247956403269754 0.0
0.00425531914893617 0.052039381153305204 1.5341530054644807 0.0027247956403269754 0.0
0.0 0.046413502109704644 1.599726775956284 0.0 0.0
0.0014184397163120568 0.05625879043600562 1.6816939890710383 0.0 0.0
0.0014184397163120568 0.06329113924050633 1.7076502732240437 0.0 0.0014005602240896359
0.0028368794326241137 0.05063291139240507 1.8346994535519126 0.0013623978201634877 0.0
0.0014184397163120568 0.06610407876230662 1.8989071038251366 0.0013623978201634877 0.0
0.0 0.06891701828410689 2.0040983606557377 0.0 0.0
0.0 0.07032348804500703 2.144808743169399 0.0013623978201634877 0.0
0.0 0.06469760900140646 2.3579234972677594 0.0027247956403269754 0.0
0.0 0.05344585091420534 2.407103825136612 0.0013623978201634877 0.0
0.0 0.06329113924050633 2.5765027322404372 0.0 0.0
0.0 0.06751054852320675 2.640710382513661 0.0013623978201634877 0.0
0.0 0.06610407876230662 2.730874316939891 0.0 0.0
0.0 0.07454289732770746 2.8743169398907105 0.0027247956403269754 0.0
0.0 0.08298171589310831 3.046448087431694 0.004087193460490464 0.0
0.0 0.10126582278481014 3.1079234972677594 0.0013623978201634877 0.0
0.0014184397163120568 0.08860759493670886 3.209016393442623 0.0 0.0
0.0 0.08579465541490858 3.4030054644808745 0.0 0.0
0.0 0.09423347398030942 3.580601092896175 0.0013623978201634877 0.0
0.0 0.09142053445850913 3.7062841530054644 0.0013623978201634877 0.0
0.0014184397163120568 0.10970464135021096 3.9713114754098364 0.0013623978201634877 0.0
0.0 0.09845288326300985 4.14207650273224 0.0027247956403269754 0.0
0.0014184397163120568 0.10267229254571027 4.316939890710382 0.0013623978201634877 0.0
0.0 0.12939521800281292 4.620218579234973 0.0027247956403269754 0.0014005602240896359
0.0 0.11533052039381153 4.680327868852459 0.0 0.0
0.0 0.09985935302390998 4.6775956284153 0.004087193460490464 0.0
0.0 0.13220815752461323 5.006830601092896 0.0 0.0
0.0014184397163120568 0.1209563994374121 4.9303278688524586 0.0013623978201634877 0.0
0.0 0.12939521800281292 4.9836065573770485 0.0027247956403269754 0.0
0.0014184397163120568 0.10970464135021096 4.920765027322404 0.0013623978201634877 0.0
0.0014184397163120568 0.11392405063291139 4.887978142076503 0.0013623978201634877 0.0
0.0 0.10970464135021096 4.942622950819672 0.0 0.0
0.0 0.11392405063291139 4.887978142076503 0.0013623978201634877 0.0
0.0 0.1308016877637131 4.94672131147541 0.0 0.0
0.0 0.11673699015471167 4.954918032786885 0.0027247956403269754 0.0
0.0 0.11673699015471167 5.046448087431694 0.0013623978201634877 0.0
0.0 0.12236286919831225 5.188524590163934 0.004087193460490464 0.0
0.0 0.12236286919831225 5.221311475409836 0.0013623978201634877 0.0
0.0 0.14064697609001406 5.140710382513661 0.0 0.0
0.0 0.12939521800281292 5.106557377049181 0.004087193460490464 0.0
0.0 0.11533052039381153 5.172131147540984 0.006811989100817439 0.0
0.0 0.11533052039381153 5.036885245901639 0.0 0.0
0.0 0.1209563994374121 5.144808743169399 0.0027247956403269754 0.0
0.0 0.11533052039381153 5.103825136612023 0.0 0.0
0.0 0.12658227848101267 5.169398907103825 0.005449591280653951 0.0
0.0 0.09985935302390998 5.132513661202186 0.0 0.0014005602240896359
0.0014184397163120568 0.14767932489451474 5.065573770491803 0.0013623978201634877 0.0
0.0014184397163120568 0.12517580872011252 5.284153005464481 0.0 0.0
0.0 0.11251758087201125 5.35792349726776 0.0027247956403269754 0.0
0.0 0.12517580872011252 5.326502732240437 0.0013623978201634877 0.0
0.0 0.12798874824191278 5.4576502732240435 0.0027247956403269754 0.0
0.0 0.11954992967651196 5.382513661202186 0.0013623978201634877 0.0
0.0 0.12236286919831225 5.2622950819672125 0.0 0.0
0.0 0.11533052039381153 5.351092896174864 0.0027247956403269754 0.0
0.0 0.12798874824191278 5.300546448087432 0.0013623978201634877 0.0
0.0014184397163120568 0.11392405063291139 5.448087431693989 0.0013623978201634877 0.0
0.0 0.12658227848101267 5.353825136612022 0.0 0.0
0.0 0.12236286919831225 5.3224043715847 0.0 0.0
0.0 0.10689170182841068 5.256830601092896 0.0027247956403269754 0.0
0.0 0.11954992967651196 5.33879781420765 0.0013623978201634877 0.0
0.0 0.10689170182841068 5.258196721311475 0.0013623978201634877 0.0
0.0 0.1308016877637131 5.217213114754099 0.0013623978201634877 0.0
