0.0 0.14326241134751772 0.05386740331491713 0.0 0.0
0.0028208744710860366 0.13900709219858154 0.07734806629834254 0.0028129395218002813 0.0
0.004231311706629055 0.13049645390070921 0.05801104972375691 0.0 0.0
0.0014104372355430183 0.16879432624113475 0.05662983425414365 0.0 0.0
0.0 0.1574468085106383 0.0649171270718232 0.0 0.0
0.0014104372355430183 0.12907801418439718 0.08287292817679559 0.0 0.0
0.0 0.20141843971631207 0.06906077348066299 0.0 0.0
0.0 0.13900709219858154 0.04834254143646409 0.0014064697609001407 0.0
0.0 0.14042553191489363 0.06906077348066299 0.0014064697609001407 0.0
0.004231311706629055 0.12056737588652483 0.08149171270718232 0.0014064697609001407 0.0
0.0 0.15177304964539007 0.04558011049723757 0.0 0.0
0.0014104372355430183 0.15460992907801419 0.0787292817679558 0.0 0.0014005602240896359
0.0 0.17163120567375886 0.06077348066298342 0.0 0.0
0.0014104372355430183 0.1375886524822695 0.04558011049723757 0.0 0.0
0.0028208744710860366 0.15460992907801419 0.06629834254143646 0.0 0.0
0.0 0.16028368794326242 0.05801104972375691 0.0014064697609001407 0.0
0.004231311706629055 0.15319148936170213 0.06215469613259669 0.0028129395218002813 0.0
0.0 0.19432624113475178 0.055248618784530384 0.0 0.0
0.0 0.16453900709219857 0.052486187845303865 0.0014064697609001407 0.0
0.0028208744710860366 0.13333333333333333 0.0856353591160221 0.0 0.0
0.0 0.14184397163120568 0.06767955801104972 0.0014064697609001407 0.0
0.0028208744710860366 0.11914893617021277 0.07320441988950277 0.0 0.0
0.0 0.17163120567375886 0.06906077348066299 0.0 0.0
0.0014104372355430183 0.1446808510638298 0.04972375690607735 0.0 0.0
0.0014104372355430183 0.1347517730496454 0.05662983425414365 0.0 0.0
0.0028208744710860366 0.10780141843971631 0.06353591160220995 0.004219409282700422 0.0
0.0028208744710860366 0.1574468085106383 0.05386740331491713 0.0014064697609001407 0.0
0.0 0.14609929078014183 0.06077348066298342 0.0014064697609001407 0.0
0.0 0.16312056737588654 0.05386740331491713 0.0 0.0
0.0014104372355430183 0.14326241134751772 0.04696132596685083 0.0 0.0
0.0014104372355430183 0.14042553191489363 0.07320441988950277 0.0 0.0
0.0014104372355430183 0.14326241134751772 0.08149171270718232 0.0014064697609001407 0.0
0.0 0.12198581560283688 0.04558011049723757 0.0 0.0
0.0028208744710860366 0.12056737588652483 0.05939226519337016 0.0014064697609001407 0.0
0.0 0.12198581560283688 0.04558011049723757 0.0014064697609001407 0.0
0.0014104372355430183 0.12482269503546098 0.06215469613259669 0.0014064697609001407 0.0
0.0 0.1375886524822695 0.05386740331491713 0.0028129395218002813 0.0
0.0014104372355430183 0.12907801418439718 0.052486187845303865 0.0028129395218002813 0.0
0.0014104372355430183 0.09645390070921986 0.06215469613259669 0.0 0.0
0.0014104372355430183 0.1773049645390071 0.07734806629834254 0.0 0.0
0.0014104372355430183 0.16595744680851066 0.0718232044198895 0.0014064697609001407 0.0
0.0014104372355430183 0.12907801418439718 0.055248618784530384 0.0 0.0
0.004231311706629055 0.16879432624113475 0.055248618784530384 0.0028129395218002813 0.0
0.0014104372355430183 0.12907801418439718 0.04696132596685083 0.0 0.0
0.0014104372355430183 0.13049645390070921 0.04281767955801105 0.0 0.0
0.0 0.13191489361702127 0.034530386740331494 0.0 0.0
0.0 0.16595744680851066 0.05662983425414365 0.0 0.0
0.0 0.1148936170212766 0.05801104972375691 0.0028129395218002813 0.0
0.0014104372355430183 0.14326241134751772 0.04558011049723757 0.0 0.0
0.0 0.14609929078014183 0.04281767955801105 0.0 0.0
0.0 0.11347517730496454 0.041436464088397795 0.0014064697609001407 0.0
0.0 0.11914893617021277 0.04419889502762431 0.0 0.0
0.0014104372355430183 0.17304964539007092 0.0649171270718232 0.0014064697609001407 0.0014005602240896359
0.0014104372355430183 0.1574468085106383 0.08425414364640883 0.0 0.0
0.0014104372355430183 0.10780141843971631 0.05386740331491713 0.0 0.0
0.0 0.17163120567375886 0.05662983425414365 0.0014064697609001407 0.0
0.0014104372355430183 0.13333333333333333 0.05386740331491713 0.0 0.0
0.0 0.1375886524822695 0.05939226519337016 0.0 0.0
0.0 0.10921985815602837 0.07734806629834254 0.0 0.0
0.0 0.11773049645390071 0.06077348066298342 0.0014064697609001407 0.0
0.0014104372355430183 0.11205673758865248 0.05110497237569061 0.0 0.0
0.004231311706629055 0.14751773049645392 0.06906077348066299 0.0014064697609001407 0.0
0.0 0.17588652482269504 0.05801104972375691 0.0014064697609001407 0.0
0.0014104372355430183 0.12198581560283688 0.05939226519337016 0.0 0.0
0.0014104372355430183 0.14042553191489363 0.07596685082872928 0.0 0.0
0.0014104372355430183 0.13191489361702127 0.08701657458563536 0.0014064697609001407 0.0
0.0014104372355430183 0.1347517730496454 0.04419889502762431 0.0014064697609001407 0.0
0.0014104372355430183 0.15460992907801419 0.0649171270718232 0.0014064697609001407 0.0
0.0014104372355430183 0.10638297872340426 0.05386740331491713 0.0014064697609001407 0.0
0.0 0.12907801418439718 0.05939226519337016 0.0014064697609001407 0.0
0.004231311706629055 0.12340425531914893 0.06353591160220995 0.0028129395218002813 0.0
0.0 0.1276595744680851 0.07044198895027624 0.0014064697609001407 0.0
0.0 0.1347517730496454 0.05939226519337016 0.0 0.0
0.0 0.11773049645390071 0.05939226519337016 0.0 0.0
0.0 0.1021276595744681 0.03867403314917127 0.0 0.0
0.004231311706629055 0.09219858156028368 0.05662983425414365 0.0014064697609001407 0.0
0.0 0.11631205673758865 0.04419889502762431 0.0 0.0
0.0014104372355430183 0.10780141843971631 0.05801104972375691 0.0 0.0
0.0028208744710860366 0.12340425531914893 0.05110497237569061 0.0 0.0
0.0014104372355430183 0.12482269503546098 0.055248618784530384 0.0 0.0
0.0028208744710860366 0.1021276595744681 0.0649171270718232 0.0 0.0
0.0 0.1148936170212766 0.05662983425414365 0.0014064697609001407 0.0
0.0014104372355430183 0.1148936170212766 0.06353591160220995 0.0 0.0
0.0 0.12624113475177307 0.041436464088397795 0.0 0.0
0.0014104372355430183 0.10638297872340426 0.04281767955801105 0.0014064697609001407 0.0
0.0 0.08368794326241134 0.055248618784530384 0.0 0.0
0.0014104372355430183 0.10921985815602837 0.06629834254143646 0.0 0.0
0.0028208744710860366 0.12340425531914893 0.04696132596685083 0.0 0.0014005602240896359
0.0028208744710860366 0.11063829787234042 0.04834254143646409 0.0 0.0
0.0028208744710860366 0.11205673758865248 0.06906077348066299 0.0014064697609001407 0.0
0.0 0.08794326241134752 0.04972375690607735 0.0 0.0
0.0014104372355430183 0.12482269503546098 0.04419889502762431 0.0028129395218002813 0.0
0.0028208744710860366 0.10921985815602837 0.041436464088397795 0.0 0.0
0.0 0.12056737588652483 0.05110497237569061 0.0 0.0
0.004231311706629055 0.1276595744680851 0.06629834254143646 0.0 0.0
0.0 0.12340425531914893 0.0649171270718232 0.0 0.0
0.0028208744710860366 0.1021276595744681 0.05386740331491713 0.0 0.0
0.0014104372355430183 0.09787234042553192 0.04281767955801105 0.0014064697609001407 0.0
0.0 0.08794326241134752 0.04005524861878453 0.0 0.0
0.0028208744710860366 0.14893617021276595 0.05110497237569061 0.0014064697609001407 0.0
0.0 0.09645390070921986 0.04834254143646409 0.0 0.0
0.0014104372355430183 0.0 0.0 0.0 0.0
0.0 0.0 0.0 0.0 0.0
0.0 0.0 0.0 0.0 0.0
0.0 0.0 0.0 0.0014064697609001407 0.0
0.0028208744710860366 0.15177304964539007 0.052486187845303865 0.0 0.0
0.0 0.0 0.0 0.0 0.0
0.0 0.0 0.0 0.0 0.0
0.0 0.0 0.0 0.0 0.0
0.0 0.0 0.0 0.0 0.0
0.0 0.0524822695035461 0.16574585635359118 0.0014064697609001407 0.0
0.0 0.0 0.0 0.0 0.0
0.0 0.0 0.0027624309392265192 0.0 0.0
0.0 0.0 0.0 0.0 0.0
0.0 0.0 0.0 0.0 0.0
0.0 0.1446808510638298 0.06767955801104972 0.0014064697609001407 0.0
0.0 0.0 0.0 0.0 0.0
0.0 0.0 0.0 0.0 0.0
0.0 0.0 0.0 0.0 0.0
0.0 0.0 0.0 0.0 0.0
0.0 0.03829787234042553 0.1574585635359116 0.0 0.0
0.0 0.0 0.0 0.0 0.0
0.0 0.0 0.0 0.0 0.0
0.0 0.0 0.0 0.0 0.0
0.0 0.0 0.0 0.0 0.0
0.0014104372355430183 0.0 0.0 0.0 0.0
0.0 0.0 0.0 0.0 0.0
0.0014104372355430183 0.0 0.0 0.0 0.0
0.0 0.0 0.0 0.0 0.0
0.0 0.0 0.0 0.0 0.0
0.0 0.0 0.0 0.0 0.0
0.0 0.04539007092198582 0.18093922651933703 0.0028129395218002813 0.0
0.0 0.04539007092198582 0.16298342541436464 0.0028129395218002813 0.0
0.0 0.05531914893617021 0.1712707182320442 0.0028129395218002813 0.0
0.0014104372355430183 0.04680851063829787 0.1919889502762431 0.0028129395218002813 0.0
0.0 0.03687943262411348 0.1671270718232044 0.0014064697609001407 0.0
0.0 0.04964539007092198 0.18093922651933703 0.005625879043600563 0.0
0.0 0.0425531914893617 0.15883977900552484 0.004219409282700422 0.0
0.0 0.03829787234042553 0.15193370165745856 0.0014064697609001407 0.0
0.0 0.05106382978723405 0.24585635359116023 0.0028129395218002813 0.0014005602240896359
0.0014104372355430183 0.04113475177304964 0.23895027624309392 0.0014064697609001407 0.0
0.0 0.04113475177304964 0.2016574585635359 0.0028129395218002813 0.0
0.0014104372355430183 0.0425531914893617 0.22237569060773482 0.0028129395218002813 0.0
0.0 0.04964539007092198 0.25138121546961323 0.004219409282700422 0.0
0.0 0.06666666666666667 0.31353591160220995 0.0028129395218002813 0.0
0.0 0.05390070921985816 0.3176795580110497 0.0 0.0
0.0 0.04397163120567376 0.3411602209944751 0.0014064697609001407 0.0014005602240896359
0.0 0.05106382978723405 0.34944751381215466 0.0014064697609001407 0.0
0.0014104372355430183 0.05815602836879433 0.41022099447513816 0.0028129395218002813 0.0
0.0 0.06241134751773049 0.4033149171270718 0.0 0.0
0.0014104372355430183 0.03829787234042553 0.4599447513812155 0.004219409282700422 0.0
0.0 0.03404255319148936 0.4723756906077348 0.004219409282700422 0.0
0.0 0.05673758865248227 0.5262430939226519 0.0028129395218002813 0.0
0.0014104372355430183 0.05673758865248227 0.5220994475138122 0.0028129395218002813 0.0
0.0014104372355430183 0.0425531914893617 0.5925414364640884 0.0014064697609001407 0.0
0.0 0.0524822695035461 0.6767955801104972 0.004219409282700422 0.0014005602240896359
0.0 0.05106382978723405 0.6837016574585635 0.0028129395218002813 0.0014005602240896359
0.0028208744710860366 0.05390070921985816 0.7389502762430938 0.004219409282700422 0.0
0.0 0.05390070921985816 0.8287292817679558 0.005625879043600563 0.0
0.0 0.06524822695035461 0.8784530386740331 0.0 0.0
0.0 0.05106382978723405 0.9461325966850829 0.0028129395218002813 0.0
0.0 0.0425531914893617 0.9350828729281768 0.0028129395218002813 0.0
0.0014104372355430183 0.075177304964539 1.0234806629834252 0.005625879043600563 0.0
0.0 0.0723404255319149 1.0676795580110496 0.0014064697609001407 0.0
0.0014104372355430183 0.0524822695035461 1.160220994475138 0.0028129395218002813 0.0
0.0014104372355430183 0.09078014184397164 1.201657458563536 0.004219409282700422 0.0
0.0014104372355430183 0.06524822695035461 1.2693370165745856 0.0028129395218002813 0.0
0.0 0.075177304964539 1.3964088397790055 0.004219409282700422 0.0
0.0014104372355430183 0.06950354609929077 1.5497237569060773 0.004219409282700422 0.0
0.0 0.07659574468085106 1.5469613259668509 0.0028129395218002813 0.0014005602240896359
0.0014104372355430183 0.07375886524822696 1.62707182320442 0.0014064697609001407 0.0
0.0014104372355430183 0.09361702127659574 1.75 0.0014064697609001407 0.0
0.0 0.08794326241134752 1.930939226519337 0.004219409282700422 0.0
0.0 0.10354609929078015 1.930939226519337 0.004219409282700422 0.0
0.0 0.09929078014184396 2.095303867403315 0.0014064697609001407 0.0
0.0 0.12056737588652483 2.2127071823204423 0.0014064697609001407 0.0
0.0 0.11914893617021277 2.5248618784530388 0.0014064697609001407 0.0
0.0 0.11347517730496454 2.7265193370165743 0.004219409282700422 0.0
0.0 0.12340425531914893 2.8674033149171274 0.007032348804500703 0.0
0.0 0.14326241134751772 3.046961325966851 0.0014064697609001407 0.0
0.0 0.14326241134751772 3.0414364640883975 0.0028129395218002813 0.0
0.0 0.12624113475177307 3.2859116022099446 0.004219409282700422 0.0
0.0 0.14751773049645392 3.569060773480663 0.0028129395218002813 0.0
0.0014104372355430183 0.15886524822695036 3.669889502762431 0.004219409282700422 0.0
0.0 0.16453900709219857 3.8162983425414363 0.0028129395218002813 0.0
0.0014104372355430183 0.1801418439716312 4.0069060773480665 0.0014064697609001407 0.0
0.0 0.18865248226950357 4.08011049723757 0.007032348804500703 0.0
0.0 0.1971631205673759 4.298342541436464 0.0014064697609001407 0.0
0.0028208744710860366 0.18581560283687942 4.609116022099447 0.007032348804500703 0.0
0.0 0.20851063829787234 4.849447513812155 0.0028129395218002813 0.0
0.0 0.24113475177304966 5.102209944751381 0.004219409282700422 0.0
0.0 0.24539007092198578 5.288674033149171 0.0014064697609001407 0.0
0.0 0.2326241134751773 5.433701657458563 0.004219409282700422 0.0
0.0 0.23687943262411348 5.640883977900552 0.004219409282700422 0.0
0.0 0.2425531914893617 5.918508287292817 0.0028129395218002813 0.0
0.0 0.26382978723404255 6.052486187845304 0.004219409282700422 0.0
0.0 0.2723404255319149 6.069060773480663 0.007032348804500703 0.0014005602240896359
0.0 0.2936170212765957 6.301104972375691 0.009845288326300985 0.0
0.0 0.300709219858156 6.519337016574585 0.007032348804500703 0.0
0.0 0.31631205673758866 6.693370165745856 0.005625879043600563 0.0
0.0014104372355430183 0.3446808510638298 7.350828729281768 0.011251758087201125 0.0
0.0 0.3446808510638298 7.18232044198895 0.015471167369901546 0.0
0.0 0.37304964539007096 7.589779005524862 0.014064697609001406 0.0
0.0014104372355430183 0.3588652482269504 7.762430939226519 0.009845288326300985 0.0
0.0 0.36879432624113473 7.955801104972377 0.008438818565400843 0.0
0.0 0.41134751773049644 8.341160220994475 0.015471167369901546 0.0
0.0014104372355430183 0.4652482269503546 8.781767955801104 0.012658227848101267 0.0
0.0 0.4524822695035461 9.140883977900552 0.01969057665260197 0.0
0.0014104372355430183 0.4624113475177305 9.396408839779005 0.014064697609001406 0.0
0.0 0.4624113475177305 9.671270718232044 0.01828410689170183 0.0
0.0 0.4851063829787234 9.92817679558011 0.015471167369901546 0.0
0.0 0.5432624113475177 10.432320441988951 0.029535864978902954 0.0
0.0 0.5659574468085106 10.747237569060774 0.029535864978902954 0.0
0.0 0.6141843971631206 11.18646408839779 0.030942334739803092 0.0
0.0 0.6056737588652482 11.28867403314917 0.03656821378340366 0.0
0.0014104372355430183 0.598581560283688 11.461325966850827 0.02812939521800281 0.0
0.0014104372355430183 0.6099290780141844 11.643646408839778 0.030942334739803092 0.0
0.0 0.6496453900709219 11.937845303867402 0.03375527426160337 0.0
0.0 0.7049645390070922 12.535911602209945 0.0379746835443038 0.0
0.0 0.7063829787234043 12.566298342541437 0.03938115330520394 0.0
0.0 0.7489361702127659 12.907458563535911 0.040787623066104076 0.0
0.0 0.7489361702127659 13.062154696132596 0.04360056258790436 0.0
0.0 0.7446808510638299 13.066298342541437 0.040787623066104076 0.0
0.0014104372355430183 0.7815602836879433 13.226519337016574 0.04360056258790436 0.0
0.0028208744710860366 0.8283687943262412 13.803867403314918 0.05063291139240507 0.0
0.0 0.8567375886524822 14.17817679558011 0.0450070323488045 0.0
0.0 0.8950354609929078 14.49585635359116 0.05485232067510548 0.0
0.0 0.9460992907801419 14.946132596685082 0.06047819971870605 0.0
0.0 0.9475177304964539 15.05524861878453 0.05907172995780591 0.0
0.0014104372355430183 0.9617021276595745 15.069060773480663 0.05625879043600562 0.0
