0.004231311706629055 0.11773049645390071 0.06767955801104972 0.0 0.0
0.0 0.14042553191489363 0.05110497237569061 0.0 0.0
0.0 0.1347517730496454 0.0649171270718232 0.0014064697609001407 0.0
0.0028208744710860366 0.14751773049645392 0.07320441988950277 0.0 0.0
0.0 0.17446808510638298 0.07044198895027624 0.0028129395218002813 0.0
0.0028208744710860366 0.15602836879432624 0.0718232044198895 0.0028129395218002813 0.0
0.0028208744710860366 0.17872340425531916 0.0649171270718232 0.0028129395218002813 0.0
0.0028208744710860366 0.13617021276595745 0.0649171270718232 0.0 0.0
0.0014104372355430183 0.15460992907801419 0.0649171270718232 0.0 0.0
0.0 0.13333333333333333 0.05110497237569061 0.0 0.0
0.0014104372355430183 0.12340425531914893 0.05801104972375691 0.0014064697609001407 0.0
0.0028208744710860366 0.15460992907801419 0.07044198895027624 0.0 0.0
0.0 0.14893617021276595 0.07044198895027624 0.0 0.0
0.0014104372355430183 0.16453900709219857 0.055248618784530384 0.0 0.0
0.0 0.1801418439716312 0.07734806629834254 0.0014064697609001407 0.0
0.0014104372355430183 0.17872340425531916 0.06353591160220995 0.0 0.0
0.0 0.16595744680851066 0.06767955801104972 0.0 0.0
0.0014104372355430183 0.17304964539007092 0.07044198895027624 0.0028129395218002813 0.0
0.0 0.19148936170212766 0.0718232044198895 0.0 0.0
0.0014104372355430183 0.19574468085106383 0.05801104972375691 0.0 0.0
0.0014104372355430183 0.16312056737588654 0.0925414364640884 0.0 0.0
0.0014104372355430183 0.18156028368794327 0.05110497237569061 0.0 0.0
0.0 0.1971631205673759 0.10082872928176795 0.0 0.0
0.0014104372355430183 0.1971631205673759 0.08011049723756906 0.0014064697609001407 0.0
0.0014104372355430183 0.17872340425531916 0.06767955801104972 0.0 0.0014005602240896359
0.0 0.1801418439716312 0.07596685082872928 0.0 0.0
0.0028208744710860366 0.20141843971631207 0.07734806629834254 0.0 0.0
0.0028208744710860366 0.2198581560283688 0.055248618784530384 0.0014064697609001407 0.0
0.0014104372355430183 0.1900709219858156 0.08149171270718232 0.0014064697609001407 0.0
0.0028208744710860366 0.24680851063829787 0.08011049723756906 0.0014064697609001407 0.0
0.0028208744710860366 0.2539007092198582 0.0718232044198895 0.0 0.0
0.0028208744710860366 0.20851063829787234 0.10082872928176795 0.0 0.0
0.0 0.23687943262411348 0.08977900552486189 0.0028129395218002813 0.0
0.0014104372355430183 0.25248226950354613 0.08425414364640883 0.0 0.0
0.0014104372355430183 0.25957446808510637 0.08425414364640883 0.0 0.0
0.0 0.2170212765957447 0.08011049723756906 0.0 0.0
0.0 0.25673758865248225 0.08287292817679559 0.0014064697609001407 0.0
0.0014104372355430183 0.25673758865248225 0.08149171270718232 0.0028129395218002813 0.0
0.0014104372355430183 0.24113475177304966 0.07734806629834254 0.0 0.0
0.0 0.34609929078014184 0.11602209944751382 0.0 0.0
0.0014104372355430183 0.3191489361702127 0.08977900552486189 0.0 0.0
0.0014104372355430183 0.28368794326241137 0.07734806629834254 0.0 0.0
0.0 0.32482269503546096 0.106353591160221 0.0014064697609001407 0.0
0.0 0.2907801418439716 0.09668508287292818 0.0 0.0
0.0014104372355430183 0.2978723404255319 0.07596685082872928 0.0 0.0
0.0 0.3432624113475177 0.08977900552486189 0.0014064697609001407 0.0
0.0 0.4297872340425532 0.0856353591160221 0.0014064697609001407 0.0
0.0 0.32907801418439714 0.08149171270718232 0.0 0.0
0.0028208744710860366 0.375886524822695 0.10911602209944751 0.0 0.0
0.0 0.4326241134751773 0.07458563535911601 0.0 0.0
0.0014104372355430183 0.3446808510638298 0.106353591160221 0.0 0.0
0.0 0.4085106382978724 0.08011049723756906 0.0014064697609001407 0.0
0.0014104372355430183 0.44539007092198585 0.09668508287292818 0.0 0.0
0.0014104372355430183 0.47092198581560285 0.1270718232044199 0.0 0.0
0.0014104372355430183 0.42411347517730497 0.0994475138121547 0.0 0.0
0.0 0.5177304964539007 0.11187845303867403 0.0 0.0
0.0014104372355430183 0.48085106382978726 0.11464088397790055 0.0 0.0
0.0 0.5673758865248227 0.1132596685082873 0.0 0.0
0.0014104372355430183 0.5546099290780141 0.12016574585635359 0.0 0.0
0.0028208744710860366 0.5517730496453901 0.11464088397790055 0.0 0.0014005602240896359
0.004231311706629055 0.5375886524822695 0.11602209944751382 0.0 0.0
0.0028208744710860366 0.6099290780141844 0.10911602209944751 0.0 0.0
0.0014104372355430183 0.6070921985815603 0.11464088397790055 0.0014064697609001407 0.0
0.0014104372355430183 0.6184397163120567 0.11740331491712708 0.0 0.0
0.0028208744710860366 0.6269503546099291 0.10082872928176795 0.0 0.0
0.0028208744710860366 0.6921985815602837 0.14917127071823202 0.0 0.0
0.0 0.7361702127659575 0.11878453038674032 0.0 0.0
0.0 0.7304964539007092 0.15607734806629836 0.0 0.0
0.0014104372355430183 0.6950354609929078 0.16022099447513813 0.0014064697609001407 0.0
0.0028208744710860366 0.7177304964539007 0.1505524861878453 0.0 0.0
0.0014104372355430183 0.7631205673758865 0.14502762430939226 0.0 0.0
0.0 0.7886524822695036 0.143646408839779 0.0 0.0
0.0028208744710860366 0.7645390070921987 0.16298342541436464 0.0 0.0
0.0028208744710860366 0.7858156028368795 0.1671270718232044 0.0 0.0
0.0014104372355430183 0.8652482269503546 0.1671270718232044 0.0 0.0
0.0014104372355430183 0.8609929078014185 0.11878453038674032 0.0 0.0
0.0014104372355430183 0.9092198581560283 0.13812154696132597 0.0014064697609001407 0.0014005602240896359
0.0 0.9404255319148935 0.16988950276243095 0.0 0.0
0.0028208744710860366 1.0056737588652482 0.19475138121546962 0.0014064697609001407 0.0
0.0 1.0070921985815602 0.13812154696132597 0.0 0.0
0.0014104372355430183 1.0099290780141845 0.19751381215469613 0.0014064697609001407 0.0
0.0014104372355430183 1.0312056737588653 0.1988950276243094 0.0028129395218002813 0.0
0.0 1.0184397163120567 0.1892265193370166 0.0 0.0
0.0014104372355430183 1.097872340425532 0.15331491712707182 0.0 0.0
0.0 1.0836879432624114 0.1919889502762431 0.0 0.0
0.0014104372355430183 1.0539007092198582 0.18646408839779005 0.0014064697609001407 0.0
0.0014104372355430183 1.252482269503546 0.21408839779005523 0.0 0.0
0.0 1.1900709219858157 0.20718232044198895 0.0 0.0
0.004231311706629055 1.221276595744681 0.2058011049723757 0.0 0.0
0.0028208744710860366 1.2879432624113476 0.2596685082872928 0.0014064697609001407 0.0
0.0 1.2283687943262411 0.21961325966850828 0.0 0.0
0.0014104372355430183 1.3574468085106381 0.20441988950276244 0.0014064697609001407 0.0
0.004231311706629055 1.3574468085106381 0.19613259668508287 0.0 0.0
0.0014104372355430183 1.398581560283688 0.2430939226519337 0.0028129395218002813 0.0
0.0 1.398581560283688 0.2776243093922652 0.0014064697609001407 0.0
0.0 1.4851063829787232 0.25138121546961323 0.0 0.0
0.0 1.4921985815602838 0.2610497237569061 0.0 0.0
0.0 1.4425531914893617 0.2569060773480663 0.0 0.0
0.0014104372355430183 1.59290780141844 0.24723756906077346 0.0 0.0
0.0 1.625531914893617 0.2831491712707182 0.0014064697609001407 0.0
0.0 1.5631205673758866 0.27348066298342544 0.0 0.0
0.0 0.1276595744680851 0.0055248618784530384 0.0014064697609001407 0.0
0.0 0.13049645390070921 0.006906077348066298 0.0 0.0
0.0 0.13049645390070921 0.0 0.0 0.0
0.0 0.12624113475177307 0.0 0.0 0.0
0.0028208744710860366 1.6695035460992906 0.2955801104972376 0.0014064697609001407 0.0
0.0014104372355430183 0.12056737588652483 0.0027624309392265192 0.0 0.0
0.0 0.10780141843971631 0.0 0.0014064697609001407 0.0
0.0 0.10638297872340426 0.0013812154696132596 0.0 0.0
0.0 0.11773049645390071 0.0013812154696132596 0.0 0.0
0.0 1.2992907801418438 0.430939226519337 0.0 0.0
0.0 0.13049645390070921 0.0 0.0 0.0
0.0 0.11347517730496454 0.0 0.0 0.0
0.0 0.1276595744680851 0.0 0.0 0.0014005602240896359
0.0014104372355430183 0.11063829787234042 0.0027624309392265192 0.0 0.0
0.0014104372355430183 1.6822695035460993 0.3052486187845304 0.0 0.0
0.0 0.11063829787234042 0.004143646408839779 0.0014064697609001407 0.0
0.0 0.13191489361702127 0.0 0.0 0.0
0.0 0.12056737588652483 0.0 0.0 0.0
0.0 0.10070921985815603 0.0 0.0 0.0
0.0 1.2283687943262411 0.4640883977900553 0.0014064697609001407 0.0
0.0 0.11773049645390071 0.0013812154696132596 0.0014064697609001407 0.0
0.0 0.11631205673758865 0.0013812154696132596 0.0 0.0
0.0 0.1148936170212766 0.0027624309392265192 0.0 0.0
0.0 0.12624113475177307 0.0 0.0 0.0
0.0 0.09078014184397164 0.0013812154696132596 0.0 0.0
0.0 0.11631205673758865 0.0 0.0 0.0
0.0 0.12907801418439718 0.0055248618784530384 0.0 0.0
0.0 0.11205673758865248 0.0013812154696132596 0.0 0.0014005602240896359
0.0 0.13900709219858154 0.0013812154696132596 0.0 0.0
0.0 0.1148936170212766 0.0013812154696132596 0.0014064697609001407 0.0
0.0 1.278014184397163 0.45027624309392267 0.0014064697609001407 0.0
0.0014104372355430183 1.2836879432624113 0.49033149171270723 0.0 0.0
0.0 1.2822695035460994 0.4516574585635359 0.0028129395218002813 0.0
0.0 1.2184397163120568 0.47790055248618785 0.0 0.0
0.0 1.1872340425531915 0.4544198895027624 0.0014064697609001407 0.0
0.0 1.2468085106382978 0.4240331491712707 0.0014064697609001407 0.0
0.0 1.2808510638297874 0.42265193370165743 0.0028129395218002813 0.0
0.0014104372355430183 1.251063829787234 0.44060773480662985 0.004219409282700422 0.0
0.0 1.2680851063829788 0.47790055248618785 0.0014064697609001407 0.0
0.0 1.2624113475177305 0.49723756906077354 0.004219409282700422 0.0
0.0 1.229787234042553 0.4475138121546961 0.0 0.0
0.0 1.2312056737588652 0.41022099447513816 0.0014064697609001407 0.0
0.0 1.2184397163120568 0.4033149171270718 0.0 0.0
0.0 1.2283687943262411 0.457182320441989 0.0 0.0
0.0014104372355430183 1.2312056737588652 0.3853591160220995 0.0014064697609001407 0.0
0.0 1.2595744680851064 0.39502762430939226 0.0 0.0
0.0014104372355430183 1.2595744680851064 0.40193370165745856 0.0028129395218002813 0.0
0.0 1.270921985815603 0.40607734806629836 0.0 0.0
0.0 1.221276595744681 0.3867403314917127 0.0028129395218002813 0.0
0.0 1.197163120567376 0.4005524861878453 0.0014064697609001407 0.0
0.0 1.1716312056737588 0.38121546961325964 0.0 0.0
0.0014104372355430183 1.2539007092198582 0.38121546961325964 0.0 0.0
0.0014104372355430183 1.2170212765957449 0.40607734806629836 0.0028129395218002813 0.0
0.0 1.2141843971631205 0.3453038674033149 0.0014064697609001407 0.0
0.0 1.1560283687943262 0.38812154696132595 0.0 0.0014005602240896359
0.0014104372355430183 1.229787234042553 0.35773480662983426 0.0 0.0
0.0014104372355430183 1.2056737588652482 0.3674033149171271 0.0014064697609001407 0.0
0.0 1.2340425531914894 0.3977900552486188 0.0 0.0
0.0014104372355430183 1.15177304964539 0.3687845303867403 0.0 0.0
0.0 1.2056737588652482 0.36464088397790057 0.0 0.0
0.0 1.2056737588652482 0.40607734806629836 0.0014064697609001407 0.0
0.0014104372355430183 1.2056737588652482 0.3839779005524862 0.0 0.0
0.0014104372355430183 1.1602836879432625 0.3701657458563536 0.0 0.0
0.0 1.129078014184397 0.34944751381215466 0.0 0.0
0.0 1.2453900709219858 0.3674033149171271 0.0014064697609001407 0.0
0.0 1.1631205673758864 0.3825966850828729 0.0 0.0
0.0 1.1446808510638298 0.3466850828729282 0.0028129395218002813 0.0
0.0 1.1546099290780143 0.38812154696132595 0.0 0.0
0.0 1.1829787234042553 0.36187845303867405 0.0028129395218002813 0.0
0.0 1.2326241134751772 0.35220994475138123 0.0 0.0
0.0014104372355430183 1.1829787234042553 0.3632596685082873 0.0028129395218002813 0.0
0.0014104372355430183 1.1304964539007092 0.3632596685082873 0.0 0.0014005602240896359
0.0014104372355430183 1.2113475177304964 0.3149171270718232 0.0 0.0
0.0 1.2014184397163121 0.3259668508287293 0.0014064697609001407 0.0
0.0 1.1829787234042553 0.27624309392265195 0.0 0.0
0.0 1.174468085106383 0.3397790055248619 0.0028129395218002813 0.0
0.0 1.1588652482269504 0.3052486187845304 0.004219409282700422 0.0
0.0 1.1390070921985815 0.330110497237569 0.0028129395218002813 0.0014005602240896359
0.0 1.2070921985815604 0.3328729281767956 0.0 0.0
0.0 1.1829787234042553 0.2900552486187845 0.0028129395218002813 0.0
0.0014104372355430183 1.0879432624113474 0.26795580110497236 0.0014064697609001407 0.0
0.0 1.1560283687943262 0.26519337016574585 0.0 0.0
0.0 1.1120567375886523 0.23480662983425415 0.0014064697609001407 0.0
0.0014104372355430183 1.1134751773049647 0.25 0.0 0.0
0.0 1.1304964539007092 0.26381215469613256 0.0028129395218002813 0.0
0.0 1.2085106382978723 0.2997237569060774 0.0 0.0
0.0 1.1687943262411347 0.26795580110497236 0.0028129395218002813 0.0014005602240896359
0.0 1.147517730496454 0.2845303867403315 0.0014064697609001407 0.0
0.0 1.1120567375886523 0.25276243093922657 0.0028129395218002813 0.0
0.0 1.1120567375886523 0.28038674033149175 0.0014064697609001407 0.0
0.0 1.1205673758865249 0.22790055248618785 0.0014064697609001407 0.0
0.0014104372355430183 1.0624113475177304 0.20027624309392264 0.0 0.0
0.0 1.0468085106382978 0.22790055248618785 0.0 0.0
0.0 1.0879432624113474 0.1988950276243094 0.0028129395218002813 0.0028011204481792717
0.0014104372355430183 1.124822695035461 0.2265193370165746 0.0 0.0
0.0 1.1390070921985815 0.21408839779005523 0.004219409282700422 0.0
0.0 1.070921985815603 0.2058011049723757 0.0 0.0
0.0 1.1446808510638298 0.22237569060773482 0.0 0.0
0.0014104372355430183 1.1205673758865249 0.1892265193370166 0.0014064697609001407 0.0
0.0 1.102127659574468 0.212707182320442 0.0014064697609001407 0.0
0.0 1.0482269503546098 0.19475138121546962 0.0 0.0
0.0014104372355430183 1.1063829787234043 0.22237569060773482 0.0 0.0
0.0 1.0836879432624114 0.1919889502762431 0.0014064697609001407 0.0
0.0 1.0581560283687943 0.17679558011049723 0.0 0.0
0.0 1.1049645390070921 0.18370165745856354 0.0014064697609001407 0.0
0.0 1.0765957446808512 0.17679558011049723 0.0 0.0
0.0014104372355430183 1.0354609929078014 0.1712707182320442 0.0 0.0
0.0 1.0666666666666667 0.1712707182320442 0.0014064697609001407 0.0
0.0 1.0382978723404255 0.17541436464088397 0.0014064697609001407 0.0
0.0 1.0765957446808512 0.15883977900552484 0.0 0.0
0.0 1.0723404255319149 0.1712707182320442 0.0014064697609001407 0.0014005602240896359
0.0 1.0638297872340425 0.15607734806629836 0.0 0.0
0.0014104372355430183 1.0354609929078014 0.15883977900552484 0.0028129395218002813 0.0
0.0014104372355430183 1.0652482269503545 0.14226519337016574 0.0 0.0
0.0 1.0184397163120567 0.13121546961325967 0.0 0.0
0.0 1.0085106382978724 0.13812154696132597 0.0 0.0
0.0 1.0070921985815602 0.1408839779005525 0.0 0.0
0.0028208744710860366 1.0382978723404255 0.13535911602209943 0.004219409282700422 0.0
0.0 1.025531914893617 0.11602209944751382 0.0014064697609001407 0.0
0.0014104372355430183 1.0666666666666667 0.143646408839779 0.0 0.0
0.0 1.0156028368794328 0.10911602209944751 0.0 0.0
0.0 1.0184397163120567 0.13121546961325967 0.0 0.0
0.0 0.9914893617021275 0.13674033149171272 0.0014064697609001407 0.0
0.0 1.0425531914893618 0.12154696132596685 0.0 0.0
0.0 0.9914893617021275 0.12845303867403315 0.0014064697609001407 0.0
0.005641748942172073 0.9418439716312057 0.11187845303867403 0.0 0.0
0.0014104372355430183 0.9872340425531915 0.12016574585635359 0.0014064697609001407 0.0
0.0 0.9787234042553192 0.12430939226519339 0.0014064697609001407 0.0014005602240896359
0.0 0.9588652482269503 0.106353591160221 0.0 0.0
