86.11111111111111 82.5 83.0 85.4 85.33333333333333
87.0 82.19999999999999 83.25 83.9 85.33333333333333
87.22222222222223 82.0 83.125 84.2 84.88888888888889
86.77777777777777 81.5 82.875 84.6 83.88888888888889
87.44444444444444 84.5 82.875 85.5 85.44444444444444
86.33333333333333 81.10000000000001 82.75 84.0 84.33333333333333
85.66666666666667 83.9 83.5 84.6 85.55555555555556
86.33333333333333 81.9 83.25 84.6 85.55555555555556
87.22222222222223 81.0 82.25 84.7 85.33333333333333
86.55555555555556 82.69999999999999 82.5 84.8 85.33333333333333
85.66666666666667 82.19999999999999 82.625 84.3 85.11111111111111
87.0 81.10000000000001 82.5 84.2 85.0
87.33333333333333 82.3 84.625 84.5 84.66666666666667
86.66666666666667 81.4 83.5 84.8 86.22222222222223
86.22222222222223 80.10000000000001 82.375 83.5 84.22222222222223
86.33333333333333 81.60000000000001 83.0 83.4 85.0
87.33333333333333 81.5 81.875 84.4 84.55555555555556
87.0 82.3 83.625 84.4 86.33333333333333
86.55555555555556 81.9 84.0 85.8 85.33333333333333
87.55555555555556 82.4 82.375 84.6 84.33333333333333
86.11111111111111 81.69999999999999 81.75 82.9 85.11111111111111
86.66666666666667 81.60000000000001 82.75 83.8 84.66666666666667
87.0 83.1 83.375 85.8 86.11111111111111
87.33333333333333 83.2 82.375 84.5 85.33333333333333
87.33333333333333 82.9 83.5 84.9 85.77777777777777
85.33333333333333 81.3 83.875 83.6 84.88888888888889
86.44444444444444 81.69999999999999 83.125 84.5 85.88888888888889
85.55555555555556 80.4 81.75 84.6 83.88888888888889
88.0 82.8 84.25 84.8 86.33333333333333
86.0 81.3 83.125 84.7 85.22222222222223
87.44444444444444 81.3 83.0 85.4 85.11111111111111
87.55555555555556 80.5 84.125 83.8 85.88888888888889
88.0 81.0 82.75 86.1 86.0
86.88888888888889 80.3 82.375 85.5 86.0
87.11111111111111 81.0 82.875 85.0 85.44444444444444
86.88888888888889 82.10000000000001 83.5 85.1 84.66666666666667
86.11111111111111 81.19999999999999 82.5 84.4 85.11111111111111
87.55555555555556 79.69999999999999 83.0 84.4 85.44444444444444
87.33333333333333 81.0 83.875 86.1 85.0
86.66666666666667 80.9 82.75 85.0 85.11111111111111
86.55555555555556 79.3 82.5 84.2 85.55555555555556
86.88888888888889 80.9 83.0 85.3 85.55555555555556
87.11111111111111 80.5 82.25 84.5 84.88888888888889
86.11111111111111 80.10000000000001 82.5 83.9 84.77777777777777
86.77777777777777 80.69999999999999 84.0 84.7 85.44444444444444
86.55555555555556 81.0 82.25 84.4 84.88888888888889
86.0 79.8 83.75 84.7 85.88888888888889
86.55555555555556 79.69999999999999 82.75 85.3 84.77777777777777
87.44444444444444 80.8 84.375 87.3 86.44444444444444
86.55555555555556 80.9 83.75 85.1 85.88888888888889
86.88888888888889 78.39999999999999 81.5 83.8 84.0
86.88888888888889 80.4 81.5 84.2 84.22222222222223
87.77777777777777 79.60000000000001 82.625 84.9 85.11111111111111
86.66666666666667 80.8 82.875 85.6 85.33333333333333
85.55555555555556 78.2 82.125 84.7 84.77777777777777
85.77777777777777 78.10000000000001 81.25 85.1 84.22222222222223
85.66666666666667 78.5 81.5 84.2 85.77777777777777
85.11111111111111 76.39999999999999 81.125 83.3 84.66666666666667
86.11111111111111 77.2 81.625 83.6 84.77777777777777
86.55555555555556 77.0 81.625 84.2 85.0
86.66666666666667 76.5 82.75 85.0 84.88888888888889
85.77777777777777 76.7 81.25 84.6 85.44444444444444
87.55555555555556 79.2 83.0 84.8 85.22222222222223
87.33333333333333 75.80000000000001 82.125 85.5 84.88888888888889
86.88888888888889 75.7 80.625 85.6 85.44444444444444
87.0 75.89999999999999 81.75 84.0 85.55555555555556
85.77777777777777 76.2 82.0 84.5 84.88888888888889
86.0 74.30000000000001 80.875 84.4 84.33333333333333
86.88888888888889 74.80000000000001 83.375 85.8 85.22222222222223
85.88888888888889 76.5 81.875 84.3 85.11111111111111
88.11111111111111 75.0 82.0 84.9 84.88888888888889
86.0 73.2 81.75 84.6 85.44444444444444
85.66666666666667 73.80000000000001 80.5 84.2 84.44444444444444
86.77777777777777 72.9 82.625 85.0 85.44444444444444
87.66666666666667 74.6 81.875 84.9 85.55555555555556
87.11111111111111 71.3 79.25 84.0 84.44444444444444
86.11111111111111 73.89999999999999 83.0 84.4 85.33333333333333
86.55555555555556 72.0 82.0 85.3 85.44444444444444
86.77777777777777 72.6 81.125 84.9 85.44444444444444
86.22222222222223 72.7 81.75 85.0 86.11111111111111
87.11111111111111 71.5 81.5 85.3 84.66666666666667
88.0 72.4 81.75 85.4 86.33333333333333
85.55555555555556 70.5 79.375 85.2 84.77777777777777
86.66666666666667 69.2 80.25 85.3 86.11111111111111
86.0 69.6 80.625 84.4 85.22222222222223
87.44444444444444 69.9 80.125 85.5 85.77777777777777
86.22222222222223 70.3 79.75 84.6 85.33333333333333
87.0 68.9 80.125 85.2 85.88888888888889
87.0 69.1 80.375 84.5 85.55555555555556
86.44444444444444 68.5 80.125 84.5 85.22222222222223
85.88888888888889 69.9 80.625 84.7 85.11111111111111
85.22222222222223 66.3 80.5 83.5 84.44444444444444
85.44444444444444 67.10000000000001 79.375 84.6 84.0
85.66666666666667 64.9 79.625 84.1 84.11111111111111
86.22222222222223 65.10000000000001 78.875 84.3 86.22222222222223
85.88888888888889 64.5 78.875 84.4 85.66666666666667
87.11111111111111 64.3 79.0 85.0 86.33333333333333
86.88888888888889 64.4 78.25 84.4 85.11111111111111
86.77777777777777 64.60000000000001 80.125 85.7 85.88888888888889
85.88888888888889 65.60000000000001 79.5 85.6 85.88888888888889
87.0 62.9 78.125 85.2 85.22222222222223
81.55555555555556 80.9 80.5 80.4 81.44444444444444
80.55555555555556 80.0 81.0 81.69999999999999 81.77777777777779
81.22222222222223 80.9 82.25 81.19999999999999 81.77777777777779
80.88888888888889 81.0 81.5 81.4 81.0
86.0 63.9 77.75 83.8 85.33333333333333
80.66666666666666 80.9 80.25 82.60000000000001 81.1111111111111
82.0 81.4 81.75 82.4 81.44444444444444
81.66666666666667 81.69999999999999 81.25 81.5 81.66666666666667
82.55555555555554 79.8 80.625 81.9 81.33333333333333
86.11111111111111 68.0 78.375 84.2 86.11111111111111
81.33333333333333 80.8 81.5 82.5 81.55555555555556
81.0 80.10000000000001 80.5 81.69999999999999 81.0
82.1111111111111 81.4 81.875 81.69999999999999 81.88888888888889
81.0 80.5 82.0 80.9 81.77777777777779
86.44444444444444 61.400000000000006 78.5 84.5 86.0
80.77777777777779 81.8 81.875 81.69999999999999 82.0
82.44444444444444 81.19999999999999 81.75 81.9 81.77777777777779
81.77777777777779 80.9 81.625 82.0 82.44444444444444
81.33333333333333 80.4 81.625 80.69999999999999 81.22222222222223
86.77777777777777 67.5 77.375 85.1 85.0
81.77777777777779 81.4 81.625 82.10000000000001 81.33333333333333
81.0 81.3 81.625 82.10000000000001 81.44444444444444
81.1111111111111 80.8 80.875 81.0 81.22222222222223
80.55555555555556 81.5 81.125 81.10000000000001 81.88888888888889
81.22222222222223 80.8 80.875 80.19999999999999 81.44444444444444
82.1111111111111 79.8 81.25 81.5 81.1111111111111
82.66666666666667 81.10000000000001 81.625 81.69999999999999 81.77777777777779
81.33333333333333 80.9 81.5 81.8 82.22222222222223
80.55555555555556 80.4 80.0 81.8 80.77777777777779
81.66666666666667 81.8 82.0 82.5 83.11111111111111
86.11111111111111 67.8 78.25 85.0 85.33333333333333
85.0 67.6 77.875 84.7 85.66666666666667
85.0 67.8 75.625 83.6 84.88888888888889
86.33333333333333 68.7 79.0 85.0 85.55555555555556
85.88888888888889 69.2 78.5 83.9 84.0
85.66666666666667 68.4 76.875 84.5 85.33333333333333
86.55555555555556 68.2 77.625 84.8 85.22222222222223
86.0 69.0 77.375 84.8 86.11111111111111
85.22222222222223 67.5 76.625 83.1 84.55555555555556
85.66666666666667 69.6 76.25 84.3 85.77777777777777
86.11111111111111 67.9 77.625 85.7 87.11111111111111
84.88888888888889 68.0 77.25 85.1 84.66666666666667
86.11111111111111 68.2 76.75 84.6 85.44444444444444
86.55555555555556 67.5 77.625 84.4 85.44444444444444
85.44444444444444 66.4 75.75 83.3 85.0
85.11111111111111 68.7 75.875 84.6 84.88888888888889
87.22222222222223 69.3 76.375 84.0 85.66666666666667
85.55555555555556 69.7 78.25 84.5 86.11111111111111
86.44444444444444 71.7 78.875 85.9 86.22222222222223
86.55555555555556 69.0 77.25 84.3 84.77777777777777
85.88888888888889 68.8 76.0 85.3 85.11111111111111
87.22222222222223 69.7 76.25 84.9 85.11111111111111
86.33333333333333 68.3 76.375 85.3 85.55555555555556
86.11111111111111 70.0 76.75 85.3 86.66666666666667
85.66666666666667 70.1 76.5 84.9 86.44444444444444
86.0 68.5 74.75 84.9 85.66666666666667
86.55555555555556 67.7 76.375 83.4 85.88888888888889
86.44444444444444 68.5 74.375 84.7 86.44444444444444
86.33333333333333 70.7 75.0 84.7 85.88888888888889
87.0 68.5 74.5 85.0 86.77777777777777
86.44444444444444 70.3 75.25 85.6 86.88888888888889
85.77777777777777 69.2 74.25 85.6 86.22222222222223
86.66666666666667 69.3 73.625 85.3 85.88888888888889
87.11111111111111 70.6 74.875 86.0 86.55555555555556
85.44444444444444 69.4 74.625 85.0 85.66666666666667
85.66666666666667 68.8 72.375 84.7 85.55555555555556
87.33333333333333 69.6 72.625 85.6 87.55555555555556
87.0 69.7 72.625 86.4 86.11111111111111
86.11111111111111 68.9 72.125 85.8 86.33333333333333
86.44444444444444 69.7 71.625 85.3 85.88888888888889
87.88888888888889 68.7 72.625 86.3 86.33333333333333
86.88888888888889 68.8 70.375 86.1 86.44444444444444
87.11111111111111 70.0 71.0 85.8 86.88888888888889
86.66666666666667 71.8 69.625 86.3 87.44444444444444
86.44444444444444 71.6 70.75 85.1 86.66666666666667
86.11111111111111 69.6 69.75 85.8 86.88888888888889
87.0 70.7 70.875 86.5 87.11111111111111
87.0 70.4 68.75 86.4 87.0
86.44444444444444 71.7 71.25 86.0 86.33333333333333
86.44444444444444 70.4 70.375 86.0 86.33333333333333
87.22222222222223 70.5 69.875 86.4 86.88888888888889
87.77777777777777 69.5 70.375 86.4 87.11111111111111
87.77777777777777 70.7 69.25 87.1 86.55555555555556
87.77777777777777 71.1 68.875 85.3 86.11111111111111
87.44444444444444 70.7 69.875 86.8 87.0
87.66666666666667 70.3 69.75 86.6 87.22222222222223
87.55555555555556 70.9 70.0 86.6 87.11111111111111
87.22222222222223 71.9 70.75 85.9 86.77777777777777
86.55555555555556 69.2 68.625 85.9 85.55555555555556
86.77777777777777 72.9 70.25 86.5 87.11111111111111
88.44444444444446 73.1 71.25 86.7 86.88888888888889
86.66666666666667 70.3 69.25 87.9 87.88888888888889
88.11111111111111 72.1 68.875 85.6 86.66666666666667
87.11111111111111 70.3 69.75 86.4 87.33333333333333
87.0 71.4 70.375 85.6 87.44444444444444
86.55555555555556 69.3 69.25 85.4 87.11111111111111
87.0 70.2 69.875 86.1 87.11111111111111
87.33333333333333 69.2 67.75 84.6 86.44444444444444
87.33333333333333 73.1 70.75 87.2 87.11111111111111
86.11111111111111 70.2 69.125 85.8 85.66666666666667
87.0 70.1 69.625 85.4 86.66666666666667
86.22222222222223 71.9 69.0 86.4 86.66666666666667
87.0 70.3 70.125 86.8 86.44444444444444
87.88888888888889 71.7 70.375 87.4 87.77777777777777
87.77777777777777 69.5 69.875 85.5 87.55555555555556
87.44444444444444 69.7 67.0 86.0 87.11111111111111
88.0 71.0 70.375 86.3 87.33333333333333
88.44444444444446 71.1 68.625 87.0 87.22222222222223
86.77777777777777 71.8 68.25 86.9 87.55555555555556
86.22222222222223 69.6 68.125 85.9 87.66666666666667
88.22222222222221 70.7 68.5 85.5 88.0
87.66666666666667 70.1 69.25 86.7 87.11111111111111
88.11111111111111 70.8 69.75 86.2 87.44444444444444
87.44444444444444 69.4 68.25 86.7 87.22222222222223
87.66666666666667 70.4 68.625 86.2 86.88888888888889
87.22222222222223 72.5 69.5 86.7 88.0
88.55555555555556 69.5 68.25 86.3 86.77777777777777
87.44444444444444 71.7 69.5 85.5 86.44444444444444
87.11111111111111 72.2 68.125 86.4 87.0
86.77777777777777 71.1 69.5 86.1 86.22222222222223
85.77777777777777 71.1 68.25 86.7 86.11111111111111
86.77777777777777 70.5 69.5 85.7 87.44444444444444
87.55555555555556 72.2 70.875 86.1 87.22222222222223
88.11111111111111 70.3 69.625 86.6 87.55555555555556
88.0 72.3 71.125 87.2 88.44444444444446
85.66666666666667 69.4 68.0 86.1 86.77777777777777
87.88888888888889 71.4 69.0 86.6 86.77777777777777
86.11111111111111 72.4 69.375 87.6 87.88888888888889
87.66666666666667 72.0 70.75 87.4 87.11111111111111
