0.0 0.13218390804597702 0.06901217861975643 0.0014204545454545453 0.0
0.0028530670470756064 0.13793103448275862 0.05953991880920162 0.0014204545454545453 0.0
0.0014265335235378032 0.16522988505747127 0.05683355886332882 0.0 0.0
0.0 0.17385057471264367 0.05683355886332882 0.0014204545454545453 0.0
0.0014265335235378032 0.11637931034482758 0.055480378890392416 0.0 0.0
0.0028530670470756064 0.14511494252873564 0.04465493910690122 0.0 0.0
0.0014265335235378032 0.13362068965517243 0.04736129905277402 0.0 0.0
0.0014265335235378032 0.17241379310344826 0.04736129905277402 0.0 0.0
0.0 0.15660919540229884 0.036535859269282815 0.0 0.0
0.0014265335235378032 0.1896551724137931 0.05412719891745602 0.0028409090909090906 0.0
0.0 0.1307471264367816 0.055480378890392416 0.0 0.0
0.0 0.17241379310344826 0.04465493910690122 0.0 0.0
0.0 0.16379310344827588 0.05142083897158322 0.0 0.00121654501216545
0.0028530670470756064 0.16091954022988506 0.055480378890392416 0.0014204545454545453 0.0
0.0014265335235378032 0.1810344827586207 0.04194857916102842 0.0028409090909090906 0.0
0.0 0.125 0.036535859269282815 0.0 0.00121654501216545
0.0 0.15373563218390804 0.06765899864682003 0.0 0.0
0.0028530670470756064 0.16666666666666666 0.06495263870094722 0.0 0.0
0.0 0.15086206896551724 0.06630581867388363 0.0 0.0
0.0028530670470756064 0.15517241379310345 0.05006765899864682 0.0 0.0
0.0014265335235378032 0.16522988505747127 0.04465493910690122 0.0 0.0
0.0014265335235378032 0.11350574712643678 0.055480378890392416 0.0 0.00121654501216545
0.0028530670470756064 0.15517241379310345 0.04465493910690122 0.0 0.0
0.0014265335235378032 0.14367816091954022 0.05683355886332882 0.0 0.0
0.0014265335235378032 0.11063218390804597 0.04194857916102842 0.0014204545454545453 0.0
0.0 0.1882183908045977 0.04330175913396482 0.0014204545454545453 0.0
0.0028530670470756064 0.125 0.06224627875507443 0.0 0.0
0.0014265335235378032 0.15804597701149425 0.06495263870094722 0.0028409090909090906 0.0
0.0 0.14942528735632182 0.046008119079837616 0.0 0.0
0.0 0.15229885057471265 0.05142083897158322 0.0028409090909090906 0.0
0.0014265335235378032 0.14655172413793105 0.07036535859269283 0.0 0.0
0.0014265335235378032 0.10919540229885058 0.06359945872801083 0.0 0.0
0.0014265335235378032 0.15948275862068967 0.03924221921515562 0.0 0.0
0.0014265335235378032 0.13793103448275862 0.05142083897158322 0.0 0.0
0.0 0.14511494252873564 0.04465493910690122 0.0 0.00121654501216545
0.0014265335235378032 0.13218390804597702 0.05412719891745602 0.0014204545454545453 0.0
0.0028530670470756064 0.14942528735632182 0.035182679296346414 0.0014204545454545453 0.0
0.0014265335235378032 0.11925287356321838 0.05277401894451962 0.0 0.0
0.0 0.15229885057471265 0.04871447902571042 0.0 0.0
0.0 0.14655172413793105 0.05818673883626522 0.0 0.0
0.0014265335235378032 0.14080459770114942 0.05683355886332882 0.0 0.00121654501216545
0.0014265335235378032 0.11494252873563218 0.036535859269282815 0.0 0.0
0.0 0.15804597701149425 0.06359945872801083 0.0 0.0
0.0014265335235378032 0.125 0.06901217861975643 0.0 0.0
0.0014265335235378032 0.13793103448275862 0.055480378890392416 0.0028409090909090906 0.0
0.0014265335235378032 0.14798850574712644 0.05953991880920162 0.0028409090909090906 0.0
0.0028530670470756064 0.15373563218390804 0.05953991880920162 0.0 0.0
0.0028530670470756064 0.13936781609195403 0.05277401894451962 0.0014204545454545453 0.0
0.0 0.15517241379310345 0.05953991880920162 0.0 0.0
0.0014265335235378032 0.10919540229885058 0.04736129905277402 0.0 0.0
0.0 0.12212643678160919 0.05412719891745602 0.0 0.0
0.0 0.10632183908045977 0.05277401894451962 0.0 0.0
0.0014265335235378032 0.1307471264367816 0.05953991880920162 0.0 0.0
0.0 0.10057471264367816 0.03382949932341001 0.0014204545454545453 0.0
0.0 0.14798850574712644 0.046008119079837616 0.0 0.0
0.0 0.11925287356321838 0.055480378890392416 0.0 0.0
0.0 0.1364942528735632 0.05142083897158322 0.0014204545454545453 0.0
0.0 0.14224137931034483 0.04736129905277402 0.0014204545454545453 0.0
0.0014265335235378032 0.125 0.06359945872801083 0.0 0.0
0.0028530670470756064 0.13505747126436782 0.03247631935047361 0.0 0.0
0.0028530670470756064 0.11494252873563218 0.04465493910690122 0.0 0.0
0.0 0.11063218390804597 0.06224627875507443 0.0 0.0
0.0 0.08764367816091954 0.04330175913396482 0.0014204545454545453 0.0
0.0014265335235378032 0.15804597701149425 0.05277401894451962 0.0014204545454545453 0.0
0.0 0.14511494252873564 0.07307171853856563 0.0 0.0
0.0 0.13218390804597702 0.06224627875507443 0.0014204545454545453 0.0
0.0028530670470756064 0.13362068965517243 0.05277401894451962 0.0 0.0
0.0028530670470756064 0.10057471264367816 0.05277401894451962 0.0 0.00121654501216545
0.0028530670470756064 0.15804597701149425 0.06224627875507443 0.0014204545454545453 0.0
0.0 0.13505747126436782 0.055480378890392416 0.0014204545454545453 0.00121654501216545
0.0 0.125 0.04736129905277402 0.0014204545454545453 0.0
0.0014265335235378032 0.12787356321839083 0.06359945872801083 0.0 0.0
0.0014265335235378032 0.12931034482758622 0.05412719891745602 0.0014204545454545453 0.00121654501216545
0.0 0.14511494252873564 0.03382949932341001 0.0 0.0
0.0 0.12931034482758622 0.05006765899864682 0.0014204545454545453 0.0
0.005706134094151213 0.15948275862068967 0.055480378890392416 0.0014204545454545453 0.0
0.0 0.14224137931034483 0.04194857916102842 0.0 0.0
0.0014265335235378032 0.11637931034482758 0.037889039242219216 0.0 0.0
0.0 0.09770114942528736 0.05818673883626522 0.0 0.0
0.0014265335235378032 0.13218390804597702 0.05142083897158322 0.0 0.0
0.0014265335235378032 0.125 0.04330175913396482 0.0 0.0
0.0028530670470756064 0.11206896551724138 0.06359945872801083 0.0014204545454545453 0.0
0.0014265335235378032 0.13505747126436782 0.06224627875507443 0.0028409090909090906 0.0
0.0 0.14080459770114942 0.07442489851150204 0.0 0.0
0.0014265335235378032 0.11494252873563218 0.05277401894451962 0.0 0.00121654501216545
0.0014265335235378032 0.12787356321839083 0.031123139377537214 0.0014204545454545453 0.0
0.0014265335235378032 0.10775862068965517 0.05818673883626522 0.0 0.0
0.0 0.09626436781609195 0.055480378890392416 0.0014204545454545453 0.0
0.0014265335235378032 0.09482758620689655 0.04465493910690122 0.0 0.0
0.0014265335235378032 0.125 0.05006765899864682 0.0014204545454545453 0.0
0.0 0.10488505747126436 0.04736129905277402 0.0028409090909090906 0.0
0.0 0.12931034482758622 0.08119079837618404 0.0014204545454545453 0.0
0.0014265335235378032 0.10057471264367816 0.031123139377537214 0.0 0.0
0.0 0.09913793103448275 0.03382949932341001 0.0 0.0
0.0 0.10488505747126436 0.05683355886332882 0.0 0.0
0.0014265335235378032 0.10344827586206896 0.08254397834912044 0.0 0.0
0.0 0.10057471264367816 0.04871447902571042 0.0 0.0
0.0 0.08189655172413794 0.055480378890392416 0.0 0.0
0.0014265335235378032 0.1264367816091954 0.05277401894451962 0.0 0.0
0.0 0.10057471264367816 0.04194857916102842 0.0014204545454545453 0.0
0.0028530670470756064 0.12356321839080461 0.05683355886332882 0.0028409090909090906 0.0
0.0 0.0 0.0 0.0 0.0
0.0 0.0 0.0 0.0 0.0
0.0 0.0 0.0 0.0 0.0
0.0 0.0 0.0 0.0 0.0
0.0014265335235378032 0.09770114942528736 0.05683355886332882 0.0014204545454545453 0.0
0.0 0.0 0.0 0.0 0.0
0.0 0.0 0.0 0.0 0.0
0.0 0.0014367816091954023 0.0 0.0 0.0
0.0 0.0 0.0 0.0 0.00121654501216545
0.0 0.034482758620689655 0.14208389715832206 0.004261363636363637 0.00121654501216545
0.0014265335235378032 0.0 0.0 0.0 0.0
0.0 0.0 0.0 0.0 0.0
0.0 0.0 0.0 0.0 0.0
0.0 0.0 0.0 0.0 0.0
0.0 0.10919540229885058 0.035182679296346414 0.0014204545454545453 0.0
0.0 0.0 0.0 0.0 0.0
0.0 0.0 0.0 0.0 0.0
0.0 0.0 0.0 0.0 0.0
0.0 0.0 0.0 0.0 0.0
0.0 0.041666666666666664 0.15967523680649529 0.0 0.0
0.0 0.0 0.0 0.0 0.0
0.0 0.0 0.0 0.0014204545454545453 0.0
0.0 0.0 0.0 0.0 0.0
0.0 0.0 0.0 0.0 0.0
0.0 0.0 0.0 0.0 0.0
0.0 0.0 0.0 0.0 0.0
0.0 0.0 0.0 0.0014204545454545453 0.0
0.0 0.0 0.0 0.0 0.0
0.0 0.0 0.0 0.0 0.0
0.0 0.0 0.0 0.0 0.0
0.0 0.03160919540229885 0.13396481732070367 0.0028409090909090906 0.0
0.0 0.040229885057471264 0.13396481732070367 0.0014204545454545453 0.00121654501216545
0.0 0.043103448275862065 0.13396481732070367 0.0 0.0
0.0 0.03017241379310345 0.11096075778078483 0.0014204545454545453 0.0
0.0014265335235378032 0.028735632183908046 0.11502029769959404 0.0 0.0
0.0 0.043103448275862065 0.14884979702300408 0.0 0.0
0.0014265335235378032 0.03879310344827586 0.15967523680649529 0.0 0.00121654501216545
0.0 0.043103448275862065 0.14343707713125847 0.0 0.0
0.0 0.05172413793103448 0.16779431664411368 0.0014204545454545453 0.0
0.0 0.027298850574712645 0.15967523680649529 0.0014204545454545453 0.0
0.0 0.033045977011494254 0.16644113667117727 0.0014204545454545453 0.0
0.0 0.04597701149425287 0.21380243572395127 0.0028409090909090906 0.0
0.0 0.04597701149425287 0.21515561569688768 0.0028409090909090906 0.0
0.0 0.043103448275862065 0.25304465493910694 0.0 0.0
0.0 0.05459770114942529 0.27198917456021654 0.0014204545454545453 0.00121654501216545
0.0014265335235378032 0.05028735632183908 0.24357239512855208 0.0014204545454545453 0.0
0.0 0.035919540229885055 0.2733423545331529 0.0028409090909090906 0.0
0.0 0.05747126436781609 0.28687415426251694 0.0014204545454545453 0.0
0.0 0.04454022988505747 0.2855209742895805 0.0014204545454545453 0.0
0.0 0.05028735632183908 0.32205683355886333 0.0014204545454545453 0.0
0.0 0.04454022988505747 0.37889039242219213 0.0014204545454545453 0.0
0.0 0.04597701149425287 0.48443843031123135 0.0014204545454545453 0.0
0.0 0.05747126436781609 0.4993234100135318 0.0 0.0
0.0014265335235378032 0.043103448275862065 0.5196211096075778 0.0014204545454545453 0.0
0.0 0.040229885057471264 0.5074424898511501 0.0 0.00121654501216545
0.0 0.05747126436781609 0.5859269282814614 0.0 0.0
0.0 0.041666666666666664 0.6779431664411366 0.0014204545454545453 0.0
0.0 0.04454022988505747 0.7523680649526386 0.0014204545454545453 0.0
0.0014265335235378032 0.04741379310344827 0.8362652232746954 0.0028409090909090906 0.0
0.0 0.0589080459770115 0.9093369418132611 0.0014204545454545453 0.0
0.0 0.041666666666666664 0.9864682002706359 0.0014204545454545453 0.0
0.0 0.05603448275862069 1.0230040595399188 0.0028409090909090906 0.0
0.0 0.04885057471264368 1.0622462787550744 0.0028409090909090906 0.0
0.0 0.05172413793103448 1.10148849797023 0.0028409090909090906 0.0
0.0014265335235378032 0.035919540229885055 1.1326116373477673 0.0014204545454545453 0.0
0.0 0.043103448275862065 1.2611637347767255 0.0 0.0
0.0 0.04454022988505747 1.334235453315291 0.0 0.0
0.0 0.0632183908045977 1.3558863328822732 0.0 0.0
0.0 0.07183908045977011 1.4668470906630582 0.0028409090909090906 0.0
0.0014265335235378032 0.05459770114942529 1.4857916102841677 0.0014204545454545453 0.00121654501216545
0.0 0.04885057471264368 1.6265223274695535 0.0 0.0
0.0 0.07614942528735633 1.7713125845737483 0.0 0.0
0.0 0.05603448275862069 1.783491204330176 0.0014204545454545453 0.0
0.0014265335235378032 0.06752873563218391 1.8822733423545333 0.0014204545454545453 0.0
0.0 0.04885057471264368 1.918809201623816 0.004261363636363637 0.0
0.0 0.043103448275862065 1.9039242219215156 0.0014204545454545453 0.0
0.0 0.07758620689655173 1.8809201623815968 0.0 0.0
0.0 0.05747126436781609 2.044654939106901 0.0014204545454545453 0.0
0.0028530670470756064 0.04885057471264368 1.986468200270636 0.0028409090909090906 0.0
0.0 0.05747126436781609 2.006765899864682 0.0 0.0
0.0014265335235378032 0.05459770114942529 1.9783491204330177 0.0028409090909090906 0.0
0.0 0.0603448275862069 2.0311231393775375 0.0014204545454545453 0.0
0.0 0.07902298850574713 2.197564276048715 0.0 0.00121654501216545
0.0 0.05459770114942529 2.1393775372124493 0.005681818181818181 0.00121654501216545
0.0 0.07614942528735633 2.1285520974289582 0.0 0.0
0.0014265335235378032 0.07902298850574713 2.148849797023004 0.0014204545454545453 0.0
0.0014265335235378032 0.06752873563218391 2.1569688768606223 0.0014204545454545453 0.0
0.0014265335235378032 0.05172413793103448 2.0852503382949936 0.0014204545454545453 0.0
0.0 0.0589080459770115 2.144790257104195 0.0028409090909090906 0.0
0.0014265335235378032 0.06752873563218391 2.1461434370771313 0.004261363636363637 0.0
0.0 0.041666666666666664 2.1569688768606223 0.0014204545454545453 0.0
0.0 0.0632183908045977 2.1529093369418133 0.0028409090909090906 0.0
0.0 0.05028735632183908 2.1623815967523683 0.0 0.0
0.0 0.06178160919540231 2.1637347767253043 0.0 0.0
0.0 0.06752873563218391 2.0798376184032477 0.0 0.0
0.0014265335235378032 0.07040229885057471 2.0933694181326117 0.0 0.0
0.0014265335235378032 0.05747126436781609 2.13531799729364 0.004261363636363637 0.0
0.0 0.06609195402298851 2.1840324763193504 0.0014204545454545453 0.0
0.0 0.06465517241379311 2.1190798376184032 0.0014204545454545453 0.0
0.0014265335235378032 0.0589080459770115 2.1691474966170503 0.0028409090909090906 0.0
0.0 0.08189655172413794 2.147496617050068 0.0014204545454545453 0.0
0.0014265335235378032 0.05747126436781609 2.185385656292287 0.0 0.0
0.0 0.06178160919540231 2.148849797023004 0.0 0.0
0.0028530670470756064 0.05316091954022988 2.121786197564276 0.0 0.0
0.0 0.06896551724137931 2.1231393775372123 0.0 0.0
0.0014265335235378032 0.07327586206896552 2.259810554803789 0.0 0.0
0.0 0.04885057471264368 2.2259810554803785 0.0014204545454545453 0.0
0.0 0.08477011494252874 2.297699594046008 0.0014204545454545453 0.0
0.0014265335235378032 0.06609195402298851 2.2922868741542626 0.0 0.0
0.0 0.08045977011494253 2.2828146143437076 0.0 0.0
0.0 0.07902298850574713 2.2949932341001356 0.0014204545454545453 0.0
0.0 0.08189655172413794 2.3098782138024356 0.0 0.0
0.0 0.04741379310344827 2.2516914749661705 0.0 0.0
0.0 0.08333333333333333 2.311231393775372 0.0014204545454545453 0.0
0.0 0.04885057471264368 2.2205683355886334 0.004261363636363637 0.0
0.0 0.07327586206896552 2.2219215155615695 0.0 0.0
0.0014265335235378032 0.05316091954022988 2.2516914749661705 0.0 0.0
0.0028530670470756064 0.05603448275862069 2.219215155615697 0.0014204545454545453 0.0
0.0014265335235378032 0.05316091954022988 2.2422192151556155 0.0014204545454545453 0.0
0.0 0.08477011494252874 2.267929634641407 0.0028409090909090906 0.0
0.0028530670470756064 0.043103448275862065 2.246278755074425 0.0014204545454545453 0.0
0.0 0.06178160919540231 2.2178619756427604 0.0028409090909090906 0.0
0.0 0.07471264367816091 2.2205683355886334 0.0028409090909090906 0.0
0.0 0.07758620689655173 2.2449255751014885 0.0 0.0
0.0 0.06752873563218391 2.243572395128552 0.0 0.0
0.0 0.07471264367816091 2.2219215155615695 0.0 0.0
0.0 0.07183908045977011 2.3342354533152907 0.0028409090909090906 0.0
0.0 0.041666666666666664 2.2273342354533154 0.0 0.0
0.0 0.05316091954022988 2.212449255751015 0.0 0.0
