15.666666666666666 33.5 26.833333333333336 15.333333333333332 12.0
17.5 31.166666666666664 24.5 14.166666666666666 15.0
15.5 36.166666666666664 27.0 15.666666666666666 14.333333333333334
14.833333333333334 34.5 25.833333333333332 14.833333333333334 13.833333333333332
16.666666666666668 36.666666666666664 26.0 15.666666666666666 14.0
18.5 32.5 25.833333333333332 15.166666666666666 13.166666666666666
17.333333333333332 32.33333333333333 26.833333333333336 15.0 14.166666666666666
15.333333333333332 34.0 25.0 14.833333333333334 14.333333333333334
17.666666666666668 33.0 25.833333333333332 18.5 15.0
17.333333333333332 34.833333333333336 25.666666666666668 14.833333333333334 11.666666666666668
15.166666666666666 33.0 27.166666666666664 14.5 13.5
19.666666666666664 32.833333333333336 27.166666666666664 16.166666666666664 15.333333333333332
16.833333333333332 32.833333333333336 27.166666666666664 20.0 13.833333333333332
15.0 34.666666666666664 28.0 16.166666666666664 13.833333333333332
14.5 34.0 25.0 12.833333333333334 11.833333333333332
15.5 31.5 24.166666666666668 17.166666666666668 16.166666666666664
16.333333333333332 31.666666666666668 26.0 17.0 14.166666666666666
18.833333333333332 34.5 26.666666666666668 17.833333333333332 12.333333333333334
14.833333333333334 34.666666666666664 28.833333333333332 16.0 13.166666666666666
18.0 36.833333333333336 24.5 16.0 14.666666666666666
16.333333333333332 33.5 25.166666666666668 15.666666666666666 16.166666666666664
17.0 33.333333333333336 24.666666666666668 16.5 13.5
16.166666666666664 34.833333333333336 27.0 16.666666666666668 14.333333333333334
16.5 31.5 25.833333333333332 16.666666666666668 15.166666666666666
17.833333333333332 36.166666666666664 26.833333333333336 15.333333333333332 13.666666666666668
16.5 30.666666666666664 24.5 16.666666666666668 14.666666666666666
15.0 32.833333333333336 26.833333333333336 17.833333333333332 12.666666666666666
14.666666666666666 33.0 28.5 15.5 12.166666666666666
18.5 37.0 27.833333333333336 15.833333333333334 12.833333333333334
18.166666666666668 33.833333333333336 24.333333333333332 17.333333333333332 10.166666666666666
15.333333333333332 33.666666666666664 25.5 16.5 13.333333333333334
16.833333333333332 30.5 26.5 19.0 15.0
14.833333333333334 35.833333333333336 27.0 14.833333333333334 13.666666666666668
15.5 37.5 26.666666666666668 16.166666666666664 14.166666666666666
15.0 33.166666666666664 28.0 15.833333333333334 12.5
15.666666666666666 33.166666666666664 26.166666666666668 16.0 13.5
14.0 33.166666666666664 30.333333333333332 16.0 12.0
17.166666666666668 34.0 25.833333333333332 18.5 13.666666666666668
15.333333333333332 34.333333333333336 23.166666666666664 17.833333333333332 13.166666666666666
15.833333333333334 31.333333333333332 27.0 14.5 12.666666666666666
17.166666666666668 34.5 27.333333333333336 13.5 12.166666666666666
17.0 31.833333333333332 25.166666666666668 17.5 12.5
17.5 33.333333333333336 27.833333333333336 13.166666666666666 10.833333333333334
17.0 33.0 27.833333333333336 16.333333333333332 12.666666666666666
17.0 33.5 25.333333333333332 16.833333333333332 14.166666666666666
15.0 35.833333333333336 23.833333333333336 13.833333333333332 14.333333333333334
17.5 35.333333333333336 23.666666666666664 16.666666666666668 11.5
14.166666666666666 32.33333333333333 23.833333333333336 15.666666666666666 13.5
15.333333333333332 35.5 24.833333333333332 15.666666666666666 14.5
17.333333333333332 30.666666666666664 24.666666666666668 16.166666666666664 12.333333333333334
15.166666666666666 33.666666666666664 27.166666666666664 14.833333333333334 13.833333333333332
15.333333333333332 35.666666666666664 28.166666666666668 15.833333333333334 13.5
17.166666666666668 38.33333333333333 29.666666666666668 14.833333333333334 12.166666666666666
14.0 33.833333333333336 25.166666666666668 16.166666666666664 15.0
14.0 33.666666666666664 27.0 14.333333333333334 16.5
19.5 32.833333333333336 28.166666666666668 11.833333333333332 15.833333333333334
14.666666666666666 33.5 23.333333333333336 16.333333333333332 14.0
16.5 32.16666666666667 25.5 16.333333333333332 12.166666666666666
16.0 36.0 29.166666666666668 17.666666666666668 12.5
16.5 34.0 28.5 16.5 11.666666666666668
17.5 33.833333333333336 27.0 13.666666666666668 13.333333333333334
12.5 34.833333333333336 25.166666666666668 16.833333333333332 14.833333333333334
16.666666666666668 31.833333333333332 26.166666666666668 17.166666666666668 17.5
18.0 36.0 26.333333333333332 13.666666666666668 14.833333333333334
18.166666666666668 37.5 26.666666666666668 16.0 15.166666666666666
18.5 33.5 25.333333333333332 16.166666666666664 13.166666666666666
16.333333333333332 33.833333333333336 25.166666666666668 13.666666666666668 16.666666666666668
16.666666666666668 36.666666666666664 24.666666666666668 15.0 13.666666666666668
19.833333333333336 32.833333333333336 26.666666666666668 17.333333333333332 13.166666666666666
15.666666666666666 32.666666666666664 22.333333333333332 19.333333333333336 13.333333333333334
15.333333333333332 37.0 28.666666666666668 14.833333333333334 14.333333333333334
17.5 31.833333333333332 24.333333333333332 15.0 14.5
18.666666666666668 34.5 24.333333333333332 19.0 11.5
18.333333333333332 30.666666666666664 24.666666666666668 17.833333333333332 9.833333333333332
14.5 37.5 25.166666666666668 16.833333333333332 13.833333333333332
13.333333333333334 34.333333333333336 27.333333333333336 14.166666666666666 15.166666666666666
17.333333333333332 35.166666666666664 21.166666666666668 18.5 12.666666666666666
15.0 33.666666666666664 27.666666666666664 17.833333333333332 13.5
17.0 33.333333333333336 27.666666666666664 14.833333333333334 13.333333333333334
17.0 34.5 26.666666666666668 13.666666666666668 12.166666666666666
16.166666666666664 36.166666666666664 27.0 17.166666666666668 12.166666666666666
18.833333333333332 37.166666666666664 28.5 17.833333333333332 13.166666666666666
15.833333333333334 31.833333333333332 23.333333333333336 17.0 16.333333333333332
17.666666666666668 30.5 28.5 17.0 13.333333333333334
16.5 32.833333333333336 27.5 19.333333333333336 11.333333333333334
14.833333333333334 36.166666666666664 23.166666666666664 15.0 12.166666666666666
15.5 36.5 25.666666666666668 16.0 16.5
14.833333333333334 34.666666666666664 27.833333333333336 16.166666666666664 10.666666666666666
12.5 36.666666666666664 28.333333333333332 16.0 12.833333333333334
13.666666666666668 33.166666666666664 25.666666666666668 15.0 13.166666666666666
16.666666666666668 32.33333333333333 27.166666666666664 14.5 15.166666666666666
14.5 29.0 26.666666666666668 15.666666666666666 13.0
16.0 33.0 24.833333333333332 14.833333333333334 13.5
16.166666666666664 33.0 28.0 15.833333333333334 14.0
13.5 33.0 28.166666666666668 14.166666666666666 12.5
17.666666666666668 32.0 26.333333333333332 15.833333333333334 12.5
16.166666666666664 37.333333333333336 28.0 16.5 12.833333333333334
18.166666666666668 31.833333333333332 25.333333333333332 14.666666666666666 12.0
18.5 35.166666666666664 27.166666666666664 17.5 11.333333333333334
14.0 36.0 29.0 14.5 14.5
18.833333333333332 33.666666666666664 29.166666666666668 15.833333333333334 13.5
17.0 15.5 13.5 16.833333333333332 18.666666666666668
14.166666666666666 13.5 16.833333333333332 13.5 14.333333333333334
16.833333333333332 16.0 16.166666666666664 12.666666666666666 16.166666666666664
16.0 15.666666666666666 12.833333333333334 15.5 15.5
15.833333333333334 35.833333333333336 27.0 16.0 12.833333333333334
13.333333333333334 13.833333333333332 16.166666666666664 14.833333333333334 16.666666666666668
17.666666666666668 15.666666666666666 13.666666666666668 14.166666666666666 12.666666666666666
16.0 14.166666666666666 13.666666666666668 17.166666666666668 14.833333333333334
15.166666666666666 14.666666666666666 16.5 15.166666666666666 15.5
16.833333333333332 28.666666666666668 33.5 15.166666666666666 14.666666666666666
14.666666666666666 17.0 14.833333333333334 15.0 13.0
14.666666666666666 15.5 15.833333333333334 14.166666666666666 17.0
14.5 15.833333333333334 16.5 15.833333333333334 15.0
14.5 14.0 15.0 14.166666666666666 16.333333333333332
17.166666666666668 33.333333333333336 26.5 15.5 14.833333333333334
15.5 13.833333333333332 16.5 15.833333333333334 19.166666666666664
15.5 17.166666666666668 16.5 15.833333333333334 15.5
15.5 15.0 15.666666666666666 16.666666666666668 14.0
16.166666666666664 14.0 14.5 15.333333333333332 17.666666666666668
16.333333333333332 29.666666666666668 30.666666666666664 16.333333333333332 13.333333333333334
14.833333333333334 13.333333333333334 15.0 16.666666666666668 14.666666666666666
15.833333333333334 16.666666666666668 15.5 14.833333333333334 16.0
13.666666666666668 13.833333333333332 14.333333333333334 16.666666666666668 15.0
16.5 16.0 14.166666666666666 15.166666666666666 12.333333333333334
16.333333333333332 15.5 15.166666666666666 14.666666666666666 15.833333333333334
15.166666666666666 15.5 18.0 17.833333333333332 16.0
14.833333333333334 15.666666666666666 14.166666666666666 17.5 15.5
15.833333333333334 16.333333333333332 13.333333333333334 16.333333333333332 16.666666666666668
16.0 14.0 11.5 14.0 19.0
14.666666666666666 14.833333333333334 15.166666666666666 14.333333333333334 15.166666666666666
13.0 27.0 30.666666666666664 19.0 12.833333333333334
15.0 29.5 29.0 14.166666666666666 14.5
18.333333333333332 29.166666666666668 26.666666666666668 19.666666666666664 15.0
18.5 29.666666666666668 31.0 18.5 12.0
16.833333333333332 28.333333333333332 28.666666666666668 15.333333333333332 11.666666666666668
14.5 27.833333333333336 30.666666666666664 15.5 13.166666666666666
18.5 30.166666666666668 33.0 17.666666666666668 11.0
18.833333333333332 30.166666666666668 29.5 17.5 15.5
14.333333333333334 32.0 31.166666666666664 14.666666666666666 13.333333333333334
15.666666666666666 30.0 31.166666666666664 15.833333333333334 13.5
14.333333333333334 31.0 28.5 14.5 14.5
14.666666666666666 29.166666666666668 30.166666666666668 16.5 12.5
17.0 32.16666666666667 31.666666666666668 18.333333333333332 12.0
16.166666666666664 28.166666666666668 30.5 16.333333333333332 13.5
13.0 32.16666666666667 29.166666666666668 17.5 15.0
16.0 24.833333333333332 30.5 17.333333333333332 12.333333333333334
18.166666666666668 32.0 30.0 13.833333333333332 14.166666666666666
16.333333333333332 28.333333333333332 30.166666666666668 19.166666666666664 15.0
14.833333333333334 31.0 30.0 16.166666666666664 13.166666666666666
16.0 32.33333333333333 29.0 19.166666666666664 14.5
15.666666666666666 28.166666666666668 30.166666666666668 18.166666666666668 12.5
15.166666666666666 27.833333333333336 32.0 16.833333333333332 17.333333333333332
12.166666666666666 30.166666666666668 32.16666666666667 17.666666666666668 12.0
15.0 31.166666666666664 33.666666666666664 15.833333333333334 11.833333333333332
16.333333333333332 30.166666666666668 30.0 15.833333333333334 14.833333333333334
9.666666666666668 29.666666666666668 32.666666666666664 17.166666666666668 10.5
15.333333333333332 30.0 33.833333333333336 20.333333333333332 15.0
15.0 29.5 29.5 16.833333333333332 13.833333333333332
14.5 32.833333333333336 27.333333333333336 18.5 13.833333333333332
18.333333333333332 30.833333333333336 35.5 14.333333333333334 14.5
13.166666666666666 30.666666666666664 33.166666666666664 16.666666666666668 15.0
15.666666666666666 28.833333333333332 34.666666666666664 17.0 10.166666666666666
15.333333333333332 30.833333333333336 31.0 17.0 12.5
14.0 33.333333333333336 34.166666666666664 19.833333333333336 12.333333333333334
13.166666666666666 28.166666666666668 30.666666666666664 17.333333333333332 13.0
16.166666666666664 29.833333333333332 35.5 15.833333333333334 14.0
12.5 31.833333333333332 35.5 17.833333333333332 12.0
14.833333333333334 32.666666666666664 37.333333333333336 18.833333333333332 12.666666666666666
16.5 29.333333333333332 38.0 16.333333333333332 13.5
15.666666666666666 29.666666666666668 34.0 18.166666666666668 14.166666666666666
14.666666666666666 29.833333333333332 38.0 18.333333333333332 12.166666666666666
17.0 31.333333333333332 35.833333333333336 18.333333333333332 11.5
15.333333333333332 32.666666666666664 41.333333333333336 15.333333333333332 12.833333333333334
15.166666666666666 32.16666666666667 37.0 21.333333333333332 14.666666666666666
15.333333333333332 29.5 36.5 18.166666666666668 9.666666666666668
15.333333333333332 32.0 37.666666666666664 15.0 14.333333333333334
14.333333333333334 34.166666666666664 39.16666666666667 18.666666666666668 13.0
12.666666666666666 33.333333333333336 38.66666666666667 15.833333333333334 13.833333333333332
14.0 31.333333333333332 39.16666666666667 16.333333333333332 12.166666666666666
13.333333333333334 31.5 37.166666666666664 19.5 14.333333333333334
17.333333333333332 29.166666666666668 39.66666666666667 15.0 12.166666666666666
15.833333333333334 35.166666666666664 36.333333333333336 18.666666666666668 14.666666666666666
14.333333333333334 33.333333333333336 36.0 15.666666666666666 9.5
14.166666666666666 32.5 37.0 16.166666666666664 12.666666666666666
15.333333333333332 34.833333333333336 40.33333333333333 17.333333333333332 11.666666666666668
15.833333333333334 29.666666666666668 37.166666666666664 17.0 12.5
14.0 32.0 38.5 15.833333333333334 11.5
13.833333333333332 33.166666666666664 37.666666666666664 16.166666666666664 12.666666666666666
15.666666666666666 29.666666666666668 40.833333333333336 17.166666666666668 11.166666666666666
13.666666666666668 33.5 37.5 15.166666666666666 14.333333333333334
15.833333333333334 31.0 38.0 18.333333333333332 12.5
14.833333333333334 31.333333333333332 40.0 16.5 11.333333333333334
16.5 31.5 37.333333333333336 15.5 12.333333333333334
16.833333333333332 33.333333333333336 38.33333333333333 16.166666666666664 11.5
14.666666666666666 32.666666666666664 39.16666666666667 16.0 11.333333333333334
17.0 26.666666666666668 38.83333333333333 20.333333333333332 11.833333333333332
15.166666666666666 32.0 38.5 17.166666666666668 10.5
16.166666666666664 31.166666666666664 36.833333333333336 14.833333333333334 11.833333333333332
14.0 32.33333333333333 38.0 16.166666666666664 14.0
14.5 27.666666666666664 37.5 15.666666666666666 12.0
15.833333333333334 33.333333333333336 39.16666666666667 15.666666666666666 13.0
12.666666666666666 26.833333333333336 36.5 18.5 9.833333333333332
13.166666666666666 30.666666666666664 39.5 14.666666666666666 13.166666666666666
15.5 33.0 37.5 17.833333333333332 14.833333333333334
14.166666666666666 33.666666666666664 37.5 16.333333333333332 13.5
16.166666666666664 32.666666666666664 38.83333333333333 17.166666666666668 13.5
13.5 32.0 38.5 16.833333333333332 10.166666666666666
11.666666666666668 29.333333333333332 41.166666666666664 20.166666666666664 12.0
14.833333333333334 30.166666666666668 39.66666666666667 18.666666666666668 11.333333333333334
14.166666666666666 30.0 36.833333333333336 17.166666666666668 14.166666666666666
14.833333333333334 30.5 37.83333333333333 18.333333333333332 13.0
17.0 31.5 40.0 18.666666666666668 10.166666666666666
17.333333333333332 34.166666666666664 38.83333333333333 16.666666666666668 13.166666666666666
13.666666666666668 31.5 41.166666666666664 16.5 12.5
16.666666666666668 31.166666666666664 38.33333333333333 15.833333333333334 13.0
12.666666666666666 29.333333333333332 39.33333333333333 16.333333333333332 13.833333333333332
15.0 33.666666666666664 41.666666666666664 16.0 14.0
15.5 31.166666666666664 36.5 17.833333333333332 14.333333333333334
14.0 30.166666666666668 37.0 16.5 12.5
15.0 30.333333333333332 36.5 18.833333333333332 13.0
11.5 30.833333333333336 38.0 15.833333333333334 12.666666666666666
15.333333333333332 29.833333333333332 38.16666666666667 17.5 11.166666666666666
16.0 28.666666666666668 40.666666666666664 16.166666666666664 14.333333333333334
16.333333333333332 33.333333333333336 40.16666666666667 20.666666666666668 15.333333333333332
13.166666666666666 32.16666666666667 41.5 22.0 14.333333333333334
13.333333333333334 30.333333333333332 37.83333333333333 15.0 12.833333333333334
14.833333333333334 31.833333333333332 43.0 16.333333333333332 12.5
15.333333333333332 31.0 37.83333333333333 17.333333333333332 12.666666666666666
17.333333333333332 32.5 39.66666666666667 16.833333333333332 15.0
