10.241379310344827 20.370370370370374 17.096774193548388 10.37037037037037 9.444444444444445
9.724137931034482 20.22222222222222 16.451612903225808 9.814814814814815 10.0
10.275862068965518 22.037037037037035 15.709677419354838 10.703703703703702 10.0
9.06896551724138 20.814814814814813 15.903225806451614 10.88888888888889 8.74074074074074
10.344827586206897 19.333333333333336 16.612903225806452 10.481481481481483 8.481481481481483
10.827586206896552 20.185185185185183 17.483870967741932 10.814814814814815 9.11111111111111
9.965517241379311 19.037037037037038 16.032258064516128 9.703703703703704 10.037037037037036
9.655172413793103 21.11111111111111 17.580645161290324 10.88888888888889 8.555555555555555
8.551724137931036 22.22222222222222 15.935483870967742 9.962962962962964 8.703703703703702
10.413793103448276 20.14814814814815 15.870967741935486 10.222222222222223 8.88888888888889
11.517241379310345 19.703703703703702 16.096774193548388 11.407407407407408 8.703703703703702
10.03448275862069 19.333333333333336 15.516129032258064 9.777777777777777 8.518518518518519
9.758620689655173 21.48148148148148 16.548387096774196 10.074074074074074 8.444444444444443
10.482758620689657 18.962962962962962 18.0 12.518518518518519 10.222222222222223
10.482758620689657 20.40740740740741 15.096774193548388 11.11111111111111 10.555555555555555
10.655172413793103 21.962962962962962 15.838709677419356 10.407407407407407 10.074074074074074
10.586206896551724 22.77777777777778 16.225806451612904 10.777777777777779 8.962962962962962
9.793103448275861 21.51851851851852 14.516129032258066 11.074074074074074 11.25925925925926
10.241379310344827 21.555555555555557 15.61290322580645 10.814814814814815 8.703703703703702
10.517241379310345 19.962962962962962 15.967741935483872 9.518518518518519 9.037037037037038
10.413793103448276 21.74074074074074 15.516129032258064 9.481481481481481 8.88888888888889
10.448275862068964 20.25925925925926 15.258064516129032 9.888888888888888 9.592592592592592
9.379310344827587 19.185185185185183 16.967741935483872 8.37037037037037 9.037037037037038
10.137931034482758 20.888888888888886 17.161290322580644 10.148148148148147 9.703703703703704
10.931034482758621 19.37037037037037 16.225806451612904 10.296296296296296 9.222222222222221
10.137931034482758 20.74074074074074 15.35483870967742 10.074074074074074 9.25925925925926
10.241379310344827 21.25925925925926 16.612903225806452 11.148148148148149 8.814814814814815
10.413793103448276 21.51851851851852 15.967741935483872 9.25925925925926 10.074074074074074
10.310344827586206 20.074074074074073 15.451612903225806 10.62962962962963 9.925925925925927
11.931034482758621 19.37037037037037 18.129032258064516 10.0 8.333333333333334
9.931034482758621 21.0 16.032258064516128 9.555555555555555 8.703703703703702
11.448275862068966 20.703703703703702 17.225806451612904 10.703703703703702 8.925925925925926
9.827586206896552 21.407407407407405 16.70967741935484 10.296296296296296 9.037037037037038
11.10344827586207 21.0 16.580645161290324 9.11111111111111 9.296296296296296
10.482758620689657 21.14814814814815 15.61290322580645 11.037037037037036 10.185185185185187
9.137931034482758 19.703703703703702 16.483870967741936 9.814814814814815 9.222222222222221
10.413793103448276 19.74074074074074 16.0 9.25925925925926 10.296296296296296
10.413793103448276 19.703703703703702 17.193548387096776 10.555555555555555 9.703703703703704
9.86206896551724 20.48148148148148 17.193548387096776 10.592592592592593 8.962962962962962
10.517241379310345 19.48148148148148 17.06451612903226 10.222222222222223 9.25925925925926
9.655172413793103 20.40740740740741 16.161290322580644 10.555555555555555 8.703703703703702
10.517241379310345 18.333333333333332 15.096774193548388 11.25925925925926 9.703703703703704
10.10344827586207 21.14814814814815 14.419354838709676 11.555555555555555 10.703703703703702
10.172413793103447 19.40740740740741 14.225806451612904 10.444444444444443 7.814814814814814
9.206896551724137 21.296296296296294 16.516129032258064 11.333333333333334 8.851851851851851
10.724137931034482 21.0 16.70967741935484 10.222222222222223 8.925925925925926
11.172413793103448 20.40740740740741 16.29032258064516 9.74074074074074 9.74074074074074
10.10344827586207 19.25925925925926 15.516129032258064 10.296296296296296 9.074074074074074
9.310344827586206 20.85185185185185 17.03225806451613 11.037037037037036 9.333333333333334
10.862068965517242 19.925925925925927 15.032258064516128 10.555555555555555 9.666666666666668
9.241379310344827 20.48148148148148 14.741935483870966 9.888888888888888 8.703703703703702
10.137931034482758 21.48148148148148 14.838709677419356 10.074074074074074 9.296296296296296
9.758620689655173 19.25925925925926 17.67741935483871 10.962962962962962 7.592592592592593
8.517241379310345 19.11111111111111 16.838709677419352 10.148148148148147 10.222222222222223
10.275862068965518 21.25925925925926 16.032258064516128 10.518518518518519 9.333333333333334
9.931034482758621 20.962962962962965 18.0 10.37037037037037 8.185185185185185
10.620689655172415 20.666666666666668 15.677419354838708 10.592592592592593 9.555555555555555
9.482758620689655 19.777777777777775 16.935483870967744 9.444444444444445 8.814814814814815
9.379310344827587 21.77777777777778 17.483870967741932 11.333333333333334 8.11111111111111
9.344827586206897 19.962962962962962 15.38709677419355 10.037037037037036 8.962962962962962
10.310344827586206 21.074074074074076 15.61290322580645 10.148148148148147 9.814814814814815
10.862068965517242 20.703703703703702 15.967741935483872 8.777777777777779 8.518518518518519
9.758620689655173 19.185185185185183 16.161290322580644 10.481481481481483 9.407407407407408
11.206896551724137 19.555555555555554 17.64516129032258 9.666666666666668 9.518518518518519
9.793103448275861 20.370370370370374 17.838709677419356 10.11111111111111 9.851851851851851
9.586206896551724 21.037037037037038 14.741935483870966 10.0 9.62962962962963
9.06896551724138 22.185185185185187 16.580645161290324 10.333333333333334 9.703703703703704
9.931034482758621 21.333333333333332 14.548387096774194 10.88888888888889 9.074074074074074
10.862068965517242 20.037037037037038 14.935483870967742 10.074074074074074 8.666666666666666
9.275862068965516 20.77777777777778 15.35483870967742 9.592592592592592 8.62962962962963
10.517241379310345 21.592592592592595 18.548387096774192 10.74074074074074 8.518518518518519
10.344827586206897 18.962962962962962 15.677419354838708 10.037037037037036 8.88888888888889
10.517241379310345 20.59259259259259 16.193548387096772 10.333333333333334 9.037037037037038
10.0 20.370370370370374 16.741935483870968 10.296296296296296 9.666666666666668
9.931034482758621 20.037037037037038 16.32258064516129 9.074074074074074 9.0
9.482758620689655 18.48148148148148 15.935483870967742 10.851851851851853 8.555555555555555
9.620689655172415 20.925925925925924 14.67741935483871 12.037037037037036 9.703703703703704
9.275862068965516 19.851851851851855 16.967741935483872 11.037037037037036 9.222222222222221
8.689655172413792 22.037037037037035 14.806451612903226 12.11111111111111 9.185185185185185
9.965517241379311 21.037037037037038 15.0 9.0 9.296296296296296
9.379310344827587 19.88888888888889 15.64516129032258 9.777777777777777 9.74074074074074
10.827586206896552 21.555555555555557 14.709677419354838 10.518518518518519 8.703703703703702
9.06896551724138 19.777777777777775 16.096774193548388 9.962962962962964 10.25925925925926
11.0 20.814814814814813 15.258064516129032 10.88888888888889 9.11111111111111
9.620689655172415 19.59259259259259 16.032258064516128 10.592592592592593 9.777777777777777
10.03448275862069 19.51851851851852 15.741935483870966 10.222222222222223 9.518518518518519
10.068965517241379 20.25925925925926 16.41935483870968 10.703703703703702 9.333333333333334
9.241379310344827 19.88888888888889 14.741935483870966 10.851851851851853 10.37037037037037
11.06896551724138 20.666666666666668 16.741935483870968 9.703703703703704 11.444444444444445
10.482758620689657 20.370370370370374 15.741935483870966 10.11111111111111 9.814814814814815
9.827586206896552 22.111111111111114 16.258064516129032 10.148148148148147 8.74074074074074
10.827586206896552 20.444444444444446 17.419354838709676 11.0 9.0
10.96551724137931 20.85185185185185 16.32258064516129 9.814814814814815 9.703703703703704
11.620689655172415 21.037037037037038 15.64516129032258 12.0 9.407407407407408
12.03448275862069 20.11111111111111 15.806451612903228 10.185185185185187 7.777777777777778
10.931034482758621 21.85185185185185 15.935483870967742 10.407407407407407 9.74074074074074
10.96551724137931 19.88888888888889 16.483870967741936 10.11111111111111 9.296296296296296
10.172413793103447 19.666666666666664 17.193548387096776 9.666666666666668 9.185185185185185
11.448275862068966 19.48148148148148 16.967741935483872 10.88888888888889 9.703703703703704
10.03448275862069 19.555555555555554 17.70967741935484 10.814814814814815 8.444444444444443
10.0 21.51851851851852 14.580645161290322 9.962962962962964 9.851851851851851
10.586206896551724 11.333333333333334 10.096774193548386 11.185185185185185 11.555555555555555
9.517241379310345 9.222222222222221 10.64516129032258 10.555555555555555 11.592592592592592
10.448275862068964 10.74074074074074 10.64516129032258 10.777777777777779 10.185185185185187
10.10344827586207 10.481481481481483 9.774193548387096 9.62962962962963 10.925925925925926
10.620689655172415 20.62962962962963 16.741935483870968 10.185185185185187 9.888888888888888
9.586206896551724 11.148148148148149 11.67741935483871 9.222222222222221 10.0
9.689655172413794 11.0 10.67741935483871 10.37037037037037 9.851851851851851
10.206896551724139 10.074074074074074 11.225806451612902 10.74074074074074 10.074074074074074
10.310344827586206 10.222222222222223 11.0 9.925925925925927 9.666666666666668
10.03448275862069 16.888888888888886 18.387096774193548 10.851851851851853 8.74074074074074
10.10344827586207 8.555555555555555 10.67741935483871 9.25925925925926 9.148148148148149
10.931034482758621 10.62962962962963 11.0 10.555555555555555 10.148148148148147
10.655172413793103 9.777777777777777 11.225806451612902 11.296296296296296 10.222222222222223
8.620689655172413 10.777777777777779 10.451612903225806 11.037037037037036 9.703703703703704
10.172413793103447 18.444444444444443 16.64516129032258 9.62962962962963 8.851851851851851
10.275862068965518 10.962962962962962 11.064516129032258 10.703703703703702 9.814814814814815
10.03448275862069 10.444444444444443 9.935483870967742 9.74074074074074 11.0
10.068965517241379 10.444444444444443 12.129032258064516 9.777777777777777 11.333333333333334
10.724137931034482 8.592592592592593 9.612903225806452 10.11111111111111 10.148148148148147
11.034482758620689 18.111111111111114 19.0 10.518518518518519 9.703703703703704
10.275862068965518 8.88888888888889 10.387096774193548 9.444444444444445 9.962962962962964
10.275862068965518 11.0 11.0 10.62962962962963 10.407407407407407
10.586206896551724 10.62962962962963 10.870967741935484 10.814814814814815 9.666666666666668
9.86206896551724 10.666666666666666 9.967741935483872 10.11111111111111 10.074074074074074
10.482758620689657 9.222222222222221 9.35483870967742 10.74074074074074 11.0
11.137931034482758 9.703703703703704 9.774193548387096 10.518518518518519 9.185185185185185
11.310344827586206 10.518518518518519 10.193548387096776 10.148148148148147 11.444444444444445
10.551724137931036 11.222222222222221 9.935483870967742 10.851851851851853 11.481481481481481
10.482758620689657 10.481481481481483 10.516129032258066 10.185185185185187 11.407407407407408
10.827586206896552 11.37037037037037 10.709677419354838 10.333333333333334 10.333333333333334
10.172413793103447 18.74074074074074 17.96774193548387 11.222222222222221 9.333333333333334
9.965517241379311 17.62962962962963 17.96774193548387 10.333333333333334 9.555555555555555
10.448275862068964 18.074074074074076 18.387096774193548 10.185185185185187 10.148148148148147
10.689655172413792 16.888888888888886 16.774193548387096 10.037037037037036 10.222222222222223
9.86206896551724 19.555555555555554 17.548387096774196 10.222222222222223 8.962962962962962
10.275862068965518 17.333333333333332 15.548387096774194 11.11111111111111 8.592592592592593
9.655172413793103 18.14814814814815 18.67741935483871 11.703703703703704 8.925925925925926
9.586206896551724 19.11111111111111 18.70967741935484 11.25925925925926 8.666666666666666
9.06896551724138 17.962962962962962 18.61290322580645 11.148148148148149 10.185185185185187
9.517241379310345 17.51851851851852 18.032258064516128 9.777777777777777 10.185185185185187
9.310344827586206 16.888888888888886 18.645161290322584 11.444444444444445 9.74074074074074
10.482758620689657 19.851851851851855 16.516129032258064 9.925925925925927 8.703703703703702
10.724137931034482 17.555555555555557 17.838709677419356 11.518518518518519 9.777777777777777
10.724137931034482 16.85185185185185 17.93548387096774 10.148148148148147 8.25925925925926
10.89655172413793 17.48148148148148 18.193548387096776 10.0 8.814814814814815
10.068965517241379 17.925925925925924 17.258064516129032 9.518518518518519 9.037037037037038
10.275862068965518 18.25925925925926 18.516129032258064 10.777777777777779 9.037037037037038
8.758620689655173 17.74074074074074 19.483870967741936 11.666666666666668 9.481481481481481
9.0 17.666666666666668 18.032258064516128 10.444444444444443 9.444444444444445
9.724137931034482 18.444444444444443 17.870967741935484 12.333333333333334 9.222222222222221
10.586206896551724 15.407407407407408 17.741935483870968 11.185185185185185 9.703703703703704
9.06896551724138 18.25925925925926 18.096774193548388 10.0 9.851851851851851
10.0 16.51851851851852 19.032258064516128 10.333333333333334 9.592592592592592
8.758620689655173 19.333333333333336 18.483870967741936 11.0 8.074074074074074
10.862068965517242 18.0 18.322580645161292 10.666666666666666 9.333333333333334
9.06896551724138 18.074074074074076 18.548387096774192 9.37037037037037 9.62962962962963
10.03448275862069 18.074074074074076 18.67741935483871 11.444444444444445 9.25925925925926
10.344827586206897 18.703703703703706 18.322580645161292 10.703703703703702 8.592592592592593
9.965517241379311 17.555555555555557 18.193548387096776 11.296296296296296 8.703703703703702
9.517241379310345 17.62962962962963 17.838709677419356 9.148148148148149 8.851851851851851
10.172413793103447 17.25925925925926 18.870967741935484 9.888888888888888 8.88888888888889
9.931034482758621 19.148148148148145 18.903225806451612 10.88888888888889 9.074074074074074
10.655172413793103 17.25925925925926 17.516129032258068 10.074074074074074 8.814814814814815
10.137931034482758 17.962962962962962 19.387096774193548 11.222222222222221 9.592592592592592
9.206896551724137 17.88888888888889 18.322580645161292 10.407407407407407 8.518518518518519
9.965517241379311 17.814814814814813 17.903225806451612 11.666666666666668 9.703703703703704
10.275862068965518 18.88888888888889 18.225806451612904 10.074074074074074 8.814814814814815
9.241379310344827 18.925925925925927 19.225806451612904 10.962962962962962 9.296296296296296
10.655172413793103 18.51851851851852 19.612903225806452 11.185185185185185 9.037037037037038
9.655172413793103 18.962962962962962 18.58064516129032 10.11111111111111 8.444444444444443
10.275862068965518 17.51851851851852 17.548387096774196 10.814814814814815 10.851851851851853
11.310344827586206 16.962962962962965 18.903225806451612 8.814814814814815 9.37037037037037
9.310344827586206 18.22222222222222 19.193548387096772 10.222222222222223 8.592592592592593
10.655172413793103 17.962962962962962 18.645161290322584 10.518518518518519 9.703703703703704
10.068965517241379 16.85185185185185 19.903225806451616 10.0 9.333333333333334
9.551724137931034 17.962962962962962 18.096774193548388 10.74074074074074 8.666666666666666
10.241379310344827 19.37037037037037 17.67741935483871 9.25925925925926 9.555555555555555
9.965517241379311 17.185185185185187 19.064516129032256 11.666666666666668 9.444444444444445
10.0 18.629629629629626 19.032258064516128 10.481481481481483 9.74074074074074
9.206896551724137 18.37037037037037 18.774193548387096 10.88888888888889 8.37037037037037
11.06896551724138 17.25925925925926 18.58064516129032 10.666666666666666 9.11111111111111
10.551724137931036 18.14814814814815 19.774193548387096 11.962962962962964 9.481481481481481
10.758620689655173 18.25925925925926 18.451612903225804 9.925925925925927 9.777777777777777
10.551724137931036 18.77777777777778 17.806451612903224 10.185185185185187 8.851851851851851
10.03448275862069 17.51851851851852 18.419354838709676 10.814814814814815 9.148148148148149
10.172413793103447 18.037037037037035 18.032258064516128 10.444444444444443 9.592592592592592
9.793103448275861 17.85185185185185 18.67741935483871 10.185185185185187 9.518518518518519
12.482758620689657 16.925925925925927 17.67741935483871 11.037037037037036 7.777777777777778
10.655172413793103 17.11111111111111 19.741935483870968 11.037037037037036 9.444444444444445
9.724137931034482 17.88888888888889 18.258064516129032 9.962962962962964 9.888888888888888
9.551724137931034 18.444444444444443 18.193548387096776 10.148148148148147 10.0
10.413793103448276 18.185185185185187 19.193548387096772 11.185185185185185 9.148148148148149
9.620689655172415 18.51851851851852 18.35483870967742 9.592592592592592 9.037037037037038
10.137931034482758 17.407407407407405 19.612903225806452 10.74074074074074 10.11111111111111
9.931034482758621 17.962962962962962 18.451612903225804 10.185185185185187 9.407407407407408
10.655172413793103 18.48148148148148 18.451612903225804 9.777777777777777 8.851851851851851
10.793103448275863 17.85185185185185 18.451612903225804 11.185185185185185 9.185185185185185
10.275862068965518 18.666666666666668 18.419354838709676 10.481481481481483 8.407407407407407
12.172413793103447 18.14814814814815 19.129032258064516 9.777777777777777 9.444444444444445
9.655172413793103 19.148148148148145 18.70967741935484 9.925925925925927 11.296296296296296
10.827586206896552 17.296296296296294 19.58064516129032 11.074074074074074 8.407407407407407
9.310344827586206 18.333333333333332 17.483870967741932 10.518518518518519 9.962962962962964
9.310344827586206 17.37037037037037 18.29032258064516 11.592592592592592 9.37037037037037
10.03448275862069 17.444444444444443 20.806451612903224 9.222222222222221 9.037037037037038
10.413793103448276 18.74074074074074 20.580645161290324 10.703703703703702 9.037037037037038
9.413793103448276 17.14814814814815 19.225806451612904 10.0 9.666666666666668
9.724137931034482 18.74074074074074 19.870967741935484 11.592592592592592 9.074074074074074
9.448275862068966 17.74074074074074 20.096774193548388 11.37037037037037 9.962962962962964
10.310344827586206 17.925925925925924 18.096774193548388 10.407407407407407 9.185185185185185
8.793103448275863 17.48148148148148 18.387096774193548 10.851851851851853 10.518518518518519
10.482758620689657 19.851851851851855 18.67741935483871 9.222222222222221 9.62962962962963
10.827586206896552 17.14814814814815 19.096774193548384 10.925925925925926 9.703703703703704
9.827586206896552 17.11111111111111 19.258064516129032 10.0 9.333333333333334
10.10344827586207 17.22222222222222 17.548387096774196 10.37037037037037 8.518518518518519
9.172413793103448 17.74074074074074 18.193548387096776 10.555555555555555 8.814814814814815
10.379310344827585 18.85185185185185 18.483870967741936 10.814814814814815 8.777777777777779
11.551724137931034 16.555555555555557 17.903225806451612 11.148148148148149 8.703703703703702
8.931034482758621 17.333333333333332 17.903225806451612 9.925925925925927 9.814814814814815
11.275862068965516 17.85185185185185 17.93548387096774 10.62962962962963 9.555555555555555
8.724137931034482 17.407407407407405 19.0 10.25925925925926 8.925925925925926
11.172413793103448 17.703703703703702 19.0 9.888888888888888 9.25925925925926
10.344827586206897 18.296296296296298 18.387096774193548 11.444444444444445 9.814814814814815
10.448275862068964 18.25925925925926 18.516129032258064 10.11111111111111 9.888888888888888
11.206896551724137 18.629629629629626 18.193548387096776 10.703703703703702 9.296296296296296
10.275862068965518 16.85185185185185 18.096774193548388 11.555555555555555 9.37037037037037
10.10344827586207 18.74074074074074 19.387096774193548 9.703703703703704 11.0
11.448275862068966 18.37037037037037 17.451612903225804 11.777777777777777 9.074074074074074
10.172413793103447 17.555555555555557 17.70967741935484 11.037037037037036 9.25925925925926
9.517241379310345 17.77777777777778 18.258064516129032 9.592592592592592 9.851851851851851
