72.85714285714286 69.46153846153847 71.15384615384615 74.92857142857143 72.15384615384615
73.64285714285715 70.23076923076924 71.0 73.57142857142857 73.0
73.07142857142857 69.61538461538463 69.76923076923076 73.28571428571429 71.53846153846153
72.21428571428572 69.3076923076923 70.92307692307692 71.71428571428572 71.76923076923076
72.85714285714286 69.23076923076924 72.46153846153847 74.57142857142857 72.38461538461539
71.28571428571429 68.84615384615385 70.46153846153847 71.14285714285715 70.61538461538463
71.71428571428572 70.0 71.3076923076923 73.64285714285715 72.61538461538461
72.28571428571429 68.6923076923077 71.3076923076923 74.07142857142857 72.61538461538461
73.85714285714286 71.15384615384615 71.92307692307692 72.92857142857143 73.92307692307692
72.57142857142857 68.92307692307692 71.23076923076924 74.42857142857143 72.15384615384615
70.92857142857143 68.3076923076923 69.23076923076924 72.35714285714286 71.23076923076924
71.35714285714286 69.38461538461537 71.76923076923076 73.92857142857143 72.46153846153847
71.64285714285715 67.92307692307692 70.3076923076923 72.21428571428572 70.46153846153847
71.21428571428572 69.07692307692308 70.15384615384615 72.71428571428572 71.76923076923076
72.42857142857143 69.61538461538463 70.38461538461537 73.5 72.53846153846153
71.14285714285715 68.15384615384615 70.23076923076924 72.07142857142858 70.84615384615385
71.85714285714286 69.61538461538463 71.38461538461539 73.14285714285715 71.46153846153847
72.5 70.46153846153847 70.61538461538463 73.85714285714286 71.84615384615385
72.28571428571429 71.53846153846153 71.61538461538461 73.64285714285715 72.15384615384615
72.0 70.0 72.07692307692308 73.71428571428572 72.07692307692308
72.42857142857143 68.46153846153847 71.07692307692308 71.92857142857143 71.84615384615385
72.64285714285715 68.92307692307692 70.15384615384615 73.21428571428572 73.92307692307692
71.78571428571429 67.92307692307692 70.84615384615385 73.57142857142857 72.15384615384615
72.85714285714286 70.6923076923077 71.76923076923076 74.07142857142857 73.0
72.42857142857143 69.15384615384615 71.61538461538461 72.71428571428572 71.15384615384615
73.07142857142857 69.53846153846153 71.76923076923076 73.0 72.0
73.14285714285715 69.92307692307692 70.84615384615385 74.5 73.15384615384615
72.78571428571429 69.84615384615385 73.07692307692308 75.5 73.92307692307692
72.14285714285715 69.38461538461537 69.92307692307692 73.35714285714286 72.07692307692308
72.57142857142857 69.0 71.0 72.42857142857143 72.3076923076923
72.07142857142858 68.61538461538461 70.38461538461537 73.78571428571429 72.0
72.07142857142858 69.07692307692308 71.84615384615385 73.5 71.92307692307692
71.35714285714286 67.84615384615385 70.6923076923077 71.85714285714286 71.15384615384615
71.42857142857143 68.6923076923077 70.07692307692308 72.71428571428572 71.07692307692308
72.57142857142857 69.0 70.46153846153847 73.42857142857143 72.61538461538461
72.57142857142857 70.15384615384615 71.61538461538461 74.42857142857143 74.0
71.0 67.23076923076923 69.3076923076923 71.0 71.07692307692308
72.57142857142857 70.6923076923077 72.46153846153847 74.78571428571429 72.0
72.07142857142858 69.53846153846153 70.46153846153847 72.71428571428572 72.61538461538461
72.92857142857143 69.3076923076923 70.6923076923077 73.78571428571429 72.92307692307692
71.5 69.84615384615385 72.23076923076924 73.07142857142857 71.3076923076923
73.07142857142857 69.92307692307692 71.15384615384615 73.85714285714286 72.0
72.35714285714286 67.53846153846153 69.6923076923077 72.21428571428572 71.53846153846153
72.85714285714286 68.38461538461539 69.84615384615385 73.14285714285715 73.23076923076923
72.57142857142857 68.61538461538461 70.15384615384615 73.71428571428572 72.61538461538461
71.64285714285715 68.61538461538461 70.38461538461537 72.35714285714286 71.53846153846153
73.14285714285715 69.15384615384615 70.23076923076924 73.28571428571429 71.46153846153847
72.28571428571429 70.76923076923076 70.07692307692308 73.35714285714286 72.53846153846153
72.5 69.38461538461537 70.76923076923076 73.78571428571429 72.46153846153847
71.21428571428572 67.53846153846153 71.15384615384615 73.64285714285715 71.15384615384615
71.35714285714286 68.53846153846153 70.07692307692308 73.71428571428572 71.92307692307692
72.57142857142857 69.53846153846153 72.23076923076924 74.78571428571429 73.0
71.85714285714286 67.0 70.38461538461537 73.07142857142857 71.92307692307692
71.71428571428572 69.3076923076923 70.53846153846153 72.92857142857143 72.07692307692308
73.21428571428572 69.92307692307692 70.6923076923077 72.64285714285715 72.84615384615385
73.5 70.3076923076923 72.0 74.5 73.0
74.07142857142857 68.84615384615385 70.61538461538463 72.14285714285715 72.53846153846153
73.21428571428572 70.23076923076924 71.84615384615385 74.42857142857143 73.92307692307692
73.07142857142857 68.84615384615385 71.23076923076924 73.28571428571429 72.92307692307692
71.78571428571429 68.07692307692308 70.23076923076924 72.71428571428572 71.84615384615385
71.92857142857143 68.76923076923076 70.76923076923076 74.07142857142857 71.53846153846153
72.0 68.84615384615385 71.53846153846153 74.92857142857143 72.6923076923077
73.28571428571429 70.0 72.46153846153847 74.78571428571429 73.53846153846153
72.92857142857143 69.92307692307692 71.15384615384615 75.42857142857143 72.07692307692308
72.07142857142858 67.61538461538461 70.23076923076924 72.35714285714286 71.23076923076924
72.07142857142858 68.38461538461539 70.53846153846153 73.21428571428572 72.61538461538461
71.14285714285715 67.6923076923077 70.07692307692308 72.21428571428572 70.61538461538463
72.35714285714286 67.92307692307692 70.6923076923077 72.35714285714286 72.0
72.0 69.38461538461537 72.23076923076924 73.64285714285715 71.53846153846153
73.5 69.46153846153847 71.84615384615385 73.78571428571429 72.15384615384615
71.14285714285715 68.07692307692308 70.53846153846153 72.92857142857143 72.38461538461539
71.57142857142858 70.07692307692308 71.61538461538461 74.5 72.38461538461539
72.57142857142857 69.07692307692308 70.92307692307692 74.28571428571429 72.84615384615385
73.42857142857143 68.61538461538461 72.53846153846153 73.71428571428572 73.46153846153847
73.5 68.53846153846153 70.84615384615385 73.21428571428572 72.6923076923077
73.07142857142857 68.15384615384615 69.92307692307692 72.57142857142857 71.76923076923076
71.42857142857143 68.92307692307692 71.3076923076923 73.85714285714286 73.15384615384615
73.07142857142857 68.53846153846153 70.15384615384615 74.0 72.23076923076924
72.07142857142858 66.76923076923077 69.92307692307692 73.14285714285715 71.38461538461539
70.85714285714286 67.61538461538461 70.92307692307692 72.35714285714286 71.61538461538461
71.35714285714286 67.23076923076923 69.38461538461537 72.28571428571429 71.3076923076923
72.85714285714286 68.76923076923076 71.61538461538461 74.5 72.84615384615385
73.21428571428572 69.23076923076924 71.84615384615385 74.78571428571429 72.84615384615385
72.14285714285715 68.3076923076923 70.84615384615385 72.92857142857143 71.92307692307692
71.0 68.15384615384615 71.0 71.85714285714286 71.07692307692308
71.5 66.53846153846153 69.46153846153847 72.42857142857143 71.07692307692308
70.78571428571429 66.92307692307692 69.92307692307692 72.71428571428572 71.76923076923076
71.85714285714286 67.6923076923077 70.84615384615385 73.85714285714286 71.76923076923076
73.64285714285715 67.53846153846153 70.0 74.14285714285715 73.53846153846153
72.35714285714286 68.61538461538461 71.07692307692308 73.78571428571429 72.3076923076923
72.0 68.0 71.38461538461539 73.71428571428572 71.53846153846153
72.07142857142858 66.38461538461539 69.53846153846153 74.0 72.6923076923077
72.0 67.15384615384615 70.53846153846153 72.35714285714286 72.38461538461539
73.35714285714286 67.53846153846153 71.84615384615385 74.78571428571429 73.84615384615385
74.5 68.53846153846153 72.15384615384615 75.5 74.61538461538461
71.78571428571429 65.84615384615384 69.92307692307692 73.07142857142857 71.84615384615385
73.0 66.3076923076923 70.76923076923076 72.85714285714286 72.15384615384615
71.28571428571429 66.46153846153847 70.6923076923077 73.35714285714286 72.76923076923077
71.78571428571429 66.0 69.6923076923077 72.78571428571429 73.15384615384615
71.28571428571429 66.46153846153847 69.92307692307692 73.28571428571429 71.84615384615385
72.07142857142858 67.61538461538461 71.0 73.42857142857143 72.15384615384615
67.57142857142857 65.92307692307692 68.07692307692308 67.28571428571428 66.92307692307692
65.57142857142857 65.6923076923077 65.46153846153845 67.21428571428571 66.46153846153847
67.0 66.15384615384616 65.92307692307692 65.64285714285714 65.84615384615384
66.5 66.84615384615385 66.76923076923077 66.42857142857143 66.0
72.85714285714286 65.53846153846153 68.6923076923077 73.71428571428572 71.6923076923077
65.78571428571428 66.23076923076923 66.0 66.57142857142857 65.38461538461539
66.57142857142857 66.6923076923077 67.53846153846153 67.07142857142857 65.92307692307692
64.92857142857143 65.92307692307692 65.38461538461539 65.78571428571428 65.46153846153845
65.85714285714285 66.23076923076923 66.6923076923077 67.28571428571428 66.38461538461539
72.42857142857143 67.92307692307692 70.15384615384615 74.5 73.46153846153847
66.5 66.3076923076923 67.84615384615385 66.78571428571428 66.76923076923077
66.78571428571428 66.15384615384616 67.07692307692308 66.78571428571428 67.15384615384615
66.92857142857143 67.53846153846153 66.84615384615385 66.85714285714285 66.53846153846153
65.5 65.38461538461539 66.61538461538461 65.35714285714286 65.76923076923077
71.07142857142858 64.92307692307692 68.46153846153847 72.35714285714286 71.6923076923077
67.28571428571428 67.3076923076923 66.6923076923077 67.28571428571428 67.07692307692308
66.78571428571428 65.07692307692308 65.23076923076923 66.14285714285714 65.6923076923077
66.0 65.6923076923077 67.3076923076923 65.92857142857143 65.53846153846153
67.21428571428571 66.07692307692308 67.92307692307692 67.64285714285714 66.23076923076923
72.78571428571429 69.07692307692308 70.92307692307692 74.57142857142857 73.3076923076923
66.64285714285714 65.38461538461539 66.46153846153847 66.42857142857143 66.07692307692308
66.5 65.61538461538461 65.84615384615384 66.28571428571428 67.15384615384615
67.0 66.92307692307692 67.15384615384615 66.07142857142857 66.6923076923077
65.5 65.6923076923077 64.46153846153845 65.14285714285714 66.61538461538461
65.92857142857143 65.15384615384616 65.23076923076923 66.78571428571428 65.15384615384616
66.78571428571428 66.23076923076923 67.84615384615385 67.71428571428571 67.46153846153847
66.07142857142857 65.46153846153845 66.92307692307692 66.21428571428571 65.76923076923077
66.85714285714285 66.53846153846153 66.53846153846153 67.35714285714285 67.23076923076923
66.21428571428571 65.61538461538461 67.0 67.42857142857143 67.38461538461539
65.64285714285714 65.38461538461539 65.76923076923077 65.0 66.07692307692308
73.0 70.38461538461537 71.07692307692308 75.57142857142857 72.84615384615385
72.92857142857143 66.38461538461539 68.84615384615385 74.78571428571429 73.46153846153847
72.35714285714286 67.6923076923077 70.15384615384615 74.5 73.15384615384615
72.85714285714286 67.3076923076923 69.46153846153847 74.57142857142857 74.23076923076923
74.07142857142857 67.15384615384615 69.6923076923077 74.14285714285715 73.15384615384615
70.71428571428572 66.6923076923077 67.53846153846153 71.92857142857143 71.15384615384615
72.28571428571429 69.23076923076924 69.61538461538463 74.07142857142857 71.6923076923077
70.78571428571429 66.61538461538461 68.38461538461539 73.0 71.61538461538461
73.21428571428572 67.6923076923077 68.3076923076923 72.64285714285715 72.15384615384615
73.07142857142857 68.61538461538461 70.84615384615385 75.78571428571429 74.07692307692308
73.07142857142857 67.46153846153847 68.53846153846153 73.71428571428572 73.15384615384615
71.71428571428572 66.92307692307692 68.46153846153847 73.35714285714286 72.53846153846153
72.85714285714286 69.07692307692308 69.15384615384615 74.5 72.92307692307692
69.92857142857142 65.84615384615384 66.84615384615385 71.07142857142858 70.3076923076923
71.85714285714286 67.76923076923077 68.53846153846153 74.78571428571429 72.6923076923077
72.78571428571429 68.23076923076924 69.46153846153847 73.07142857142857 72.84615384615385
74.0 69.53846153846153 69.07692307692308 73.78571428571429 73.53846153846153
72.85714285714286 67.0 68.23076923076924 73.42857142857143 72.61538461538461
72.14285714285715 67.46153846153847 68.6923076923077 74.14285714285715 72.6923076923077
72.85714285714286 66.6923076923077 66.53846153846153 73.28571428571429 72.53846153846153
71.71428571428572 66.84615384615385 66.53846153846153 73.64285714285715 73.07692307692308
73.5 68.23076923076924 68.61538461538461 73.28571428571429 72.76923076923077
73.0 68.84615384615385 67.53846153846153 73.5 73.0
72.78571428571429 67.92307692307692 68.23076923076924 73.71428571428572 73.38461538461539
72.35714285714286 67.84615384615385 66.76923076923077 74.42857142857143 72.76923076923077
72.78571428571429 67.38461538461539 65.3076923076923 72.92857142857143 72.76923076923077
72.5 66.84615384615385 64.84615384615384 72.71428571428572 72.07692307692308
74.07142857142857 68.15384615384615 67.61538461538461 74.5 73.92307692307692
73.57142857142857 66.76923076923077 63.92307692307693 74.42857142857143 73.61538461538461
73.71428571428572 66.53846153846153 63.92307692307693 72.78571428571429 73.61538461538461
73.64285714285715 66.3076923076923 65.15384615384616 73.07142857142857 73.15384615384615
72.07142857142858 65.0 62.84615384615385 73.64285714285715 71.46153846153847
72.71428571428572 67.23076923076923 63.692307692307686 73.57142857142857 71.76923076923076
73.21428571428572 64.76923076923077 61.84615384615385 73.14285714285715 72.6923076923077
73.28571428571429 65.3076923076923 60.92307692307692 74.0 72.23076923076924
72.21428571428572 65.0 61.30769230769231 73.5 72.3076923076923
72.78571428571429 64.6923076923077 60.38461538461539 73.5 72.38461538461539
72.0 64.92307692307692 59.15384615384615 74.0 72.76923076923077
73.92857142857143 65.3076923076923 57.84615384615385 74.35714285714286 74.38461538461539
74.78571428571429 65.38461538461539 58.84615384615385 75.42857142857143 74.23076923076923
75.5 65.46153846153845 58.84615384615385 75.28571428571429 74.53846153846153
73.5 64.76923076923077 56.69230769230769 74.5 73.15384615384615
72.71428571428572 64.38461538461539 55.30769230769231 74.14285714285715 73.76923076923077
73.85714285714286 64.3076923076923 53.92307692307692 74.64285714285715 73.46153846153847
74.35714285714286 63.61538461538461 53.07692307692308 75.42857142857143 73.92307692307692
73.14285714285715 61.61538461538461 49.30769230769231 73.07142857142857 73.3076923076923
74.42857142857143 62.92307692307693 51.307692307692314 75.21428571428572 74.76923076923077
74.28571428571429 63.46153846153846 48.84615384615385 75.14285714285714 74.92307692307692
74.57142857142857 63.230769230769226 48.15384615384615 75.64285714285714 75.92307692307692
74.0 60.0 43.38461538461538 73.35714285714286 74.92307692307692
74.07142857142857 59.84615384615385 44.30769230769231 73.71428571428572 74.3076923076923
74.07142857142857 59.53846153846154 42.76923076923077 74.0 74.46153846153847
75.14285714285714 57.92307692307693 41.46153846153846 73.64285714285715 75.0
73.92857142857143 60.07692307692307 41.69230769230769 73.14285714285715 74.3076923076923
76.0 60.76923076923077 41.15384615384615 75.57142857142857 75.15384615384616
75.64285714285714 59.61538461538462 40.0 75.14285714285714 75.3076923076923
75.92857142857143 59.84615384615385 36.92307692307693 74.64285714285715 74.38461538461539
74.28571428571429 57.69230769230769 34.07692307692307 74.64285714285715 74.92307692307692
74.64285714285715 58.307692307692314 34.15384615384615 73.92857142857143 75.07692307692308
75.0 58.53846153846154 35.07692307692307 75.35714285714286 76.07692307692308
74.28571428571429 56.38461538461539 34.30769230769231 74.42857142857143 75.07692307692308
74.92857142857143 59.23076923076923 35.46153846153846 76.0 76.6923076923077
75.78571428571429 58.307692307692314 34.84615384615385 74.14285714285715 75.92307692307692
74.14285714285715 57.30769230769231 34.15384615384615 74.0 75.3076923076923
75.35714285714286 57.92307692307693 33.92307692307693 74.85714285714286 75.61538461538461
75.14285714285714 57.07692307692307 34.30769230769231 74.14285714285715 76.0
74.0 57.76923076923077 34.84615384615385 75.71428571428572 75.23076923076923
74.0 55.61538461538461 31.461538461538463 74.57142857142857 74.92307692307692
74.92857142857143 57.07692307692307 33.53846153846154 74.5 74.76923076923077
74.28571428571429 56.76923076923077 34.0 73.78571428571429 74.84615384615384
76.21428571428572 57.30769230769231 34.38461538461538 74.57142857142857 76.15384615384616
75.85714285714286 58.0 34.92307692307693 75.42857142857143 76.46153846153845
76.71428571428572 58.84615384615385 32.92307692307692 76.28571428571429 76.61538461538461
76.64285714285714 58.23076923076923 34.92307692307693 76.0 76.46153846153845
76.21428571428572 56.61538461538461 33.07692307692308 74.14285714285715 75.38461538461539
75.21428571428572 58.307692307692314 34.61538461538462 73.71428571428572 75.0
75.21428571428572 56.92307692307693 34.30769230769231 74.35714285714286 75.07692307692308
74.64285714285715 58.23076923076923 33.30769230769231 74.14285714285715 75.0
74.21428571428572 57.69230769230769 34.76923076923077 73.92857142857143 75.46153846153845
75.07142857142857 57.38461538461539 33.46153846153846 73.78571428571429 75.07692307692308
75.28571428571429 57.0 34.38461538461538 74.0 75.76923076923077
75.42857142857143 58.53846153846154 33.69230769230769 75.5 76.6923076923077
77.14285714285714 57.84615384615385 36.69230769230769 74.85714285714286 75.84615384615384
76.0 59.15384615384615 35.307692307692314 74.85714285714286 76.0
74.92857142857143 57.38461538461539 33.69230769230769 75.07142857142857 75.38461538461539
74.42857142857143 57.23076923076923 34.92307692307693 74.21428571428572 74.53846153846153
75.35714285714286 56.84615384615385 33.76923076923077 73.92857142857143 75.3076923076923
75.28571428571429 57.76923076923077 34.84615384615385 75.28571428571429 75.84615384615384
76.0 57.0 34.30769230769231 74.21428571428572 75.46153846153845
75.42857142857143 57.30769230769231 34.15384615384615 75.42857142857143 76.38461538461539
75.35714285714286 57.76923076923077 36.30769230769231 75.28571428571429 75.92307692307692
77.07142857142857 58.307692307692314 34.15384615384615 75.21428571428572 75.3076923076923
75.14285714285714 58.23076923076923 32.0 73.71428571428572 75.76923076923077
75.14285714285714 57.69230769230769 35.07692307692307 73.85714285714286 75.0
75.78571428571429 57.61538461538462 34.46153846153846 75.35714285714286 76.53846153846155
75.35714285714286 57.53846153846154 35.61538461538462 76.28571428571429 75.38461538461539
75.35714285714286 57.38461538461539 34.76923076923077 74.5 75.84615384615384
76.35714285714286 58.53846153846154 35.76923076923077 74.14285714285715 75.53846153846155
77.0 59.53846153846154 35.61538461538462 76.35714285714286 77.23076923076923
