0.001973684210526316 0.18695652173913044 0.06087551299589603 0.0 0.0
0.0006578947368421052 0.1355072463768116 0.06224350205198358 0.0014641288433382138 0.0
0.001973684210526316 0.13985507246376813 0.07729138166894665 0.0007320644216691069 0.0013422818791946308
0.0006578947368421052 0.15072463768115943 0.06224350205198358 0.0 0.0
0.0006578947368421052 0.14130434782608695 0.06429548563611491 0.0007320644216691069 0.0006711409395973154
0.0013157894736842105 0.1326086956521739 0.0506155950752394 0.0007320644216691069 0.0
0.001973684210526316 0.14130434782608695 0.057455540355677154 0.0 0.0
0.0006578947368421052 0.1681159420289855 0.06839945280437756 0.0 0.0
0.0006578947368421052 0.15507246376811595 0.06566347469220246 0.0014641288433382138 0.0006711409395973154
0.002631578947368421 0.16304347826086957 0.05677154582763338 0.0014641288433382138 0.0
0.0013157894736842105 0.12173913043478261 0.0506155950752394 0.0 0.0
0.0006578947368421052 0.13768115942028986 0.05198358413132695 0.0 0.0
0.002631578947368421 0.1673913043478261 0.06224350205198358 0.0 0.0
0.002631578947368421 0.12318840579710144 0.05950752393980848 0.0007320644216691069 0.0
0.0 0.15 0.05266757865937073 0.0007320644216691069 0.0
0.0006578947368421052 0.12536231884057972 0.047879616963064295 0.0014641288433382138 0.0006711409395973154
0.001973684210526316 0.15869565217391304 0.06155950752393981 0.0 0.0
0.0013157894736842105 0.16231884057971013 0.060191518467852256 0.0 0.0
0.0006578947368421052 0.14782608695652172 0.0533515731874145 0.0007320644216691069 0.0
0.0006578947368421052 0.19275362318840578 0.07181942544459645 0.0014641288433382138 0.0
0.0006578947368421052 0.15579710144927536 0.07250341997264022 0.0 0.0006711409395973154
0.0013157894736842105 0.16666666666666666 0.05950752393980848 0.0007320644216691069 0.0
0.0006578947368421052 0.15072463768115943 0.055403556771545834 0.0 0.0
0.0013157894736842105 0.1565217391304348 0.054035567715458276 0.0014641288433382138 0.0
0.0013157894736842105 0.15579710144927536 0.06497948016415868 0.0007320644216691069 0.0
0.0006578947368421052 0.15434782608695652 0.06497948016415868 0.0007320644216691069 0.0
0.0006578947368421052 0.2 0.06634746922024624 0.0 0.0
0.0013157894736842105 0.186231884057971 0.07934336525307797 0.0014641288433382138 0.0
0.0013157894736842105 0.16304347826086957 0.0560875512995896 0.0 0.0
0.001973684210526316 0.1739130434782609 0.05950752393980848 0.0 0.0
0.0 0.17971014492753623 0.06703146374829001 0.0014641288433382138 0.0
0.0006578947368421052 0.20072463768115942 0.06292749658002736 0.0007320644216691069 0.0006711409395973154
0.0006578947368421052 0.20942028985507247 0.07181942544459645 0.0 0.0
0.0013157894736842105 0.17318840579710143 0.07729138166894665 0.0014641288433382138 0.0
0.0 0.22753623188405797 0.07113543091655268 0.0 0.0
0.0006578947368421052 0.1855072463768116 0.06429548563611491 0.0007320644216691069 0.0
0.0006578947368421052 0.18188405797101448 0.0506155950752394 0.0 0.0
0.0 0.13913043478260867 0.060191518467852256 0.0 0.0006711409395973154
0.0 0.16086956521739132 0.07523939808481532 0.0014641288433382138 0.0006711409395973154
0.0006578947368421052 0.18188405797101448 0.05266757865937073 0.0007320644216691069 0.0006711409395973154
0.0 0.18405797101449275 0.06839945280437756 0.0021961932650073207 0.0
0.0013157894736842105 0.15362318840579708 0.0533515731874145 0.0007320644216691069 0.0006711409395973154
0.002631578947368421 0.2492753623188406 0.06155950752393981 0.0007320644216691069 0.0
0.002631578947368421 0.20144927536231882 0.06087551299589603 0.0 0.0
0.0006578947368421052 0.19057971014492753 0.0560875512995896 0.0 0.0006711409395973154
0.0013157894736842105 0.2282608695652174 0.060191518467852256 0.0014641288433382138 0.0
0.0006578947368421052 0.19202898550724637 0.06155950752393981 0.0014641288433382138 0.0
0.002631578947368421 0.17173913043478262 0.06703146374829001 0.0 0.0
0.0013157894736842105 0.19347826086956524 0.07797537619699042 0.0 0.0
0.0006578947368421052 0.25217391304347825 0.08481532147742818 0.0014641288433382138 0.0
0.0013157894736842105 0.24057971014492752 0.06976744186046512 0.0 0.0
0.0013157894736842105 0.2391304347826087 0.0786593707250342 0.0 0.0
0.0013157894736842105 0.23478260869565218 0.08002735978112174 0.0007320644216691069 0.0
0.001973684210526316 0.23840579710144927 0.06497948016415868 0.0 0.0
0.0006578947368421052 0.21811594202898552 0.06634746922024624 0.0 0.0
0.0 0.20869565217391306 0.07523939808481532 0.0 0.0
0.0006578947368421052 0.23188405797101447 0.073187414500684 0.0 0.0
0.0013157894736842105 0.24492753623188407 0.09097127222982217 0.0 0.0
0.0006578947368421052 0.23115942028985506 0.08481532147742818 0.0007320644216691069 0.0
0.0013157894736842105 0.21594202898550724 0.0786593707250342 0.0 0.0
0.002631578947368421 0.23043478260869565 0.06361149110807113 0.0014641288433382138 0.0
0.0006578947368421052 0.25217391304347825 0.09370725034199727 0.0021961932650073207 0.0013422818791946308
0.0032894736842105266 0.26231884057971017 0.08413132694938441 0.0 0.0
0.0 0.2536231884057971 0.08413132694938441 0.0007320644216691069 0.0
0.0006578947368421052 0.3130434782608696 0.09097127222982217 0.0 0.0
0.0032894736842105266 0.29130434782608694 0.08549931600547195 0.0007320644216691069 0.0
0.0032894736842105266 0.32173913043478264 0.08481532147742818 0.0 0.0006711409395973154
0.0006578947368421052 0.3666666666666667 0.09097127222982217 0.0007320644216691069 0.0006711409395973154
0.0 0.31884057971014496 0.0786593707250342 0.0 0.0
0.002631578947368421 0.3239130434782609 0.08413132694938441 0.0007320644216691069 0.0
0.0006578947368421052 0.3507246376811594 0.10533515731874146 0.0 0.0
0.0006578947368421052 0.33840579710144925 0.08207934336525308 0.0007320644216691069 0.0
0.0 0.33913043478260874 0.09712722298221614 0.0 0.0
0.0006578947368421052 0.3739130434782609 0.10328317373461011 0.0014641288433382138 0.0
0.0013157894736842105 0.39057971014492754 0.09781121751025991 0.0 0.0
0.0013157894736842105 0.391304347826087 0.09097127222982217 0.0 0.0
0.0013157894736842105 0.38913043478260867 0.08344733242134063 0.0029282576866764276 0.0
0.0 0.40289855072463765 0.1121751025991792 0.0 0.0
0.0 0.40942028985507245 0.09712722298221614 0.0 0.0
0.001973684210526316 0.42826086956521736 0.08207934336525308 0.0 0.0
0.002631578947368421 0.43043478260869567 0.10807113543091655 0.0014641288433382138 0.0
0.0013157894736842105 0.4565217391304348 0.1326949384404925 0.0007320644216691069 0.0
0.0032894736842105266 0.4565217391304348 0.10875512995896032 0.0007320644216691069 0.0
0.0006578947368421052 0.48333333333333334 0.10875512995896032 0.0 0.0
0.0006578947368421052 0.47101449275362317 0.11422708618331052 0.0 0.0
0.0006578947368421052 0.5434782608695652 0.10533515731874146 0.0021961932650073207 0.0
0.001973684210526316 0.4963768115942028 0.11149110807113544 0.0 0.0
0.0 0.48913043478260876 0.11012311901504787 0.0021961932650073207 0.0
0.0013157894736842105 0.5485507246376812 0.09986320109439124 0.0 0.0
0.001973684210526316 0.5376811594202898 0.09849521203830369 0.0 0.0
0.0006578947368421052 0.572463768115942 0.11559507523939808 0.0007320644216691069 0.0
0.0013157894736842105 0.5456521739130434 0.11080711354309167 0.0014641288433382138 0.0
0.0006578947368421052 0.5637681159420289 0.12243502051983583 0.0021961932650073207 0.0
0.0006578947368421052 0.6021739130434783 0.12517099863201095 0.0007320644216691069 0.0
0.0006578947368421052 0.6333333333333333 0.11627906976744187 0.0007320644216691069 0.0
0.0013157894736842105 0.6456521739130435 0.1292749658002736 0.0007320644216691069 0.0
0.0013157894736842105 0.6391304347826087 0.12106703146374828 0.0007320644216691069 0.0
0.0006578947368421052 0.6818840579710145 0.12038303693570451 0.0007320644216691069 0.0006711409395973154
0.0 0.6891304347826087 0.12448700410396717 0.0 0.0
0.001973684210526316 0.736231884057971 0.14774281805745554 0.0007320644216691069 0.0
0.0 0.7333333333333334 0.12722298221614226 0.0007320644216691069 0.0
0.0 0.02826086956521739 0.006839945280437756 0.0 0.0
0.0 0.01884057971014493 0.005471956224350205 0.0 0.0006711409395973154
0.0 0.020289855072463767 0.00478796169630643 0.0 0.0
0.0 0.02318840579710145 0.006839945280437756 0.0 0.0013422818791946308
0.0006578947368421052 0.7246376811594203 0.15047879616963064 0.0007320644216691069 0.0
0.0 0.02318840579710145 0.008891928864569085 0.0 0.0
0.0 0.02173913043478261 0.006839945280437756 0.0 0.0006711409395973154
0.0006578947368421052 0.02246376811594203 0.01094391244870041 0.0 0.0
0.0 0.013768115942028985 0.004103967168262654 0.0 0.0
0.0 0.5123188405797101 0.21545827633378933 0.0 0.0
0.0006578947368421052 0.013768115942028985 0.00478796169630643 0.0 0.0
0.0 0.020289855072463767 0.006155950752393981 0.0 0.0006711409395973154
0.0 0.015942028985507246 0.003419972640218878 0.0007320644216691069 0.0
0.0 0.017391304347826084 0.004103967168262654 0.0 0.0
0.0013157894736842105 0.772463768115942 0.12995896032831736 0.0 0.0
0.0 0.021014492753623187 0.00478796169630643 0.0 0.0
0.0 0.021014492753623187 0.00478796169630643 0.0 0.0006711409395973154
0.0 0.02246376811594203 0.006155950752393981 0.0 0.0
0.0 0.017391304347826084 0.00478796169630643 0.0 0.0
0.0 0.5043478260869565 0.24076607387140903 0.0021961932650073207 0.0
0.0 0.01884057971014493 0.005471956224350205 0.0007320644216691069 0.0
0.0006578947368421052 0.018115942028985508 0.006839945280437756 0.0 0.0
0.0 0.021014492753623187 0.00478796169630643 0.0007320644216691069 0.0
0.0006578947368421052 0.018115942028985508 0.00478796169630643 0.0 0.0
0.0 0.015942028985507246 0.008207934336525308 0.0 0.0
0.0 0.02681159420289855 0.011627906976744186 0.0 0.0
0.0006578947368421052 0.020289855072463767 0.003419972640218878 0.0 0.0
0.0 0.02391304347826087 0.006839945280437756 0.0 0.0
0.0 0.020289855072463767 0.003419972640218878 0.0007320644216691069 0.0
0.0 0.02391304347826087 0.00478796169630643 0.0 0.0
0.0006578947368421052 0.5108695652173912 0.21272229822161423 0.0007320644216691069 0.0
0.0006578947368421052 0.5405797101449276 0.2544459644322845 0.0014641288433382138 0.0
0.0013157894736842105 0.5166666666666667 0.22640218878248972 0.0 0.0
0.0 0.5210144927536231 0.23803009575923392 0.0014641288433382138 0.0
0.0 0.5659420289855073 0.2496580027359781 0.0014641288433382138 0.0
0.0 0.5159420289855072 0.23803009575923392 0.0014641288433382138 0.0
0.0006578947368421052 0.518840579710145 0.22503419972640218 0.0 0.0
0.0013157894736842105 0.5036231884057971 0.22503419972640218 0.0007320644216691069 0.0
0.0 0.5376811594202898 0.2708618331053352 0.0007320644216691069 0.0006711409395973154
0.0006578947368421052 0.5159420289855072 0.2667578659370725 0.0021961932650073207 0.0
0.0006578947368421052 0.4934782608695652 0.24213406292749656 0.0021961932650073207 0.0
0.0 0.5195652173913043 0.2510259917920657 0.0007320644216691069 0.0
0.0 0.5050724637681159 0.2913816689466484 0.0014641288433382138 0.0
0.0 0.5152173913043478 0.24623803009575923 0.0007320644216691069 0.0
0.0013157894736842105 0.5108695652173912 0.3119015047879617 0.0 0.0
0.0 0.5072463768115942 0.2612859097127223 0.0 0.0
0.0006578947368421052 0.5521739130434783 0.2961696306429548 0.0021961932650073207 0.0
0.0006578947368421052 0.5507246376811594 0.3283173734610123 0.0021961932650073207 0.0
0.0 0.4818840579710145 0.3235294117647059 0.0 0.0
0.0013157894736842105 0.5333333333333333 0.3426812585499316 0.0007320644216691069 0.0
0.0 0.4702898550724638 0.29685362517099867 0.0014641288433382138 0.0
0.0006578947368421052 0.5427536231884058 0.32694938440492477 0.0021961932650073207 0.0
0.0006578947368421052 0.486231884057971 0.3426812585499316 0.0014641288433382138 0.0
0.0 0.49130434782608695 0.32968536251709984 0.0014641288433382138 0.0006711409395973154
0.0 0.5623188405797102 0.39261285909712723 0.0007320644216691069 0.0006711409395973154
0.0 0.48768115942028983 0.411764705882353 0.0007320644216691069 0.0
0.0006578947368421052 0.5050724637681159 0.4138166894664843 0.0 0.0
0.0 0.5282608695652173 0.4240766073871409 0.0007320644216691069 0.0
0.0 0.5210144927536231 0.47742818057455544 0.0007320644216691069 0.0
0.0 0.5217391304347826 0.4931600547195623 0.0021961932650073207 0.0
0.0006578947368421052 0.5072463768115942 0.5027359781121751 0.0007320644216691069 0.0
0.002631578947368421 0.4985507246376812 0.5355677154582763 0.0 0.0006711409395973154
0.0 0.5355072463768116 0.6183310533515732 0.0 0.0
0.0 0.5492753623188407 0.6792065663474692 0.0036603221083455345 0.0
0.0 0.5289855072463768 0.6518467852257182 0.0021961932650073207 0.0
0.0 0.5166666666666667 0.6723666210670315 0.0014641288433382138 0.0
0.0006578947368421052 0.5268115942028986 0.7291381668946648 0.0021961932650073207 0.0
0.0 0.5340579710144928 0.7749658002735977 0.0007320644216691069 0.0
0.0006578947368421052 0.5268115942028986 0.8125854993160054 0.0014641288433382138 0.0006711409395973154
0.0006578947368421052 0.5514492753623188 0.8337893296853625 0.0007320644216691069 0.0
0.0 0.513768115942029 0.8960328317373462 0.0 0.0
0.0 0.5420289855072464 0.9350205198358413 0.0021961932650073207 0.0
0.0 0.5101449275362319 0.9651162790697674 0.0021961932650073207 0.0
0.0 0.532608695652174 1.0225718194254445 0.0014641288433382138 0.0006711409395973154
0.0006578947368421052 0.49782608695652175 1.1012311901504788 0.0014641288433382138 0.0
0.0 0.5224637681159421 1.1538987688098494 0.0014641288433382138 0.0
0.0006578947368421052 0.5376811594202898 1.2127222982216141 0.0007320644216691069 0.0
0.0006578947368421052 0.5304347826086956 1.2735978112175104 0.0007320644216691069 0.0
0.0 0.5507246376811594 1.3625170998632012 0.0029282576866764276 0.0
0.0006578947368421052 0.5891304347826086 1.4808481532147744 0.0 0.0
0.0 0.5355072463768116 1.476060191518468 0.0 0.0
0.0 0.5768115942028986 1.5246238030095758 0.0007320644216691069 0.0
0.0 0.5782608695652174 1.5841313269493844 0.0007320644216691069 0.0
0.0 0.5492753623188407 1.609439124487004 0.0021961932650073207 0.0
0.0 0.5688405797101449 1.6299589603283176 0.0007320644216691069 0.0
0.0 0.5652173913043478 1.7079343365253077 0.0007320644216691069 0.0006711409395973154
0.0 0.5920289855072465 1.7517099863201095 0.0007320644216691069 0.0
0.0006578947368421052 0.6079710144927536 1.8816689466484267 0.0 0.0
0.0 0.5666666666666667 1.9069767441860463 0.0 0.0
0.0 0.6231884057971014 1.9124487004103967 0.0014641288433382138 0.0
0.0 0.610144927536232 1.973324213406293 0.0021961932650073207 0.0
0.0 0.6224637681159421 1.929548563611491 0.0014641288433382138 0.0006711409395973154
0.0006578947368421052 0.6246376811594202 1.9192886456908345 0.0007320644216691069 0.0
0.0 0.6021739130434783 1.9322845417236663 0.0 0.0
0.0 0.6094202898550725 1.9692202462380302 0.0014641288433382138 0.0006711409395973154
0.0 0.5876811594202899 1.913816689466484 0.0029282576866764276 0.0
0.0 0.5884057971014492 1.8994528043775651 0.0014641288433382138 0.0006711409395973154
0.0 0.6144927536231883 1.9528043775649795 0.0021961932650073207 0.0
0.0006578947368421052 0.5978260869565217 1.9801641586867305 0.0021961932650073207 0.0
0.0 0.6253623188405797 1.9110807113543091 0.0014641288433382138 0.0
0.0006578947368421052 0.6057971014492753 1.951436388508892 0.0014641288433382138 0.0
0.0006578947368421052 0.5833333333333334 1.9363885088919288 0.0007320644216691069 0.0
0.0 0.6028985507246377 1.984268125854993 0.0029282576866764276 0.0013422818791946308
0.0 0.608695652173913 1.9562243502051986 0.0021961932650073207 0.0
0.0006578947368421052 0.5971014492753624 1.964432284541724 0.0029282576866764276 0.0
0.0 0.5746376811594204 1.878248974008208 0.0029282576866764276 0.0
0.0006578947368421052 0.5782608695652174 1.9097127222982218 0.0 0.0
0.0 0.5572463768115943 1.9370725034199725 0.0007320644216691069 0.0
0.0 0.55 1.9124487004103967 0.0036603221083455345 0.0006711409395973154
0.0006578947368421052 0.6152173913043478 1.9801641586867305 0.0014641288433382138 0.0
0.0 0.6115942028985507 1.8816689466484267 0.0007320644216691069 0.0
0.0006578947368421052 0.6210144927536232 1.9343365253077975 0.0007320644216691069 0.0
0.0013157894736842105 0.618840579710145 1.880984952120383 0.0021961932650073207 0.0006711409395973154
0.0006578947368421052 0.5833333333333334 1.893296853625171 0.0007320644216691069 0.0
0.0006578947368421052 0.5971014492753624 1.9418604651162792 0.0014641288433382138 0.0
0.0013157894736842105 0.5855072463768116 1.8946648426812587 0.0014641288433382138 0.0
0.0 0.6028985507246377 2.012311901504788 0.0036603221083455345 0.0
0.0013157894736842105 0.5942028985507246 1.880984952120383 0.0 0.0
0.0006578947368421052 0.5992753623188405 1.9172366621067032 0.0 0.0
0.0 0.6 1.9500683994528043 0.0021961932650073207 0.0
0.0013157894736842105 0.5920289855072465 1.898768809849521 0.0 0.0
0.0 0.5913043478260869 1.9616963064295485 0.0014641288433382138 0.0
0.0006578947368421052 0.5681159420289855 1.9172366621067032 0.0021961932650073207 0.0
0.0006578947368421052 0.5673913043478261 1.884404924760602 0.0 0.0006711409395973154
0.0 0.6159420289855072 1.9589603283173733 0.0007320644216691069 0.0
0.0 0.610144927536232 1.9466484268125854 0.0 0.0
0.0013157894736842105 0.5760869565217391 1.9651162790697676 0.0007320644216691069 0.0
0.0006578947368421052 0.5630434782608695 1.8878248974008207 0.0 0.0
0.0 0.6115942028985507 1.9651162790697676 0.0014641288433382138 0.0
