85.0 82.0 85.875 85.9 85.77777777777777
84.55555555555556 81.69999999999999 85.5 84.2 85.77777777777777
84.77777777777777 83.4 85.375 85.0 85.88888888888889
85.22222222222223 82.5 85.5 85.9 86.0
85.33333333333333 82.69999999999999 86.0 83.9 87.22222222222223
85.66666666666667 81.3 85.125 85.5 86.0
84.88888888888889 81.5 85.5 86.2 85.77777777777777
85.22222222222223 81.8 86.0 84.0 86.0
84.44444444444444 83.0 85.375 85.1 86.22222222222223
84.0 82.4 85.0 85.3 85.22222222222223
84.55555555555556 81.69999999999999 86.25 85.6 86.66666666666667
84.88888888888889 82.9 85.25 84.5 85.33333333333333
85.11111111111111 83.8 86.0 86.7 86.33333333333333
84.22222222222223 81.60000000000001 84.0 83.9 85.33333333333333
86.22222222222223 83.1 85.5 84.2 85.88888888888889
85.88888888888889 81.10000000000001 84.75 85.7 85.22222222222223
84.77777777777777 82.3 86.375 85.4 86.0
86.22222222222223 82.10000000000001 86.375 85.5 86.55555555555556
86.0 82.0 85.625 85.8 85.66666666666667
84.44444444444444 80.5 85.625 84.9 86.0
83.88888888888889 80.69999999999999 84.25 84.7 85.11111111111111
86.0 81.4 85.0 84.9 86.22222222222223
85.0 80.69999999999999 86.0 84.9 86.22222222222223
86.11111111111111 82.0 86.5 85.7 87.11111111111111
85.0 81.69999999999999 85.75 84.5 86.33333333333333
84.11111111111111 80.60000000000001 84.875 85.1 85.22222222222223
84.0 79.9 84.0 84.3 84.22222222222223
83.88888888888889 80.69999999999999 84.375 84.3 85.44444444444444
84.77777777777777 81.19999999999999 85.125 84.2 85.66666666666667
84.88888888888889 81.60000000000001 85.5 84.0 85.88888888888889
84.66666666666667 81.10000000000001 86.0 85.3 86.44444444444444
85.11111111111111 80.19999999999999 84.5 84.4 85.55555555555556
84.88888888888889 80.8 84.125 85.1 85.22222222222223
85.33333333333333 81.10000000000001 86.875 84.7 86.77777777777777
84.55555555555556 80.10000000000001 84.75 85.1 85.33333333333333
84.77777777777777 79.10000000000001 84.125 83.6 85.0
85.0 81.19999999999999 85.0 84.4 86.33333333333333
83.77777777777779 79.39999999999999 85.5 84.6 85.33333333333333
85.55555555555556 80.0 85.5 84.9 85.77777777777777
85.33333333333333 79.0 85.25 84.3 87.22222222222223
84.66666666666667 79.60000000000001 84.625 84.4 86.77777777777777
83.77777777777779 79.10000000000001 84.625 84.1 85.44444444444444
83.66666666666667 78.60000000000001 83.25 84.7 85.11111111111111
86.44444444444444 80.5 85.0 86.0 86.11111111111111
84.44444444444444 80.0 85.5 84.5 86.66666666666667
83.22222222222223 79.3 85.125 84.2 85.66666666666667
84.77777777777777 78.89999999999999 85.0 85.3 86.22222222222223
84.22222222222223 78.60000000000001 85.0 83.9 84.55555555555556
85.0 79.69999999999999 85.125 85.3 86.77777777777777
85.44444444444444 79.0 85.0 84.4 86.66666666666667
84.11111111111111 78.60000000000001 86.625 85.5 85.88888888888889
85.66666666666667 78.2 85.125 85.3 87.11111111111111
83.88888888888889 76.8 82.875 84.0 84.22222222222223
83.33333333333333 76.30000000000001 85.25 84.1 84.88888888888889
86.33333333333333 77.3 85.0 84.0 86.22222222222223
84.0 77.7 84.875 85.3 85.55555555555556
85.66666666666667 77.0 83.625 84.2 85.44444444444444
84.44444444444444 75.7 84.75 83.4 85.55555555555556
85.22222222222223 76.39999999999999 84.25 85.3 86.22222222222223
85.55555555555556 77.60000000000001 84.25 85.6 85.33333333333333
84.33333333333333 76.5 84.625 84.0 86.11111111111111
84.33333333333333 76.89999999999999 83.75 85.0 86.66666666666667
85.0 75.1 83.625 84.8 85.33333333333333
84.66666666666667 76.39999999999999 85.5 85.1 86.55555555555556
84.77777777777777 75.7 84.125 85.1 85.66666666666667
84.0 73.0 83.125 84.3 85.11111111111111
84.55555555555556 73.4 84.125 84.7 87.11111111111111
84.66666666666667 74.39999999999999 84.625 84.8 86.66666666666667
86.44444444444444 75.0 84.75 84.5 86.55555555555556
84.55555555555556 73.89999999999999 84.25 84.4 86.22222222222223
84.44444444444444 73.5 82.5 83.9 85.22222222222223
85.33333333333333 73.7 82.375 85.1 85.22222222222223
83.88888888888889 73.1 82.5 84.3 86.22222222222223
85.22222222222223 71.3 83.25 85.6 85.55555555555556
83.22222222222223 73.7 83.125 84.1 85.55555555555556
84.88888888888889 73.2 83.875 86.0 86.0
84.22222222222223 71.8 82.0 84.3 85.44444444444444
84.11111111111111 70.9 83.25 85.0 86.33333333333333
85.11111111111111 71.3 84.375 84.7 85.33333333333333
84.77777777777777 71.0 81.625 84.9 85.33333333333333
84.44444444444444 69.9 84.375 85.1 86.44444444444444
84.33333333333333 69.3 82.0 84.7 85.22222222222223
85.77777777777777 68.8 82.625 84.8 86.11111111111111
84.22222222222223 66.10000000000001 82.25 84.9 85.66666666666667
85.44444444444444 67.9 83.25 85.1 85.55555555555556
84.88888888888889 68.8 83.625 85.2 85.88888888888889
84.0 65.9 83.25 84.4 86.0
85.0 66.69999999999999 82.0 83.9 85.55555555555556
84.33333333333333 66.60000000000001 81.625 84.6 85.22222222222223
84.44444444444444 65.4 81.25 83.7 85.33333333333333
85.22222222222223 65.8 81.5 84.5 85.44444444444444
84.88888888888889 66.19999999999999 83.875 85.6 86.55555555555556
83.44444444444444 65.4 81.625 84.0 85.44444444444444
85.0 65.19999999999999 82.875 85.0 86.11111111111111
84.22222222222223 65.60000000000001 81.5 84.9 85.88888888888889
84.55555555555556 64.19999999999999 81.125 84.9 86.44444444444444
84.55555555555556 64.8 82.5 84.9 86.22222222222223
85.0 64.69999999999999 80.25 84.9 85.33333333333333
83.88888888888889 63.0 80.75 85.0 86.0
85.22222222222223 63.9 82.125 84.3 86.55555555555556
84.44444444444444 61.9 82.0 84.8 86.11111111111111
81.77777777777779 79.0 80.75 81.19999999999999 82.0
80.88888888888889 79.10000000000001 81.75 81.9 81.77777777777779
81.1111111111111 79.39999999999999 81.125 81.9 82.66666666666667
82.66666666666667 79.10000000000001 80.75 81.19999999999999 82.44444444444444
83.55555555555554 60.3 81.875 84.2 86.11111111111111
81.55555555555556 79.5 81.375 82.19999999999999 81.33333333333333
81.88888888888889 78.60000000000001 80.625 81.4 82.1111111111111
80.44444444444444 79.9 82.25 81.0 81.77777777777779
81.0 79.5 81.375 81.4 82.22222222222223
85.33333333333333 67.3 80.5 84.7 86.11111111111111
81.66666666666667 79.39999999999999 81.125 81.69999999999999 81.55555555555556
81.22222222222223 78.60000000000001 80.875 81.60000000000001 81.66666666666667
81.44444444444444 78.39999999999999 81.0 81.8 83.22222222222223
81.77777777777779 80.19999999999999 82.5 81.8 82.22222222222223
86.0 61.0 81.25 85.6 85.88888888888889
80.55555555555556 79.39999999999999 81.625 81.8 81.33333333333333
82.44444444444444 80.8 81.375 83.0 83.44444444444444
81.44444444444444 80.0 82.25 82.0 81.22222222222223
81.66666666666667 79.5 82.0 81.8 81.77777777777779
84.88888888888889 67.6 80.25 84.4 85.66666666666667
81.1111111111111 78.89999999999999 80.375 80.3 81.77777777777779
81.88888888888889 79.9 81.25 82.4 82.0
84.11111111111111 79.60000000000001 81.5 82.69999999999999 82.88888888888889
81.33333333333333 79.5 80.75 82.10000000000001 81.55555555555556
80.77777777777779 79.60000000000001 81.125 81.60000000000001 81.66666666666667
81.33333333333333 79.60000000000001 82.25 81.69999999999999 82.33333333333333
83.0 80.10000000000001 81.625 81.19999999999999 82.77777777777779
81.1111111111111 79.39999999999999 80.5 81.10000000000001 81.66666666666667
81.77777777777779 79.9 81.125 81.60000000000001 82.77777777777779
80.88888888888889 78.8 80.375 80.9 81.44444444444444
83.55555555555554 68.9 81.0 84.4 86.22222222222223
84.55555555555556 67.5 80.5 84.6 86.88888888888889
86.22222222222223 69.2 80.875 85.6 86.77777777777777
85.33333333333333 68.4 80.375 85.3 86.33333333333333
84.88888888888889 68.8 80.5 85.5 85.88888888888889
85.0 68.0 81.125 85.0 87.11111111111111
84.22222222222223 68.2 79.375 84.8 85.88888888888889
84.22222222222223 69.2 81.0 85.3 86.55555555555556
84.77777777777777 67.7 79.0 84.3 85.22222222222223
84.77777777777777 67.8 80.625 85.3 86.55555555555556
85.66666666666667 67.5 78.875 84.8 85.66666666666667
84.77777777777777 67.9 80.875 86.2 86.77777777777777
83.88888888888889 67.4 80.875 84.8 86.33333333333333
85.66666666666667 69.6 80.125 86.0 87.55555555555556
83.33333333333333 67.5 79.25 84.9 86.22222222222223
84.44444444444444 67.5 79.0 84.9 85.66666666666667
85.0 68.2 81.125 85.0 87.33333333333333
84.55555555555556 69.2 79.625 84.7 86.0
84.77777777777777 69.2 79.25 84.7 85.44444444444444
84.0 68.0 79.0 84.0 85.33333333333333
83.77777777777779 69.8 79.375 84.3 87.0
84.33333333333333 67.2 78.25 84.3 85.66666666666667
84.55555555555556 68.8 78.5 84.0 86.33333333333333
84.0 68.3 79.25 84.8 85.88888888888889
85.44444444444444 68.6 80.25 84.7 86.33333333333333
85.11111111111111 67.3 78.125 84.8 87.11111111111111
83.77777777777779 66.9 78.0 84.5 85.33333333333333
85.22222222222223 69.8 77.5 84.4 86.22222222222223
84.88888888888889 67.5 78.25 85.2 86.77777777777777
85.11111111111111 67.2 76.625 84.5 85.88888888888889
84.66666666666667 69.5 77.5 83.9 86.11111111111111
86.0 67.6 77.0 84.8 86.55555555555556
84.11111111111111 69.7 77.5 85.7 87.0
84.44444444444444 69.2 77.25 85.4 86.55555555555556
84.22222222222223 68.9 76.75 84.6 86.66666666666667
85.66666666666667 68.6 76.125 85.1 87.0
84.22222222222223 67.3 75.625 84.1 87.0
85.11111111111111 69.1 76.0 84.5 86.22222222222223
85.55555555555556 68.6 75.5 85.4 86.88888888888889
83.66666666666667 70.0 74.5 84.1 85.44444444444444
83.66666666666667 68.1 75.375 84.5 87.11111111111111
85.66666666666667 68.5 74.875 85.0 86.0
85.0 68.0 72.625 84.3 86.22222222222223
85.55555555555556 68.6 74.375 85.1 87.11111111111111
86.0 69.5 73.25 85.1 87.44444444444444
84.55555555555556 68.8 72.0 85.1 86.88888888888889
84.88888888888889 68.6 72.25 84.3 87.66666666666667
85.77777777777777 68.3 70.25 86.8 86.66666666666667
85.88888888888889 68.2 68.75 85.0 86.44444444444444
86.0 66.10000000000001 68.875 84.8 87.55555555555556
85.0 67.6 69.5 85.3 87.33333333333333
84.33333333333333 66.9 69.75 84.9 87.22222222222223
85.77777777777777 67.10000000000001 69.375 84.8 88.0
84.55555555555556 67.6 67.375 85.7 86.44444444444444
85.22222222222223 68.0 66.375 84.9 87.0
84.66666666666667 67.3 65.875 85.3 87.44444444444444
85.22222222222223 67.7 67.25 85.7 87.88888888888889
85.33333333333333 67.6 67.0 85.7 87.0
85.44444444444444 68.3 68.375 85.5 87.33333333333333
85.11111111111111 67.5 66.125 84.8 87.66666666666667
85.66666666666667 67.8 67.875 84.7 86.55555555555556
85.33333333333333 67.9 66.375 85.5 85.77777777777777
84.88888888888889 64.69999999999999 63.875 85.4 86.0
85.33333333333333 68.5 66.875 84.6 87.44444444444444
85.11111111111111 68.2 67.125 85.4 88.11111111111111
85.88888888888889 67.4 67.125 85.4 87.33333333333333
85.0 68.8 65.375 84.8 86.77777777777777
85.44444444444444 68.9 67.0 84.7 87.0
86.77777777777777 68.0 66.625 86.8 87.66666666666667
86.0 68.6 66.375 85.4 87.55555555555556
86.11111111111111 67.6 66.25 86.3 88.11111111111111
85.55555555555556 68.7 66.625 84.9 87.11111111111111
86.0 66.9 65.5 84.8 87.44444444444444
85.11111111111111 68.5 66.125 84.3 86.77777777777777
85.0 67.4 66.25 85.4 87.77777777777777
86.22222222222223 68.1 66.875 85.9 88.55555555555556
85.88888888888889 68.0 66.0 86.3 87.22222222222223
85.66666666666667 68.7 66.75 85.1 86.88888888888889
84.44444444444444 67.4 65.5 84.9 85.77777777777777
85.55555555555556 67.10000000000001 65.875 84.2 86.22222222222223
84.77777777777777 66.0 65.625 85.0 87.0
85.55555555555556 69.0 66.75 84.5 87.33333333333333
86.22222222222223 68.0 66.375 86.4 88.55555555555556
84.88888888888889 67.2 65.5 84.3 87.44444444444444
85.11111111111111 67.10000000000001 65.625 84.7 87.0
85.33333333333333 67.8 67.0 85.1 86.77777777777777
84.55555555555556 67.6 66.75 84.5 88.55555555555556
86.55555555555556 68.4 67.625 85.6 87.44444444444444
85.55555555555556 66.19999999999999 66.25 84.9 87.44444444444444
86.0 69.5 66.125 85.4 87.11111111111111
84.66666666666667 68.4 65.25 85.4 86.66666666666667
85.0 66.8 63.125 85.4 87.44444444444444
85.11111111111111 67.2 64.875 85.5 87.0
85.55555555555556 67.3 64.75 85.4 87.0
85.11111111111111 66.5 63.625 84.3 86.44444444444444
85.11111111111111 67.4 65.75 85.4 88.44444444444446
85.88888888888889 69.3 65.625 85.6 87.22222222222223
85.33333333333333 67.3 65.375 85.2 87.11111111111111
84.33333333333333 66.0 63.25 84.6 86.55555555555556
