32935.000 -0.400 -0.400 0.116
32936.000 -0.400 -0.331 0.443
32937.000 -0.400 -0.262 0.377
32938.000 -0.400 -0.192 0.313
32939.000 -0.400 -0.123 0.209
32940.000 -0.400 -0.054 0.097
32941.000 -0.400 0.015 0.418
32942.000 -0.400 0.085 0.237
32943.000 -0.400 0.154 0.029
32944.000 -0.400 0.223 0.374
32945.000 -0.400 0.292 0.178
32946.000 -0.400 0.362 0.308
32947.000 -0.400 0.431 0.190
32948.000 -0.331 -0.400 0.097
32949.000 -0.331 -0.331 0.226
32950.000 -0.331 -0.262 0.048
32951.000 -0.331 -0.192 0.131
32952.000 -0.331 -0.123 0.179
32953.000 -0.331 -0.054 0.313
32954.000 -0.331 0.015 0.196
32955.000 -0.331 0.085 0.410
32956.000 -0.331 0.154 0.213
32957.000 -0.331 0.223 0.100
32958.000 -0.331 0.292 0.205
32959.000 -0.331 0.362 0.271
32960.000 -0.331 0.431 0.040
32961.000 -0.262 -0.400 0.254
32962.000 -0.262 -0.331 0.221
32963.000 -0.262 -0.262 0.290
32964.000 -0.262 -0.192 0.222
32965.000 -0.262 -0.123 0.000
32966.000 -0.262 -0.054 0.322
32967.000 -0.262 0.015 0.424
32968.000 -0.262 0.085 0.125
32969.000 -0.262 0.154 0.309
32970.000 -0.262 0.223 0.458
32971.000 -0.262 0.292 0.408
32972.000 -0.262 0.362 0.167
32973.000 -0.262 0.431 0.137
32974.000 -0.192 -0.400 0.311
32975.000 -0.192 -0.331 0.238
32976.000 -0.192 -0.262 0.330
32977.000 -0.192 -0.192 0.219
32978.000 -0.192 -0.123 0.098
32979.000 -0.192 -0.054 0.222
32980.000 -0.192 0.015 0.161
32981.000 -0.192 0.085 0.004
32982.000 -0.192 0.154 0.361
32983.000 -0.192 0.223 0.364
32984.000 -0.192 0.292 0.378
32985.000 -0.192 0.362 0.306
32986.000 -0.192 0.431 0.014
32987.000 -0.123 -0.400 0.200
32988.000 -0.123 -0.331 0.134
32989.000 -0.123 -0.262 0.032
32990.000 -0.123 -0.192 0.235
32991.000 -0.123 -0.123 0.483
32992.000 -0.123 -0.054 0.018
32993.000 -0.123 0.015 0.448
32994.000 -0.123 0.085 0.244
32995.000 -0.123 0.154 0.426
32996.000 -0.123 0.223 0.473
32997.000 -0.123 0.292 0.015
32998.000 -0.123 0.362 0.131
32999.000 -0.123 0.431 0.424
33000.000 -0.054 -0.400 0.261
33001.000 -0.054 -0.331 0.292
33002.000 -0.054 -0.262 0.143
33003.000 -0.054 -0.192 0.225
33004.000 -0.054 -0.123 0.226
33005.000 -0.054 -0.054 0.315
33006.000 -0.054 0.015 0.414
33007.000 -0.054 0.085 0.051
33008.000 -0.054 0.154 0.134
33009.000 -0.054 0.223 0.486
33010.000 -0.054 0.292 0.388
33011.000 -0.054 0.362 0.426
33012.000 -0.054 0.431 0.257
33013.000 0.015 -0.400 0.016
33014.000 0.015 -0.331 0.319
33015.000 0.015 -0.262 0.247
33016.000 0.015 -0.192 0.347
33017.000 0.015 -0.123 0.016
33018.000 0.015 -0.054 0.422
33019.000 0.015 0.015 0.454
33020.000 0.015 0.085 0.003
33021.000 0.015 0.154 0.195
33022.000 0.015 0.223 0.340
33023.000 0.015 0.292 0.486
33024.000 0.015 0.362 0.071
33025.000 0.015 0.431 0.303
33026.000 0.085 -0.400 0.126
33027.000 0.085 -0.331 0.473
33028.000 0.085 -0.192 0.493
33029.000 0.085 -0.123 0.205
33030.000 0.085 -0.054 0.183
33031.000 0.085 0.015 0.388
33032.000 0.085 0.085 0.264
33033.000 0.085 0.154 0.288
33034.000 0.085 0.223 0.029
33035.000 0.085 0.292 0.030
33036.000 0.085 0.362 0.465
33037.000 0.085 0.431 0.409
33038.000 0.154 -0.400 0.149
33039.000 0.154 -0.331 0.003
33040.000 0.154 -0.262 0.251
33041.000 0.154 -0.192 0.411
33042.000 0.154 -0.123 0.179
33043.000 0.154 -0.054 0.037
33044.000 0.154 0.015 0.000
33045.000 0.154 0.085 0.041
33046.000 0.154 0.154 0.308
33047.000 0.154 0.223 0.420
33048.000 0.154 0.292 0.274
33049.000 0.154 0.362 0.328
33050.000 0.154 0.431 0.092
33051.000 0.223 -0.400 0.278
33052.000 0.223 -0.331 0.427
33053.000 0.223 -0.262 0.415
33054.000 0.223 -0.192 0.411
33055.000 0.223 -0.123 0.135
33056.000 0.223 -0.054 0.299
33057.000 0.223 0.015 0.060
33058.000 0.223 0.085 0.423
33059.000 0.223 0.154 0.157
33060.000 0.223 0.223 0.323
33061.000 0.223 0.292 0.115
33062.000 0.223 0.362 0.474
33063.000 0.223 0.431 0.237
33064.000 0.292 -0.400 0.304
33065.000 0.292 -0.331 0.011
33066.000 0.292 -0.262 0.398
33067.000 0.292 -0.192 0.310
33068.000 0.292 -0.123 0.264
33069.000 0.292 -0.054 0.178
33070.000 0.292 0.015 0.451
33071.000 0.292 0.085 0.437
33072.000 0.292 0.154 0.018
33073.000 0.292 0.223 0.440
33074.000 0.292 0.292 0.071
33075.000 0.292 0.362 0.236
33076.000 0.292 0.431 0.348
33077.000 0.362 -0.400 0.017
33078.000 0.362 -0.331 0.146
33079.000 0.362 -0.262 0.335
33080.000 0.362 -0.192 0.093
33081.000 0.362 -0.123 0.236
33082.000 0.362 -0.054 0.053
33083.000 0.362 0.015 0.089
33084.000 0.362 0.085 0.471
33085.000 0.362 0.154 0.069
33086.000 0.362 0.223 0.281
33087.000 0.362 0.292 0.292
33088.000 0.362 0.362 0.282
33089.000 0.362 0.431 0.018
33090.000 0.431 -0.400 0.062
33091.000 0.431 -0.331 0.032
33092.000 0.431 -0.262 0.478
33093.000 0.431 -0.192 0.212
33094.000 0.431 -0.123 0.454
33095.000 0.431 -0.054 0.164
33096.000 0.431 0.015 0.402
33097.000 0.431 0.085 0.165
33098.000 0.431 0.154 0.432
33099.000 0.431 0.223 0.401
33100.000 0.431 0.292 0.386
33101.000 0.431 0.362 0.275
33102.000 0.431 0.431 0.161
