0.0013550135501355014 0.1572052401746725 0.06636500754147813 0.0 0.0
0.0 0.16011644832605532 0.05429864253393665 0.0 0.0
0.0013550135501355014 0.14264919941775836 0.04675716440422323 0.0014005602240896359 0.0
0.0 0.1586608442503639 0.04675716440422323 0.0014005602240896359 0.0
0.0 0.14992721979621543 0.04524886877828054 0.0014005602240896359 0.0
0.0 0.18631732168850074 0.05580693815987934 0.0 0.0
0.0 0.173216885007278 0.05429864253393665 0.0028011204481792717 0.0
0.0013550135501355014 0.17612809315866085 0.05580693815987934 0.0 0.0
0.0013550135501355014 0.1339155749636099 0.05279034690799397 0.0 0.001394700139470014
0.0013550135501355014 0.16302765647743814 0.058823529411764705 0.0 0.0
0.0027100271002710027 0.22125181950509462 0.058823529411764705 0.0 0.0
0.0027100271002710027 0.20087336244541484 0.06184012066365007 0.0014005602240896359 0.0
0.0 0.1965065502183406 0.05580693815987934 0.0014005602240896359 0.0
0.004065040650406504 0.22416302765647744 0.04524886877828054 0.0014005602240896359 0.0
0.0013550135501355014 0.16885007278020378 0.04675716440422323 0.0 0.0
0.0013550135501355014 0.2081513828238719 0.05429864253393665 0.0 0.0
0.0013550135501355014 0.20087336244541484 0.06184012066365007 0.0 0.0
0.0013550135501355014 0.2066957787481805 0.03619909502262444 0.0014005602240896359 0.0
0.0013550135501355014 0.21251819505094616 0.06033182503770739 0.0014005602240896359 0.0
0.0 0.2576419213973799 0.049773755656108594 0.0014005602240896359 0.0
0.0 0.21397379912663755 0.04072398190045249 0.0 0.0
0.0027100271002710027 0.2430858806404658 0.0392156862745098 0.0014005602240896359 0.0
0.0 0.23726346433770013 0.06485671191553545 0.0 0.0
0.0013550135501355014 0.23726346433770013 0.06033182503770739 0.0 0.0
0.0027100271002710027 0.23144104803493448 0.058823529411764705 0.0 0.0
0.0013550135501355014 0.26200873362445415 0.043740573152337855 0.0 0.0
0.0 0.25327510917030566 0.05580693815987934 0.0 0.0
0.004065040650406504 0.2590975254730713 0.06184012066365007 0.0 0.0
0.0 0.26200873362445415 0.043740573152337855 0.0 0.0
0.0013550135501355014 0.24454148471615722 0.05279034690799397 0.0 0.0
0.0013550135501355014 0.29839883551673946 0.06636500754147813 0.0 0.0
0.0027100271002710027 0.27510917030567683 0.06334841628959276 0.0 0.0
0.0013550135501355014 0.2925764192139738 0.043740573152337855 0.0 0.0
0.0027100271002710027 0.29839883551673946 0.02564102564102564 0.0 0.0
0.0 0.32896652110625907 0.05128205128205128 0.0 0.0
0.0 0.30858806404657935 0.06184012066365007 0.0 0.0
0.0027100271002710027 0.3158660844250364 0.05128205128205128 0.0 0.0
0.0 0.36535662299854443 0.04072398190045249 0.0014005602240896359 0.0
0.004065040650406504 0.34788937409024745 0.06033182503770739 0.0 0.001394700139470014
0.0013550135501355014 0.3813682678311499 0.058823529411764705 0.0 0.0
0.004065040650406504 0.39737991266375544 0.043740573152337855 0.0 0.0
0.0013550135501355014 0.37409024745269287 0.03619909502262444 0.0014005602240896359 0.0
0.0 0.438136826783115 0.0784313725490196 0.0 0.0
0.009485094850948509 0.3609898107714702 0.06485671191553545 0.0 0.0
0.0 0.39737991266375544 0.049773755656108594 0.0 0.0
0.0 0.40611353711790393 0.05128205128205128 0.0 0.0
0.0027100271002710027 0.46288209606986896 0.05429864253393665 0.0 0.0
0.0027100271002710027 0.4483260553129549 0.06787330316742082 0.0014005602240896359 0.0
0.0013550135501355014 0.4497816593886463 0.06334841628959276 0.0 0.0
0.0 0.46288209606986896 0.058823529411764705 0.0 0.0
0.0013550135501355014 0.5036390101892285 0.042232277526395176 0.0 0.0
0.0013550135501355014 0.4847161572052402 0.06636500754147813 0.0014005602240896359 0.0
0.0013550135501355014 0.5443959243085881 0.07239819004524888 0.0 0.0
0.0013550135501355014 0.5167394468704513 0.04826546003016591 0.0 0.0
0.0013550135501355014 0.5356622998544396 0.0784313725490196 0.0028011204481792717 0.0
0.0 0.569141193595342 0.06184012066365007 0.0 0.0
0.0 0.5269286754002911 0.07541478129713425 0.0 0.0
0.0 0.5953420669577876 0.06787330316742082 0.0 0.0
0.0 0.561863173216885 0.05580693815987934 0.0 0.0
0.0 0.5822416302765648 0.05429864253393665 0.0 0.0
0.0 0.6506550218340611 0.05429864253393665 0.0 0.0
0.0013550135501355014 0.6448326055312955 0.06033182503770739 0.0014005602240896359 0.0
0.0 0.6710334788937409 0.058823529411764705 0.0014005602240896359 0.0
0.0 0.6593886462882096 0.0693815987933635 0.0 0.0
0.0013550135501355014 0.6797671033478894 0.06485671191553545 0.0 0.0
0.0 0.7816593886462881 0.06334841628959276 0.0 0.0
0.0013550135501355014 0.8180494905385735 0.06334841628959276 0.0014005602240896359 0.0
0.0027100271002710027 0.7510917030567685 0.07390648567119155 0.0 0.0
0.0 0.7496360989810772 0.06485671191553545 0.0014005602240896359 0.0
0.0013550135501355014 0.7962154294032023 0.06485671191553545 0.0 0.0
0.0013550135501355014 0.8500727802037846 0.07088989441930618 0.0 0.0
0.0 0.8660844250363902 0.05279034690799397 0.0 0.0
0.0 0.893740902474527 0.05580693815987934 0.0 0.0
0.0027100271002710027 0.9694323144104804 0.07692307692307693 0.0 0.0
0.0013550135501355014 0.9068413391557496 0.06033182503770739 0.0014005602240896359 0.0
0.0 0.8951965065502183 0.07088989441930618 0.0 0.0
0.0 0.9883551673944687 0.058823529411764705 0.0 0.0
0.0013550135501355014 0.9898107714701602 0.06033182503770739 0.0 0.0
0.004065040650406504 1.0160116448326055 0.049773755656108594 0.0014005602240896359 0.0
0.0013550135501355014 1.0014556040756915 0.05429864253393665 0.0028011204481792717 0.0
0.0 1.0960698689956332 0.06636500754147813 0.0014005602240896359 0.0
0.0 1.0655021834061136 0.07390648567119155 0.0 0.0
0.0 1.1193595342066958 0.07239819004524888 0.0 0.0
0.0027100271002710027 1.25764192139738 0.0693815987933635 0.0014005602240896359 0.0
0.0 1.2212518195050948 0.057315233785822026 0.0 0.0
0.0 1.1790393013100438 0.049773755656108594 0.0014005602240896359 0.0
0.006775067750677507 1.3100436681222707 0.04826546003016591 0.0 0.0
0.0013550135501355014 1.2736535662299855 0.08597285067873303 0.0 0.0
0.005420054200542005 1.3260553129548762 0.08597285067873303 0.0 0.0
0.0013550135501355014 1.3726346433770014 0.09803921568627451 0.0014005602240896359 0.0
0.0013550135501355014 1.3245997088791848 0.09653092006033182 0.0 0.0
0.0 1.4075691411935953 0.08597285067873303 0.0 0.001394700139470014
0.0013550135501355014 1.4279475982532752 0.07088989441930618 0.0 0.0
0.0027100271002710027 1.37117903930131 0.0693815987933635 0.0 0.0
0.0 1.4002911208151383 0.07390648567119155 0.0 0.0
0.004065040650406504 1.5080058224163029 0.09200603318250376 0.0 0.0
0.0013550135501355014 1.480349344978166 0.07239819004524888 0.0 0.0
0.0027100271002710027 1.512372634643377 0.09502262443438914 0.0 0.0
0.0013550135501355014 1.6084425036390102 0.07692307692307693 0.0 0.0
0.0013550135501355014 1.5822416302765647 0.0693815987933635 0.0014005602240896359 0.0
0.0013550135501355014 1.6622998544395924 0.0784313725490196 0.0014005602240896359 0.0
0.0 0.10334788937409024 0.0 0.0 0.0
0.0 0.16593886462882096 0.0 0.0 0.0
0.0 0.14119359534206694 0.0 0.0 0.0
0.0 0.16302765647743814 0.0 0.0 0.0
0.0 1.7248908296943233 0.09351432880844646 0.0028011204481792717 0.0
0.0 0.14264919941775836 0.0 0.0 0.0
0.0 0.16885007278020378 0.0 0.0 0.001394700139470014
0.0 0.1353711790393013 0.0 0.0 0.0
0.0 0.12372634643377002 0.0 0.0 0.0
0.0013550135501355014 1.3085880640465792 0.17194570135746606 0.0 0.001394700139470014
0.0 0.15138282387190685 0.0 0.0 0.0
0.0 0.1572052401746725 0.0 0.0 0.0
0.0 0.16448326055312953 0.0 0.0 0.0
0.0013550135501355014 0.13682678311499272 0.0 0.0 0.0
0.0013550135501355014 1.74235807860262 0.07088989441930618 0.0014005602240896359 0.0
0.0 0.16302765647743814 0.0 0.0 0.0
0.0 0.1339155749636099 0.0 0.0014005602240896359 0.0
0.0 0.15138282387190685 0.0 0.0 0.0
0.0 0.1586608442503639 0.0 0.0 0.0
0.0 1.25764192139738 0.20814479638009048 0.0014005602240896359 0.0
0.0 0.15283842794759825 0.0 0.0 0.0
0.0 0.15429403202328967 0.0015082956259426846 0.0 0.001394700139470014
0.0 0.15574963609898107 0.0 0.0 0.0
0.0 0.1455604075691412 0.0 0.0 0.0
0.0 0.13100436681222707 0.0 0.0 0.0
0.0 0.15429403202328967 0.0 0.0 0.0
0.0 0.14264919941775836 0.0 0.0 0.0
0.0 0.14264919941775836 0.0 0.0 0.0
0.0 0.14847161572052403 0.0 0.0 0.0
0.0 0.16011644832605532 0.0 0.0 0.0
0.0013550135501355014 1.2358078602620088 0.16591251885369532 0.0014005602240896359 0.0
0.004065040650406504 1.2998544395924307 0.2187028657616893 0.0028011204481792717 0.0
0.0013550135501355014 1.25764192139738 0.20361990950226244 0.0028011204481792717 0.0
0.0013550135501355014 1.240174672489083 0.20512820512820512 0.0014005602240896359 0.0
0.0 1.215429403202329 0.20361990950226244 0.0014005602240896359 0.0
0.0 1.2882096069868996 0.1885369532428356 0.0014005602240896359 0.0
0.0 1.240174672489083 0.2096530920060332 0.0 0.0
0.0027100271002710027 1.2387190684133915 0.18099547511312217 0.004201680672268907 0.0
0.0027100271002710027 1.2882096069868996 0.2383107088989442 0.0 0.0
0.0 1.2780203784570596 0.16289592760180996 0.0014005602240896359 0.0
0.0013550135501355014 1.2940320232896652 0.19607843137254902 0.0 0.0
0.0013550135501355014 1.2430858806404659 0.20814479638009048 0.0 0.0
0.0 1.2736535662299855 0.16289592760180996 0.0014005602240896359 0.0
0.0 1.2445414847161573 0.21116138763197587 0.0 0.0
0.0 1.264919941775837 0.20663650075414783 0.0 0.0
0.0 1.2809315866084425 0.1493212669683258 0.0014005602240896359 0.0
0.0013550135501355014 1.2183406113537119 0.1508295625942685 0.0028011204481792717 0.0
0.0 1.2241630276564774 0.21116138763197587 0.0 0.0
0.0 1.2241630276564774 0.16591251885369532 0.0014005602240896359 0.0
0.0 1.272197962154294 0.20060331825037708 0.0014005602240896359 0.0
0.0013550135501355014 1.2052401746724892 0.18552036199095023 0.0014005602240896359 0.0
0.0 1.2561863173216885 0.19306184012066363 0.0028011204481792717 0.0
0.0 1.2314410480349345 0.1975867269984917 0.0014005602240896359 0.0
0.0 1.2430858806404659 0.19306184012066363 0.0014005602240896359 0.0
0.0 1.1542940320232897 0.1191553544494721 0.0 0.0
0.0013550135501355014 1.2765647743813682 0.20060331825037708 0.0014005602240896359 0.0
0.0 1.2518195050946144 0.1508295625942685 0.0 0.0
0.0 1.1732168850072782 0.167420814479638 0.0 0.0
0.0 1.262008733624454 0.1478129713423831 0.0014005602240896359 0.0
0.0013550135501355014 1.2838427947598254 0.18401206636500753 0.0014005602240896359 0.0
0.0013550135501355014 1.1994177583697234 0.18552036199095023 0.0 0.0
0.0 1.225618631732169 0.1689291101055807 0.0 0.0
0.0 1.1557496360989812 0.17345399698340877 0.004201680672268907 0.0
0.0 1.24745269286754 0.17043740573152336 0.004201680672268907 0.0
0.0 1.2008733624454149 0.1282051282051282 0.0028011204481792717 0.0
0.0027100271002710027 1.208151382823872 0.1583710407239819 0.0 0.0
0.0013550135501355014 1.2445414847161573 0.13574660633484165 0.0 0.0
0.0 1.1732168850072782 0.1794871794871795 0.0028011204481792717 0.0
0.0 1.2270742358078603 0.167420814479638 0.0014005602240896359 0.0
0.0 1.106259097525473 0.14630467571644043 0.0 0.0
0.0027100271002710027 1.1892285298398837 0.14027149321266968 0.0014005602240896359 0.0
0.0 1.2110625909752548 0.14479638009049775 0.0 0.0
0.0013550135501355014 1.1208151382823872 0.15535444947209653 0.0028011204481792717 0.0
0.0013550135501355014 1.1790393013100438 0.13423831070889894 0.0014005602240896359 0.0
0.0 1.1615720524017468 0.14479638009049775 0.0 0.0
0.0027100271002710027 1.0887918486171762 0.12368024132730014 0.0014005602240896359 0.0
0.0013550135501355014 1.1426491994177583 0.12518853695324283 0.0 0.0
0.0027100271002710027 1.1921397379912664 0.16289592760180996 0.0 0.0
0.0 1.1280931586608443 0.1508295625942685 0.0 0.001394700139470014
0.0 1.215429403202329 0.167420814479638 0.0014005602240896359 0.0
0.0 1.1528384279475983 0.1508295625942685 0.0 0.0
0.0 1.1906841339155751 0.110105580693816 0.0028011204481792717 0.0
0.0 1.1935953420669578 0.16440422322775264 0.0 0.0
0.0027100271002710027 1.1149927219796214 0.13273001508295626 0.0 0.0
0.0 1.0931586608442503 0.14177978883861236 0.0 0.001394700139470014
0.0 1.1470160116448325 0.17345399698340877 0.004201680672268907 0.0
0.0 1.1513828238719068 0.1372549019607843 0.0028011204481792717 0.0
0.0013550135501355014 1.1746724890829696 0.1372549019607843 0.0014005602240896359 0.0
0.0 1.1572052401746726 0.13273001508295626 0.0014005602240896359 0.0
0.0 1.1732168850072782 0.14027149321266968 0.0014005602240896359 0.0
0.0 1.1601164483260553 0.110105580693816 0.0 0.0
0.0027100271002710027 1.1004366812227073 0.12368024132730014 0.0 0.0
0.0027100271002710027 1.24745269286754 0.13574660633484165 0.0 0.0
0.0 1.0917030567685588 0.1372549019607843 0.0 0.0
0.0 1.1120815138282387 0.0889894419306184 0.0 0.0
0.0 1.1688500727802038 0.13122171945701358 0.0014005602240896359 0.0
0.0013550135501355014 1.0989810771470159 0.1478129713423831 0.0 0.0
0.0027100271002710027 1.0844250363901018 0.12217194570135746 0.0014005602240896359 0.0
0.0 1.1877729257641922 0.12518853695324283 0.0014005602240896359 0.0
0.0013550135501355014 1.145560407569141 0.12217194570135746 0.0028011204481792717 0.0
0.0013550135501355014 1.1717612809315867 0.10407239819004524 0.0014005602240896359 0.0
0.0013550135501355014 1.1499272197962154 0.11463046757164405 0.0014005602240896359 0.0
0.0 1.1499272197962154 0.12066365007541478 0.0 0.0
0.0 1.1193595342066958 0.10407239819004524 0.0014005602240896359 0.0
0.0 1.1732168850072782 0.14027149321266968 0.0 0.0
0.0 1.1659388646288211 0.11613876319758673 0.0 0.0
0.0 1.1688500727802038 0.110105580693816 0.0014005602240896359 0.0
0.0 1.1251819505094613 0.12518853695324283 0.0 0.0
0.0 1.1077147016011644 0.11312217194570136 0.0014005602240896359 0.0
0.0013550135501355014 1.1717612809315867 0.12217194570135746 0.0028011204481792717 0.0
0.0013550135501355014 1.1863173216885008 0.14630467571644043 0.004201680672268907 0.0
0.0013550135501355014 1.0946142649199417 0.12217194570135746 0.0014005602240896359 0.0
0.0 1.1804949053857352 0.13574660633484165 0.0 0.0
0.0 1.1673944687045126 0.110105580693816 0.0 0.0
0.0 1.1834061135371179 0.11764705882352941 0.0 0.0
0.0 1.1441048034934498 0.10558069381598793 0.0014005602240896359 0.0
0.0 1.1120815138282387 0.10407239819004524 0.0014005602240896359 0.0
0.0013550135501355014 1.131004366812227 0.10558069381598793 0.0 0.0
0.0 1.1819505094614267 0.1085972850678733 0.0 0.0
0.0 1.1295487627365355 0.12518853695324283 0.0014005602240896359 0.0
0.0013550135501355014 1.1324599708879184 0.11312217194570136 0.0 0.0
0.0 1.148471615720524 0.1282051282051282 0.0 0.001394700139470014
0.004065040650406504 1.1848617176128093 0.11613876319758673 0.0 0.0
0.0 1.1499272197962154 0.11463046757164405 0.0 0.0
0.0 1.0989810771470159 0.11463046757164405 0.0 0.0
0.0 1.1470160116448325 0.1191553544494721 0.0 0.0
0.0 1.1018922852983988 0.11613876319758673 0.0 0.0
0.0 1.1499272197962154 0.10708898944193063 0.0014005602240896359 0.0
0.0 1.1542940320232897 0.138763197586727 0.0 0.0
