0.0013550135501355014 0.16812227074235808 0.06184012066365007 0.0 0.0
0.0 0.17030567685589518 0.05580693815987934 0.0 0.0
0.0013550135501355014 0.14192139737991266 0.05354449472096531 0.0007002801120448179 0.0
0.0 0.1586608442503639 0.06184012066365007 0.0007002801120448179 0.0
0.0006775067750677507 0.1564774381368268 0.049019607843137254 0.0007002801120448179 0.0
0.0 0.17540029112081512 0.05957767722473605 0.0 0.0
0.0 0.18777292576419213 0.04751131221719457 0.0014005602240896359 0.0
0.002032520325203252 0.16375545851528384 0.04826546003016591 0.0 0.0
0.0013550135501355014 0.13173216885007277 0.06334841628959276 0.0 0.000697350069735007
0.0013550135501355014 0.15356622998544397 0.057315233785822026 0.0 0.0
0.0027100271002710027 0.18995633187772926 0.06561085972850679 0.0 0.0
0.002032520325203252 0.1943231441048035 0.06108597285067873 0.0014005602240896359 0.000697350069735007
0.0 0.17467248908296942 0.05354449472096531 0.0007002801120448179 0.0
0.0033875338753387536 0.20014556040756915 0.05580693815987934 0.0007002801120448179 0.0
0.0006775067750677507 0.14847161572052403 0.042232277526395176 0.0007002801120448179 0.0
0.0006775067750677507 0.17758369723435227 0.04826546003016591 0.0 0.0
0.0006775067750677507 0.18631732168850074 0.055052790346908 0.0 0.0
0.0006775067750677507 0.18777292576419213 0.04524886877828054 0.0007002801120448179 0.0
0.0013550135501355014 0.19141193595342068 0.05656108597285068 0.0007002801120448179 0.0
0.0006775067750677507 0.21106259097525473 0.04600301659125188 0.0007002801120448179 0.0
0.0 0.1797671033478894 0.0392156862745098 0.0 0.0
0.0013550135501355014 0.2066957787481805 0.05656108597285068 0.0007002801120448179 0.0
0.0 0.19141193595342068 0.058823529411764705 0.0014005602240896359 0.0
0.0013550135501355014 0.1957787481804949 0.05354449472096531 0.0 0.0
0.0013550135501355014 0.18850072780203786 0.05279034690799397 0.0 0.0
0.0006775067750677507 0.18922852983988356 0.04524886877828054 0.0 0.0
0.0006775067750677507 0.19213973799126638 0.058069381598793365 0.0 0.0
0.004065040650406504 0.20305676855895197 0.057315233785822026 0.0 0.0
0.0006775067750677507 0.21615720524017468 0.04524886877828054 0.0007002801120448179 0.0
0.0013550135501355014 0.18850072780203786 0.05128205128205128 0.0007002801120448179 0.0
0.002032520325203252 0.20887918486171764 0.05429864253393665 0.0007002801120448179 0.000697350069735007
0.0027100271002710027 0.20087336244541484 0.06636500754147813 0.0014005602240896359 0.0
0.0006775067750677507 0.22125181950509462 0.04147812971342383 0.0 0.0
0.0013550135501355014 0.2176128093158661 0.03996983408748115 0.0007002801120448179 0.0
0.0006775067750677507 0.22197962154294032 0.05957767722473605 0.0007002801120448179 0.0
0.0006775067750677507 0.22270742358078602 0.058823529411764705 0.0 0.0
0.0013550135501355014 0.23944687045123725 0.05656108597285068 0.0 0.0
0.0013550135501355014 0.2547307132459971 0.042232277526395176 0.0007002801120448179 0.0
0.0027100271002710027 0.23871906841339155 0.05580693815987934 0.0007002801120448179 0.000697350069735007
0.0006775067750677507 0.2707423580786026 0.058069381598793365 0.0 0.0
0.0033875338753387536 0.29621542940320233 0.043740573152337855 0.0 0.0
0.0006775067750677507 0.25181950509461426 0.03996983408748115 0.0014005602240896359 0.0
0.0 0.28748180494905384 0.06485671191553545 0.0007002801120448179 0.0
0.006775067750677507 0.2430858806404658 0.05354449472096531 0.0 0.0
0.0006775067750677507 0.27656477438136823 0.04751131221719457 0.0007002801120448179 0.0
0.0006775067750677507 0.2590975254730713 0.04524886877828054 0.0 0.0
0.002032520325203252 0.2925764192139738 0.04675716440422323 0.0 0.0
0.0027100271002710027 0.2867540029112081 0.058069381598793365 0.0014005602240896359 0.0
0.002032520325203252 0.28820960698689957 0.058069381598793365 0.0 0.0
0.0 0.31222707423580787 0.05203619909502262 0.0 0.0
0.0013550135501355014 0.3231441048034934 0.05580693815987934 0.0 0.0
0.002032520325203252 0.3260553129548763 0.05580693815987934 0.0007002801120448179 0.0
0.0013550135501355014 0.3522561863173217 0.06711915535444947 0.0 0.0
0.002032520325203252 0.3347889374090247 0.042232277526395176 0.0014005602240896359 0.0
0.0013550135501355014 0.34061135371179035 0.06259426847662142 0.0021008403361344537 0.0
0.0006775067750677507 0.3449781659388646 0.0641025641025641 0.0 0.0
0.0 0.3333333333333333 0.07013574660633484 0.0 0.0
0.0006775067750677507 0.35880640465793306 0.06108597285067873 0.0 0.0
0.0 0.34934497816593885 0.049019607843137254 0.0 0.0
0.0 0.35516739446870454 0.04826546003016591 0.0 0.0
0.0006775067750677507 0.39592430858806404 0.058069381598793365 0.0 0.0
0.0006775067750677507 0.38209606986899564 0.05128205128205128 0.0007002801120448179 0.0
0.0 0.40101892285298396 0.055052790346908 0.0007002801120448179 0.0
0.0006775067750677507 0.3893740902474527 0.057315233785822026 0.0007002801120448179 0.0
0.0006775067750677507 0.3966521106259097 0.055052790346908 0.0 0.0
0.0 0.44468704512372637 0.05279034690799397 0.0 0.0
0.0006775067750677507 0.46797671033478894 0.05354449472096531 0.0007002801120448179 0.0
0.002032520325203252 0.4388646288209607 0.06033182503770739 0.0 0.0
0.0013550135501355014 0.4388646288209607 0.05052790346907994 0.0007002801120448179 0.0
0.002032520325203252 0.4672489082969432 0.05429864253393665 0.0007002801120448179 0.0
0.002032520325203252 0.49417758369723436 0.06184012066365007 0.0007002801120448179 0.0
0.0006775067750677507 0.49272197962154296 0.05128205128205128 0.0 0.0
0.0006775067750677507 0.5189228529839883 0.04826546003016591 0.0 0.0
0.0013550135501355014 0.5640465793304221 0.06334841628959276 0.0 0.0
0.0013550135501355014 0.4978165938864629 0.05203619909502262 0.0007002801120448179 0.0
0.0 0.5021834061135372 0.058069381598793365 0.0 0.0
0.0 0.537117903930131 0.043740573152337855 0.0014005602240896359 0.0
0.0013550135501355014 0.556768558951965 0.05203619909502262 0.0007002801120448179 0.0
0.002032520325203252 0.5698689956331877 0.042232277526395176 0.0014005602240896359 0.0
0.0027100271002710027 0.5553129548762736 0.04826546003016591 0.0014005602240896359 0.0
0.0013550135501355014 0.6295487627365357 0.05429864253393665 0.0028011204481792717 0.0
0.0 0.5800582241630277 0.05354449472096531 0.0 0.0
0.0013550135501355014 0.6295487627365357 0.05957767722473605 0.0 0.0
0.0013550135501355014 0.7045123726346434 0.058823529411764705 0.0021008403361344537 0.0
0.0006775067750677507 0.6877729257641921 0.049019607843137254 0.0 0.0
0.0006775067750677507 0.6462882096069869 0.058823529411764705 0.0021008403361344537 0.0
0.004065040650406504 0.7088791848617176 0.03544494720965309 0.0 0.0
0.0006775067750677507 0.6957787481804949 0.0693815987933635 0.0 0.0
0.0033875338753387536 0.7270742358078603 0.06787330316742082 0.0007002801120448179 0.0
0.0013550135501355014 0.75764192139738 0.06711915535444947 0.0007002801120448179 0.0
0.0006775067750677507 0.7045123726346434 0.0746606334841629 0.0 0.0
0.0 0.759825327510917 0.06787330316742082 0.0007002801120448179 0.000697350069735007
0.0006775067750677507 0.7736535662299855 0.06636500754147813 0.0007002801120448179 0.0
0.0013550135501355014 0.7481804949053857 0.05580693815987934 0.0007002801120448179 0.0
0.0013550135501355014 0.759825327510917 0.05656108597285068 0.0 0.0
0.002032520325203252 0.8238719068413392 0.07088989441930618 0.0007002801120448179 0.0
0.0013550135501355014 0.7903930131004366 0.06561085972850679 0.0 0.0
0.002032520325203252 0.7991266375545851 0.06184012066365007 0.0 0.0
0.0006775067750677507 0.8755458515283843 0.06108597285067873 0.0 0.0
0.0006775067750677507 0.8311499272197962 0.058069381598793365 0.0007002801120448179 0.0
0.0013550135501355014 0.8901018922852985 0.055052790346908 0.0014005602240896359 0.0
0.0 0.05167394468704512 0.0 0.0 0.0
0.0 0.08296943231441048 0.0 0.0 0.0
0.0 0.07059679767103347 0.0 0.0 0.0
0.0 0.08151382823871907 0.0 0.0 0.0
0.0 0.9192139737991266 0.07390648567119155 0.0014005602240896359 0.0
0.0 0.07132459970887918 0.0 0.0 0.0
0.0 0.08442503639010189 0.0 0.0 0.000697350069735007
0.0 0.06768558951965065 0.0 0.0 0.000697350069735007
0.0 0.06186317321688501 0.0 0.0 0.0
0.0006775067750677507 0.6761280931586608 0.14404223227752638 0.0007002801120448179 0.000697350069735007
0.0 0.07569141193595343 0.0 0.0 0.0
0.0 0.07860262008733625 0.0 0.0 0.0
0.0 0.08224163027656477 0.0 0.0007002801120448179 0.0
0.0006775067750677507 0.06841339155749636 0.0 0.0 0.0
0.0006775067750677507 0.9403202328966521 0.05354449472096531 0.0007002801120448179 0.0
0.0 0.08151382823871907 0.0 0.0007002801120448179 0.000697350069735007
0.0006775067750677507 0.06695778748180495 0.0 0.0007002801120448179 0.0
0.0 0.07569141193595343 0.0 0.0 0.0
0.0 0.07933042212518195 0.0 0.0 0.0
0.0 0.6499272197962154 0.16666666666666666 0.0014005602240896359 0.0
0.0 0.07641921397379912 0.0 0.0 0.0
0.0 0.07714701601164484 0.0007541478129713423 0.0 0.000697350069735007
0.0 0.07787481804949054 0.0 0.0 0.0
0.0 0.0727802037845706 0.0 0.0 0.0
0.0 0.06550218340611354 0.0 0.0 0.000697350069735007
0.0 0.07714701601164484 0.0 0.0 0.0
0.0 0.07132459970887918 0.0 0.0 0.0
0.0 0.07132459970887918 0.0 0.0007002801120448179 0.0
0.0 0.07423580786026202 0.0 0.0 0.0
0.0 0.08005822416302766 0.0 0.0 0.0
0.0006775067750677507 0.6331877729257642 0.1334841628959276 0.0007002801120448179 0.0
0.0027100271002710027 0.6666666666666666 0.17571644042232276 0.0014005602240896359 0.0
0.0006775067750677507 0.6477438136826783 0.16515837104072398 0.0021008403361344537 0.0
0.0006775067750677507 0.6346433770014556 0.16591251885369532 0.0007002801120448179 0.0
0.0 0.6244541484716157 0.16968325791855202 0.0007002801120448179 0.0
0.0 0.6724890829694323 0.1779788838612368 0.0007002801120448179 0.0
0.0 0.641193595342067 0.17496229260935142 0.0 0.0
0.0013550135501355014 0.6404657933042213 0.15912518853695326 0.0021008403361344537 0.0
0.0013550135501355014 0.6652110625909753 0.2096530920060332 0.0014005602240896359 0.0
0.0006775067750677507 0.6572052401746725 0.15610859728506787 0.0007002801120448179 0.0
0.0006775067750677507 0.6724890829694323 0.18250377073906487 0.0 0.0
0.0006775067750677507 0.6375545851528385 0.19532428355957768 0.0007002801120448179 0.0
0.0 0.6681222707423581 0.16214177978883862 0.0007002801120448179 0.0
0.0006775067750677507 0.6382823871906841 0.21116138763197587 0.0007002801120448179 0.0
0.0 0.6593886462882096 0.2171945701357466 0.0014005602240896359 0.0
0.0 0.6579330422125181 0.18024132730015083 0.0028011204481792717 0.0
0.0006775067750677507 0.6331877729257642 0.20814479638009048 0.0028011204481792717 0.0
0.0 0.6382823871906841 0.25565610859728505 0.0007002801120448179 0.0
0.0 0.6346433770014556 0.21644042232277524 0.0021008403361344537 0.0
0.0006775067750677507 0.6695778748180494 0.29260935143288086 0.0021008403361344537 0.0
0.0006775067750677507 0.6273653566229985 0.26621417797888386 0.0028011204481792717 0.0
0.0 0.6586608442503639 0.30844645550527905 0.0021008403361344537 0.0
0.0006775067750677507 0.6477438136826783 0.3031674208144796 0.0007002801120448179 0.0
0.0 0.6528384279475983 0.3076923076923077 0.0007002801120448179 0.0
0.0013550135501355014 0.6004366812227074 0.2669683257918552 0.0 0.0
0.0006775067750677507 0.6637554585152838 0.37254901960784315 0.0007002801120448179 0.0
0.0 0.660844250363901 0.3559577677224736 0.0007002801120448179 0.0
0.0 0.6229985443959243 0.4079939668174962 0.0014005602240896359 0.000697350069735007
0.0 0.660844250363901 0.4155354449472096 0.0014005602240896359 0.0
0.0013550135501355014 0.6761280931586608 0.49472096530920057 0.0007002801120448179 0.0
0.0006775067750677507 0.6448326055312955 0.5279034690799397 0.0007002801120448179 0.0
0.0 0.6528384279475983 0.526395173453997 0.0 0.0
0.0 0.6179039301310044 0.5603318250377074 0.0035014005602240898 0.0
0.0 0.6775836972343522 0.5844645550527904 0.0028011204481792717 0.0
0.0 0.6513828238719068 0.581447963800905 0.0014005602240896359 0.0
0.0013550135501355014 0.6732168850072779 0.6372549019607844 0.0007002801120448179 0.0
0.0013550135501355014 0.6914119359534207 0.6825037707390649 0.0014005602240896359 0.0
0.0 0.6433770014556041 0.7345399698340874 0.0014005602240896359 0.0
0.0 0.6754002911208151 0.7345399698340874 0.0014005602240896359 0.0
0.0 0.6200873362445415 0.7435897435897436 0.0 0.0
0.002032520325203252 0.6717612809315866 0.7541478129713424 0.0007002801120448179 0.0
0.0 0.6812227074235807 0.8212669683257918 0.0014005602240896359 0.0
0.0006775067750677507 0.6382823871906841 0.8966817496229261 0.0014005602240896359 0.0
0.0013550135501355014 0.6848617176128092 0.9487179487179487 0.0028011204481792717 0.0
0.0006775067750677507 0.6681222707423581 0.990950226244344 0.0007002801120448179 0.0
0.0013550135501355014 0.62882096069869 1.019607843137255 0.0014005602240896359 0.0
0.0006775067750677507 0.6673944687045124 1.098793363499246 0.0007002801120448179 0.0
0.002032520325203252 0.7045123726346434 1.184766214177979 0.0007002801120448179 0.0
0.0 0.6695778748180494 1.2013574660633484 0.0 0.000697350069735007
0.0 0.7176128093158661 1.2481146304675717 0.0014005602240896359 0.0
0.0 0.6935953420669577 1.312971342383107 0.0007002801120448179 0.0
0.0 0.7125181950509462 1.3227752639517345 0.0014005602240896359 0.0
0.0006775067750677507 0.7263464337700146 1.4555052790346907 0.0 0.0
0.0013550135501355014 0.6877729257641921 1.4811463046757165 0.0014005602240896359 0.0
0.0 0.6775836972343522 1.4909502262443437 0.0007002801120448179 0.000697350069735007
0.0 0.7037845705967977 1.541478129713424 0.0021008403361344537 0.0
0.0 0.7190684133915576 1.4796380090497736 0.0028011204481792717 0.0
0.0006775067750677507 0.7307132459970889 1.51131221719457 0.0014005602240896359 0.0
0.0 0.7117903930131004 1.4819004524886878 0.0014005602240896359 0.0
0.0 0.7256186317321689 1.6018099547511313 0.0014005602240896359 0.0
0.0 0.7139737991266376 1.5361990950226243 0.0 0.0
0.002032520325203252 0.6957787481804949 1.6131221719457014 0.0021008403361344537 0.0
0.002032520325203252 0.7707423580786026 1.6591251885369531 0.0007002801120448179 0.0
0.0 0.6783114992721979 1.6093514328808447 0.0 0.0
0.0 0.7103347889374091 1.616892911010558 0.0007002801120448179 0.0
0.0006775067750677507 0.7263464337700146 1.5874811463046758 0.0007002801120448179 0.0
0.0006775067750677507 0.6877729257641921 1.6493212669683257 0.0 0.0
0.0013550135501355014 0.6841339155749636 1.5829562594268476 0.0014005602240896359 0.0
0.0006775067750677507 0.7438136826783115 1.6199095022624435 0.0007002801120448179 0.0
0.0006775067750677507 0.7154294032023291 1.6327300150829565 0.0028011204481792717 0.0
0.0006775067750677507 0.7270742358078603 1.603318250377074 0.0007002801120448179 0.0
0.0006775067750677507 0.6994177583697234 1.5867269984917043 0.0007002801120448179 0.0
0.0 0.7161572052401747 1.6349924585218703 0.0014005602240896359 0.0
0.0 0.7001455604075691 1.592760180995475 0.0014005602240896359 0.0
0.0006775067750677507 0.7161572052401747 1.596530920060332 0.0007002801120448179 0.0
0.0 0.7219796215429404 1.6063348416289593 0.0 0.0
0.0 0.7263464337700146 1.643288084464555 0.0014005602240896359 0.0
0.0 0.7059679767103348 1.6289592760180995 0.0007002801120448179 0.0
0.0 0.6965065502183405 1.6184012066365006 0.0021008403361344537 0.0
0.0013550135501355014 0.7219796215429404 1.6493212669683257 0.0028011204481792717 0.0
0.0013550135501355014 0.7387190684133916 1.6116138763197587 0.004201680672268907 0.0
0.0006775067750677507 0.6841339155749636 1.6312217194570136 0.0014005602240896359 0.0
0.0 0.7423580786026202 1.6244343891402715 0.0007002801120448179 0.0
0.0 0.7183406113537119 1.599547511312217 0.0007002801120448179 0.0
0.0006775067750677507 0.7372634643377002 1.5754147812971342 0.0014005602240896359 0.0
0.0006775067750677507 0.7052401746724891 1.5701357466063348 0.0014005602240896359 0.0
0.0 0.6935953420669577 1.5739064856711915 0.0014005602240896359 0.0
0.0006775067750677507 0.7023289665211062 1.5867269984917043 0.0007002801120448179 0.0
0.0 0.7292576419213974 1.5874811463046758 0.0 0.0
0.0006775067750677507 0.7197962154294032 1.7450980392156863 0.0014005602240896359 0.0
0.0013550135501355014 0.7197962154294032 1.7141779788838611 0.0007002801120448179 0.0
0.0 0.7234352256186317 1.7669683257918551 0.0007002801120448179 0.000697350069735007
0.002032520325203252 0.7430858806404658 1.7209653092006034 0.0014005602240896359 0.0
0.0 0.7183406113537119 1.6742081447963801 0.0007002801120448179 0.0
0.0 0.6957787481804949 1.722473604826546 0.0007002801120448179 0.0
0.0 0.727802037845706 1.7141779788838611 0.0 0.0
0.0 0.7001455604075691 1.753393665158371 0.0007002801120448179 0.0
0.0 0.7139737991266376 1.6568627450980393 0.0007002801120448179 0.0
0.0 0.7256186317321689 1.7352941176470589 0.0007002801120448179 0.0
