19.333333333333336 32.33333333333333 29.5 13.666666666666668 14.75
16.333333333333332 33.0 33.166666666666664 12.5 14.25
17.166666666666668 27.666666666666664 33.166666666666664 15.833333333333334 15.5
17.5 31.5 30.5 15.666666666666666 15.25
17.333333333333332 30.833333333333336 32.33333333333333 18.0 14.0
17.833333333333332 32.5 32.16666666666667 13.333333333333334 14.75
15.833333333333334 32.33333333333333 29.166666666666668 13.666666666666668 11.5
15.833333333333334 32.16666666666667 31.5 14.5 14.0
18.666666666666668 30.5 29.5 14.833333333333334 14.0
15.5 31.0 32.0 13.666666666666668 14.5
17.166666666666668 30.833333333333336 33.666666666666664 14.666666666666666 13.75
18.666666666666668 33.833333333333336 32.0 16.333333333333332 12.25
13.833333333333332 30.666666666666664 32.0 13.666666666666668 16.5
13.5 30.833333333333336 29.833333333333332 18.166666666666668 13.5
17.333333333333332 35.166666666666664 29.833333333333332 16.166666666666664 11.25
16.5 31.0 32.0 15.0 13.25
19.166666666666664 33.166666666666664 32.5 14.166666666666666 12.25
17.0 32.16666666666667 33.666666666666664 14.833333333333334 12.75
15.5 30.666666666666664 34.333333333333336 15.5 13.75
17.833333333333332 33.0 30.666666666666664 13.833333333333332 11.25
16.5 29.666666666666668 29.833333333333332 15.833333333333334 13.75
15.333333333333332 32.16666666666667 33.833333333333336 15.666666666666666 15.0
17.166666666666668 31.5 34.166666666666664 13.5 16.0
17.833333333333332 33.833333333333336 31.833333333333332 16.833333333333332 13.0
19.666666666666664 30.666666666666664 31.666666666666668 13.5 12.25
14.333333333333334 32.0 33.0 13.833333333333332 12.25
16.5 30.666666666666664 32.666666666666664 14.0 14.5
16.666666666666668 27.333333333333336 31.166666666666664 13.166666666666666 13.0
16.166666666666664 31.5 31.5 12.666666666666666 16.25
15.333333333333332 32.16666666666667 31.333333333333332 14.166666666666666 16.5
17.5 31.5 31.0 15.833333333333334 15.0
17.166666666666668 31.5 31.0 13.5 12.75
16.166666666666664 33.166666666666664 29.666666666666668 16.0 13.25
19.0 32.833333333333336 33.666666666666664 15.833333333333334 14.5
16.166666666666664 32.33333333333333 32.16666666666667 15.333333333333332 15.25
15.166666666666666 30.833333333333336 31.166666666666664 13.666666666666668 15.25
18.5 32.5 30.0 19.333333333333336 11.75
17.166666666666668 28.5 34.0 13.666666666666668 11.25
19.166666666666664 29.5 29.666666666666668 14.333333333333334 15.25
17.333333333333332 30.666666666666664 33.666666666666664 14.5 14.0
18.833333333333332 31.0 31.833333333333332 13.0 12.5
14.333333333333334 29.833333333333332 33.5 14.0 13.25
16.333333333333332 31.166666666666664 30.0 13.333333333333334 11.0
13.166666666666666 31.333333333333332 32.833333333333336 16.0 16.0
18.0 31.166666666666664 34.166666666666664 17.5 14.5
14.166666666666666 29.833333333333332 30.5 14.5 12.5
15.5 30.5 28.666666666666668 15.0 15.75
15.333333333333332 29.666666666666668 33.666666666666664 16.5 10.0
17.166666666666668 31.333333333333332 31.5 15.166666666666666 16.75
16.833333333333332 35.333333333333336 34.833333333333336 15.5 15.5
17.833333333333332 31.166666666666664 31.333333333333332 12.333333333333334 13.25
17.5 33.833333333333336 31.333333333333332 15.5 12.25
19.0 31.333333333333332 30.833333333333336 14.166666666666666 11.75
17.333333333333332 27.0 31.333333333333332 14.833333333333334 14.5
19.5 32.33333333333333 31.166666666666664 15.666666666666666 12.5
16.0 31.0 32.16666666666667 11.833333333333332 13.75
16.666666666666668 31.5 31.833333333333332 15.0 13.25
15.333333333333332 31.5 30.666666666666664 15.166666666666666 14.5
16.0 35.666666666666664 30.666666666666664 14.333333333333334 14.0
14.333333333333334 32.16666666666667 29.333333333333332 15.5 9.5
20.166666666666664 29.166666666666668 34.166666666666664 13.333333333333334 10.5
17.5 30.833333333333336 29.333333333333332 14.333333333333334 13.0
15.833333333333334 30.166666666666668 31.0 18.166666666666668 13.25
17.5 31.5 33.0 14.0 14.5
15.833333333333334 33.833333333333336 28.5 16.166666666666664 12.25
17.166666666666668 30.5 29.833333333333332 13.833333333333332 13.75
17.5 30.666666666666664 30.5 14.0 12.5
15.666666666666666 32.33333333333333 29.833333333333332 14.166666666666666 14.0
16.333333333333332 35.333333333333336 30.166666666666668 14.333333333333334 12.0
17.0 32.0 31.666666666666668 13.833333333333332 12.5
16.333333333333332 33.166666666666664 30.166666666666668 17.0 12.75
17.166666666666668 28.833333333333332 31.0 14.833333333333334 14.75
14.5 32.833333333333336 31.333333333333332 15.666666666666666 14.25
16.5 30.333333333333332 32.666666666666664 12.0 13.5
15.333333333333332 29.0 31.833333333333332 13.833333333333332 12.75
17.666666666666668 31.833333333333332 33.166666666666664 13.833333333333332 15.0
14.333333333333334 31.833333333333332 30.166666666666668 15.666666666666666 12.25
17.166666666666668 30.166666666666668 31.666666666666668 15.0 13.25
13.666666666666668 32.0 32.666666666666664 14.833333333333334 13.5
17.0 31.333333333333332 29.5 13.666666666666668 15.25
16.0 33.666666666666664 33.333333333333336 13.333333333333334 13.25
17.5 30.333333333333332 31.166666666666664 11.5 14.25
17.0 30.666666666666664 32.833333333333336 16.5 14.0
17.0 32.33333333333333 30.333333333333332 13.666666666666668 13.0
19.0 33.0 31.5 16.166666666666664 14.0
14.666666666666666 33.5 31.5 14.0 15.5
16.666666666666668 31.0 26.666666666666668 14.0 15.0
16.0 31.166666666666664 34.5 13.833333333333332 17.25
15.666666666666666 32.0 32.0 13.333333333333334 12.5
15.0 33.5 30.333333333333332 17.0 16.75
17.833333333333332 30.5 31.5 15.333333333333332 15.5
18.5 31.833333333333332 32.666666666666664 14.666666666666666 15.5
14.333333333333334 31.166666666666664 32.666666666666664 15.0 15.0
16.666666666666668 28.666666666666668 33.666666666666664 14.0 9.5
15.833333333333334 31.5 32.5 15.166666666666666 17.25
15.333333333333332 28.166666666666668 31.0 13.5 13.5
15.833333333333334 35.5 29.666666666666668 14.833333333333334 10.5
16.333333333333332 32.16666666666667 31.5 13.166666666666666 12.75
14.666666666666666 32.0 33.333333333333336 12.833333333333334 15.0
13.333333333333334 31.666666666666668 34.0 15.5 12.75
16.5 31.833333333333332 35.166666666666664 14.333333333333334 13.5
15.666666666666666 19.166666666666664 12.5 15.333333333333332 14.25
12.833333333333334 16.833333333333332 15.833333333333334 15.833333333333334 16.25
14.666666666666666 16.166666666666664 14.666666666666666 13.166666666666666 14.75
13.666666666666668 13.5 15.5 15.166666666666666 15.25
20.333333333333332 31.666666666666668 30.0 14.333333333333334 15.5
19.0 14.666666666666666 15.0 14.333333333333334 13.0
15.0 16.333333333333332 13.666666666666668 16.0 18.0
16.0 16.333333333333332 13.0 16.166666666666664 16.0
15.5 17.166666666666668 16.833333333333332 16.0 18.25
18.166666666666668 28.833333333333332 37.333333333333336 14.5 12.25
16.333333333333332 15.5 16.166666666666664 14.833333333333334 14.25
14.666666666666666 13.0 15.666666666666666 15.333333333333332 13.25
18.166666666666668 16.5 17.833333333333332 14.5 18.25
15.666666666666666 15.166666666666666 15.5 15.333333333333332 16.5
16.166666666666664 33.5 30.333333333333332 13.5 14.75
16.833333333333332 17.166666666666668 14.666666666666666 12.166666666666666 17.0
14.5 15.166666666666666 17.166666666666668 15.166666666666666 15.75
13.5 16.0 15.666666666666666 14.666666666666666 14.25
19.0 18.0 12.333333333333334 12.333333333333334 15.5
18.333333333333332 29.666666666666668 38.5 15.333333333333332 12.0
15.666666666666666 16.833333333333332 16.166666666666664 15.166666666666666 16.0
19.166666666666664 15.166666666666666 16.166666666666664 16.0 17.25
15.166666666666666 15.833333333333334 15.0 18.333333333333332 16.75
15.0 15.166666666666666 13.166666666666666 15.5 12.0
15.666666666666666 14.166666666666666 14.833333333333334 14.666666666666666 15.75
16.166666666666664 16.5 17.166666666666668 14.166666666666666 15.5
12.5 14.5 13.5 19.166666666666664 17.75
16.5 16.166666666666664 12.833333333333334 15.333333333333332 14.5
16.666666666666668 13.0 16.333333333333332 14.166666666666666 14.75
16.166666666666664 15.833333333333334 14.0 14.333333333333334 16.0
14.666666666666666 28.166666666666668 40.16666666666667 12.833333333333334 13.5
14.833333333333334 30.833333333333336 38.33333333333333 13.5 13.5
15.833333333333334 30.333333333333332 39.16666666666667 16.333333333333332 10.5
16.5 26.833333333333336 38.0 13.333333333333334 14.75
15.333333333333332 29.5 36.5 16.166666666666664 13.75
14.833333333333334 28.0 38.0 12.0 13.0
16.166666666666664 28.833333333333332 35.833333333333336 13.0 15.5
14.666666666666666 24.0 36.166666666666664 15.666666666666666 12.75
14.5 26.333333333333332 36.666666666666664 16.666666666666668 10.5
15.833333333333334 26.333333333333332 35.833333333333336 16.833333333333332 14.5
18.5 28.166666666666668 35.166666666666664 17.0 12.75
15.166666666666666 27.0 38.0 14.666666666666666 12.75
15.833333333333334 24.166666666666668 35.0 15.833333333333334 14.5
14.666666666666666 30.666666666666664 38.83333333333333 16.0 12.5
14.833333333333334 26.833333333333336 37.0 14.0 14.25
15.5 26.5 35.833333333333336 16.5 13.0
16.333333333333332 29.833333333333332 37.333333333333336 13.833333333333332 15.25
16.166666666666664 27.333333333333336 38.66666666666667 16.833333333333332 11.5
15.833333333333334 29.166666666666668 36.166666666666664 15.166666666666666 14.0
16.833333333333332 27.333333333333336 38.33333333333333 13.5 15.75
15.333333333333332 25.333333333333332 38.66666666666667 14.666666666666666 15.25
13.833333333333332 28.0 37.333333333333336 16.666666666666668 13.0
14.333333333333334 28.5 35.833333333333336 13.166666666666666 13.5
16.0 28.166666666666668 36.833333333333336 15.5 11.5
17.166666666666668 27.166666666666664 36.5 15.0 17.75
17.333333333333332 27.333333333333336 39.16666666666667 15.166666666666666 12.25
14.5 28.166666666666668 36.833333333333336 12.5 10.0
17.166666666666668 27.0 40.5 15.5 12.5
17.333333333333332 28.0 41.833333333333336 13.0 13.25
12.5 27.666666666666664 39.33333333333333 15.5 15.25
15.166666666666666 27.0 37.5 14.666666666666666 10.75
15.333333333333332 32.16666666666667 41.5 16.333333333333332 16.0
17.666666666666668 26.666666666666668 38.0 17.0 14.5
15.5 29.833333333333332 42.666666666666664 15.0 11.25
13.333333333333334 31.0 37.333333333333336 16.166666666666664 12.0
17.0 29.0 37.333333333333336 15.0 12.5
15.666666666666666 28.833333333333332 41.0 14.166666666666666 8.25
15.5 30.0 41.333333333333336 14.0 12.25
16.5 28.166666666666668 35.5 15.333333333333332 12.0
14.5 25.666666666666668 38.5 14.666666666666666 10.5
15.166666666666666 24.833333333333332 37.333333333333336 14.5 13.75
17.833333333333332 27.333333333333336 36.0 15.5 13.5
14.5 27.5 40.33333333333333 15.0 12.5
13.666666666666668 33.333333333333336 37.5 14.166666666666666 12.0
16.333333333333332 29.5 42.0 15.333333333333332 13.25
13.666666666666668 27.833333333333336 38.5 16.166666666666664 14.5
16.333333333333332 28.0 43.5 15.166666666666666 14.5
12.666666666666666 29.0 40.16666666666667 14.666666666666666 12.75
15.5 29.833333333333332 41.666666666666664 15.5 14.75
15.5 32.16666666666667 44.0 15.833333333333334 15.0
14.0 30.5 39.5 16.666666666666668 14.5
16.666666666666668 26.5 44.166666666666664 15.333333333333332 14.5
14.166666666666666 29.333333333333332 45.66666666666667 14.333333333333334 13.0
16.833333333333332 27.0 39.33333333333333 14.166666666666666 14.0
16.166666666666664 28.333333333333332 43.833333333333336 13.833333333333332 15.25
15.0 29.166666666666668 42.166666666666664 17.166666666666668 12.0
13.333333333333334 30.833333333333336 45.5 17.333333333333332 15.25
15.0 28.666666666666668 40.0 15.166666666666666 13.5
17.833333333333332 30.5 40.16666666666667 16.5 9.5
14.833333333333334 29.833333333333332 43.833333333333336 15.166666666666666 14.75
14.0 27.0 43.166666666666664 15.833333333333334 11.25
14.5 26.333333333333332 40.33333333333333 16.833333333333332 13.75
16.333333333333332 30.333333333333332 42.833333333333336 13.833333333333332 15.0
15.0 27.5 39.5 14.833333333333334 12.25
16.833333333333332 29.166666666666668 42.833333333333336 15.333333333333332 10.25
16.0 26.333333333333332 39.5 19.166666666666664 13.75
13.833333333333332 29.5 45.5 14.5 11.25
17.833333333333332 27.666666666666664 42.666666666666664 14.666666666666666 9.5
16.833333333333332 28.833333333333332 40.833333333333336 16.333333333333332 12.25
15.666666666666666 27.5 40.33333333333333 15.833333333333334 12.5
14.5 28.333333333333332 46.66666666666667 15.5 10.75
17.5 29.5 44.5 16.166666666666664 12.75
15.833333333333334 30.0 41.833333333333336 14.0 12.75
13.333333333333334 30.0 43.0 16.833333333333332 12.25
18.166666666666668 32.5 43.833333333333336 14.333333333333334 15.5
15.333333333333332 31.333333333333332 43.5 17.0 12.5
14.5 29.166666666666668 44.833333333333336 18.166666666666668 14.0
15.0 28.333333333333332 45.0 14.5 11.0
16.166666666666664 29.5 43.166666666666664 14.5 14.0
14.166666666666666 31.333333333333332 41.333333333333336 17.5 14.5
16.5 27.666666666666664 40.5 14.0 13.0
17.333333333333332 29.0 43.833333333333336 16.166666666666664 13.0
15.5 31.666666666666668 45.66666666666667 16.5 15.75
14.166666666666666 28.0 42.166666666666664 14.166666666666666 13.75
15.5 27.333333333333336 42.333333333333336 16.333333333333332 15.5
15.333333333333332 28.833333333333332 42.0 12.166666666666666 13.0
14.833333333333334 24.833333333333332 43.333333333333336 16.166666666666664 17.0
14.5 29.833333333333332 41.666666666666664 17.0 11.0
14.333333333333334 29.0 39.66666666666667 14.5 11.75
14.0 30.333333333333332 43.0 15.166666666666666 14.75
15.166666666666666 29.333333333333332 41.166666666666664 16.666666666666668 9.75
16.0 26.833333333333336 43.0 18.0 15.5
17.0 29.666666666666668 44.333333333333336 13.333333333333334 15.0
16.5 27.833333333333336 44.833333333333336 16.166666666666664 14.25
14.833333333333334 29.666666666666668 42.5 12.666666666666666 15.5
18.833333333333332 30.333333333333332 41.5 14.0 11.25
17.666666666666668 28.166666666666668 44.5 17.666666666666668 11.75
16.166666666666664 29.166666666666668 41.666666666666664 14.833333333333334 14.25
14.666666666666666 28.333333333333332 43.333333333333336 16.166666666666664 16.5
