0.001349527665317139 0.15020576131687244 0.05546995377503852 0.0 0.0
0.0033738191632928477 0.1550068587105624 0.06240369799691834 0.0 0.0
0.001349527665317139 0.1522633744855967 0.0485362095531587 0.0 0.0
0.0006747638326585695 0.14471879286694103 0.06779661016949153 0.0 0.0
0.001349527665317139 0.14471879286694103 0.06317411402157165 0.0 0.0
0.002699055330634278 0.17078189300411523 0.07473035439137134 0.0007507507507507507 0.0
0.001349527665317139 0.14609053497942387 0.05469953775038521 0.0015015015015015015 0.0007002801120448179
0.0006747638326585695 0.1522633744855967 0.06394453004622497 0.0 0.0
0.0020242914979757085 0.14609053497942387 0.039291217257318954 0.0007507507507507507 0.0
0.001349527665317139 0.1522633744855967 0.07627118644067796 0.0007507507507507507 0.0
0.0006747638326585695 0.15637860082304528 0.06163328197226502 0.0007507507507507507 0.0
0.001349527665317139 0.1694101508916324 0.053158705701078585 0.0 0.0
0.0006747638326585695 0.15089163237311387 0.06317411402157165 0.0007507507507507507 0.0
0.004048582995951417 0.16666666666666666 0.0662557781201849 0.0 0.0
0.001349527665317139 0.19067215363511658 0.04930662557781202 0.0007507507507507507 0.0
0.001349527665317139 0.1474622770919067 0.05701078582434515 0.0 0.0
0.0006747638326585695 0.18449931412894374 0.06394453004622497 0.0 0.0
0.0020242914979757085 0.18930041152263374 0.06933744221879815 0.0 0.0
0.0006747638326585695 0.15980795610425239 0.05701078582434515 0.0 0.0
0.0006747638326585695 0.2030178326474623 0.0731895223420647 0.0 0.0
0.0020242914979757085 0.16803840877914952 0.06394453004622497 0.0 0.0
0.001349527665317139 0.17421124828532236 0.0600924499229584 0.0 0.0
0.001349527665317139 0.1646090534979424 0.046995377503852076 0.0 0.0007002801120448179
0.001349527665317139 0.14883401920438957 0.06317411402157165 0.0007507507507507507 0.0
0.001349527665317139 0.1886145404663923 0.053929121725731895 0.0007507507507507507 0.0
0.0033738191632928477 0.1934156378600823 0.06702619414483822 0.0 0.0
0.001349527665317139 0.19204389574759945 0.06086286594761171 0.0 0.0007002801120448179
0.0020242914979757085 0.22085048010973937 0.0662557781201849 0.0007507507507507507 0.0
0.0 0.1803840877914952 0.053158705701078585 0.0 0.0
0.0006747638326585695 0.1748971193415638 0.04545454545454545 0.0 0.0
0.0020242914979757085 0.18998628257887518 0.05624036979969183 0.0007507507507507507 0.0
0.0 0.19684499314128945 0.0662557781201849 0.0 0.0
0.0020242914979757085 0.1934156378600823 0.05007704160246533 0.0007507507507507507 0.0
0.0 0.2160493827160494 0.07550077041602465 0.0 0.0
0.0006747638326585695 0.21467764060356653 0.059322033898305086 0.0 0.0
0.0006747638326585695 0.19272976680384088 0.05624036979969183 0.0007507507507507507 0.0
0.0020242914979757085 0.23113854595336075 0.053929121725731895 0.0015015015015015015 0.0
0.001349527665317139 0.2496570644718793 0.07627118644067796 0.0007507507507507507 0.0
0.001349527665317139 0.22633744855967078 0.059322033898305086 0.0007507507507507507 0.0
0.001349527665317139 0.2085048010973937 0.06856702619414484 0.0 0.0
0.0020242914979757085 0.2194787379972565 0.07627118644067796 0.0 0.0
0.0 0.21193415637860083 0.059322033898305086 0.0 0.0
0.0006747638326585695 0.21742112482853224 0.05161787365177196 0.0007507507507507507 0.0
0.0020242914979757085 0.28189300411522633 0.07010785824345146 0.0 0.0
0.002699055330634278 0.25171467764060357 0.053158705701078585 0.0 0.0
0.0006747638326585695 0.23662551440329216 0.06086286594761171 0.0 0.0
0.001349527665317139 0.24348422496570643 0.08089368258859785 0.0 0.0
0.0 0.2764060356652949 0.07395993836671803 0.0022522522522522522 0.0
0.0006747638326585695 0.28257887517146774 0.08012326656394453 0.0007507507507507507 0.0
0.004048582995951417 0.2949245541838134 0.06317411402157165 0.0 0.0007002801120448179
0.0020242914979757085 0.29766803840877915 0.08089368258859785 0.0 0.0
0.001349527665317139 0.3120713305898491 0.07395993836671803 0.0 0.0
0.0 0.294238683127572 0.05546995377503852 0.0 0.0
0.0 0.30246913580246915 0.0662557781201849 0.0 0.0
0.002699055330634278 0.3292181069958848 0.06856702619414484 0.0 0.0
0.0020242914979757085 0.3155006858710563 0.07550077041602465 0.0 0.0007002801120448179
0.001349527665317139 0.3559670781893004 0.06394453004622497 0.0007507507507507507 0.0
0.0020242914979757085 0.3710562414266118 0.07935285053929121 0.0007507507507507507 0.0
0.0006747638326585695 0.3175582990397805 0.05469953775038521 0.0 0.0
0.0006747638326585695 0.3717421124828532 0.0600924499229584 0.0 0.0
0.0006747638326585695 0.3683127572016461 0.0724191063174114 0.0015015015015015015 0.0
0.001349527665317139 0.3305898491083676 0.07858243451463791 0.0007507507507507507 0.0
0.001349527665317139 0.3683127572016461 0.06702619414483822 0.0015015015015015015 0.0
0.002699055330634278 0.39094650205761317 0.06933744221879815 0.0007507507507507507 0.0
0.0020242914979757085 0.3895747599451303 0.07395993836671803 0.0007507507507507507 0.0
0.002699055330634278 0.43004115226337447 0.08012326656394453 0.0007507507507507507 0.0
0.001349527665317139 0.3758573388203018 0.07164869029275808 0.0 0.0
0.001349527665317139 0.42455418381344306 0.06856702619414484 0.0 0.0
0.002699055330634278 0.4773662551440329 0.07473035439137134 0.0 0.0007002801120448179
0.001349527665317139 0.46913580246913583 0.08936825885978428 0.0007507507507507507 0.0
0.001349527665317139 0.4588477366255144 0.1140215716486903 0.0007507507507507507 0.0
0.0 0.45198902606310015 0.07164869029275808 0.0007507507507507507 0.0007002801120448179
0.0 0.43689986282578874 0.059322033898305086 0.0 0.0
0.0006747638326585695 0.4540466392318244 0.07935285053929121 0.0007507507507507507 0.0007002801120448179
0.001349527665317139 0.49519890260631 0.07704160246533129 0.0015015015015015015 0.0
0.001349527665317139 0.48628257887517146 0.07781201848998459 0.0 0.0
0.0006747638326585695 0.45336076817558296 0.07087827426810478 0.0 0.0
0.001349527665317139 0.5054869684499315 0.07627118644067796 0.0 0.0
0.0020242914979757085 0.4828532235939644 0.0731895223420647 0.0007507507507507507 0.0
0.001349527665317139 0.4945130315500686 0.08320493066255778 0.0022522522522522522 0.0
0.002699055330634278 0.5219478737997256 0.07781201848998459 0.0 0.0
0.0020242914979757085 0.546639231824417 0.08166409861325116 0.0007507507507507507 0.0
0.0020242914979757085 0.5301783264746228 0.0731895223420647 0.0 0.0
0.002699055330634278 0.541838134430727 0.0909090909090909 0.0007507507507507507 0.0
0.0006747638326585695 0.6255144032921811 0.09553158705701079 0.0 0.0
0.001349527665317139 0.5582990397805213 0.08166409861325116 0.0007507507507507507 0.0
0.001349527665317139 0.6090534979423868 0.09476117103235747 0.0 0.0
0.0033738191632928477 0.5973936899862826 0.10554699537750385 0.0015015015015015015 0.0
0.0 0.6193415637860082 0.07935285053929121 0.0 0.0
0.001349527665317139 0.5987654320987654 0.08859784283513097 0.0 0.0
0.0033738191632928477 0.620713305898491 0.08936825885978428 0.0 0.0
0.0006747638326585695 0.6934156378600823 0.11171032357473035 0.0 0.0
0.0 0.7064471879286693 0.10862865947611709 0.003003003003003003 0.0
0.0006747638326585695 0.668724279835391 0.09861325115562404 0.0007507507507507507 0.0
0.0006747638326585695 0.7256515775034293 0.10477657935285054 0.0007507507507507507 0.0
0.0 0.7016460905349795 0.10939907550077042 0.0007507507507507507 0.0
0.001349527665317139 0.7393689986282579 0.11325115562403698 0.0015015015015015015 0.0
0.0006747638326585695 0.752400548696845 0.10169491525423728 0.0 0.0
0.0020242914979757085 0.7578875171467764 0.10169491525423728 0.0 0.0
0.001349527665317139 0.8168724279835391 0.10477657935285054 0.0 0.0
0.0020242914979757085 0.8278463648834019 0.11787365177195686 0.0 0.0
0.0 0.07338820301783264 0.0007704160246533128 0.0 0.0
0.0 0.05898491083676269 0.0 0.0 0.0
0.0 0.0644718792866941 0.0 0.0 0.0
0.0 0.061042524005486966 0.0 0.0 0.0007002801120448179
0.0 0.8545953360768175 0.12326656394453003 0.0 0.0
0.0 0.062414266117969824 0.0 0.0 0.0
0.0 0.07681755829903977 0.0 0.0 0.0
0.0 0.0720164609053498 0.0 0.0007507507507507507 0.0
0.0006747638326585695 0.0720164609053498 0.0 0.0 0.0
0.0006747638326585695 0.6289437585733882 0.23651771956856704 0.0007507507507507507 0.0
0.0 0.0644718792866941 0.0 0.0 0.0
0.0 0.0692729766803841 0.0 0.0 0.0
0.0 0.053497942386831275 0.0 0.0 0.0
0.0 0.07133058984910837 0.0 0.0 0.0
0.001349527665317139 0.7997256515775035 0.11171032357473035 0.0007507507507507507 0.0
0.0 0.051440329218107 0.0 0.0 0.0007002801120448179
0.0 0.06995884773662552 0.0 0.0 0.0
0.0006747638326585695 0.05761316872427983 0.0 0.0 0.0
0.0 0.06721536351165981 0.0 0.0 0.0
0.0 0.6255144032921811 0.23112480739599384 0.0015015015015015015 0.0
0.0006747638326585695 0.07064471879286693 0.0 0.0 0.0
0.0 0.05624142661179698 0.0 0.0007507507507507507 0.0
0.0 0.06995884773662552 0.0 0.0 0.0007002801120448179
0.0 0.062414266117969824 0.0 0.0 0.0
0.0 0.06310013717421124 0.0 0.0 0.0
0.0 0.07544581618655694 0.0 0.0 0.0
0.0 0.05555555555555556 0.0 0.0 0.0
0.0 0.06035665294924555 0.0 0.0 0.0
0.0 0.06584362139917696 0.0 0.0 0.0
0.0 0.061042524005486966 0.0 0.0 0.0
0.0 0.5761316872427984 0.19183359013867488 0.0 0.0
0.001349527665317139 0.5891632373113854 0.17950693374422189 0.0015015015015015015 0.0
0.0 0.6090534979423868 0.17796610169491525 0.0007507507507507507 0.0
0.0 0.6152263374485596 0.2234206471494607 0.0 0.0
0.001349527665317139 0.5939643347050755 0.18952234206471494 0.003003003003003003 0.0
0.0 0.6289437585733882 0.22110939907550076 0.0015015015015015015 0.0
0.0006747638326585695 0.6296296296296297 0.2234206471494607 0.0037537537537537537 0.0
0.0006747638326585695 0.6159122085048011 0.17719568567026195 0.0007507507507507507 0.0
0.0006747638326585695 0.6186556927297668 0.20878274268104777 0.0022522522522522522 0.0
0.001349527665317139 0.5925925925925926 0.24268104776579352 0.003003003003003003 0.0
0.0006747638326585695 0.6008230452674898 0.2103235747303544 0.0007507507507507507 0.0
0.0006747638326585695 0.5946502057613169 0.22573189522342066 0.0015015015015015015 0.0
0.0 0.5733882030178327 0.25577812018489987 0.0007507507507507507 0.0014005602240896359
0.001349527665317139 0.5871056241426611 0.17565485362095531 0.0007507507507507507 0.0
0.0 0.5651577503429355 0.2041602465331279 0.0015015015015015015 0.0
0.0 0.5877914951989026 0.21494607087827428 0.0 0.0
0.0020242914979757085 0.5843621399176955 0.2110939907550077 0.0 0.0
0.0 0.6049382716049383 0.29044684129429893 0.0015015015015015015 0.0
0.0 0.6145404663923182 0.29198767334360554 0.0007507507507507507 0.0
0.0006747638326585695 0.5679012345679012 0.2942989214175655 0.0015015015015015015 0.0
0.0 0.6200274348422496 0.2280431432973806 0.0007507507507507507 0.0
0.0 0.6021947873799726 0.2812018489984592 0.0007507507507507507 0.0
0.0006747638326585695 0.5877914951989026 0.2835130970724191 0.0015015015015015015 0.0
0.0 0.5658436213991769 0.3012326656394453 0.0 0.0
0.0 0.561042524005487 0.2966101694915254 0.0007507507507507507 0.0
0.0020242914979757085 0.5919067215363512 0.32126348228043144 0.0007507507507507507 0.0
0.0 0.5871056241426611 0.3412942989214176 0.0022522522522522522 0.0
0.001349527665317139 0.6063100137174212 0.3235747303543914 0.0007507507507507507 0.0
0.0006747638326585695 0.6015089163237312 0.34668721109399075 0.0015015015015015015 0.0
0.0006747638326585695 0.5699588477366255 0.43836671802773497 0.0022522522522522522 0.0
0.0020242914979757085 0.6035665294924555 0.41833590138674887 0.0015015015015015015 0.0
0.0020242914979757085 0.5836762688614541 0.4252696456086287 0.0022522522522522522 0.0
0.0006747638326585695 0.5781893004115226 0.45839753466872113 0.0007507507507507507 0.0
0.0006747638326585695 0.5555555555555556 0.4591679506933744 0.0007507507507507507 0.0
0.0 0.585048010973937 0.551617873651772 0.0015015015015015015 0.0
0.0006747638326585695 0.5665294924554184 0.5077041602465332 0.0015015015015015015 0.0
0.0 0.5713305898491083 0.5531587057010786 0.0015015015015015015 0.0007002801120448179
0.0006747638326585695 0.5473251028806584 0.5600924499229584 0.0007507507507507507 0.0
0.0020242914979757085 0.5973936899862826 0.5993836671802774 0.0007507507507507507 0.0
0.0 0.5891632373113854 0.5916795069337443 0.0 0.0
0.0006747638326585695 0.5624142661179697 0.5523882896764252 0.0 0.0
0.0006747638326585695 0.5795610425240055 0.5600924499229584 0.0007507507507507507 0.0
0.0006747638326585695 0.5603566529492456 0.5901386748844376 0.0 0.0007002801120448179
0.001349527665317139 0.5617283950617284 0.5755007704160247 0.0 0.0
0.0 0.5679012345679012 0.5554699537750385 0.0 0.0
0.0 0.5384087791495198 0.5716486902927581 0.0022522522522522522 0.0
0.001349527665317139 0.5733882030178327 0.5778120184899846 0.0007507507507507507 0.0
0.0 0.5733882030178327 0.5986132511556241 0.0007507507507507507 0.0
0.0 0.5816186556927297 0.576271186440678 0.0015015015015015015 0.0
0.0 0.5658436213991769 0.5631741140215717 0.0 0.0
0.0 0.5864197530864197 0.5739599383667181 0.0 0.0
0.0 0.5651577503429355 0.6240369799691834 0.0 0.0
0.0 0.5576131687242799 0.6117103235747304 0.0007507507507507507 0.0
0.0 0.5967078189300411 0.6047765793528506 0.0007507507507507507 0.0
0.001349527665317139 0.5953360768175583 0.640215716486903 0.0022522522522522522 0.0
0.0 0.5624142661179697 0.5670261941448382 0.003003003003003003 0.0
0.001349527665317139 0.5713305898491083 0.6063174114021571 0.0 0.0
0.0 0.5596707818930041 0.6425269645608629 0.0 0.0
0.0006747638326585695 0.5685871056241426 0.5955315870570108 0.0022522522522522522 0.0
0.0 0.5706447187928669 0.5716486902927581 0.0 0.0
0.0 0.5761316872427984 0.6178736517719569 0.0015015015015015015 0.0
0.0006747638326585695 0.5569272976680384 0.6171032357473035 0.0015015015015015015 0.0
0.0006747638326585695 0.5816186556927297 0.6124807395993837 0.0015015015015015015 0.0007002801120448179
0.001349527665317139 0.5658436213991769 0.6163328197226503 0.0015015015015015015 0.0014005602240896359
0.0 0.5349794238683128 0.5793528505392912 0.0007507507507507507 0.0
0.0 0.5672153635116598 0.5978428351309707 0.0007507507507507507 0.0007002801120448179
0.0020242914979757085 0.5493827160493827 0.6124807395993837 0.0022522522522522522 0.0
0.0 0.5706447187928669 0.5793528505392912 0.003003003003003003 0.0
0.001349527665317139 0.5871056241426611 0.615562403697997 0.0007507507507507507 0.0
0.0006747638326585695 0.5877914951989026 0.6209553158705701 0.0022522522522522522 0.0
0.0006747638326585695 0.5356652949245543 0.6047765793528506 0.0 0.0
0.0006747638326585695 0.5781893004115226 0.576271186440678 0.0 0.0
0.0 0.569272976680384 0.5939907550077042 0.0 0.0
0.0006747638326585695 0.5802469135802469 0.6363636363636364 0.003003003003003003 0.0
0.0 0.5768175582990398 0.5793528505392912 0.0015015015015015015 0.0
0.0006747638326585695 0.5781893004115226 0.5747303543913713 0.0007507507507507507 0.0
0.002699055330634278 0.5521262002743484 0.6070878274268106 0.0007507507507507507 0.0
0.0 0.5411522633744855 0.6063174114021571 0.0007507507507507507 0.0
0.0 0.5823045267489713 0.6471494607087828 0.0 0.0
0.0 0.5843621399176955 0.6093990755007704 0.0 0.0
0.0006747638326585695 0.5720164609053497 0.6209553158705701 0.0015015015015015015 0.0
0.0 0.5829903978052127 0.6425269645608629 0.0015015015015015015 0.0
0.0006747638326585695 0.5754458161865569 0.5416024653312789 0.0007507507507507507 0.0
0.0006747638326585695 0.561042524005487 0.6063174114021571 0.0015015015015015015 0.0
0.0006747638326585695 0.5960219478737997 0.5978428351309707 0.0 0.0
0.0006747638326585695 0.6063100137174212 0.6563944530046224 0.0015015015015015015 0.0
0.0006747638326585695 0.588477366255144 0.6563944530046224 0.0022522522522522522 0.0
0.0 0.5802469135802469 0.6602465331278891 0.0015015015015015015 0.0
0.0 0.5493827160493827 0.6710323574730355 0.0 0.0
0.0 0.5699588477366255 0.6525423728813559 0.003003003003003003 0.0
0.0 0.5679012345679012 0.6664098613251156 0.0015015015015015015 0.0
0.0 0.5905349794238682 0.6679506933744221 0.0007507507507507507 0.0
0.0006747638326585695 0.5706447187928669 0.6363636363636364 0.0007507507507507507 0.0
0.0006747638326585695 0.5706447187928669 0.6764252696456086 0.0 0.0
0.0006747638326585695 0.569272976680384 0.6956856702619415 0.0 0.0
0.0 0.5829903978052127 0.6533127889060093 0.0015015015015015015 0.0
0.0 0.5768175582990398 0.6902927580893683 0.0015015015015015015 0.0
0.0 0.5548696844993142 0.6448382126348229 0.0 0.0
0.0 0.5582990397805213 0.6610169491525424 0.0022522522522522522 0.0
