0.001349527665317139 0.16323731138545955 0.05084745762711864 0.0 0.0
0.002699055330634278 0.149519890260631 0.058551617873651776 0.0 0.0
0.001349527665317139 0.1440329218106996 0.058551617873651776 0.0 0.0
0.001349527665317139 0.1289437585733882 0.06933744221879815 0.0 0.0
0.001349527665317139 0.15089163237311387 0.06471494607087827 0.0 0.0
0.001349527665317139 0.16598079561042522 0.07395993836671803 0.0015015015015015015 0.0
0.001349527665317139 0.1262002743484225 0.06471494607087827 0.0 0.0014005602240896359
0.001349527665317139 0.15775034293552814 0.06933744221879815 0.0 0.0
0.002699055330634278 0.1550068587105624 0.04314329738058552 0.0 0.0
0.002699055330634278 0.15363511659807955 0.06317411402157165 0.0 0.0
0.001349527665317139 0.17969821673525377 0.0600924499229584 0.0015015015015015015 0.0
0.0 0.19890260631001372 0.04776579352850539 0.0 0.0
0.001349527665317139 0.16598079561042522 0.07704160246533129 0.0015015015015015015 0.0
0.005398110661268556 0.18381344307270234 0.06471494607087827 0.0 0.0
0.001349527665317139 0.19615912208504802 0.05084745762711864 0.0015015015015015015 0.0
0.002699055330634278 0.18106995884773663 0.04468412942989214 0.0 0.0
0.001349527665317139 0.2112482853223594 0.0600924499229584 0.0 0.0
0.002699055330634278 0.22085048010973937 0.06779661016949153 0.0 0.0
0.0 0.20027434842249658 0.0600924499229584 0.0 0.0
0.001349527665317139 0.22633744855967078 0.08166409861325116 0.0 0.0
0.004048582995951417 0.205761316872428 0.05546995377503852 0.0 0.0
0.001349527665317139 0.20987654320987656 0.06471494607087827 0.0 0.0
0.001349527665317139 0.19478737997256515 0.05084745762711864 0.0 0.0
0.001349527665317139 0.1646090534979424 0.0600924499229584 0.0015015015015015015 0.0
0.001349527665317139 0.23593964334705075 0.053929121725731895 0.0015015015015015015 0.0
0.004048582995951417 0.23182441700960219 0.07395993836671803 0.0 0.0
0.001349527665317139 0.23319615912208505 0.07704160246533129 0.0 0.0
0.002699055330634278 0.27434842249657065 0.08166409861325116 0.0015015015015015015 0.0
0.0 0.23045267489711932 0.06163328197226502 0.0 0.0
0.0 0.2194787379972565 0.05701078582434515 0.0 0.0
0.002699055330634278 0.2373113854595336 0.05701078582434515 0.0 0.0
0.0 0.26886145404663925 0.06317411402157165 0.0 0.0
0.002699055330634278 0.26337448559670784 0.04776579352850539 0.0 0.0
0.0 0.27983539094650206 0.08012326656394453 0.0 0.0
0.0 0.26886145404663925 0.06779661016949153 0.0 0.0
0.001349527665317139 0.26337448559670784 0.0600924499229584 0.0 0.0
0.002699055330634278 0.32373113854595337 0.04776579352850539 0.0 0.0
0.0 0.3484224965706447 0.08012326656394453 0.0015015015015015015 0.0
0.001349527665317139 0.32098765432098764 0.04930662557781202 0.0 0.0
0.001349527665317139 0.299039780521262 0.07395993836671803 0.0 0.0
0.004048582995951417 0.3264746227709191 0.07395993836671803 0.0 0.0
0.0 0.31275720164609055 0.05546995377503852 0.0 0.0
0.001349527665317139 0.31275720164609055 0.0600924499229584 0.0015015015015015015 0.0
0.002699055330634278 0.3950617283950617 0.07087827426810478 0.0 0.0
0.004048582995951417 0.37037037037037035 0.05084745762711864 0.0 0.0
0.001349527665317139 0.3566529492455418 0.0662557781201849 0.0 0.0
0.001349527665317139 0.355281207133059 0.08936825885978428 0.0 0.0
0.0 0.4348422496570645 0.08474576271186442 0.0015015015015015015 0.0
0.001349527665317139 0.4197530864197531 0.10477657935285054 0.0 0.0
0.005398110661268556 0.45267489711934156 0.06317411402157165 0.0 0.0
0.002699055330634278 0.4499314128943758 0.08936825885978428 0.0 0.0
0.0 0.48422496570644724 0.10015408320493066 0.0 0.0
0.0 0.46090534979423864 0.05701078582434515 0.0 0.0
0.0 0.4732510288065843 0.08320493066255778 0.0 0.0
0.002699055330634278 0.5157750342935528 0.08012326656394453 0.0 0.0
0.002699055330634278 0.5185185185185185 0.08320493066255778 0.0 0.0014005602240896359
0.0 0.5939643347050755 0.08320493066255778 0.0015015015015015015 0.0
0.002699055330634278 0.5939643347050755 0.08628659476117104 0.0 0.0
0.0 0.5198902606310013 0.06933744221879815 0.0 0.0
0.0 0.6063100137174212 0.06933744221879815 0.0 0.0
0.0 0.6186556927297668 0.08012326656394453 0.003003003003003003 0.0
0.001349527665317139 0.5555555555555556 0.08936825885978428 0.0015015015015015015 0.0
0.002699055330634278 0.6131687242798354 0.08474576271186442 0.003003003003003003 0.0
0.001349527665317139 0.6488340192043895 0.08782742681047766 0.0015015015015015015 0.0
0.001349527665317139 0.6515775034293553 0.0909090909090909 0.0 0.0
0.001349527665317139 0.7187928669410151 0.09399075500770415 0.0 0.0
0.002699055330634278 0.6419753086419753 0.08628659476117104 0.0 0.0
0.002699055330634278 0.7160493827160493 0.07704160246533129 0.0 0.0
0.002699055330634278 0.7736625514403292 0.09553158705701079 0.0 0.0014005602240896359
0.001349527665317139 0.7818930041152263 0.11093990755007704 0.0015015015015015015 0.0
0.001349527665317139 0.766803840877915 0.15254237288135591 0.0015015015015015015 0.0
0.0 0.7969821673525378 0.08936825885978428 0.0015015015015015015 0.0
0.0 0.7517146776406036 0.07395993836671803 0.0 0.0
0.001349527665317139 0.7887517146776406 0.09553158705701079 0.0 0.0014005602240896359
0.0 0.8491083676268861 0.10015408320493066 0.0015015015015015015 0.0
0.001349527665317139 0.8477366255144033 0.10939907550077042 0.0 0.0
0.0 0.7873799725651578 0.08474576271186442 0.0 0.0
0.001349527665317139 0.8587105624142661 0.11864406779661017 0.0 0.0
0.001349527665317139 0.8381344307270233 0.0970724191063174 0.0 0.0
0.001349527665317139 0.8902606310013718 0.10477657935285054 0.0 0.0
0.001349527665317139 0.9286694101508917 0.0970724191063174 0.0 0.0
0.004048582995951417 0.9615912208504801 0.11556240369799692 0.0 0.0
0.004048582995951417 0.953360768175583 0.09553158705701079 0.0 0.0
0.002699055330634278 0.9807956104252401 0.11864406779661017 0.0015015015015015015 0.0
0.001349527665317139 1.0946502057613168 0.13405238828967644 0.0 0.0
0.001349527665317139 1.00960219478738 0.10477657935285054 0.0 0.0
0.0 1.093278463648834 0.14021571648690292 0.0 0.0
0.002699055330634278 1.0946502057613168 0.13097072419106318 0.0015015015015015015 0.0
0.0 1.1165980795610426 0.10323574730354391 0.0 0.0
0.001349527665317139 1.1001371742112482 0.1325115562403698 0.0 0.0
0.004048582995951417 1.112482853223594 0.1325115562403698 0.0 0.0
0.0 1.241426611796982 0.15408320493066258 0.0 0.0
0.0 1.2688614540466392 0.15562403697996918 0.003003003003003003 0.0
0.001349527665317139 1.2318244170096022 0.1263482280431433 0.0 0.0
0.001349527665317139 1.3155006858710563 0.15254237288135591 0.0015015015015015015 0.0
0.0 1.3031550068587106 0.16024653312788906 0.0 0.0
0.001349527665317139 1.355281207133059 0.16486902927580893 0.0015015015015015015 0.0
0.001349527665317139 1.3786008230452675 0.14946070878274267 0.0 0.0
0.001349527665317139 1.4101508916323733 0.1386748844375963 0.0 0.0
0.0 1.4993141289437586 0.14791987673343607 0.0 0.0
0.004048582995951417 1.5349794238683128 0.17565485362095531 0.0 0.0
0.0 0.14677640603566527 0.0 0.0 0.0
0.0 0.11796982167352538 0.0 0.0 0.0
0.0 0.1289437585733882 0.0 0.0 0.0
0.0 0.12208504801097393 0.0 0.0 0.0
0.0 1.5747599451303156 0.18335901386748846 0.0 0.0
0.0 0.12482853223593965 0.0 0.0 0.0
0.0 0.15363511659807955 0.0 0.0 0.0
0.0 0.1440329218106996 0.0 0.0 0.0
0.0 0.1440329218106996 0.0 0.0 0.0
0.0 1.207133058984911 0.31741140215716485 0.0015015015015015015 0.0
0.0 0.1289437585733882 0.0 0.0 0.0
0.0 0.1385459533607682 0.0 0.0 0.0
0.0 0.10699588477366255 0.0 0.0 0.0
0.0 0.14266117969821673 0.0 0.0 0.0
0.001349527665317139 1.511659807956104 0.16949152542372883 0.0 0.0
0.0 0.102880658436214 0.0 0.0 0.0014005602240896359
0.0 0.13991769547325103 0.0 0.0 0.0
0.0 0.11522633744855966 0.0 0.0 0.0
0.0 0.13443072702331962 0.0 0.0 0.0
0.0 1.1934156378600822 0.30046224961479195 0.0015015015015015015 0.0
0.0 0.14128943758573387 0.0 0.0 0.0
0.0 0.11111111111111112 0.0 0.0015015015015015015 0.0
0.0 0.13991769547325103 0.0 0.0 0.0
0.0 0.12482853223593965 0.0 0.0 0.0
0.0 0.1262002743484225 0.0 0.0 0.0
0.0 0.15089163237311387 0.0 0.0 0.0
0.0 0.11111111111111112 0.0 0.0 0.0
0.0 0.1207133058984911 0.0 0.0 0.0
0.0 0.13168724279835392 0.0 0.0 0.0
0.0 0.12208504801097393 0.0 0.0 0.0
0.0 1.123456790123457 0.2650231124807396 0.0 0.0
0.002699055330634278 1.1412894375857339 0.27272727272727276 0.0015015015015015015 0.0
0.0 1.1577503429355283 0.24345146379044685 0.0 0.0
0.0 1.1810699588477365 0.2927580893682588 0.0 0.0
0.001349527665317139 1.130315500685871 0.24961479198767336 0.003003003003003003 0.0
0.0 1.205761316872428 0.2927580893682588 0.003003003003003003 0.0
0.001349527665317139 1.2112482853223594 0.2835130970724191 0.0015015015015015015 0.0
0.0 1.1796982167352537 0.22650231124807396 0.0 0.0
0.001349527665317139 1.1947873799725652 0.2650231124807396 0.0 0.0
0.001349527665317139 1.1344307270233196 0.30816640986132515 0.003003003003003003 0.0
0.0 1.1522633744855968 0.24653312788906007 0.0 0.0
0.0 1.1371742112482852 0.29583975346687214 0.003003003003003003 0.0
0.0 1.093278463648834 0.2773497688751926 0.0015015015015015015 0.0014005602240896359
0.001349527665317139 1.1330589849108368 0.19568567026194145 0.0015015015015015015 0.0
0.0 1.0905349794238683 0.20801232665639446 0.003003003003003003 0.0
0.0 1.1248285322359395 0.2542372881355932 0.0 0.0
0.002699055330634278 1.1275720164609053 0.2342064714946071 0.0 0.0
0.0 1.1508916323731138 0.29583975346687214 0.0015015015015015015 0.0
0.0 1.1728395061728394 0.2942989214175655 0.0 0.0
0.001349527665317139 1.0960219478737998 0.28043143297380585 0.0 0.0
0.0 1.1989026063100137 0.20801232665639446 0.0015015015015015015 0.0
0.0 1.1358024691358024 0.26348228043143296 0.0015015015015015015 0.0
0.001349527665317139 1.122085048010974 0.21263482280431434 0.0015015015015015015 0.0
0.0 1.0919067215363512 0.2357473035439137 0.0 0.0
0.0 1.0795610425240054 0.2218798151001541 0.0 0.0
0.002699055330634278 1.1248285322359395 0.23266563944530047 0.0 0.0
0.0 1.102880658436214 0.21725731895223419 0.0015015015015015015 0.0
0.001349527665317139 1.1412894375857339 0.1926040061633282 0.0 0.0
0.001349527665317139 1.139917695473251 0.19568567026194145 0.0015015015015015015 0.0
0.0 1.0727023319615914 0.25115562403697994 0.0 0.0
0.002699055330634278 1.1330589849108368 0.18489984591679506 0.003003003003003003 0.0
0.004048582995951417 1.0987654320987654 0.2110939907550077 0.0015015015015015015 0.0
0.001349527665317139 1.0973936899862826 0.1941448382126348 0.0 0.0
0.001349527665317139 1.0617283950617284 0.15870570107858242 0.0 0.0
0.0 1.1179698216735254 0.2295839753466872 0.0 0.0
0.001349527665317139 1.0919067215363512 0.16024653312788906 0.0 0.0
0.0 1.0919067215363512 0.1802773497688752 0.0015015015015015015 0.0
0.0 1.0397805212620026 0.1510015408320493 0.0 0.0
0.002699055330634278 1.123456790123457 0.15562403697996918 0.0 0.0
0.0 1.1097393689986284 0.18335901386748846 0.0 0.0
0.0 1.0781893004115226 0.1617873651771957 0.0 0.0
0.001349527665317139 1.101508916323731 0.1926040061633282 0.0 0.0
0.0 1.065843621399177 0.1879815100154083 0.0 0.0014005602240896359
0.001349527665317139 1.0699588477366255 0.16640986132511557 0.0 0.0
0.0 1.0699588477366255 0.14791987673343607 0.0 0.0
0.0 1.0260631001371743 0.17565485362095531 0.003003003003003003 0.0
0.0 1.0768175582990396 0.16332819722650233 0.0 0.0
0.0 1.075445816186557 0.17719568567026195 0.0 0.0
0.0 1.1001371742112482 0.1941448382126348 0.0 0.0
0.0 1.06721536351166 0.15716486902927582 0.0 0.0
0.0 1.0850480109739369 0.17565485362095531 0.0 0.0
0.0 1.06721536351166 0.16486902927580893 0.0 0.0
0.0 1.0576131687242798 0.16332819722650233 0.0 0.0
0.0 1.1083676268861455 0.19722650231124808 0.0 0.0
0.002699055330634278 1.1111111111111112 0.1879815100154083 0.0015015015015015015 0.0
0.0 1.0727023319615914 0.15716486902927582 0.0 0.0
0.0 1.0699588477366255 0.15562403697996918 0.0 0.0
0.0 1.0548696844993142 0.18489984591679506 0.0 0.0
0.0 1.0685871056241427 0.16640986132511557 0.0015015015015015015 0.0
0.0 1.075445816186557 0.13713405238828968 0.0 0.0
0.0 1.0864197530864197 0.1510015408320493 0.003003003003003003 0.0
0.001349527665317139 1.0631001371742113 0.16949152542372883 0.0015015015015015015 0.0
0.001349527665317139 1.1069958847736625 0.1617873651771957 0.0015015015015015015 0.0
0.002699055330634278 1.0631001371742113 0.17873651771956856 0.003003003003003003 0.0028011204481792717
0.0 1.0150891632373114 0.15408320493066258 0.0015015015015015015 0.0
0.0 1.0699588477366255 0.1818181818181818 0.0 0.0014005602240896359
0.004048582995951417 1.037037037037037 0.17411402157164868 0.0 0.0
0.0 1.06721536351166 0.1510015408320493 0.0045045045045045045 0.0
0.0 1.0905349794238683 0.1617873651771957 0.0 0.0
0.001349527665317139 1.112482853223594 0.16949152542372883 0.0015015015015015015 0.0
0.001349527665317139 1.0150891632373114 0.1617873651771957 0.0 0.0
0.0 1.0987654320987654 0.1448382126348228 0.0 0.0
0.0 1.064471879286694 0.16332819722650233 0.0 0.0
0.001349527665317139 1.083676268861454 0.1818181818181818 0.0015015015015015015 0.0
0.0 1.0919067215363512 0.14791987673343607 0.0015015015015015015 0.0
0.001349527665317139 1.1001371742112482 0.14329738058551617 0.0015015015015015015 0.0
0.002699055330634278 1.046639231824417 0.18952234206471494 0.0015015015015015015 0.0
0.0 1.0123456790123457 0.16795069337442217 0.0015015015015015015 0.0
0.0 1.1056241426611797 0.1802773497688752 0.0 0.0
0.0 1.1001371742112482 0.18335901386748846 0.0 0.0
0.0 1.0740740740740742 0.14791987673343607 0.0 0.0
0.0 1.1001371742112482 0.18489984591679506 0.0015015015015015015 0.0
0.001349527665317139 1.0864197530864197 0.10939907550077042 0.0015015015015015015 0.0
0.0 1.0740740740740742 0.18489984591679506 0.0015015015015015015 0.0
0.001349527665317139 1.1138545953360768 0.14329738058551617 0.0 0.0
0.001349527665317139 1.130315500685871 0.15870570107858242 0.0015015015015015015 0.0
0.0 1.1083676268861455 0.16640986132511557 0.0045045045045045045 0.0
0.0 1.0768175582990396 0.17411402157164868 0.0 0.0
0.0 1.0356652949245542 0.16486902927580893 0.0 0.0
0.0 1.0727023319615914 0.17411402157164868 0.0015015015015015015 0.0
0.0 1.0699588477366255 0.16795069337442217 0.003003003003003003 0.0
0.0 1.0960219478737998 0.1818181818181818 0.0 0.0
0.0 1.0727023319615914 0.1386748844375963 0.0015015015015015015 0.0
0.001349527665317139 1.0713305898491086 0.17103235747303544 0.0 0.0
0.001349527665317139 1.0685871056241427 0.1802773497688752 0.0 0.0
0.0 1.0919067215363512 0.16486902927580893 0.003003003003003003 0.0
0.0 1.0781893004115226 0.1941448382126348 0.0015015015015015015 0.0
0.0 1.0521262002743483 0.16486902927580893 0.0 0.0
0.0 1.046639231824417 0.16486902927580893 0.003003003003003003 0.0
