14.833333333333334 41.5 21.5 16.333333333333332 15.833333333333334
14.0 43.333333333333336 22.333333333333332 15.666666666666666 13.0
13.5 40.5 24.333333333333332 15.833333333333334 12.833333333333334
14.666666666666666 40.666666666666664 22.0 14.833333333333334 12.833333333333334
14.333333333333334 40.5 23.166666666666664 17.5 16.166666666666664
13.833333333333332 39.0 23.0 16.833333333333332 14.0
17.5 40.16666666666667 22.833333333333336 15.166666666666666 11.5
13.0 37.5 25.5 15.166666666666666 11.666666666666668
14.0 42.333333333333336 21.5 16.833333333333332 9.333333333333334
14.833333333333334 41.166666666666664 22.166666666666668 19.333333333333336 11.833333333333332
15.333333333333332 41.833333333333336 24.833333333333332 14.166666666666666 13.333333333333334
14.833333333333334 41.666666666666664 23.833333333333336 13.5 12.666666666666666
14.166666666666666 41.166666666666664 21.333333333333332 16.5 17.0
15.0 40.666666666666664 25.333333333333332 17.5 13.5
15.666666666666666 37.5 23.666666666666664 12.0 13.5
14.5 40.833333333333336 25.0 16.333333333333332 15.0
14.666666666666666 42.166666666666664 24.5 15.5 12.5
17.0 43.833333333333336 23.666666666666664 13.833333333333332 11.333333333333334
15.833333333333334 38.0 22.666666666666668 15.5 14.333333333333334
13.833333333333332 43.666666666666664 23.666666666666664 14.333333333333334 11.833333333333332
12.0 39.5 24.833333333333332 14.833333333333334 13.5
13.5 41.0 21.166666666666668 16.0 13.666666666666668
13.833333333333332 41.666666666666664 21.5 15.833333333333334 15.166666666666666
14.833333333333334 41.833333333333336 20.0 15.666666666666666 11.833333333333332
14.5 41.166666666666664 23.166666666666664 16.833333333333332 11.5
15.5 41.5 25.333333333333332 15.833333333333334 13.0
15.5 41.0 24.333333333333332 14.166666666666666 13.5
16.666666666666668 41.166666666666664 25.333333333333332 16.166666666666664 12.333333333333334
14.5 41.166666666666664 25.833333333333332 17.666666666666668 13.833333333333332
12.5 44.666666666666664 25.666666666666668 14.5 13.833333333333332
15.833333333333334 41.5 22.333333333333332 13.833333333333332 9.833333333333332
16.0 39.83333333333333 26.5 16.333333333333332 14.166666666666666
15.0 40.5 22.5 16.833333333333332 14.0
15.666666666666666 39.16666666666667 25.333333333333332 15.166666666666666 14.333333333333334
13.5 43.333333333333336 25.166666666666668 17.333333333333332 11.5
14.833333333333334 43.5 23.666666666666664 13.833333333333332 13.0
15.0 41.833333333333336 22.166666666666668 15.833333333333334 12.333333333333334
15.0 42.0 24.333333333333332 15.666666666666666 13.333333333333334
14.666666666666666 42.833333333333336 24.166666666666668 15.166666666666666 12.5
15.333333333333332 40.0 25.333333333333332 18.0 12.166666666666666
13.333333333333334 38.83333333333333 22.5 13.833333333333332 13.0
17.166666666666668 42.666666666666664 24.5 17.666666666666668 13.666666666666668
17.333333333333332 43.333333333333336 19.833333333333336 15.666666666666666 13.666666666666668
16.666666666666668 39.0 22.0 16.333333333333332 11.333333333333334
16.166666666666664 38.83333333333333 28.833333333333332 15.0 11.833333333333332
14.166666666666666 40.16666666666667 21.166666666666668 19.333333333333336 13.5
14.833333333333334 43.333333333333336 25.5 15.333333333333332 14.333333333333334
13.5 41.666666666666664 24.166666666666668 16.0 10.833333333333334
15.333333333333332 38.5 26.666666666666668 18.333333333333332 12.833333333333334
15.666666666666666 39.5 22.666666666666668 15.0 13.166666666666666
15.5 41.5 23.5 16.166666666666664 13.333333333333334
15.666666666666666 40.33333333333333 25.166666666666668 17.0 14.166666666666666
11.666666666666668 40.5 24.666666666666668 15.166666666666666 13.5
12.0 42.166666666666664 25.0 16.0 11.5
14.666666666666666 43.5 24.666666666666668 16.166666666666664 13.0
13.666666666666668 41.333333333333336 26.333333333333332 15.833333333333334 12.666666666666666
15.5 40.33333333333333 23.833333333333336 16.333333333333332 14.5
14.166666666666666 40.666666666666664 24.833333333333332 17.666666666666668 14.833333333333334
16.833333333333332 42.0 25.5 13.833333333333332 12.333333333333334
15.5 39.33333333333333 21.166666666666668 16.5 13.0
15.666666666666666 38.0 26.0 17.5 13.666666666666668
16.333333333333332 41.0 26.0 15.666666666666666 14.166666666666666
12.666666666666666 40.666666666666664 21.5 17.333333333333332 13.166666666666666
12.166666666666666 38.66666666666667 23.0 17.0 14.666666666666666
12.333333333333334 40.16666666666667 24.833333333333332 15.5 12.5
13.666666666666668 43.333333333333336 25.666666666666668 17.0 15.333333333333332
13.166666666666666 39.83333333333333 20.666666666666668 16.0 13.833333333333332
15.333333333333332 42.333333333333336 24.0 16.666666666666668 14.833333333333334
14.333333333333334 41.833333333333336 22.166666666666668 16.5 12.0
15.333333333333332 42.333333333333336 25.666666666666668 16.166666666666664 14.5
14.666666666666666 37.333333333333336 24.0 16.5 12.666666666666666
13.333333333333334 40.5 25.666666666666668 15.333333333333332 13.666666666666668
13.666666666666668 41.0 24.5 13.333333333333334 15.166666666666666
15.833333333333334 40.5 24.0 16.0 12.333333333333334
15.5 41.166666666666664 23.166666666666664 14.833333333333334 11.833333333333332
14.833333333333334 41.666666666666664 23.166666666666664 14.5 15.0
16.0 41.833333333333336 25.0 16.333333333333332 10.5
15.666666666666666 40.833333333333336 23.833333333333336 15.833333333333334 13.833333333333332
13.833333333333332 40.33333333333333 26.333333333333332 14.333333333333334 14.166666666666666
17.666666666666668 38.83333333333333 20.0 14.0 11.166666666666666
16.166666666666664 43.0 23.833333333333336 15.666666666666666 12.0
15.333333333333332 42.666666666666664 23.0 18.0 13.166666666666666
12.833333333333334 41.666666666666664 24.0 18.666666666666668 11.5
15.166666666666666 40.16666666666667 28.166666666666668 14.833333333333334 12.833333333333334
15.0 39.66666666666667 25.833333333333332 15.333333333333332 12.5
14.0 40.33333333333333 23.666666666666664 16.166666666666664 12.5
17.0 43.833333333333336 24.0 15.0 14.666666666666666
13.833333333333332 37.5 23.833333333333336 15.333333333333332 13.0
14.0 42.333333333333336 22.833333333333336 17.166666666666668 12.5
17.333333333333332 43.166666666666664 22.833333333333336 14.333333333333334 12.0
15.166666666666666 42.5 25.833333333333332 15.666666666666666 11.666666666666668
13.0 39.0 23.833333333333336 14.5 13.5
14.333333333333334 41.0 24.5 15.333333333333332 13.666666666666668
14.833333333333334 38.83333333333333 24.5 15.833333333333334 14.333333333333334
14.333333333333334 42.833333333333336 23.833333333333336 13.833333333333332 13.333333333333334
14.333333333333334 42.333333333333336 25.833333333333332 17.166666666666668 11.833333333333332
14.666666666666666 41.5 23.166666666666664 18.0 14.833333333333334
14.166666666666666 40.33333333333333 24.166666666666668 14.0 10.333333333333334
15.166666666666666 40.833333333333336 24.5 17.166666666666668 14.833333333333334
13.666666666666668 40.0 26.166666666666668 16.166666666666664 12.5
18.0 43.666666666666664 23.833333333333336 16.833333333333332 14.333333333333334
15.333333333333332 16.166666666666664 15.0 16.333333333333332 16.833333333333332
16.0 13.166666666666666 14.0 14.5 15.166666666666666
16.666666666666668 16.166666666666664 15.0 14.5 11.5
14.333333333333334 16.166666666666664 12.833333333333334 16.166666666666664 17.666666666666668
12.666666666666666 41.666666666666664 22.666666666666668 16.333333333333332 14.0
13.666666666666668 16.166666666666664 15.0 13.666666666666668 16.333333333333332
15.333333333333332 14.833333333333334 15.0 14.5 15.0
15.5 17.166666666666668 15.833333333333334 12.333333333333334 15.5
14.166666666666666 14.333333333333334 15.166666666666666 15.0 14.166666666666666
17.0 34.833333333333336 31.833333333333332 14.5 14.0
15.333333333333332 14.5 13.833333333333332 13.166666666666666 13.333333333333334
15.5 15.5 12.833333333333334 16.333333333333332 15.333333333333332
14.333333333333334 17.166666666666668 14.666666666666666 12.0 16.166666666666664
16.5 15.166666666666666 15.166666666666666 16.666666666666668 15.5
13.0 41.333333333333336 24.5 16.833333333333332 13.5
16.0 16.5 16.166666666666664 16.166666666666664 13.333333333333334
17.5 14.0 13.333333333333334 18.666666666666668 13.833333333333332
14.166666666666666 16.833333333333332 14.333333333333334 16.166666666666664 18.333333333333332
16.166666666666664 15.666666666666666 12.833333333333334 15.833333333333334 15.166666666666666
13.666666666666668 36.333333333333336 28.833333333333332 15.666666666666666 14.166666666666666
16.166666666666664 15.0 15.666666666666666 12.666666666666666 15.0
16.333333333333332 12.833333333333334 15.166666666666666 15.0 15.666666666666666
12.666666666666666 14.333333333333334 13.666666666666668 14.333333333333334 14.166666666666666
14.5 14.166666666666666 13.833333333333332 15.666666666666666 13.666666666666668
15.666666666666666 14.833333333333334 16.666666666666668 18.0 15.0
16.333333333333332 18.666666666666668 14.0 17.5 14.666666666666666
16.833333333333332 13.666666666666668 16.333333333333332 14.5 12.666666666666666
16.5 13.5 17.0 15.166666666666666 16.666666666666668
14.666666666666666 16.166666666666664 15.166666666666666 15.0 15.833333333333334
14.833333333333334 13.5 16.0 16.833333333333332 16.833333333333332
13.833333333333332 36.833333333333336 31.333333333333332 12.166666666666666 13.666666666666668
15.333333333333332 34.0 28.166666666666668 16.833333333333332 13.166666666666666
14.833333333333334 37.666666666666664 28.833333333333332 15.0 13.666666666666668
15.0 37.5 25.5 17.0 11.5
12.833333333333334 34.166666666666664 26.166666666666668 17.166666666666668 11.5
14.166666666666666 37.0 29.666666666666668 14.333333333333334 13.5
15.666666666666666 37.0 28.0 16.833333333333332 14.666666666666666
14.833333333333334 37.0 29.5 17.166666666666668 12.333333333333334
13.0 35.666666666666664 28.666666666666668 17.833333333333332 12.833333333333334
14.166666666666666 35.666666666666664 31.333333333333332 15.5 15.666666666666666
16.833333333333332 32.0 30.5 19.166666666666664 13.333333333333334
16.5 35.833333333333336 25.833333333333332 18.166666666666668 13.333333333333334
16.166666666666664 36.166666666666664 28.833333333333332 18.666666666666668 12.833333333333334
13.5 34.5 27.333333333333336 15.833333333333334 14.666666666666666
14.166666666666666 39.5 30.166666666666668 15.166666666666666 13.0
12.5 35.166666666666664 28.833333333333332 17.666666666666668 14.0
15.5 35.833333333333336 28.833333333333332 17.5 11.666666666666668
13.666666666666668 38.0 34.5 15.833333333333334 12.666666666666666
15.5 35.333333333333336 29.666666666666668 16.0 12.5
15.5 38.5 29.166666666666668 15.333333333333332 12.5
14.0 37.83333333333333 29.166666666666668 19.833333333333336 15.833333333333334
14.166666666666666 36.166666666666664 28.666666666666668 15.5 12.333333333333334
13.666666666666668 37.5 28.166666666666668 18.333333333333332 12.5
18.333333333333332 34.666666666666664 30.666666666666664 15.666666666666666 10.333333333333334
14.333333333333334 37.5 29.0 17.833333333333332 13.666666666666668
15.166666666666666 35.5 31.333333333333332 15.666666666666666 13.833333333333332
13.5 38.66666666666667 34.166666666666664 15.5 13.5
14.833333333333334 36.333333333333336 29.166666666666668 17.833333333333332 12.666666666666666
11.833333333333332 40.0 31.5 16.0 12.5
11.5 36.833333333333336 31.5 16.5 13.833333333333332
16.0 39.16666666666667 34.166666666666664 17.666666666666668 13.166666666666666
14.833333333333334 37.5 33.333333333333336 18.0 17.5
15.333333333333332 36.833333333333336 31.333333333333332 18.0 11.833333333333332
12.833333333333334 38.33333333333333 31.0 15.333333333333332 12.333333333333334
15.833333333333334 37.333333333333336 31.0 17.833333333333332 12.0
13.5 36.666666666666664 35.0 16.166666666666664 12.5
14.0 37.5 35.666666666666664 17.5 12.333333333333334
14.166666666666666 37.5 34.0 17.5 14.0
15.0 36.833333333333336 34.5 17.5 12.166666666666666
13.0 37.83333333333333 35.0 17.333333333333332 12.5
16.833333333333332 36.666666666666664 36.0 16.166666666666664 10.666666666666666
16.166666666666664 37.5 34.666666666666664 17.666666666666668 10.833333333333334
12.833333333333334 35.333333333333336 36.5 17.333333333333332 11.5
13.333333333333334 38.16666666666667 35.833333333333336 14.833333333333334 12.833333333333334
12.0 34.833333333333336 34.5 18.833333333333332 13.5
14.833333333333334 36.333333333333336 36.166666666666664 18.166666666666668 14.333333333333334
13.833333333333332 36.333333333333336 38.33333333333333 17.166666666666668 14.833333333333334
10.5 42.166666666666664 38.0 17.833333333333332 11.666666666666668
14.333333333333334 38.33333333333333 32.833333333333336 19.333333333333336 14.166666666666666
12.333333333333334 37.666666666666664 37.0 20.0 13.0
14.833333333333334 36.833333333333336 35.166666666666664 14.0 12.666666666666666
15.333333333333332 38.5 35.833333333333336 20.5 14.333333333333334
14.333333333333334 38.83333333333333 35.0 15.333333333333332 11.166666666666666
15.666666666666666 39.0 34.333333333333336 16.166666666666664 15.666666666666666
14.333333333333334 38.16666666666667 37.83333333333333 15.833333333333334 10.0
15.166666666666666 37.166666666666664 35.833333333333336 17.0 13.333333333333334
12.5 39.83333333333333 37.5 17.5 9.833333333333332
15.333333333333332 38.83333333333333 32.666666666666664 19.0 10.833333333333334
14.5 37.166666666666664 35.666666666666664 18.0 12.166666666666666
12.166666666666666 38.66666666666667 36.333333333333336 16.166666666666664 12.666666666666666
15.333333333333332 35.333333333333336 34.5 15.0 12.0
13.166666666666666 38.16666666666667 35.333333333333336 16.5 12.666666666666666
12.0 38.0 38.66666666666667 18.5 12.5
13.0 36.166666666666664 36.166666666666664 16.833333333333332 12.5
16.166666666666664 37.666666666666664 32.16666666666667 18.833333333333332 10.833333333333334
13.333333333333334 36.0 37.5 16.666666666666668 12.5
13.666666666666668 38.5 36.333333333333336 17.333333333333332 13.0
13.0 36.0 37.166666666666664 17.166666666666668 13.333333333333334
14.0 35.833333333333336 34.333333333333336 20.0 11.333333333333334
12.666666666666666 37.166666666666664 36.5 19.333333333333336 13.166666666666666
16.333333333333332 37.666666666666664 34.833333333333336 15.833333333333334 12.0
13.333333333333334 40.16666666666667 36.333333333333336 18.666666666666668 14.666666666666666
14.166666666666666 39.0 36.5 14.166666666666666 13.0
10.666666666666666 37.0 33.833333333333336 17.666666666666668 12.0
12.333333333333334 38.33333333333333 34.5 17.166666666666668 9.5
14.333333333333334 34.0 37.333333333333336 18.833333333333332 10.333333333333334
10.833333333333334 36.833333333333336 38.16666666666667 14.5 14.666666666666666
14.0 37.0 33.333333333333336 17.333333333333332 9.166666666666666
17.0 35.333333333333336 37.0 17.333333333333332 11.0
14.5 40.33333333333333 34.666666666666664 18.666666666666668 9.0
12.833333333333334 36.333333333333336 35.166666666666664 20.833333333333332 8.833333333333334
11.833333333333332 34.5 36.333333333333336 15.166666666666666 13.666666666666668
16.166666666666664 35.833333333333336 36.333333333333336 16.333333333333332 13.0
13.333333333333334 39.16666666666667 36.333333333333336 17.0 16.0
13.5 37.5 36.333333333333336 17.333333333333332 11.833333333333332
15.666666666666666 39.33333333333333 33.833333333333336 16.333333333333332 13.833333333333332
13.333333333333334 36.166666666666664 35.833333333333336 16.5 11.666666666666668
14.166666666666666 38.0 37.5 18.5 13.0
13.166666666666666 36.0 36.0 19.0 12.0
13.166666666666666 37.166666666666664 31.5 18.5 11.0
11.5 40.33333333333333 35.5 15.833333333333334 13.0
11.5 37.333333333333336 39.16666666666667 17.0 13.5
11.666666666666668 39.0 36.166666666666664 21.166666666666668 11.5
13.5 36.833333333333336 35.333333333333336 18.166666666666668 14.166666666666666
17.166666666666668 38.0 39.16666666666667 16.0 11.666666666666668
18.5 37.83333333333333 33.0 16.5 9.833333333333332
14.666666666666666 36.0 32.833333333333336 16.333333333333332 12.5
17.333333333333332 34.833333333333336 33.333333333333336 18.666666666666668 9.833333333333332
12.5 40.666666666666664 36.5 17.5 12.166666666666666
