9.583333333333332 20.85185185185185 16.166666666666664 11.137931034482758 8.222222222222223
9.583333333333332 19.074074074074073 16.533333333333335 9.827586206896552 8.814814814814815
10.916666666666666 17.51851851851852 16.5 9.137931034482758 8.666666666666666
9.125 19.074074074074073 16.866666666666664 9.896551724137932 8.222222222222223
10.666666666666666 19.0 15.299999999999999 10.655172413793103 8.851851851851851
10.291666666666666 18.111111111111114 15.233333333333333 9.620689655172415 9.666666666666668
10.875 17.666666666666668 17.2 9.689655172413794 9.481481481481481
11.166666666666666 18.037037037037035 16.766666666666666 10.068965517241379 8.37037037037037
9.125 17.88888888888889 17.466666666666665 9.06896551724138 8.925925925925926
9.291666666666666 17.185185185185187 15.833333333333334 9.758620689655173 9.814814814814815
10.333333333333334 17.85185185185185 16.6 10.89655172413793 9.11111111111111
9.791666666666668 18.111111111111114 15.933333333333334 10.068965517241379 9.666666666666668
10.458333333333334 20.185185185185183 17.266666666666666 10.413793103448276 9.814814814814815
9.833333333333332 16.925925925925927 16.299999999999997 9.586206896551724 10.407407407407407
9.708333333333332 17.555555555555557 16.066666666666666 9.517241379310345 10.518518518518519
9.333333333333334 17.592592592592595 17.766666666666666 9.724137931034482 8.555555555555555
9.958333333333332 18.111111111111114 17.0 10.689655172413792 10.0
10.25 18.074074074074076 16.733333333333334 9.965517241379311 8.962962962962962
10.916666666666666 18.333333333333332 17.133333333333333 10.241379310344827 8.814814814814815
9.5 18.962962962962962 15.433333333333334 10.551724137931036 9.185185185185185
11.041666666666666 18.074074074074076 15.166666666666666 10.344827586206897 8.851851851851851
9.041666666666666 17.407407407407405 15.933333333333334 9.793103448275861 8.25925925925926
9.666666666666668 17.185185185185187 16.133333333333333 9.896551724137932 9.037037037037038
9.375 18.14814814814815 17.133333333333333 10.551724137931036 8.296296296296296
9.791666666666668 18.333333333333332 16.400000000000002 10.551724137931036 10.037037037037036
9.958333333333332 16.40740740740741 15.766666666666666 9.482758620689655 8.962962962962962
11.25 18.925925925925927 17.133333333333333 9.655172413793103 8.555555555555555
11.666666666666668 18.59259259259259 16.1 9.931034482758621 10.333333333333334
10.416666666666666 18.962962962962962 17.833333333333332 9.724137931034482 9.148148148148149
10.791666666666666 16.62962962962963 14.8 10.344827586206897 9.592592592592592
11.125 18.925925925925927 15.0 10.344827586206897 9.703703703703704
10.291666666666666 16.14814814814815 15.666666666666666 10.068965517241379 10.666666666666666
9.75 17.51851851851852 17.166666666666668 10.241379310344827 8.925925925925926
9.875 17.74074074074074 15.066666666666668 10.344827586206897 9.222222222222221
9.708333333333332 17.925925925925924 16.433333333333334 9.827586206896552 9.74074074074074
11.166666666666666 19.148148148148145 15.033333333333333 10.551724137931036 10.0
9.583333333333332 17.185185185185187 15.933333333333334 10.344827586206897 9.148148148148149
10.666666666666666 17.51851851851852 17.0 9.793103448275861 9.25925925925926
9.75 19.0 16.2 10.586206896551724 9.11111111111111
10.25 18.925925925925927 14.5 11.413793103448276 8.333333333333334
9.583333333333332 16.48148148148148 16.0 10.96551724137931 9.74074074074074
11.291666666666666 18.40740740740741 16.23333333333333 10.862068965517242 9.888888888888888
10.0 18.77777777777778 15.566666666666666 11.241379310344827 8.851851851851851
10.166666666666666 19.185185185185183 15.4 9.379310344827587 9.185185185185185
11.083333333333334 18.074074074074076 16.5 10.379310344827585 9.703703703703704
9.666666666666668 19.11111111111111 16.46666666666667 9.827586206896552 10.222222222222223
10.416666666666666 18.925925925925927 16.7 9.931034482758621 10.148148148148147
11.083333333333334 18.40740740740741 15.633333333333333 11.0 9.296296296296296
9.541666666666668 17.037037037037038 15.433333333333334 9.482758620689655 10.925925925925926
9.75 18.037037037037035 16.066666666666666 8.551724137931036 8.37037037037037
10.833333333333334 18.555555555555554 16.2 9.310344827586206 9.296296296296296
11.291666666666666 16.888888888888886 16.23333333333333 9.206896551724137 9.851851851851851
11.0 17.814814814814813 15.7 9.758620689655173 9.777777777777777
10.291666666666666 17.962962962962962 16.433333333333334 11.034482758620689 8.333333333333334
9.625 18.814814814814817 15.9 9.551724137931034 10.148148148148147
10.0 18.25925925925926 16.299999999999997 9.689655172413794 9.925925925925927
9.958333333333332 17.88888888888889 17.8 10.03448275862069 8.74074074074074
10.291666666666666 18.37037037037037 16.266666666666666 9.03448275862069 9.074074074074074
11.541666666666668 18.85185185185185 16.366666666666667 10.137931034482758 9.555555555555555
8.083333333333332 18.962962962962962 15.933333333333334 10.068965517241379 9.037037037037038
10.458333333333334 17.22222222222222 17.466666666666665 9.379310344827587 8.814814814814815
11.0 17.925925925925924 16.866666666666664 10.96551724137931 10.037037037037036
10.583333333333334 19.48148148148148 15.566666666666666 10.344827586206897 9.185185185185185
11.166666666666666 17.592592592592595 17.4 10.586206896551724 8.851851851851851
12.583333333333334 18.88888888888889 16.333333333333332 10.344827586206897 9.074074074074074
11.0 18.074074074074076 15.7 10.620689655172415 8.925925925925926
9.0 20.037037037037038 16.766666666666666 10.689655172413792 10.074074074074074
9.916666666666668 18.0 17.433333333333334 10.827586206896552 9.333333333333334
10.666666666666666 18.185185185185187 16.633333333333333 9.896551724137932 9.851851851851851
9.791666666666668 18.185185185185187 16.366666666666667 10.551724137931036 9.37037037037037
9.25 18.111111111111114 16.9 10.862068965517242 8.37037037037037
8.208333333333334 16.703703703703702 16.533333333333335 10.655172413793103 9.666666666666668
10.541666666666666 19.25925925925926 16.96666666666667 10.96551724137931 10.0
11.0 17.407407407407405 16.866666666666664 9.620689655172415 9.407407407407408
9.208333333333334 18.40740740740741 16.566666666666666 8.655172413793103 9.555555555555555
11.291666666666666 18.48148148148148 17.466666666666665 10.448275862068964 10.148148148148147
11.166666666666666 19.074074074074073 15.7 9.689655172413794 9.25925925925926
9.666666666666668 18.37037037037037 15.433333333333334 9.827586206896552 9.11111111111111
10.291666666666666 18.629629629629626 18.166666666666668 10.344827586206897 8.444444444444443
10.708333333333334 19.0 16.333333333333332 10.172413793103447 9.148148148148149
10.708333333333334 18.074074074074076 16.333333333333332 10.724137931034482 7.888888888888889
8.916666666666666 18.333333333333332 16.9 10.068965517241379 10.296296296296296
11.166666666666666 17.48148148148148 16.066666666666666 10.379310344827585 10.0
10.791666666666666 19.074074074074073 16.299999999999997 9.10344827586207 9.814814814814815
10.0 18.185185185185187 15.766666666666666 9.551724137931034 9.222222222222221
9.25 18.48148148148148 16.333333333333332 10.310344827586206 7.888888888888889
9.416666666666666 18.77777777777778 17.066666666666666 9.10344827586207 9.74074074074074
10.333333333333334 18.40740740740741 16.833333333333332 10.96551724137931 8.481481481481483
9.583333333333332 17.85185185185185 15.266666666666666 9.896551724137932 9.481481481481481
9.041666666666666 18.555555555555554 15.833333333333334 9.551724137931034 8.666666666666666
8.75 18.296296296296298 16.0 11.137931034482758 9.62962962962963
10.75 17.444444444444443 17.866666666666667 9.724137931034482 9.11111111111111
10.125 18.444444444444443 16.766666666666666 10.793103448275863 9.11111111111111
10.333333333333334 18.48148148148148 15.8 10.379310344827585 10.481481481481483
10.333333333333334 19.11111111111111 15.166666666666666 9.965517241379311 9.481481481481481
9.416666666666666 18.59259259259259 16.6 9.793103448275861 9.814814814814815
9.791666666666668 17.555555555555557 17.1 9.655172413793103 9.74074074074074
9.208333333333334 17.85185185185185 16.766666666666666 10.241379310344827 9.0
10.041666666666668 18.703703703703706 16.2 10.10344827586207 8.851851851851851
9.75 17.74074074074074 16.833333333333332 10.89655172413793 10.333333333333334
9.958333333333332 19.0 15.6 10.724137931034482 8.814814814814815
10.666666666666666 10.481481481481483 10.200000000000001 10.827586206896552 10.444444444444443
9.541666666666668 10.62962962962963 10.366666666666667 10.137931034482758 10.74074074074074
10.416666666666666 10.185185185185187 9.566666666666666 11.034482758620689 9.851851851851851
10.375 10.777777777777779 11.366666666666667 10.793103448275863 10.037037037037036
10.625 19.925925925925927 15.100000000000001 10.10344827586207 9.296296296296296
10.416666666666666 9.37037037037037 10.633333333333333 11.793103448275861 11.074074074074074
10.291666666666666 10.11111111111111 10.566666666666666 9.724137931034482 9.925925925925927
10.916666666666666 9.851851851851851 10.200000000000001 10.96551724137931 10.703703703703702
10.416666666666666 10.333333333333334 10.833333333333334 10.413793103448276 9.296296296296296
9.416666666666666 17.444444444444443 18.599999999999998 10.137931034482758 9.148148148148149
11.333333333333334 9.814814814814815 10.366666666666667 10.310344827586206 9.851851851851851
10.208333333333334 10.851851851851853 9.700000000000001 10.0 10.0
11.666666666666668 9.814814814814815 10.0 9.758620689655173 11.851851851851851
11.375 11.407407407407408 10.433333333333332 9.0 10.925925925925926
10.791666666666666 19.296296296296298 14.733333333333333 10.068965517241379 9.222222222222221
9.958333333333332 10.962962962962962 9.700000000000001 11.137931034482758 11.222222222222221
9.958333333333332 9.0 10.866666666666667 10.068965517241379 9.518518518518519
11.375 10.444444444444443 10.833333333333334 10.241379310344827 11.37037037037037
9.958333333333332 10.148148148148147 11.266666666666666 10.448275862068964 10.518518518518519
9.625 16.703703703703702 19.3 10.10344827586207 8.777777777777779
9.916666666666668 10.555555555555555 11.633333333333335 10.655172413793103 9.222222222222221
10.666666666666666 10.185185185185187 10.133333333333333 10.793103448275863 11.222222222222221
10.166666666666666 9.851851851851851 10.3 10.172413793103447 9.962962962962964
10.416666666666666 10.481481481481483 9.866666666666665 10.862068965517242 10.148148148148147
9.5 10.518518518518519 11.233333333333333 10.03448275862069 9.925925925925927
9.833333333333332 10.666666666666666 10.566666666666666 11.517241379310345 10.518518518518519
9.625 10.925925925925926 11.066666666666668 9.655172413793103 9.962962962962964
10.583333333333334 10.925925925925926 11.0 9.793103448275861 10.555555555555555
10.125 11.37037037037037 9.933333333333334 10.689655172413792 11.518518518518519
10.375 9.333333333333334 9.4 10.206896551724139 10.185185185185187
10.875 15.074074074074074 17.233333333333334 9.517241379310345 9.555555555555555
9.791666666666668 15.740740740740739 18.666666666666668 11.275862068965516 9.925925925925927
9.583333333333332 16.62962962962963 18.76666666666667 9.620689655172415 10.222222222222223
10.0 17.85185185185185 18.233333333333334 9.586206896551724 9.25925925925926
10.083333333333332 15.407407407407408 17.966666666666665 9.448275862068966 9.37037037037037
10.25 16.296296296296294 17.666666666666668 10.689655172413792 9.481481481481481
9.416666666666666 17.51851851851852 18.433333333333334 10.068965517241379 8.962962962962962
10.333333333333334 16.37037037037037 19.933333333333334 10.517241379310345 8.481481481481483
9.125 15.555555555555555 17.966666666666665 9.379310344827587 9.444444444444445
11.333333333333334 16.40740740740741 18.633333333333333 10.448275862068964 9.148148148148149
11.0 16.925925925925927 19.46666666666667 9.965517241379311 8.592592592592593
9.625 16.074074074074073 19.666666666666664 9.827586206896552 8.296296296296296
10.333333333333334 16.25925925925926 18.366666666666667 8.758620689655173 9.592592592592592
9.75 16.925925925925927 19.3 10.551724137931036 9.62962962962963
9.75 17.555555555555557 18.833333333333332 10.448275862068964 9.555555555555555
11.5 18.40740740740741 19.5 9.931034482758621 8.0
10.333333333333334 17.48148148148148 18.76666666666667 9.482758620689655 9.925925925925927
10.583333333333334 16.51851851851852 17.466666666666665 9.413793103448276 8.037037037037036
10.208333333333334 16.703703703703702 18.433333333333334 11.379310344827587 8.481481481481483
9.5 15.814814814814817 17.6 10.655172413793103 9.185185185185185
9.416666666666666 16.814814814814813 18.633333333333333 10.137931034482758 9.592592592592592
10.75 15.666666666666666 17.5 11.0 9.148148148148149
10.083333333333332 17.48148148148148 18.53333333333333 10.206896551724139 9.037037037037038
9.166666666666666 14.666666666666666 19.96666666666667 11.241379310344827 9.407407407407408
9.375 16.62962962962963 17.733333333333334 9.724137931034482 9.11111111111111
9.25 15.407407407407408 17.866666666666667 10.344827586206897 7.7407407407407405
8.083333333333332 16.51851851851852 19.066666666666666 9.793103448275861 9.851851851851851
10.25 16.77777777777778 18.0 10.724137931034482 8.925925925925926
9.416666666666666 16.925925925925927 18.466666666666665 8.96551724137931 9.074074074074074
10.208333333333334 16.22222222222222 16.766666666666666 9.758620689655173 8.962962962962962
9.375 17.0 17.766666666666666 10.89655172413793 9.333333333333334
10.583333333333334 14.25925925925926 18.366666666666667 10.0 9.962962962962964
10.958333333333334 16.51851851851852 19.133333333333333 10.0 10.296296296296296
8.041666666666668 16.37037037037037 18.266666666666666 9.620689655172415 9.185185185185185
9.625 17.88888888888889 18.333333333333332 10.068965517241379 11.74074074074074
10.75 16.814814814814813 19.566666666666666 10.03448275862069 10.037037037037036
10.958333333333334 16.22222222222222 18.633333333333333 10.10344827586207 9.407407407407408
10.666666666666666 15.111111111111112 19.133333333333333 10.310344827586206 10.11111111111111
10.291666666666666 17.407407407407405 18.9 10.344827586206897 9.62962962962963
10.5 16.74074074074074 19.2 11.06896551724138 8.925925925925926
9.083333333333334 15.777777777777779 18.700000000000003 10.10344827586207 9.555555555555555
11.375 17.88888888888889 18.433333333333334 9.586206896551724 9.962962962962964
10.291666666666666 15.925925925925927 18.06666666666667 9.689655172413794 9.962962962962964
9.416666666666666 17.185185185185187 18.700000000000003 9.689655172413794 9.0
10.0 15.074074074074074 17.6 10.206896551724139 9.74074074074074
10.333333333333334 16.59259259259259 17.233333333333334 9.206896551724137 9.518518518518519
9.958333333333332 16.62962962962963 20.033333333333335 9.758620689655173 9.555555555555555
10.25 16.37037037037037 19.133333333333333 9.793103448275861 9.11111111111111
11.041666666666666 17.074074074074076 18.0 9.827586206896552 8.592592592592593
10.708333333333334 16.22222222222222 17.233333333333334 9.793103448275861 9.074074074074074
9.291666666666666 15.148148148148149 18.03333333333333 11.206896551724137 8.925925925925926
9.208333333333334 16.62962962962963 18.3 10.448275862068964 9.62962962962963
9.75 15.629629629629628 18.133333333333333 10.172413793103447 9.25925925925926
10.083333333333332 17.11111111111111 17.966666666666665 9.758620689655173 10.518518518518519
11.333333333333334 16.333333333333332 19.099999999999998 9.172413793103448 9.962962962962964
9.541666666666668 16.555555555555557 19.333333333333336 11.655172413793103 8.185185185185185
9.666666666666668 16.59259259259259 19.166666666666664 10.03448275862069 9.444444444444445
9.916666666666668 16.814814814814813 17.9 11.034482758620689 8.592592592592593
9.791666666666668 15.740740740740739 17.833333333333332 10.379310344827585 9.148148148148149
9.333333333333334 16.814814814814813 19.400000000000002 9.655172413793103 10.11111111111111
8.833333333333334 14.74074074074074 20.766666666666666 9.758620689655173 9.333333333333334
10.416666666666666 17.592592592592595 19.599999999999998 9.689655172413794 10.222222222222223
10.625 15.407407407407408 17.6 9.586206896551724 9.62962962962963
10.75 15.148148148148149 19.833333333333336 9.10344827586207 7.851851851851851
10.208333333333334 16.333333333333332 17.966666666666665 11.344827586206897 10.0
10.083333333333332 16.296296296296294 22.2 10.172413793103447 8.925925925925926
9.375 16.74074074074074 18.599999999999998 10.551724137931036 9.962962962962964
9.833333333333332 16.59259259259259 18.599999999999998 9.172413793103448 9.296296296296296
11.208333333333334 17.407407407407405 17.466666666666665 9.551724137931034 8.777777777777779
9.625 15.962962962962964 19.766666666666666 10.620689655172415 9.185185185185185
10.291666666666666 14.777777777777779 18.76666666666667 10.10344827586207 10.703703703703702
9.791666666666668 16.925925925925927 18.266666666666666 10.482758620689657 9.074074074074074
9.833333333333332 15.629629629629628 17.4 10.96551724137931 9.851851851851851
10.458333333333334 16.40740740740741 19.03333333333333 10.551724137931036 9.296296296296296
10.041666666666668 15.592592592592592 18.5 10.310344827586206 9.444444444444445
10.875 15.111111111111112 17.5 10.89655172413793 9.703703703703704
9.708333333333332 16.037037037037038 19.333333333333336 10.724137931034482 9.185185185185185
10.041666666666668 15.0 18.866666666666667 10.206896551724139 10.11111111111111
10.25 16.925925925925927 18.1 10.03448275862069 8.925925925925926
9.458333333333332 17.25925925925926 19.233333333333334 10.620689655172415 9.666666666666668
9.708333333333332 17.555555555555557 17.966666666666665 11.517241379310345 8.925925925925926
9.375 16.0 17.633333333333333 10.758620689655173 9.222222222222221
10.25 17.407407407407405 18.666666666666668 10.448275862068964 9.296296296296296
10.458333333333334 17.77777777777778 19.166666666666664 9.965517241379311 9.518518518518519
10.25 18.25925925925926 19.099999999999998 9.172413793103448 9.851851851851851
11.041666666666666 15.481481481481481 17.866666666666667 10.96551724137931 8.777777777777779
8.666666666666666 18.111111111111114 17.533333333333335 9.241379310344827 9.296296296296296
10.041666666666668 15.444444444444445 17.833333333333332 9.551724137931034 8.962962962962962
11.708333333333332 14.592592592592593 19.066666666666666 10.89655172413793 10.0
10.666666666666666 15.555555555555555 19.333333333333336 10.413793103448276 10.444444444444443
10.291666666666666 15.703703703703702 18.700000000000003 9.482758620689655 9.407407407407408
10.708333333333334 16.962962962962965 18.1 10.96551724137931 8.296296296296296
10.0 15.148148148148149 19.400000000000002 9.137931034482758 9.037037037037038
9.291666666666666 15.518518518518519 19.03333333333333 10.241379310344827 9.814814814814815
9.583333333333332 16.25925925925926 18.599999999999998 10.275862068965518 9.888888888888888
10.25 17.0 17.733333333333334 9.689655172413794 8.962962962962962
9.375 17.814814814814813 18.833333333333332 10.586206896551724 9.777777777777777
10.541666666666666 17.74074074074074 18.833333333333332 10.724137931034482 8.777777777777779
9.708333333333332 16.11111111111111 18.166666666666668 9.137931034482758 10.074074074074074
