32634.000 -0.500 -0.500
32635.000 -0.500 -0.444
32636.000 -0.500 -0.389
32637.000 -0.500 -0.333
32638.000 -0.500 -0.278
32639.000 -0.500 -0.222
32640.000 -0.500 -0.167
32641.000 -0.500 -0.111
32642.000 -0.500 -0.056
32643.000 -0.500 0.000
32644.000 -0.500 0.111
32645.000 -0.500 0.167
32646.000 -0.500 0.222
32647.000 -0.500 0.278
32648.000 -0.500 0.333
32649.000 -0.500 0.389
32650.000 -0.500 0.444
32651.000 -0.444 -0.500
32652.000 -0.444 -0.444
32653.000 -0.444 -0.389
32654.000 -0.444 -0.333
32655.000 -0.444 -0.278
32656.000 -0.444 -0.222
32657.000 -0.444 -0.111
32658.000 -0.444 -0.056
32659.000 -0.444 0.000
32660.000 -0.444 0.056
32661.000 -0.444 0.111
32662.000 -0.444 0.167
32663.000 -0.444 0.222
32664.000 -0.444 0.278
32665.000 -0.444 0.333
32666.000 -0.444 0.389
32667.000 -0.444 0.444
32668.000 -0.389 -0.500
32669.000 -0.389 -0.444
32670.000 -0.389 -0.333
32671.000 -0.389 -0.278
32672.000 -0.389 -0.222
32673.000 -0.389 -0.167
32674.000 -0.389 -0.111
32675.000 -0.389 -0.056
32676.000 -0.389 0.000
32677.000 -0.389 0.056
32678.000 -0.389 0.167
32679.000 -0.389 0.222
32680.000 -0.389 0.278
32681.000 -0.389 0.333
32682.000 -0.333 -0.500
32683.000 -0.333 -0.444
32684.000 -0.333 -0.389
32685.000 -0.333 -0.333
32686.000 -0.333 -0.278
32687.000 -0.333 -0.222
32688.000 -0.333 -0.167
32689.000 -0.333 -0.111
32690.000 -0.333 0.000
32691.000 -0.333 0.056
32692.000 -0.333 0.111
32693.000 -0.333 0.167
32694.000 -0.333 0.222
32695.000 -0.333 0.278
32696.000 -0.333 0.333
32697.000 -0.333 0.389
32698.000 -0.333 0.444
32699.000 -0.278 -0.500
32700.000 -0.278 -0.444
32701.000 -0.278 -0.389
32702.000 -0.278 -0.333
32703.000 -0.278 -0.278
32704.000 -0.278 -0.222
32705.000 -0.278 -0.167
32706.000 -0.278 -0.111
32707.000 -0.278 -0.056
32708.000 -0.278 0.000
32709.000 -0.278 0.056
32710.000 -0.278 0.111
32711.000 -0.278 0.167
32712.000 -0.278 0.222
32713.000 -0.278 0.389
32714.000 -0.278 0.444
32715.000 -0.222 -0.500
32716.000 -0.222 -0.444
32717.000 -0.222 -0.389
32718.000 -0.222 -0.333
32719.000 -0.222 -0.278
32720.000 -0.222 -0.222
32721.000 -0.222 -0.167
32722.000 -0.222 -0.111
32723.000 -0.222 -0.056
32724.000 -0.222 0.056
32725.000 -0.222 0.111
32726.000 -0.222 0.167
32727.000 -0.222 0.222
32728.000 -0.222 0.278
32729.000 -0.222 0.333
32730.000 -0.222 0.389
32731.000 -0.222 0.444
32732.000 -0.167 -0.500
32733.000 -0.167 -0.444
32734.000 -0.167 -0.389
32735.000 -0.167 -0.333
32736.000 -0.167 -0.278
32737.000 -0.167 -0.222
32738.000 -0.167 -0.167
32739.000 -0.167 -0.111
32740.000 -0.167 -0.056
32741.000 -0.167 0.000
32742.000 -0.167 0.056
32743.000 -0.167 0.111
32744.000 -0.167 0.167
32745.000 -0.167 0.222
32746.000 -0.167 0.278
32747.000 -0.167 0.333
32748.000 -0.167 0.389
32749.000 -0.167 0.444
32750.000 -0.111 -0.500
32751.000 -0.111 -0.444
32752.000 -0.111 -0.389
32753.000 -0.111 -0.333
32754.000 -0.111 -0.278
32755.000 -0.111 -0.222
32756.000 -0.111 -0.111
32757.000 -0.111 -0.056
32758.000 -0.111 0.000
32759.000 -0.111 0.056
32760.000 -0.111 0.111
32761.000 -0.111 0.167
32762.000 -0.111 0.222
32763.000 -0.111 0.278
32764.000 -0.111 0.333
32765.000 -0.111 0.389
32766.000 -0.111 0.444
32767.000 -0.056 -0.500
32768.000 -0.056 -0.444
32769.000 -0.056 -0.389
32770.000 -0.056 -0.333
32771.000 -0.056 -0.278
32772.000 -0.056 -0.222
32773.000 -0.056 -0.167
32774.000 -0.056 -0.056
32775.000 -0.056 0.000
32776.000 -0.056 0.111
32777.000 -0.056 0.167
32778.000 -0.056 0.278
32779.000 -0.056 0.333
32780.000 -0.056 0.389
32781.000 -0.056 0.444
32782.000 0.000 -0.500
32783.000 0.000 -0.444
32784.000 0.000 -0.389
32785.000 0.000 -0.333
32786.000 0.000 -0.222
32787.000 0.000 -0.167
32788.000 0.000 -0.111
32789.000 0.000 -0.056
32790.000 0.000 0.000
32791.000 0.000 0.056
32792.000 0.000 0.111
32793.000 0.000 0.167
32794.000 0.000 0.222
32795.000 0.000 0.278
32796.000 0.000 0.333
32797.000 0.000 0.389
32798.000 0.000 0.444
32799.000 0.056 -0.500
32800.000 0.056 -0.444
32801.000 0.056 -0.389
32802.000 0.056 -0.333
32803.000 0.056 -0.278
32804.000 0.056 -0.167
32805.000 0.056 -0.111
32806.000 0.056 -0.056
32807.000 0.056 0.000
32808.000 0.056 0.056
32809.000 0.056 0.111
32810.000 0.056 0.167
32811.000 0.056 0.222
32812.000 0.056 0.278
32813.000 0.056 0.333
32814.000 0.056 0.389
32815.000 0.056 0.444
32816.000 0.111 -0.500
32817.000 0.111 -0.444
32818.000 0.111 -0.389
32819.000 0.111 -0.333
32820.000 0.111 -0.278
32821.000 0.111 -0.222
32822.000 0.111 -0.167
32823.000 0.111 -0.111
32824.000 0.111 -0.056
32825.000 0.111 0.000
32826.000 0.111 0.056
32827.000 0.111 0.111
32828.000 0.111 0.167
32829.000 0.111 0.222
32830.000 0.111 0.278
32831.000 0.111 0.333
32832.000 0.111 0.389
32833.000 0.111 0.444
32834.000 0.167 -0.500
32835.000 0.167 -0.444
32836.000 0.167 -0.389
32837.000 0.167 -0.333
32838.000 0.167 -0.278
32839.000 0.167 -0.222
32840.000 0.167 -0.111
32841.000 0.167 -0.056
32842.000 0.167 0.000
32843.000 0.167 0.056
32844.000 0.167 0.111
32845.000 0.167 0.222
32846.000 0.167 0.278
32847.000 0.167 0.333
32848.000 0.167 0.389
32849.000 0.167 0.444
32850.000 0.222 -0.500
32851.000 0.222 -0.444
32852.000 0.222 -0.333
32853.000 0.222 -0.278
32854.000 0.222 -0.222
32855.000 0.222 -0.167
32856.000 0.222 -0.111
32857.000 0.222 -0.056
32858.000 0.222 0.000
32859.000 0.222 0.056
32860.000 0.222 0.111
32861.000 0.222 0.167
32862.000 0.222 0.222
32863.000 0.222 0.278
32864.000 0.222 0.333
32865.000 0.222 0.389
32866.000 0.222 0.444
32867.000 0.278 -0.500
32868.000 0.278 -0.444
32869.000 0.278 -0.389
32870.000 0.278 -0.333
32871.000 0.278 -0.278
32872.000 0.278 -0.222
32873.000 0.278 -0.111
32874.000 0.278 -0.056
32875.000 0.278 0.000
32876.000 0.278 0.056
32877.000 0.278 0.111
32878.000 0.278 0.167
32879.000 0.278 0.222
32880.000 0.278 0.278
32881.000 0.278 0.333
32882.000 0.278 0.444
32883.000 0.333 -0.500
32884.000 0.333 -0.444
32885.000 0.333 -0.389
32886.000 0.333 -0.333
32887.000 0.333 -0.278
32888.000 0.333 -0.222
32889.000 0.333 -0.167
32890.000 0.333 -0.111
32891.000 0.333 -0.056
32892.000 0.333 0.000
32893.000 0.333 0.056
32894.000 0.333 0.111
32895.000 0.333 0.167
32896.000 0.333 0.222
32897.000 0.333 0.278
32898.000 0.333 0.333
32899.000 0.333 0.389
32900.000 0.333 0.444
32901.000 0.389 -0.500
32902.000 0.389 -0.444
32903.000 0.389 -0.389
32904.000 0.389 -0.333
32905.000 0.389 -0.278
32906.000 0.389 -0.222
32907.000 0.389 -0.167
32908.000 0.389 -0.111
32909.000 0.389 -0.056
32910.000 0.389 0.000
32911.000 0.389 0.056
32912.000 0.389 0.111
32913.000 0.389 0.167
32914.000 0.389 0.278
32915.000 0.389 0.333
32916.000 0.389 0.389
32917.000 0.389 0.444
32918.000 0.444 -0.444
32919.000 0.444 -0.389
32920.000 0.444 -0.333
32921.000 0.444 -0.222
32922.000 0.444 -0.167
32923.000 0.444 -0.111
32924.000 0.444 -0.056
32925.000 0.444 0.000
32926.000 0.444 0.056
32927.000 0.444 0.111
32928.000 0.444 0.167
32929.000 0.444 0.222
32930.000 0.444 0.278
32931.000 0.444 0.333
32932.000 0.444 0.389
32933.000 0.444 0.444
