32935.000 -0.400 -0.400 0.489
32936.000 -0.400 -0.331 0.249
32937.000 -0.400 -0.262 0.043
32938.000 -0.400 -0.192 0.483
32939.000 -0.400 -0.123 0.151
32940.000 -0.400 -0.054 0.321
32941.000 -0.400 0.015 0.192
32942.000 -0.400 0.085 0.036
32943.000 -0.400 0.154 0.280
32944.000 -0.400 0.223 0.305
32945.000 -0.400 0.292 0.274
32946.000 -0.400 0.362 0.383
32947.000 -0.400 0.431 0.493
32948.000 -0.331 -0.400 0.303
32949.000 -0.331 -0.331 0.068
32950.000 -0.331 -0.262 0.261
32951.000 -0.331 -0.192 0.455
32952.000 -0.331 -0.123 0.207
32953.000 -0.331 -0.054 0.045
32954.000 -0.331 0.015 0.250
32955.000 -0.331 0.085 0.365
32956.000 -0.331 0.154 0.221
32957.000 -0.331 0.223 0.131
32958.000 -0.331 0.292 0.176
32959.000 -0.331 0.362 0.403
32960.000 -0.331 0.431 0.496
32961.000 -0.262 -0.400 0.361
32962.000 -0.262 -0.331 0.265
32963.000 -0.262 -0.262 0.479
32964.000 -0.262 -0.192 0.396
32965.000 -0.262 -0.123 0.118
32966.000 -0.262 -0.054 0.408
32967.000 -0.262 0.015 0.451
32968.000 -0.262 0.085 0.049
32969.000 -0.262 0.154 0.206
32970.000 -0.262 0.223 0.004
32971.000 -0.262 0.292 0.277
32972.000 -0.262 0.431 0.411
32973.000 -0.192 -0.400 0.136
32974.000 -0.192 -0.331 0.439
32975.000 -0.192 -0.262 0.480
32976.000 -0.192 -0.192 0.384
32977.000 -0.192 -0.123 0.239
32978.000 -0.192 -0.054 0.116
32979.000 -0.192 0.015 0.307
32980.000 -0.192 0.085 0.182
32981.000 -0.192 0.154 0.153
32982.000 -0.192 0.223 0.198
32983.000 -0.192 0.292 0.007
32984.000 -0.192 0.362 0.063
32985.000 -0.192 0.431 0.158
32986.000 -0.123 -0.400 0.405
32987.000 -0.123 -0.331 0.405
32988.000 -0.123 -0.262 0.062
32989.000 -0.123 -0.192 0.122
32990.000 -0.123 -0.123 0.478
32991.000 -0.123 -0.054 0.435
32992.000 -0.123 0.015 0.323
32993.000 -0.123 0.085 0.241
32994.000 -0.123 0.154 0.002
32995.000 -0.123 0.223 0.168
32996.000 -0.123 0.292 0.362
32997.000 -0.123 0.362 0.282
32998.000 -0.123 0.431 0.139
32999.000 -0.054 -0.400 0.282
33000.000 -0.054 -0.331 0.292
33001.000 -0.054 -0.262 0.354
33002.000 -0.054 -0.192 0.054
33003.000 -0.054 -0.123 0.159
33004.000 -0.054 -0.054 0.308
33005.000 -0.054 0.015 0.307
33006.000 -0.054 0.085 0.224
33007.000 -0.054 0.154 0.057
33008.000 -0.054 0.223 0.227
33009.000 -0.054 0.292 0.478
33010.000 -0.054 0.362 0.115
33011.000 -0.054 0.431 0.340
33012.000 0.015 -0.400 0.079
33013.000 0.015 -0.331 0.323
33014.000 0.015 -0.262 0.204
33015.000 0.015 -0.192 0.125
33016.000 0.015 -0.123 0.402
33017.000 0.015 -0.054 0.447
33018.000 0.015 0.015 0.192
33019.000 0.015 0.085 0.028
33020.000 0.015 0.154 0.359
33021.000 0.015 0.223 0.448
33022.000 0.015 0.292 0.428
33023.000 0.015 0.362 0.186
33024.000 0.015 0.431 0.424
33025.000 0.085 -0.400 0.078
33026.000 0.085 -0.331 0.452
33027.000 0.085 -0.262 0.460
33028.000 0.085 -0.192 0.185
33029.000 0.085 -0.123 0.107
33030.000 0.085 -0.054 0.279
33031.000 0.085 0.015 0.087
33032.000 0.085 0.085 0.202
33033.000 0.085 0.154 0.492
33034.000 0.085 0.223 0.036
33035.000 0.085 0.292 0.386
33036.000 0.085 0.362 0.208
33037.000 0.085 0.431 0.122
33038.000 0.154 -0.400 0.227
33039.000 0.154 -0.331 0.139
33040.000 0.154 -0.262 0.254
33041.000 0.154 -0.192 0.038
33042.000 0.154 -0.123 0.267
33043.000 0.154 -0.054 0.376
33044.000 0.154 0.015 0.044
33045.000 0.154 0.085 0.083
33046.000 0.154 0.154 0.215
33047.000 0.154 0.223 0.270
33048.000 0.154 0.292 0.165
33049.000 0.154 0.362 0.365
33050.000 0.154 0.431 0.187
33051.000 0.223 -0.400 0.490
33052.000 0.223 -0.331 0.039
33053.000 0.223 -0.262 0.002
33054.000 0.223 -0.192 0.485
33055.000 0.223 -0.123 0.203
33056.000 0.223 -0.054 0.361
33057.000 0.223 0.015 0.228
33058.000 0.223 0.085 0.183
33059.000 0.223 0.154 0.315
33060.000 0.223 0.223 0.259
33061.000 0.223 0.292 0.172
33062.000 0.223 0.362 0.241
33063.000 0.223 0.431 0.194
33064.000 0.292 -0.400 0.363
33065.000 0.292 -0.331 0.398
33066.000 0.292 -0.262 0.211
33067.000 0.292 -0.192 0.392
33068.000 0.292 -0.123 0.315
33069.000 0.292 -0.054 0.148
33070.000 0.292 0.015 0.107
33071.000 0.292 0.085 0.052
33072.000 0.292 0.154 0.462
33073.000 0.292 0.223 0.332
33074.000 0.292 0.292 0.381
33075.000 0.292 0.362 0.123
33076.000 0.292 0.431 0.028
33077.000 0.362 -0.400 0.390
33078.000 0.362 -0.331 0.018
33079.000 0.362 -0.262 0.269
33080.000 0.362 -0.192 0.196
33081.000 0.362 -0.123 0.062
33082.000 0.362 -0.054 0.279
33083.000 0.362 0.015 0.480
33084.000 0.362 0.085 0.443
33085.000 0.362 0.154 0.152
33086.000 0.362 0.223 0.169
33087.000 0.362 0.292 0.197
33088.000 0.362 0.362 0.161
33089.000 0.362 0.431 0.108
33090.000 0.431 -0.400 0.148
33091.000 0.431 -0.331 0.081
33092.000 0.431 -0.262 0.332
33093.000 0.431 -0.192 0.085
33094.000 0.431 -0.123 0.006
33095.000 0.431 -0.054 0.032
33096.000 0.431 0.015 0.423
33097.000 0.431 0.085 0.046
33098.000 0.431 0.154 0.048
33099.000 0.431 0.223 0.161
33100.000 0.431 0.292 0.457
33101.000 0.431 0.362 0.021
33102.000 0.431 0.431 0.197
