84.11111111111111 83.6 83.5 85.1 85.0
84.88888888888889 83.4 84.75 86.4 85.22222222222223
84.11111111111111 84.4 83.625 85.1 85.88888888888889
84.77777777777777 83.5 83.5 85.1 86.22222222222223
84.77777777777777 82.60000000000001 82.75 85.0 85.22222222222223
85.22222222222223 83.8 85.625 86.0 85.11111111111111
84.55555555555556 81.4 82.375 84.9 86.11111111111111
84.22222222222223 82.19999999999999 82.75 84.5 84.11111111111111
84.11111111111111 82.69999999999999 84.75 85.5 85.11111111111111
84.77777777777777 83.3 84.125 84.5 86.11111111111111
85.22222222222223 83.5 84.0 86.0 85.88888888888889
84.33333333333333 82.8 83.75 84.4 86.11111111111111
84.55555555555556 80.69999999999999 83.625 86.0 84.88888888888889
84.44444444444444 83.4 83.875 86.3 84.0
85.77777777777777 82.9 83.875 85.2 85.33333333333333
84.66666666666667 81.60000000000001 83.875 85.0 84.77777777777777
82.55555555555554 82.0 82.75 84.3 85.11111111111111
83.77777777777779 81.4 84.0 84.7 85.88888888888889
84.77777777777777 82.60000000000001 83.0 85.2 84.55555555555556
85.0 83.5 84.625 85.0 85.33333333333333
84.55555555555556 83.4 84.25 85.0 85.44444444444444
84.88888888888889 82.60000000000001 83.75 85.6 86.55555555555556
84.22222222222223 83.0 84.625 85.5 85.33333333333333
84.11111111111111 82.0 82.875 83.9 85.0
83.44444444444444 81.8 84.125 85.0 86.0
84.44444444444444 81.8 83.375 83.9 85.88888888888889
84.33333333333333 82.3 83.0 85.4 83.77777777777779
83.88888888888889 81.4 86.125 84.9 84.66666666666667
84.66666666666667 82.60000000000001 83.25 85.8 85.66666666666667
84.33333333333333 82.3 83.375 84.9 84.55555555555556
83.22222222222223 80.4 83.125 86.0 85.77777777777777
83.66666666666667 80.8 82.375 84.8 85.11111111111111
84.0 82.0 83.625 86.1 85.77777777777777
84.11111111111111 81.0 84.625 85.5 85.44444444444444
84.44444444444444 81.4 84.375 85.9 86.0
84.55555555555556 81.8 84.125 86.1 85.55555555555556
84.33333333333333 81.5 82.875 84.8 84.33333333333333
82.66666666666667 78.60000000000001 83.0 83.7 84.55555555555556
84.33333333333333 81.3 84.375 85.1 85.22222222222223
84.88888888888889 80.60000000000001 82.875 86.3 85.0
84.88888888888889 80.10000000000001 84.25 85.4 85.11111111111111
84.11111111111111 79.2 82.875 84.4 85.33333333333333
84.22222222222223 80.60000000000001 83.375 86.4 85.66666666666667
82.55555555555554 78.60000000000001 82.75 84.8 83.77777777777779
84.66666666666667 80.60000000000001 84.25 85.4 85.77777777777777
83.22222222222223 79.60000000000001 83.375 85.2 84.77777777777777
83.77777777777779 80.8 84.375 84.8 85.22222222222223
83.66666666666667 79.5 84.125 85.7 85.33333333333333
83.55555555555554 78.3 82.625 84.4 84.33333333333333
84.0 77.89999999999999 82.75 84.8 85.66666666666667
84.22222222222223 79.2 84.875 85.2 85.22222222222223
83.55555555555554 78.3 83.375 85.0 85.77777777777777
84.11111111111111 79.0 84.125 84.9 85.22222222222223
84.44444444444444 77.5 83.25 84.4 84.44444444444444
83.77777777777779 77.2 83.375 85.2 85.66666666666667
83.66666666666667 78.10000000000001 84.5 86.4 84.66666666666667
84.22222222222223 78.3 82.5 84.0 84.55555555555556
82.33333333333333 77.60000000000001 82.125 83.7 83.88888888888889
83.77777777777779 76.1 81.875 84.1 84.11111111111111
83.66666666666667 76.1 82.5 85.0 83.77777777777779
83.88888888888889 76.6 82.75 84.7 83.66666666666667
83.77777777777779 75.89999999999999 82.25 84.7 85.11111111111111
83.33333333333333 76.39999999999999 83.375 85.8 85.66666666666667
82.88888888888889 76.1 82.0 86.0 84.11111111111111
82.44444444444444 74.7 82.625 84.8 84.0
83.22222222222223 73.80000000000001 81.75 85.5 85.33333333333333
84.0 74.80000000000001 82.625 85.3 85.44444444444444
83.44444444444444 75.7 82.875 84.9 83.66666666666667
83.22222222222223 74.30000000000001 81.875 84.0 84.77777777777777
82.33333333333333 73.4 82.375 84.9 85.88888888888889
83.55555555555554 73.6 82.0 85.8 84.22222222222223
84.55555555555556 74.1 82.125 85.8 85.77777777777777
84.0 72.7 82.5 84.2 84.33333333333333
84.77777777777777 73.7 81.625 84.7 85.88888888888889
83.55555555555554 71.9 82.5 86.0 85.22222222222223
81.88888888888889 70.1 80.875 85.6 83.33333333333333
83.55555555555554 71.5 81.875 85.5 84.44444444444444
84.33333333333333 71.5 82.5 86.6 85.77777777777777
83.22222222222223 69.6 81.0 85.2 86.22222222222223
85.0 70.3 83.0 85.2 84.66666666666667
82.88888888888889 70.6 80.75 85.4 85.33333333333333
83.11111111111111 68.2 81.625 85.3 85.66666666666667
83.55555555555554 70.8 82.875 85.7 86.0
82.44444444444444 68.0 80.375 85.1 84.33333333333333
82.77777777777779 68.5 81.125 84.3 84.11111111111111
83.66666666666667 67.7 82.125 86.3 86.0
83.77777777777779 66.3 79.75 84.4 85.0
83.0 68.1 80.875 85.9 85.77777777777777
83.11111111111111 65.60000000000001 80.625 84.3 85.55555555555556
83.11111111111111 65.4 81.375 85.9 86.22222222222223
83.66666666666667 67.4 81.375 84.8 86.0
84.11111111111111 64.9 80.875 86.1 86.0
83.0 66.4 81.125 84.7 84.66666666666667
83.22222222222223 61.199999999999996 80.625 84.1 84.33333333333333
83.33333333333333 62.6 80.125 85.0 84.0
83.0 63.2 81.0 84.5 84.11111111111111
83.33333333333333 61.3 79.875 84.8 84.0
81.44444444444444 62.4 80.0 84.7 84.44444444444444
82.88888888888889 60.699999999999996 77.875 85.0 84.55555555555556
83.0 62.199999999999996 79.875 85.2 84.0
83.0 61.5 80.75 86.7 85.44444444444444
81.44444444444444 80.10000000000001 82.75 81.69999999999999 81.77777777777779
80.88888888888889 79.2 80.125 81.3 81.44444444444444
81.33333333333333 79.60000000000001 81.5 82.10000000000001 81.33333333333333
81.0 80.8 80.375 81.69999999999999 81.55555555555556
83.0 60.8 80.125 85.4 85.11111111111111
80.55555555555556 80.19999999999999 81.25 81.10000000000001 80.44444444444444
81.0 80.3 82.375 80.9 82.0
81.44444444444444 79.69999999999999 81.0 82.0 82.88888888888889
80.44444444444444 80.19999999999999 81.5 80.8 81.77777777777779
83.0 66.4 80.5 86.9 84.66666666666667
82.44444444444444 79.9 81.5 81.5 83.44444444444444
81.77777777777779 79.3 81.625 80.9 82.1111111111111
81.22222222222223 79.8 80.75 81.19999999999999 81.1111111111111
80.66666666666666 80.4 80.375 81.0 80.55555555555556
82.55555555555554 61.5 80.0 85.3 85.66666666666667
81.77777777777779 79.5 81.125 81.8 81.55555555555556
81.66666666666667 79.9 82.5 81.69999999999999 82.44444444444444
81.77777777777779 79.10000000000001 81.5 82.10000000000001 80.66666666666666
82.22222222222223 80.8 82.25 82.60000000000001 81.55555555555556
82.22222222222223 68.7 79.625 85.7 85.11111111111111
82.44444444444444 80.0 82.375 82.19999999999999 82.22222222222223
80.88888888888889 79.8 81.625 81.8 81.77777777777779
81.77777777777779 79.8 82.625 81.0 82.55555555555554
80.88888888888889 80.3 81.875 81.5 80.88888888888889
80.44444444444444 80.5 81.875 82.5 81.1111111111111
81.44444444444444 80.0 81.75 81.19999999999999 81.88888888888889
81.88888888888889 80.69999999999999 82.125 82.69999999999999 81.22222222222223
82.66666666666667 80.19999999999999 81.875 81.8 81.22222222222223
81.77777777777779 80.60000000000001 81.625 82.10000000000001 81.88888888888889
80.88888888888889 79.3 81.125 81.10000000000001 81.1111111111111
82.88888888888889 67.10000000000001 80.5 85.2 84.88888888888889
84.22222222222223 66.0 78.375 85.7 85.55555555555556
84.22222222222223 67.2 79.625 85.8 86.55555555555556
84.11111111111111 66.69999999999999 78.875 85.7 85.33333333333333
82.33333333333333 66.3 77.375 84.7 85.66666666666667
82.66666666666667 66.8 77.875 85.8 85.0
82.88888888888889 68.1 78.5 85.1 85.77777777777777
82.88888888888889 66.5 78.875 84.7 85.22222222222223
83.55555555555554 67.7 78.75 85.3 84.66666666666667
83.55555555555554 67.5 78.25 85.1 85.44444444444444
82.55555555555554 68.1 79.875 86.5 84.55555555555556
82.77777777777779 68.2 79.375 85.4 85.11111111111111
83.66666666666667 68.3 78.5 85.1 85.33333333333333
82.22222222222223 65.8 77.125 83.9 84.0
83.66666666666667 68.0 77.75 85.8 85.77777777777777
84.66666666666667 66.9 78.625 87.0 87.0
83.0 67.10000000000001 77.875 85.9 84.77777777777777
83.33333333333333 68.1 78.0 86.0 85.11111111111111
83.0 68.5 78.0 85.4 84.66666666666667
83.77777777777779 69.2 76.625 86.0 85.11111111111111
83.22222222222223 68.9 77.25 85.0 86.33333333333333
83.33333333333333 69.3 77.375 86.0 86.33333333333333
81.77777777777779 66.69999999999999 76.875 84.4 85.55555555555556
82.22222222222223 68.4 76.0 84.9 84.33333333333333
83.11111111111111 68.3 77.25 85.9 85.22222222222223
82.55555555555554 69.3 76.375 85.1 85.22222222222223
83.44444444444444 68.8 76.375 85.4 85.44444444444444
82.66666666666667 67.3 75.75 84.7 85.22222222222223
83.88888888888889 69.4 76.125 85.7 85.77777777777777
82.77777777777779 68.3 74.75 85.7 86.44444444444444
83.44444444444444 69.5 75.375 85.4 85.11111111111111
83.55555555555554 69.1 74.25 86.2 85.22222222222223
81.44444444444444 66.69999999999999 73.5 85.4 85.22222222222223
82.66666666666667 68.9 73.875 85.8 86.55555555555556
82.44444444444444 66.69999999999999 72.0 84.8 84.66666666666667
82.88888888888889 67.8 70.75 86.6 85.88888888888889
83.66666666666667 68.5 71.375 85.1 84.77777777777777
83.55555555555554 69.6 71.75 85.6 85.33333333333333
83.77777777777779 68.6 71.375 86.8 87.11111111111111
82.77777777777779 68.6 71.0 85.8 86.88888888888889
82.77777777777779 69.4 69.0 84.7 85.88888888888889
83.44444444444444 68.0 70.25 85.3 85.88888888888889
83.55555555555554 68.8 69.5 85.0 85.55555555555556
84.66666666666667 69.8 69.5 85.6 86.22222222222223
82.66666666666667 67.7 70.125 85.0 85.88888888888889
83.55555555555554 68.7 71.375 86.5 85.77777777777777
84.11111111111111 68.5 68.5 85.3 86.44444444444444
85.22222222222223 67.6 67.5 85.9 86.88888888888889
85.0 70.3 69.125 87.3 87.66666666666667
83.22222222222223 69.8 68.75 84.7 85.11111111111111
84.44444444444444 69.8 69.25 87.0 86.88888888888889
83.44444444444444 69.2 67.5 86.6 87.44444444444444
85.22222222222223 68.7 66.5 85.4 86.22222222222223
84.88888888888889 68.6 68.375 86.2 87.11111111111111
82.66666666666667 69.7 67.125 85.5 86.33333333333333
84.44444444444444 68.4 69.375 85.6 86.66666666666667
83.44444444444444 68.0 65.375 85.1 85.44444444444444
84.44444444444444 67.8 66.625 85.6 85.88888888888889
84.11111111111111 69.8 65.625 86.4 86.55555555555556
83.0 68.0 67.375 84.9 85.77777777777777
82.44444444444444 67.3 66.75 86.1 85.77777777777777
83.0 67.4 66.0 84.6 85.22222222222223
83.0 68.1 66.125 85.1 86.33333333333333
84.11111111111111 68.3 67.125 85.8 86.88888888888889
83.88888888888889 68.3 66.875 85.6 86.33333333333333
83.55555555555554 70.2 66.375 85.9 87.33333333333333
84.66666666666667 67.2 63.875 85.0 86.0
84.33333333333333 70.1 67.375 86.2 86.33333333333333
83.0 69.5 66.5 85.4 86.33333333333333
83.77777777777779 69.8 66.125 84.7 85.44444444444444
84.44444444444444 70.5 68.75 86.2 86.66666666666667
83.88888888888889 69.9 65.75 85.8 86.66666666666667
83.88888888888889 67.9 66.875 85.6 86.0
82.77777777777779 69.0 65.875 84.4 85.33333333333333
83.44444444444444 67.6 67.125 85.3 87.0
84.33333333333333 70.8 66.625 86.5 85.33333333333333
83.77777777777779 67.8 66.25 85.9 86.77777777777777
84.88888888888889 69.4 68.0 87.6 86.55555555555556
84.11111111111111 67.8 65.75 85.6 85.77777777777777
81.55555555555556 68.5 66.125 85.7 85.11111111111111
83.77777777777779 68.8 67.125 85.1 85.88888888888889
83.33333333333333 68.2 65.375 85.5 85.44444444444444
83.88888888888889 68.4 64.875 85.7 86.77777777777777
83.11111111111111 69.2 67.875 85.6 86.22222222222223
83.0 68.6 66.875 85.3 85.55555555555556
84.11111111111111 68.8 67.625 85.8 86.33333333333333
82.22222222222223 68.6 66.5 86.0 86.0
83.77777777777779 69.2 68.75 86.1 87.0
83.11111111111111 69.3 67.25 85.0 86.66666666666667
83.55555555555554 67.6 66.125 85.6 86.0
84.0 70.3 67.0 85.3 86.66666666666667
82.33333333333333 68.8 65.5 87.0 85.33333333333333
84.66666666666667 68.8 67.75 85.3 87.55555555555556
84.22222222222223 69.7 68.25 86.8 87.11111111111111
83.44444444444444 68.4 66.75 84.7 86.11111111111111
82.55555555555554 69.3 66.0 86.4 86.88888888888889
83.22222222222223 67.9 66.5 85.7 86.22222222222223
83.44444444444444 69.1 68.375 86.6 85.88888888888889
84.44444444444444 69.5 69.25 85.6 86.0
