0.002898550724637681 0.17027027027027028 0.03886397608370703 0.0 0.0
0.002898550724637681 0.16216216216216214 0.05082212257100149 0.001335113484646195 0.0
0.002898550724637681 0.11891891891891893 0.04035874439461884 0.0 0.0
0.002898550724637681 0.15135135135135133 0.04035874439461884 0.0 0.0
0.0014492753623188406 0.1635135135135135 0.04334828101644245 0.001335113484646195 0.0
0.0014492753623188406 0.1581081081081081 0.03886397608370703 0.0 0.0
0.0014492753623188406 0.1864864864864865 0.053811659192825115 0.0 0.0
0.0 0.16486486486486487 0.04334828101644245 0.001335113484646195 0.0
0.004347826086956521 0.15675675675675677 0.03288490284005979 0.001335113484646195 0.0
0.002898550724637681 0.16216216216216214 0.03886397608370703 0.0 0.0
0.0014492753623188406 0.1783783783783784 0.06576980568011959 0.0 0.0
0.0 0.18513513513513513 0.03736920777279522 0.0 0.0
0.002898550724637681 0.16216216216216214 0.029895366218236175 0.0 0.0
0.005797101449275362 0.18108108108108106 0.052316890881913304 0.0 0.0
0.0014492753623188406 0.21891891891891893 0.041853512705530636 0.0 0.0
0.0 0.19189189189189187 0.05829596412556054 0.0 0.0
0.002898550724637681 0.19594594594594594 0.03736920777279522 0.0 0.0
0.0 0.21081081081081082 0.04932735426008968 0.001335113484646195 0.0
0.0 0.19189189189189187 0.053811659192825115 0.0 0.0
0.002898550724637681 0.19324324324324324 0.053811659192825115 0.0 0.001451378809869376
0.0014492753623188406 0.21216216216216216 0.04035874439461884 0.0 0.0
0.0 0.20675675675675675 0.03587443946188341 0.0 0.0
0.004347826086956521 0.19594594594594594 0.04932735426008968 0.001335113484646195 0.0
0.0 0.21216216216216216 0.052316890881913304 0.0 0.0
0.0014492753623188406 0.1972972972972973 0.03886397608370703 0.0 0.0
0.0014492753623188406 0.22162162162162163 0.05829596412556054 0.001335113484646195 0.0
0.0014492753623188406 0.25135135135135134 0.05829596412556054 0.001335113484646195 0.001451378809869376
0.0014492753623188406 0.25 0.03139013452914798 0.001335113484646195 0.0
0.0014492753623188406 0.2554054054054054 0.04783258594917788 0.0 0.0
0.0 0.25 0.04035874439461884 0.0 0.0
0.0 0.3 0.05530642750373692 0.0 0.0
0.0 0.2567567567567568 0.04932735426008968 0.0 0.0
0.0 0.23513513513513512 0.06278026905829596 0.0 0.0
0.004347826086956521 0.32297297297297295 0.03886397608370703 0.0 0.0
0.0014492753623188406 0.2567567567567568 0.04484304932735426 0.001335113484646195 0.0
0.002898550724637681 0.2689189189189189 0.041853512705530636 0.0 0.0
0.0 0.25405405405405407 0.05082212257100149 0.0 0.0
0.005797101449275362 0.35540540540540544 0.034379671150971604 0.0 0.0
0.0 0.2918918918918919 0.03736920777279522 0.0 0.0
0.0014492753623188406 0.3324324324324324 0.04783258594917788 0.0 0.001451378809869376
0.002898550724637681 0.32837837837837835 0.04484304932735426 0.0 0.0
0.0 0.3662162162162162 0.04932735426008968 0.0 0.0
0.0014492753623188406 0.34864864864864864 0.053811659192825115 0.001335113484646195 0.0
0.0014492753623188406 0.40405405405405403 0.06278026905829596 0.0 0.0
0.0014492753623188406 0.3472972972972973 0.05680119581464873 0.00267022696929239 0.0
0.0014492753623188406 0.3972972972972973 0.05530642750373692 0.0 0.0
0.0014492753623188406 0.4 0.04932735426008968 0.0 0.0
0.004347826086956521 0.45135135135135135 0.04484304932735426 0.0 0.0
0.0014492753623188406 0.4594594594594595 0.041853512705530636 0.0 0.0
0.004347826086956521 0.46756756756756757 0.061285500747384154 0.0 0.0
0.0 0.42567567567567566 0.04334828101644245 0.0 0.0
0.002898550724637681 0.44594594594594594 0.04633781763826607 0.0 0.0
0.002898550724637681 0.43648648648648647 0.04783258594917788 0.0 0.0
0.002898550724637681 0.47162162162162163 0.052316890881913304 0.0 0.0
0.002898550724637681 0.4783783783783784 0.04484304932735426 0.0 0.0
0.0014492753623188406 0.4837837837837838 0.06576980568011959 0.001335113484646195 0.0
0.0014492753623188406 0.5081081081081081 0.04783258594917788 0.0 0.0
0.004347826086956521 0.5256756756756756 0.04334828101644245 0.001335113484646195 0.0
0.0 0.5378378378378378 0.052316890881913304 0.001335113484646195 0.0
0.0014492753623188406 0.5945945945945946 0.061285500747384154 0.0 0.0
0.0 0.6202702702702703 0.05829596412556054 0.0 0.0
0.0014492753623188406 0.591891891891892 0.06726457399103139 0.0 0.0
0.002898550724637681 0.5554054054054055 0.034379671150971604 0.0 0.0
0.0014492753623188406 0.6243243243243244 0.061285500747384154 0.0 0.0
0.0014492753623188406 0.658108108108108 0.061285500747384154 0.0 0.0
0.005797101449275362 0.6810810810810811 0.07025411061285501 0.0 0.0
0.0014492753623188406 0.6986486486486486 0.053811659192825115 0.0 0.0
0.0014492753623188406 0.7040540540540541 0.07623318385650225 0.0 0.0
0.0014492753623188406 0.6837837837837837 0.07025411061285501 0.0 0.001451378809869376
0.002898550724637681 0.7162162162162162 0.04633781763826607 0.001335113484646195 0.0
0.0014492753623188406 0.7581081081081081 0.05829596412556054 0.0 0.0
0.004347826086956521 0.8121621621621621 0.07473841554559044 0.0 0.001451378809869376
0.0014492753623188406 0.8486486486486486 0.06576980568011959 0.001335113484646195 0.0
0.005797101449275362 0.8067567567567567 0.05979073243647235 0.0 0.001451378809869376
0.0 0.8810810810810811 0.07324364723467863 0.0 0.0
0.004347826086956521 0.9472972972972973 0.05979073243647235 0.0 0.0
0.0014492753623188406 0.9581081081081081 0.06875934230194321 0.0 0.001451378809869376
0.0014492753623188406 0.9945945945945946 0.05530642750373692 0.0 0.0
0.0 1.0081081081081082 0.07174887892376682 0.0 0.0
0.0014492753623188406 1.0824324324324324 0.07025411061285501 0.00267022696929239 0.0
0.0014492753623188406 0.9729729729729729 0.09715994020926756 0.0 0.0
0.0014492753623188406 1.0743243243243243 0.07473841554559044 0.0 0.0
0.0 1.0364864864864864 0.08370702541106127 0.0 0.0
0.002898550724637681 1.1324324324324324 0.08520179372197309 0.0 0.0
0.0014492753623188406 1.0945945945945947 0.05082212257100149 0.0 0.0
0.0 1.208108108108108 0.09118086696562032 0.001335113484646195 0.0
0.0 1.212162162162162 0.09865470852017937 0.0 0.0
0.0014492753623188406 1.212162162162162 0.09267563527653214 0.0 0.0
0.004347826086956521 1.316216216216216 0.10164424514200299 0.0 0.0
0.0 1.2918918918918918 0.08221225710014947 0.001335113484646195 0.0
0.002898550724637681 1.2837837837837838 0.07025411061285501 0.0 0.0
0.0 1.3675675675675674 0.09417040358744394 0.0 0.0
0.0 1.3 0.06576980568011959 0.0 0.0
0.0014492753623188406 1.4702702702702701 0.09566517189835576 0.0 0.0
0.0 1.462162162162162 0.09715994020926756 0.0 0.001451378809869376
0.002898550724637681 1.4297297297297298 0.10014947683109118 0.0 0.0
0.0014492753623188406 1.4972972972972973 0.10164424514200299 0.0 0.0
0.0014492753623188406 1.4864864864864864 0.09267563527653214 0.001335113484646195 0.0
0.0014492753623188406 1.5743243243243243 0.09865470852017937 0.001335113484646195 0.0
0.0 1.491891891891892 0.10762331838565023 0.001335113484646195 0.0
0.0014492753623188406 1.5527027027027027 0.09715994020926756 0.0 0.0
0.0 0.07702702702702703 0.0014947683109118087 0.0 0.0
0.0 0.07837837837837838 0.0 0.0 0.0
0.0 0.07702702702702703 0.0 0.0 0.0
0.0 0.07567567567567567 0.0 0.0 0.0
0.0014492753623188406 1.5918918918918918 0.11061285500747384 0.001335113484646195 0.0
0.0 0.09594594594594594 0.0 0.0 0.0
0.0014492753623188406 0.06486486486486485 0.0 0.0 0.0
0.0 0.07972972972972973 0.0 0.0 0.0
0.0 0.07702702702702703 0.0014947683109118087 0.0 0.0
0.0014492753623188406 1.2135135135135136 0.20179372197309417 0.0 0.001451378809869376
0.0 0.08648648648648648 0.0 0.0 0.0
0.0 0.06891891891891892 0.0 0.0 0.0
0.0 0.10405405405405406 0.0 0.0 0.0
0.0 0.05810810810810811 0.0 0.0 0.0
0.002898550724637681 1.5675675675675675 0.11360239162929746 0.0 0.0
0.0 0.09054054054054053 0.0 0.0 0.0
0.0014492753623188406 0.09864864864864865 0.0 0.00267022696929239 0.0
0.0 0.07702702702702703 0.0 0.0 0.001451378809869376
0.0 0.07702702702702703 0.0 0.001335113484646195 0.0
0.002898550724637681 1.1283783783783783 0.22571001494768309 0.001335113484646195 0.0
0.0 0.0891891891891892 0.0 0.0 0.0
0.0 0.06891891891891892 0.0 0.0 0.0
0.0 0.07702702702702703 0.0 0.0 0.0
0.0 0.07702702702702703 0.0 0.001335113484646195 0.0
0.0 0.07702702702702703 0.0 0.0 0.0
0.0 0.06081081081081081 0.0 0.0 0.0
0.0014492753623188406 0.08243243243243244 0.0 0.0 0.0
0.0 0.07297297297297298 0.0 0.0 0.0
0.0 0.08783783783783784 0.0 0.0 0.0
0.0 0.09054054054054053 0.0 0.0 0.0
0.0014492753623188406 1.1797297297297298 0.2077727952167414 0.004005340453938585 0.0
0.0 1.2216216216216216 0.2242152466367713 0.001335113484646195 0.0
0.0 1.1662162162162162 0.17040358744394618 0.0 0.0
0.0 1.1824324324324325 0.18086696562032886 0.0 0.0
0.0 1.2216216216216216 0.21973094170403587 0.00267022696929239 0.0
0.0 1.231081081081081 0.2242152466367713 0.0 0.0
0.0 1.2027027027027026 0.19133034379671152 0.004005340453938585 0.0
0.0014492753623188406 1.2297297297297296 0.21225710014947682 0.001335113484646195 0.0
0.0 1.1445945945945946 0.21076233183856505 0.001335113484646195 0.0
0.0 1.1945945945945946 0.22720478325859492 0.0 0.0
0.0 1.1283783783783783 0.24514200298953662 0.001335113484646195 0.0
0.0014492753623188406 1.1162162162162161 0.19581464872944696 0.0 0.0
0.0 1.1432432432432431 0.23318385650224216 0.0 0.001451378809869376
0.0014492753623188406 1.191891891891892 0.2242152466367713 0.0 0.0
0.0 1.1486486486486487 0.22571001494768309 0.0 0.0
0.0014492753623188406 1.2013513513513512 0.25261584454409564 0.0 0.0
0.0 1.183783783783784 0.23766816143497757 0.001335113484646195 0.0
0.0 1.1405405405405404 0.19730941704035873 0.0 0.0
0.0 1.1121621621621622 0.22720478325859492 0.001335113484646195 0.0
0.0014492753623188406 1.1135135135135137 0.21674140508221224 0.0 0.0
0.0014492753623188406 1.0972972972972974 0.22122571001494767 0.0 0.0
0.0 1.154054054054054 0.20179372197309417 0.001335113484646195 0.0
0.0014492753623188406 1.212162162162162 0.19730941704035873 0.001335113484646195 0.0
0.0014492753623188406 1.1067567567567569 0.17488789237668162 0.001335113484646195 0.0
0.0 1.1324324324324324 0.19282511210762332 0.001335113484646195 0.0
0.0 1.05 0.15994020926756353 0.0 0.0
0.0 1.1256756756756756 0.18834080717488788 0.0 0.0
0.0 1.1554054054054055 0.14798206278026904 0.001335113484646195 0.0
0.0 1.1121621621621622 0.20029895366218237 0.001335113484646195 0.0
0.0 1.1189189189189188 0.18834080717488788 0.0 0.0
0.0 1.0783783783783785 0.15994020926756353 0.001335113484646195 0.0
0.0 1.1 0.17638266068759342 0.001335113484646195 0.0
0.0014492753623188406 1.1527027027027026 0.14349775784753363 0.001335113484646195 0.0
0.0 1.1567567567567567 0.18834080717488788 0.001335113484646195 0.0
0.0 1.1337837837837836 0.18385650224215247 0.001335113484646195 0.0
0.0 1.1364864864864865 0.2391629297458894 0.0 0.0
0.0 1.0972972972972974 0.18385650224215247 0.0 0.0
0.002898550724637681 1.05 0.15844544095665172 0.0 0.0
0.0 1.0905405405405406 0.21524663677130046 0.0 0.0
0.0 1.1054054054054054 0.17937219730941703 0.0 0.0
0.0 1.054054054054054 0.18834080717488788 0.0 0.0
0.0014492753623188406 1.1162162162162161 0.14798206278026904 0.001335113484646195 0.0
0.0 1.0945945945945947 0.15844544095665172 0.001335113484646195 0.0
0.0014492753623188406 1.0797297297297297 0.13452914798206278 0.0 0.0
0.0 1.068918918918919 0.16292974588938713 0.0 0.0
0.0 1.087837837837838 0.12257100149476831 0.0 0.0
0.0 1.087837837837838 0.16741405082212255 0.001335113484646195 0.0
0.0014492753623188406 1.1189189189189188 0.20627802690582958 0.0 0.0
0.0 1.1027027027027028 0.18236173393124064 0.0 0.0
0.0 1.0432432432432432 0.1390134529147982 0.001335113484646195 0.0
0.004347826086956521 1.087837837837838 0.15545590433482812 0.0 0.0
0.0 1.1202702702702703 0.17040358744394618 0.00267022696929239 0.0
0.0 1.095945945945946 0.18086696562032886 0.001335113484646195 0.0
0.0 1.135135135135135 0.14947683109118087 0.0 0.001451378809869376
0.0 1.0527027027027027 0.16442451420029894 0.00267022696929239 0.0
0.0014492753623188406 1.1594594594594594 0.171898355754858 0.001335113484646195 0.0
0.0014492753623188406 1.1216216216216215 0.15396113602391628 0.0 0.0
0.0 1.0756756756756756 0.17040358744394618 0.0 0.0
0.0 1.0891891891891892 0.17638266068759342 0.001335113484646195 0.0
0.0014492753623188406 1.0945945945945947 0.14798206278026904 0.001335113484646195 0.0
0.0014492753623188406 1.1216216216216215 0.17638266068759342 0.0 0.0
0.0 1.1054054054054054 0.13751868460388642 0.0 0.0
0.0014492753623188406 1.1567567567567567 0.1390134529147982 0.0 0.0
0.0014492753623188406 1.0918918918918918 0.171898355754858 0.001335113484646195 0.0
0.0 1.110810810810811 0.16741405082212255 0.0 0.0
0.0 1.0432432432432432 0.17488789237668162 0.001335113484646195 0.0
0.0014492753623188406 1.1581081081081082 0.18684603886397608 0.0 0.0
0.0014492753623188406 1.0945945945945947 0.15844544095665172 0.00267022696929239 0.0
0.0 1.0635135135135134 0.13153961136023917 0.00267022696929239 0.0
0.0 1.031081081081081 0.13602391629297458 0.0 0.0
0.0 1.0472972972972971 0.14947683109118087 0.0 0.0
0.0 1.0175675675675677 0.14200298953662183 0.0 0.0
0.0 1.0972972972972974 0.17040358744394618 0.001335113484646195 0.0
0.002898550724637681 1.05 0.13751868460388642 0.001335113484646195 0.0
0.0 1.1594594594594594 0.14349775784753363 0.001335113484646195 0.0
0.0014492753623188406 1.0121621621621621 0.12855007473841554 0.0 0.0
0.0 1.1270270270270268 0.16143497757847536 0.001335113484646195 0.0
0.0 1.0972972972972974 0.14798206278026904 0.0 0.0
0.0 1.1175675675675674 0.14200298953662183 0.00534045393858478 0.0
0.0 1.0945945945945947 0.15695067264573992 0.001335113484646195 0.0
0.0014492753623188406 1.0986486486486486 0.16442451420029894 0.0 0.0
0.0014492753623188406 1.1337837837837836 0.16591928251121077 0.0 0.0
0.0 1.0675675675675675 0.17937219730941703 0.001335113484646195 0.0
0.0 1.0810810810810811 0.16143497757847536 0.001335113484646195 0.0
0.002898550724637681 1.1297297297297297 0.1524663677130045 0.0 0.0
0.0 1.0864864864864865 0.14947683109118087 0.0 0.0
0.002898550724637681 1.110810810810811 0.15994020926756353 0.0 0.0
0.0 1.1202702702702703 0.11509715994020928 0.001335113484646195 0.0
0.0 1.054054054054054 0.1524663677130045 0.0 0.0
0.002898550724637681 1.1378378378378378 0.18086696562032886 0.0 0.0
0.0 1.0702702702702702 0.14349775784753363 0.0 0.0
0.0 1.0675675675675675 0.14798206278026904 0.0 0.0
0.0014492753623188406 1.0972972972972974 0.15695067264573992 0.0 0.0
0.0 1.066216216216216 0.1524663677130045 0.0 0.0
0.0014492753623188406 1.068918918918919 0.14499252615844543 0.001335113484646195 0.0
0.0 1.1243243243243242 0.14798206278026904 0.0 0.0
0.0 1.077027027027027 0.15844544095665172 0.00267022696929239 0.0
0.0014492753623188406 1.0432432432432432 0.10911808669656203 0.001335113484646195 0.0
0.0 1.0891891891891892 0.13751868460388642 0.00267022696929239 0.0
