0.0021739130434782605 0.17905405405405406 0.05605381165919283 0.0 0.0
0.002898550724637681 0.16486486486486487 0.05754857997010464 0.0006675567423230976 0.0
0.0021739130434782605 0.1391891891891892 0.053064275037369206 0.0 0.0
0.0021739130434782605 0.14054054054054052 0.04334828101644245 0.0006675567423230976 0.0
0.0007246376811594203 0.14932432432432433 0.04334828101644245 0.0006675567423230976 0.0
0.0014492753623188406 0.14391891891891892 0.04633781763826607 0.0 0.0
0.0007246376811594203 0.175 0.06576980568011959 0.0 0.0
0.0 0.16418918918918918 0.05829596412556054 0.0006675567423230976 0.0
0.002898550724637681 0.15 0.04559043348281016 0.0006675567423230976 0.0
0.0014492753623188406 0.15945945945945947 0.041853512705530636 0.0 0.0
0.0007246376811594203 0.16486486486486487 0.06801195814648729 0.0 0.0
0.0 0.15945945945945947 0.05754857997010464 0.0 0.0
0.0021739130434782605 0.1587837837837838 0.04334828101644245 0.0006675567423230976 0.0
0.002898550724637681 0.1668918918918919 0.053811659192825115 0.0006675567423230976 0.0
0.0007246376811594203 0.18986486486486487 0.04783258594917788 0.0 0.0
0.0007246376811594203 0.15337837837837837 0.05605381165919283 0.0006675567423230976 0.0
0.002898550724637681 0.17972972972972975 0.04783258594917788 0.0 0.0
0.0007246376811594203 0.1831081081081081 0.04708520179372197 0.0006675567423230976 0.0
0.0 0.1695945945945946 0.06278026905829596 0.0 0.0
0.0014492753623188406 0.15472972972972973 0.052316890881913304 0.0 0.000725689404934688
0.0007246376811594203 0.18108108108108106 0.04484304932735426 0.0 0.0
0.0007246376811594203 0.16216216216216214 0.04484304932735426 0.0006675567423230976 0.0
0.0021739130434782605 0.1695945945945946 0.06053811659192825 0.001335113484646195 0.0
0.0 0.18108108108108106 0.05455904334828102 0.0 0.0
0.0021739130434782605 0.17297297297297295 0.052316890881913304 0.0 0.0
0.0007246376811594203 0.17770270270270272 0.05605381165919283 0.0006675567423230976 0.0
0.0007246376811594203 0.2027027027027027 0.05605381165919283 0.0006675567423230976 0.000725689404934688
0.0007246376811594203 0.1891891891891892 0.029895366218236175 0.001335113484646195 0.0
0.0007246376811594203 0.20608108108108109 0.04334828101644245 0.0 0.0
0.0 0.20810810810810812 0.05680119581464873 0.0006675567423230976 0.0
0.0007246376811594203 0.23445945945945945 0.062032884902840056 0.0 0.0
0.0 0.21283783783783783 0.05082212257100149 0.0 0.0
0.0014492753623188406 0.1635135135135135 0.062032884902840056 0.0 0.0
0.003623188405797101 0.23648648648648649 0.051569506726457395 0.0 0.000725689404934688
0.0014492753623188406 0.18513513513513513 0.051569506726457395 0.0006675567423230976 0.0
0.0021739130434782605 0.2027027027027027 0.04334828101644245 0.0 0.0
0.0007246376811594203 0.19527027027027027 0.05455904334828102 0.0 0.0
0.003623188405797101 0.25135135135135134 0.044095665171898356 0.0006675567423230976 0.0
0.0007246376811594203 0.1966216216216216 0.036621823617339316 0.0 0.0
0.0021739130434782605 0.23716216216216215 0.044095665171898356 0.0006675567423230976 0.000725689404934688
0.0014492753623188406 0.23445945945945945 0.04932735426008968 0.0 0.0
0.0 0.23986486486486486 0.05082212257100149 0.0006675567423230976 0.0
0.0014492753623188406 0.25202702702702706 0.05605381165919283 0.0006675567423230976 0.0
0.0021739130434782605 0.2939189189189189 0.06726457399103139 0.0006675567423230976 0.0
0.0014492753623188406 0.23108108108108108 0.04633781763826607 0.0020026702269692926 0.0
0.0007246376811594203 0.2797297297297297 0.05082212257100149 0.0 0.000725689404934688
0.0007246376811594203 0.2783783783783784 0.051569506726457395 0.0006675567423230976 0.0
0.0021739130434782605 0.30405405405405406 0.051569506726457395 0.0 0.0
0.0014492753623188406 0.2945945945945946 0.05455904334828102 0.0 0.0
0.002898550724637681 0.3054054054054054 0.05904334828101644 0.0006675567423230976 0.0
0.0007246376811594203 0.2736486486486487 0.04484304932735426 0.0006675567423230976 0.0
0.0014492753623188406 0.28783783783783784 0.05007473841554559 0.0 0.0
0.0021739130434782605 0.27905405405405403 0.04559043348281016 0.0 0.0
0.0021739130434782605 0.297972972972973 0.06053811659192825 0.0006675567423230976 0.0
0.0021739130434782605 0.297972972972973 0.05082212257100149 0.0 0.0
0.0021739130434782605 0.2952702702702703 0.05904334828101644 0.0006675567423230976 0.0
0.0014492753623188406 0.3277027027027027 0.053811659192825115 0.0 0.0
0.002898550724637681 0.3304054054054054 0.044095665171898356 0.0006675567423230976 0.0
0.0 0.3344594594594595 0.05605381165919283 0.0006675567423230976 0.0
0.0007246376811594203 0.3716216216216216 0.04783258594917788 0.0 0.001451378809869376
0.0 0.37364864864864866 0.06726457399103139 0.0006675567423230976 0.0
0.0007246376811594203 0.3587837837837838 0.061285500747384154 0.0 0.0
0.0014492753623188406 0.3358108108108108 0.033632286995515695 0.0 0.0
0.0021739130434782605 0.36486486486486486 0.06053811659192825 0.0006675567423230976 0.0
0.0021739130434782605 0.4 0.04932735426008968 0.0 0.0
0.002898550724637681 0.40878378378378377 0.05979073243647235 0.0 0.0
0.0021739130434782605 0.4141891891891892 0.04633781763826607 0.0 0.0
0.0014492753623188406 0.4141891891891892 0.06427503736920777 0.0 0.0
0.0014492753623188406 0.40337837837837837 0.06278026905829596 0.0 0.000725689404934688
0.0014492753623188406 0.40135135135135136 0.053811659192825115 0.0006675567423230976 0.0
0.0021739130434782605 0.43108108108108106 0.04932735426008968 0.0 0.0
0.004347826086956521 0.47635135135135137 0.06576980568011959 0.0006675567423230976 0.000725689404934688
0.0014492753623188406 0.4851351351351352 0.04857997010463378 0.0006675567423230976 0.0
0.003623188405797101 0.4554054054054054 0.05455904334828102 0.0 0.000725689404934688
0.0007246376811594203 0.49594594594594593 0.05829596412556054 0.0 0.0
0.0021739130434782605 0.5466216216216216 0.04708520179372197 0.0 0.0
0.0007246376811594203 0.5364864864864864 0.05530642750373692 0.0006675567423230976 0.000725689404934688
0.0014492753623188406 0.5520270270270271 0.04708520179372197 0.0 0.0
0.0 0.5601351351351351 0.05680119581464873 0.0 0.0
0.0014492753623188406 0.6094594594594595 0.0695067264573991 0.0020026702269692926 0.0
0.0007246376811594203 0.5466216216216216 0.06875934230194321 0.0 0.0
0.0007246376811594203 0.6020270270270269 0.06352765321375187 0.0 0.0
0.0 0.5608108108108107 0.06651718983557549 0.0 0.0
0.0014492753623188406 0.6256756756756757 0.07100149476831091 0.0006675567423230976 0.0
0.0007246376811594203 0.5932432432432433 0.04708520179372197 0.0006675567423230976 0.0
0.0007246376811594203 0.6905405405405405 0.07548579970104634 0.0006675567423230976 0.0
0.0 0.6756756756756757 0.07772795216741406 0.0 0.0
0.0021739130434782605 0.6547297297297298 0.06875934230194321 0.0006675567423230976 0.0
0.003623188405797101 0.7351351351351351 0.08221225710014947 0.0 0.0
0.0 0.7074324324324325 0.05829596412556054 0.0006675567423230976 0.0
0.0014492753623188406 0.6858108108108107 0.05829596412556054 0.0 0.0
0.0 0.7398648648648648 0.06726457399103139 0.001335113484646195 0.0
0.0 0.7081081081081081 0.052316890881913304 0.0 0.0
0.0007246376811594203 0.8027027027027027 0.07025411061285501 0.0 0.0
0.0007246376811594203 0.7912162162162162 0.07100149476831091 0.0 0.000725689404934688
0.0014492753623188406 0.7824324324324324 0.07623318385650225 0.0 0.0
0.0021739130434782605 0.8128378378378378 0.07847533632286996 0.0 0.0
0.0014492753623188406 0.8 0.07473841554559044 0.0006675567423230976 0.0
0.0014492753623188406 0.8527027027027027 0.06352765321375187 0.001335113484646195 0.0
0.0 0.797972972972973 0.08071748878923768 0.001335113484646195 0.0
0.0007246376811594203 0.8243243243243243 0.06502242152466367 0.0 0.0
0.0 0.038513513513513516 0.0007473841554559044 0.0 0.0
0.0 0.03918918918918919 0.0 0.0006675567423230976 0.0
0.0 0.038513513513513516 0.0 0.0 0.0
0.0 0.03783783783783783 0.0 0.0 0.0
0.0007246376811594203 0.8452702702702704 0.07847533632286996 0.001335113484646195 0.0
0.0 0.04797297297297297 0.0 0.0 0.0
0.0007246376811594203 0.03243243243243243 0.0 0.0 0.0
0.0 0.03986486486486487 0.0007473841554559044 0.0 0.0
0.0 0.038513513513513516 0.0014947683109118087 0.0 0.000725689404934688
0.0014492753623188406 0.6337837837837839 0.15919282511210764 0.001335113484646195 0.000725689404934688
0.0 0.04324324324324324 0.0 0.0 0.0
0.0 0.03445945945945946 0.0 0.0 0.0
0.0 0.05202702702702703 0.0 0.0 0.000725689404934688
0.0 0.029054054054054056 0.0 0.0 0.0
0.0014492753623188406 0.8432432432432433 0.08146487294469357 0.0 0.0
0.0 0.045270270270270266 0.0 0.0 0.0
0.0007246376811594203 0.04932432432432433 0.0 0.001335113484646195 0.0
0.0007246376811594203 0.038513513513513516 0.0007473841554559044 0.0 0.000725689404934688
0.0 0.038513513513513516 0.0 0.0006675567423230976 0.0
0.002898550724637681 0.5844594594594594 0.18236173393124064 0.001335113484646195 0.0
0.0 0.0445945945945946 0.0 0.0 0.0
0.0 0.03445945945945946 0.0 0.0 0.0
0.0 0.038513513513513516 0.0 0.0 0.0
0.0 0.038513513513513516 0.0 0.001335113484646195 0.0
0.0 0.038513513513513516 0.0 0.0 0.0
0.0 0.030405405405405404 0.0 0.0 0.0
0.0007246376811594203 0.04121621621621622 0.0 0.001335113484646195 0.0
0.0007246376811594203 0.03648648648648649 0.0 0.0 0.0
0.0 0.04391891891891892 0.0007473841554559044 0.0 0.0
0.0 0.045270270270270266 0.0 0.0 0.0
0.0021739130434782605 0.6067567567567568 0.1756352765321375 0.0020026702269692926 0.0
0.0 0.6304054054054055 0.20254110612855009 0.001335113484646195 0.0
0.0 0.6013513513513513 0.15171898355754856 0.0006675567423230976 0.0
0.0 0.6162162162162163 0.16143497757847536 0.0006675567423230976 0.0
0.0 0.6317567567567568 0.20403587443946186 0.001335113484646195 0.0
0.0 0.6331081081081081 0.20254110612855009 0.0 0.0
0.0 0.6270270270270271 0.18834080717488788 0.0020026702269692926 0.0
0.0007246376811594203 0.6385135135135136 0.21898355754857995 0.001335113484646195 0.0
0.0 0.6 0.19133034379671152 0.0006675567423230976 0.0
0.0 0.6216216216216216 0.2234678624813154 0.0 0.0
0.0 0.591891891891892 0.24065769805680118 0.0006675567423230976 0.0
0.0007246376811594203 0.5804054054054054 0.19880418535127056 0.0 0.0
0.0 0.6027027027027027 0.2503736920777279 0.0 0.000725689404934688
0.0007246376811594203 0.6202702702702703 0.2563527653213752 0.0 0.0
0.0 0.6047297297297297 0.24065769805680118 0.0 0.0
0.0007246376811594203 0.625 0.31614349775784756 0.0006675567423230976 0.0
0.0007246376811594203 0.6202702702702703 0.3183856502242153 0.001335113484646195 0.0
0.0 0.6006756756756756 0.30194319880418535 0.0 0.0
0.0 0.5804054054054054 0.32361733931240655 0.0006675567423230976 0.0
0.0007246376811594203 0.5905405405405406 0.3393124065769806 0.0006675567423230976 0.0
0.0007246376811594203 0.5844594594594594 0.35650224215246634 0.0 0.0
0.0 0.597972972972973 0.35949177877429 0.001335113484646195 0.0
0.0007246376811594203 0.6378378378378379 0.38714499252615847 0.001335113484646195 0.0
0.0007246376811594203 0.5810810810810811 0.42301943198804187 0.0006675567423230976 0.0
0.0 0.597972972972973 0.4289985052316891 0.0006675567423230976 0.0
0.0 0.55 0.44245142002989535 0.0 0.0
0.0 0.591891891891892 0.5 0.0006675567423230976 0.0
0.0 0.6135135135135135 0.47757847533632286 0.0006675567423230976 0.0
0.0 0.5871621621621622 0.5448430493273543 0.0006675567423230976 0.0
0.0 0.5912162162162162 0.5822122571001495 0.0 0.0
0.0 0.5702702702702702 0.5635276532137519 0.0006675567423230976 0.0
0.0 0.5824324324324325 0.6689088191330343 0.0006675567423230976 0.0
0.0007246376811594203 0.6162162162162163 0.7212257100149477 0.0006675567423230976 0.0
0.0 0.6216216216216216 0.7675635276532138 0.001335113484646195 0.0
0.0 0.6108108108108108 0.8019431988041853 0.0006675567423230976 0.0
0.0 0.6074324324324324 0.8714499252615844 0.0 0.0
0.0 0.5858108108108109 0.8587443946188341 0.0 0.0
0.0014492753623188406 0.5682432432432433 0.9170403587443946 0.0 0.0
0.0007246376811594203 0.5993243243243244 1.0254110612855007 0.0006675567423230976 0.0
0.0007246376811594203 0.5993243243243244 1.039611360239163 0.0 0.0
0.0007246376811594203 0.5824324324324325 1.0635276532137519 0.0 0.0
0.0007246376811594203 0.6087837837837837 0.9970104633781763 0.0020026702269692926 0.0
0.0007246376811594203 0.6054054054054053 1.0837070254110612 0.0006675567423230976 0.0
0.0014492753623188406 0.595945945945946 1.1180866965620329 0.0006675567423230976 0.0
0.0 0.5898648648648649 1.1442451420029895 0.0 0.0
0.0007246376811594203 0.6020270270270269 1.1681614349775784 0.0 0.0
0.0 0.6094594594594595 1.3303437967115097 0.0006675567423230976 0.0
0.0007246376811594203 0.6222972972972973 1.366965620328849 0.0 0.0
0.0007246376811594203 0.6141891891891892 1.3415545590433482 0.0006675567423230976 0.0
0.0 0.5790540540540541 1.3146487294469356 0.0020026702269692926 0.0
0.0021739130434782605 0.6114864864864865 1.312406576980568 0.0 0.0
0.0007246376811594203 0.6283783783783784 1.345291479820628 0.0020026702269692926 0.0
0.0 0.6236486486486487 1.3550074738415545 0.0006675567423230976 0.000725689404934688
0.0 0.6304054054054055 1.2944693572496262 0.001335113484646195 0.000725689404934688
0.0 0.5932432432432433 1.3213751868460388 0.00267022696929239 0.0
0.0014492753623188406 0.6472972972972972 1.319880418535127 0.0020026702269692926 0.0
0.0014492753623188406 0.6358108108108108 1.4230194319880418 0.0 0.0
0.0 0.6047297297297297 1.437219730941704 0.0006675567423230976 0.0
0.0 0.6189189189189189 1.4551569506726458 0.0006675567423230976 0.0
0.0007246376811594203 0.6135135135135135 1.3692077727952168 0.001335113484646195 0.000725689404934688
0.0014492753623188406 0.6391891891891892 1.468609865470852 0.0 0.0
0.0 0.6236486486486487 1.3938714499252616 0.0 0.0
0.0007246376811594203 0.6493243243243243 1.4035874439461884 0.0 0.0
0.0021739130434782605 0.6202702702702703 1.4573991031390134 0.0006675567423230976 0.0
0.0 0.6175675675675676 1.4133034379671152 0.0006675567423230976 0.0
0.0 0.5993243243243244 1.4656203288490284 0.001335113484646195 0.0
0.0014492753623188406 0.6560810810810811 1.431240657698057 0.0 0.0
0.0007246376811594203 0.6148648648648648 1.422272047832586 0.001335113484646195 0.0
0.0 0.6087837837837837 1.3863976083707026 0.00267022696929239 0.0
0.0 0.5952702702702704 1.4200298953662183 0.0 0.0
0.0 0.5858108108108109 1.405829596412556 0.0006675567423230976 0.000725689404934688
0.0 0.5777027027027027 1.375186846038864 0.0006675567423230976 0.0
0.0 0.6243243243243244 1.4267563527653215 0.0006675567423230976 0.0
0.0021739130434782605 0.5905405405405406 1.4192825112107623 0.0006675567423230976 0.0
0.0 0.6486486486486486 1.420777279521674 0.0006675567423230976 0.0
0.0007246376811594203 0.572972972972973 1.3789237668161436 0.0006675567423230976 0.000725689404934688
0.0 0.6378378378378379 1.4633781763826605 0.0006675567423230976 0.0
0.0007246376811594203 0.6256756756756757 1.3766816143497758 0.001335113484646195 0.0
0.0007246376811594203 0.6385135135135136 1.446188340807175 0.004005340453938585 0.0
0.0 0.6229729729729729 1.4319880418535127 0.001335113484646195 0.0
0.0007246376811594203 0.6128378378378379 1.3923766816143497 0.0006675567423230976 0.000725689404934688
0.0007246376811594203 0.6371621621621623 1.4559043348281018 0.0 0.0
0.0 0.5993243243243244 1.4200298953662183 0.0006675567423230976 0.0
0.0 0.6108108108108108 1.3976083707025413 0.001335113484646195 0.0
0.0014492753623188406 0.6405405405405405 1.3849028400597907 0.0006675567423230976 0.0
0.0 0.6155405405405405 1.4327354260089686 0.0 0.0
0.0014492753623188406 0.6297297297297297 1.4364723467862481 0.0006675567423230976 0.0
0.0 0.6371621621621623 1.375186846038864 0.0006675567423230976 0.0
0.0 0.5966216216216217 1.4080717488789238 0.0006675567423230976 0.0
0.0014492753623188406 0.6493243243243243 1.431240657698057 0.0006675567423230976 0.0
0.0 0.5925675675675676 1.4559043348281018 0.0006675567423230976 0.0
0.0 0.5972972972972973 1.4035874439461884 0.0 0.0
0.0007246376811594203 0.6263513513513513 1.4357249626307922 0.0 0.0
0.0 0.5986486486486488 1.4200298953662183 0.0 0.0
0.0014492753623188406 0.5972972972972973 1.405829596412556 0.001335113484646195 0.000725689404934688
0.0007246376811594203 0.6344594594594595 1.3938714499252616 0.0 0.0
0.0 0.6229729729729729 1.4155455904334828 0.001335113484646195 0.0
0.0007246376811594203 0.5912162162162162 1.3594917787742902 0.0006675567423230976 0.0
0.0 0.6155405405405405 1.422272047832586 0.0020026702269692926 0.0
