11.178571428571429 17.310344827586206 16.73076923076923 10.137931034482758 9.037037037037038
9.964285714285714 18.379310344827587 19.42307692307692 11.137931034482758 9.592592592592592
9.535714285714286 18.482758620689655 17.038461538461537 9.551724137931034 9.666666666666668
10.0 16.89655172413793 17.69230769230769 8.620689655172413 10.074074074074074
10.178571428571429 17.275862068965516 17.846153846153847 9.965517241379311 8.814814814814815
10.785714285714286 18.689655172413794 18.692307692307693 8.448275862068964 9.037037037037038
9.714285714285714 16.75862068965517 16.961538461538463 9.931034482758621 8.814814814814815
10.714285714285714 17.10344827586207 19.0 10.758620689655173 8.851851851851851
8.571428571428571 17.89655172413793 19.192307692307693 9.965517241379311 8.37037037037037
11.285714285714286 18.689655172413794 18.576923076923077 10.586206896551724 9.555555555555555
10.178571428571429 19.27586206896552 18.0 9.965517241379311 10.148148148148147
9.571428571428571 18.586206896551722 17.846153846153847 10.413793103448276 10.185185185185187
11.107142857142858 18.413793103448274 18.26923076923077 9.344827586206897 9.37037037037037
9.142857142857144 17.310344827586206 19.0 9.655172413793103 9.703703703703704
8.928571428571429 17.20689655172414 18.96153846153846 10.517241379310345 9.444444444444445
10.714285714285714 18.482758620689655 16.846153846153847 10.206896551724139 8.592592592592593
9.321428571428571 17.655172413793103 17.5 9.275862068965516 9.777777777777777
9.785714285714286 19.137931034482758 17.538461538461537 10.206896551724139 9.11111111111111
9.178571428571429 18.517241379310345 18.115384615384617 9.931034482758621 10.333333333333334
9.428571428571429 18.586206896551722 19.615384615384613 10.448275862068964 8.62962962962963
10.75 17.0 17.961538461538463 10.206896551724139 9.518518518518519
10.107142857142858 17.620689655172416 16.846153846153847 9.896551724137932 9.148148148148149
10.714285714285714 17.517241379310345 18.076923076923077 10.482758620689657 8.777777777777779
9.642857142857142 18.034482758620687 18.384615384615383 9.03448275862069 9.481481481481481
10.178571428571429 18.655172413793107 19.807692307692307 10.0 8.074074074074074
9.821428571428571 17.689655172413794 19.03846153846154 9.655172413793103 8.777777777777779
9.964285714285714 17.79310344827586 18.615384615384617 9.10344827586207 9.74074074074074
9.857142857142858 18.24137931034483 19.03846153846154 10.379310344827585 8.62962962962963
10.535714285714285 17.79310344827586 16.884615384615383 9.620689655172415 8.407407407407407
9.964285714285714 17.20689655172414 19.153846153846153 9.172413793103448 11.222222222222221
9.785714285714286 17.620689655172416 18.038461538461537 9.620689655172415 8.555555555555555
9.678571428571429 16.75862068965517 17.80769230769231 10.10344827586207 9.222222222222221
9.714285714285714 16.965517241379313 17.346153846153843 9.689655172413794 7.185185185185185
9.678571428571429 17.586206896551726 17.73076923076923 10.448275862068964 9.37037037037037
10.821428571428573 17.241379310344826 18.96153846153846 9.689655172413794 8.185185185185185
9.928571428571429 18.724137931034484 18.884615384615387 9.551724137931034 9.592592592592592
10.75 17.82758620689655 16.692307692307693 9.241379310344827 9.333333333333334
11.464285714285715 17.137931034482758 16.53846153846154 9.137931034482758 7.62962962962963
9.928571428571429 18.20689655172414 17.73076923076923 10.068965517241379 7.777777777777778
10.321428571428571 18.82758620689655 18.346153846153847 9.827586206896552 9.148148148148149
10.571428571428571 16.275862068965516 18.26923076923077 10.551724137931036 8.814814814814815
10.214285714285714 16.551724137931036 17.69230769230769 8.655172413793103 9.851851851851851
9.75 18.10344827586207 18.615384615384617 9.517241379310345 8.444444444444443
9.107142857142858 18.275862068965516 17.076923076923077 10.482758620689657 8.925925925925926
10.214285714285714 16.89655172413793 18.192307692307693 10.275862068965518 8.666666666666666
9.678571428571429 18.620689655172413 17.076923076923077 10.724137931034482 10.444444444444443
9.071428571428571 18.379310344827587 18.384615384615383 9.586206896551724 9.555555555555555
9.821428571428571 19.068965517241377 18.615384615384617 10.03448275862069 9.333333333333334
9.678571428571429 18.17241379310345 18.461538461538463 9.517241379310345 9.296296296296296
10.392857142857142 17.586206896551726 17.961538461538463 9.517241379310345 8.777777777777779
10.821428571428573 19.0 19.076923076923077 10.068965517241379 10.074074074074074
10.5 17.379310344827584 18.307692307692307 8.793103448275863 10.037037037037036
10.142857142857142 16.79310344827586 17.884615384615383 9.10344827586207 8.88888888888889
10.892857142857144 18.96551724137931 16.807692307692307 10.241379310344827 9.814814814814815
9.964285714285714 18.0 18.53846153846154 9.482758620689655 9.11111111111111
11.071428571428571 18.79310344827586 17.653846153846157 8.758620689655173 8.777777777777779
9.75 15.931034482758621 18.692307692307693 8.758620689655173 10.148148148148147
9.5 18.20689655172414 17.615384615384617 10.827586206896552 8.74074074074074
9.357142857142858 19.137931034482758 18.23076923076923 9.689655172413794 9.888888888888888
11.178571428571429 17.06896551724138 17.923076923076923 10.10344827586207 9.962962962962964
10.357142857142856 17.79310344827586 16.076923076923077 11.137931034482758 8.62962962962963
11.0 17.413793103448274 15.346153846153847 10.551724137931036 9.962962962962964
9.964285714285714 16.620689655172413 18.423076923076923 10.448275862068964 9.888888888888888
10.964285714285715 18.689655172413794 18.653846153846153 10.89655172413793 9.11111111111111
9.964285714285714 19.17241379310345 17.038461538461537 10.344827586206897 9.481481481481481
9.678571428571429 16.75862068965517 17.19230769230769 10.206896551724139 9.777777777777777
9.571428571428571 17.413793103448274 19.115384615384613 10.586206896551724 10.11111111111111
10.678571428571427 16.655172413793103 18.923076923076923 10.482758620689657 9.074074074074074
11.535714285714286 17.03448275862069 17.384615384615383 10.172413793103447 9.37037037037037
10.25 17.379310344827584 19.692307692307693 9.827586206896552 9.148148148148149
9.928571428571429 17.655172413793103 16.46153846153846 10.724137931034482 9.518518518518519
9.857142857142858 17.75862068965517 17.23076923076923 10.137931034482758 7.9259259259259265
8.785714285714285 18.724137931034484 18.23076923076923 9.965517241379311 9.25925925925926
9.964285714285714 17.724137931034484 18.115384615384617 9.827586206896552 9.407407407407408
10.285714285714285 17.137931034482758 17.615384615384617 9.482758620689655 9.148148148148149
9.857142857142858 18.13793103448276 17.26923076923077 9.517241379310345 9.777777777777777
10.821428571428573 17.448275862068964 16.423076923076923 11.379310344827587 10.074074074074074
10.892857142857144 17.241379310344826 17.19230769230769 10.482758620689657 9.925925925925927
9.392857142857142 17.482758620689655 17.884615384615383 10.275862068965518 9.444444444444445
9.642857142857142 17.551724137931036 17.423076923076923 8.827586206896552 9.37037037037037
10.857142857142858 18.724137931034484 17.76923076923077 9.137931034482758 7.555555555555556
10.142857142857142 16.448275862068968 17.23076923076923 9.827586206896552 9.333333333333334
11.392857142857142 18.517241379310345 17.538461538461537 9.241379310344827 9.518518518518519
9.678571428571429 17.17241379310345 18.846153846153847 9.758620689655173 8.88888888888889
9.678571428571429 17.75862068965517 18.884615384615387 9.758620689655173 9.0
10.285714285714285 18.344827586206897 19.115384615384613 11.034482758620689 8.814814814814815
11.107142857142858 18.275862068965516 18.846153846153847 10.0 9.777777777777777
10.107142857142858 18.0 17.615384615384617 8.827586206896552 10.11111111111111
11.0 18.24137931034483 17.69230769230769 10.862068965517242 9.666666666666668
9.75 18.24137931034483 19.115384615384613 10.275862068965518 8.851851851851851
10.25 15.517241379310345 18.53846153846154 10.172413793103447 8.703703703703702
10.642857142857142 17.724137931034484 16.5 9.275862068965516 10.185185185185187
9.857142857142858 18.17241379310345 18.5 9.758620689655173 9.407407407407408
9.321428571428571 19.206896551724135 18.076923076923077 10.689655172413792 8.851851851851851
8.428571428571429 17.689655172413794 16.923076923076923 9.137931034482758 9.481481481481481
9.392857142857142 16.75862068965517 17.5 10.620689655172415 8.592592592592593
9.964285714285714 17.482758620689655 17.23076923076923 9.586206896551724 9.814814814814815
10.357142857142856 16.586206896551726 17.80769230769231 9.965517241379311 9.148148148148149
9.892857142857142 18.310344827586206 17.538461538461537 9.758620689655173 9.074074074074074
10.535714285714285 18.344827586206897 18.038461538461537 10.206896551724139 9.62962962962963
10.892857142857144 18.06896551724138 16.807692307692307 9.689655172413794 9.777777777777777
10.107142857142858 10.482758620689657 11.0 9.10344827586207 8.62962962962963
10.285714285714285 10.551724137931036 10.26923076923077 11.448275862068966 10.666666666666666
10.25 9.827586206896552 10.23076923076923 8.689655172413792 10.11111111111111
10.607142857142856 9.827586206896552 10.076923076923077 9.896551724137932 10.037037037037036
10.107142857142858 18.275862068965516 19.846153846153847 10.03448275862069 8.88888888888889
11.214285714285715 10.310344827586206 10.076923076923077 9.586206896551724 10.444444444444443
10.071428571428571 11.0 9.76923076923077 10.241379310344827 10.222222222222223
10.035714285714285 10.758620689655173 9.461538461538462 9.172413793103448 10.62962962962963
11.178571428571429 10.10344827586207 11.692307692307693 9.448275862068966 10.11111111111111
9.535714285714286 16.275862068965516 20.192307692307693 11.206896551724137 8.62962962962963
9.821428571428571 10.10344827586207 10.115384615384615 8.689655172413792 10.296296296296296
9.571428571428571 10.068965517241379 10.538461538461538 10.482758620689657 9.37037037037037
11.428571428571429 10.724137931034482 11.26923076923077 10.379310344827585 11.148148148148149
10.607142857142856 9.655172413793103 9.846153846153847 9.86206896551724 10.11111111111111
10.642857142857142 17.06896551724138 18.76923076923077 10.482758620689657 9.37037037037037
10.678571428571427 10.172413793103447 11.076923076923077 9.689655172413794 11.444444444444445
10.428571428571429 10.0 11.576923076923077 10.068965517241379 9.74074074074074
10.642857142857142 10.586206896551724 11.038461538461538 9.620689655172415 11.444444444444445
10.535714285714285 10.241379310344827 10.576923076923077 10.689655172413792 11.25925925925926
10.357142857142856 15.793103448275863 19.692307692307693 9.344827586206897 9.703703703703704
10.214285714285714 9.86206896551724 11.5 10.96551724137931 10.518518518518519
10.285714285714285 10.689655172413792 10.769230769230768 11.275862068965516 11.296296296296296
10.035714285714285 10.517241379310345 11.038461538461538 10.137931034482758 9.407407407407408
11.821428571428571 10.448275862068964 10.346153846153847 10.551724137931036 10.11111111111111
9.571428571428571 9.448275862068966 10.153846153846153 11.10344827586207 11.185185185185185
9.642857142857142 10.172413793103447 10.730769230769232 10.931034482758621 10.666666666666666
10.464285714285714 11.620689655172415 10.846153846153845 9.241379310344827 10.25925925925926
11.142857142857144 9.206896551724137 9.346153846153847 10.10344827586207 9.925925925925927
9.678571428571429 10.0 11.23076923076923 10.379310344827585 10.185185185185187
9.678571428571429 9.482758620689655 10.576923076923077 12.758620689655173 11.148148148148149
10.75 15.931034482758621 18.807692307692307 9.482758620689655 8.481481481481483
10.035714285714285 15.620689655172413 19.46153846153846 10.03448275862069 9.444444444444445
9.821428571428571 17.137931034482758 20.53846153846154 9.896551724137932 9.481481481481481
9.25 17.17241379310345 20.23076923076923 9.931034482758621 10.0
9.642857142857142 17.20689655172414 18.384615384615383 9.724137931034482 11.25925925925926
10.892857142857144 17.448275862068964 20.46153846153846 9.06896551724138 9.333333333333334
11.464285714285715 15.931034482758621 19.53846153846154 10.793103448275863 8.925925925925926
9.428571428571429 17.96551724137931 20.884615384615383 10.413793103448276 9.25925925925926
10.0 16.86206896551724 17.73076923076923 9.758620689655173 10.296296296296296
10.571428571428571 16.206896551724135 20.576923076923077 9.655172413793103 9.925925925925927
9.535714285714286 17.379310344827584 19.53846153846154 10.172413793103447 9.148148148148149
9.892857142857142 15.72413793103448 18.923076923076923 10.689655172413792 8.74074074074074
9.571428571428571 15.275862068965516 21.038461538461537 9.620689655172415 9.888888888888888
10.178571428571429 15.620689655172413 19.307692307692307 9.206896551724137 9.222222222222221
10.464285714285714 17.586206896551726 20.307692307692307 10.241379310344827 9.777777777777777
9.25 16.344827586206897 19.615384615384613 10.586206896551724 8.333333333333334
11.428571428571429 16.344827586206897 17.615384615384617 9.482758620689655 8.925925925925926
10.928571428571429 16.17241379310345 19.96153846153846 9.620689655172415 9.185185185185185
10.5 16.137931034482758 19.115384615384613 10.275862068965518 9.0
10.714285714285714 16.17241379310345 19.923076923076923 10.689655172413792 8.518518518518519
9.714285714285714 16.965517241379313 19.384615384615387 9.793103448275861 9.925925925925927
10.75 15.06896551724138 20.884615384615383 10.517241379310345 8.666666666666666
10.892857142857144 15.482758620689655 19.269230769230766 9.517241379310345 9.0
8.892857142857144 16.89655172413793 20.307692307692307 10.793103448275863 9.518518518518519
10.678571428571427 15.655172413793103 20.923076923076923 9.724137931034482 8.518518518518519
10.5 16.241379310344826 20.115384615384613 9.413793103448276 9.74074074074074
8.785714285714285 17.0 20.76923076923077 10.655172413793103 9.11111111111111
9.857142857142858 15.931034482758621 20.807692307692307 8.758620689655173 8.407407407407407
11.464285714285715 14.551724137931036 19.076923076923077 9.896551724137932 8.814814814814815
9.964285714285714 15.310344827586206 19.53846153846154 9.517241379310345 8.814814814814815
10.321428571428571 16.275862068965516 20.961538461538463 9.724137931034482 8.555555555555555
9.321428571428571 15.72413793103448 19.53846153846154 11.517241379310345 9.777777777777777
11.821428571428571 16.379310344827587 20.615384615384617 10.379310344827585 9.74074074074074
9.0 18.20689655172414 21.153846153846153 10.172413793103447 9.074074074074074
9.75 15.620689655172413 20.23076923076923 9.413793103448276 9.74074074074074
10.571428571428571 16.06896551724138 19.0 9.551724137931034 9.185185185185185
9.392857142857142 16.275862068965516 20.23076923076923 10.206896551724139 9.074074074074074
10.285714285714285 16.241379310344826 21.653846153846157 10.448275862068964 9.25925925925926
10.821428571428573 15.896551724137932 18.26923076923077 9.965517241379311 8.703703703703702
11.464285714285715 16.689655172413794 19.884615384615387 10.827586206896552 8.962962962962962
11.214285714285715 16.931034482758623 21.076923076923077 9.517241379310345 8.925925925925926
10.214285714285714 16.103448275862068 18.73076923076923 10.275862068965518 8.185185185185185
11.178571428571429 15.517241379310345 20.076923076923077 10.03448275862069 9.25925925925926
9.178571428571429 16.0 19.615384615384613 9.551724137931034 8.925925925925926
9.714285714285714 16.103448275862068 21.80769230769231 10.551724137931036 8.814814814814815
10.678571428571427 16.482758620689655 17.923076923076923 9.310344827586206 9.444444444444445
9.357142857142858 15.034482758620689 20.576923076923077 9.655172413793103 10.074074074074074
9.714285714285714 15.72413793103448 21.19230769230769 10.344827586206897 9.777777777777777
10.0 17.03448275862069 19.653846153846153 10.931034482758621 10.222222222222223
9.821428571428571 15.655172413793103 20.423076923076923 10.448275862068964 10.185185185185187
9.607142857142858 16.275862068965516 20.846153846153847 11.655172413793103 10.777777777777779
9.964285714285714 16.620689655172413 19.653846153846153 10.586206896551724 9.407407407407408
9.035714285714286 17.413793103448274 20.961538461538463 9.310344827586206 9.185185185185185
10.892857142857144 16.17241379310345 20.653846153846153 10.310344827586206 8.851851851851851
10.428571428571429 17.20689655172414 19.153846153846153 9.86206896551724 9.0
10.428571428571429 15.655172413793103 22.846153846153847 9.655172413793103 8.814814814814815
9.714285714285714 16.655172413793103 19.307692307692307 11.379310344827587 8.555555555555555
9.928571428571429 16.931034482758623 20.0 10.10344827586207 9.25925925925926
9.0 16.344827586206897 20.961538461538463 9.551724137931034 10.0
10.035714285714285 15.862068965517242 20.192307692307693 9.586206896551724 8.518518518518519
10.5 16.137931034482758 20.615384615384617 9.793103448275861 9.925925925925927
9.964285714285714 18.379310344827587 19.769230769230766 9.586206896551724 8.925925925925926
10.071428571428571 16.206896551724135 21.576923076923077 10.827586206896552 8.74074074074074
9.857142857142858 15.72413793103448 20.346153846153847 10.758620689655173 8.185185185185185
8.607142857142856 17.0 18.73076923076923 10.206896551724139 9.222222222222221
10.107142857142858 17.275862068965516 19.615384615384613 10.758620689655173 8.851851851851851
10.535714285714285 16.517241379310345 19.153846153846153 9.275862068965516 8.962962962962962
9.857142857142858 16.310344827586206 19.730769230769234 10.758620689655173 8.962962962962962
10.214285714285714 15.310344827586206 21.30769230769231 9.86206896551724 9.407407407407408
10.678571428571427 15.482758620689655 19.730769230769234 9.413793103448276 8.444444444444443
11.0 16.275862068965516 18.615384615384617 10.0 9.444444444444445
11.107142857142858 17.413793103448274 18.96153846153846 11.172413793103448 8.925925925925926
9.857142857142858 15.931034482758621 20.46153846153846 11.172413793103448 9.481481481481481
8.392857142857142 15.827586206896553 21.538461538461537 9.724137931034482 9.11111111111111
8.857142857142858 15.931034482758621 19.192307692307693 10.517241379310345 9.148148148148149
9.0 15.72413793103448 20.923076923076923 10.551724137931036 9.296296296296296
10.071428571428571 17.413793103448274 21.653846153846157 10.448275862068964 9.407407407407408
9.857142857142858 17.137931034482758 20.03846153846154 10.517241379310345 9.185185185185185
10.035714285714285 17.0 18.615384615384617 10.586206896551724 8.88888888888889
9.607142857142858 15.379310344827587 21.26923076923077 9.896551724137932 8.925925925925926
9.964285714285714 17.82758620689655 19.653846153846153 10.862068965517242 8.481481481481483
10.357142857142856 15.482758620689655 20.346153846153847 10.758620689655173 8.851851851851851
10.678571428571427 14.724137931034482 20.5 8.206896551724139 10.25925925925926
9.892857142857142 15.896551724137932 21.615384615384617 9.965517241379311 8.555555555555555
9.178571428571429 15.827586206896553 19.769230769230766 10.551724137931036 9.888888888888888
9.714285714285714 15.72413793103448 20.23076923076923 9.344827586206897 9.222222222222221
11.392857142857142 14.931034482758621 18.153846153846153 9.896551724137932 9.555555555555555
9.928571428571429 17.03448275862069 21.5 8.448275862068964 8.592592592592593
9.571428571428571 16.689655172413794 21.461538461538463 9.620689655172415 9.481481481481481
9.392857142857142 15.931034482758621 20.153846153846153 11.379310344827587 9.407407407407408
9.392857142857142 16.89655172413793 20.384615384615383 10.275862068965518 10.11111111111111
9.75 17.379310344827584 19.5 10.310344827586206 8.555555555555555
9.892857142857142 17.03448275862069 20.346153846153847 8.89655172413793 9.814814814814815
8.928571428571429 16.965517241379313 20.53846153846154 11.0 10.185185185185187
8.642857142857142 17.551724137931036 21.038461538461537 10.068965517241379 9.333333333333334
9.785714285714286 18.310344827586206 19.03846153846154 10.10344827586207 9.851851851851851
9.642857142857142 17.862068965517242 20.423076923076923 9.379310344827587 8.444444444444443
9.571428571428571 16.82758620689655 19.42307692307692 10.379310344827585 9.777777777777777
10.071428571428571 17.310344827586206 21.19230769230769 10.241379310344827 10.0
