73.53846153846153 70.41666666666667 71.71428571428572 72.53846153846153 73.33333333333333
74.76923076923077 71.58333333333333 73.57142857142857 73.76923076923077 73.16666666666667
72.76923076923077 69.25 70.92857142857143 72.07692307692308 71.83333333333333
73.46153846153847 71.58333333333333 72.28571428571429 74.38461538461539 72.75
72.38461538461539 69.75 71.78571428571429 72.6923076923077 72.33333333333333
72.15384615384615 71.08333333333333 72.28571428571429 73.3076923076923 71.83333333333333
73.61538461538461 71.08333333333333 72.71428571428572 75.15384615384616 73.41666666666667
72.38461538461539 70.75 72.5 72.38461538461539 72.91666666666667
73.53846153846153 71.5 73.57142857142857 73.92307692307692 73.33333333333333
72.92307692307692 69.58333333333333 71.78571428571429 72.61538461538461 71.83333333333333
73.23076923076923 70.83333333333333 72.42857142857143 73.15384615384615 72.0
71.53846153846153 70.08333333333333 71.64285714285715 72.3076923076923 71.75
73.61538461538461 71.25 71.71428571428572 72.46153846153847 73.08333333333333
73.07692307692308 71.16666666666667 72.42857142857143 73.38461538461539 73.16666666666667
71.76923076923076 69.25 71.57142857142858 73.23076923076923 72.33333333333333
73.92307692307692 71.66666666666667 73.64285714285715 73.53846153846153 73.58333333333333
73.92307692307692 72.5 72.71428571428572 74.92307692307692 72.75
72.61538461538461 70.5 71.35714285714286 72.23076923076924 71.91666666666667
73.84615384615385 71.83333333333333 71.14285714285715 73.84615384615385 73.91666666666667
73.84615384615385 70.75 72.57142857142857 73.6923076923077 74.25
72.0 70.16666666666667 72.35714285714286 73.15384615384615 71.66666666666667
73.6923076923077 72.41666666666667 72.28571428571429 72.53846153846153 72.33333333333333
71.76923076923076 69.66666666666667 71.21428571428572 73.38461538461539 72.5
72.92307692307692 72.16666666666667 71.5 73.15384615384615 72.66666666666667
72.23076923076924 70.41666666666667 70.57142857142858 72.84615384615385 72.16666666666667
72.3076923076923 71.58333333333333 72.14285714285715 72.61538461538461 72.33333333333333
73.15384615384615 70.83333333333333 71.92857142857143 72.76923076923077 73.0
73.23076923076923 70.66666666666667 73.21428571428572 74.15384615384616 72.41666666666667
72.3076923076923 70.16666666666667 72.21428571428572 72.15384615384615 73.16666666666667
72.46153846153847 71.0 71.71428571428572 73.46153846153847 71.83333333333333
74.46153846153847 72.5 72.71428571428572 74.76923076923077 74.08333333333333
73.46153846153847 71.5 71.57142857142858 72.3076923076923 72.25
73.76923076923077 70.16666666666667 72.07142857142858 73.38461538461539 73.16666666666667
72.23076923076924 69.58333333333333 71.71428571428572 73.46153846153847 72.41666666666667
74.0 71.91666666666667 72.64285714285715 74.15384615384616 73.25
72.46153846153847 69.91666666666667 71.71428571428572 73.0 72.5
73.23076923076923 70.41666666666667 72.5 73.53846153846153 73.0
74.23076923076923 70.58333333333333 73.14285714285715 73.53846153846153 72.58333333333333
74.15384615384616 71.16666666666667 72.35714285714286 73.15384615384615 72.5
73.53846153846153 70.83333333333333 73.42857142857143 73.92307692307692 73.25
73.53846153846153 70.16666666666667 72.85714285714286 73.23076923076923 74.0
75.23076923076923 70.91666666666667 73.92857142857143 73.84615384615385 73.25
72.61538461538461 69.58333333333333 71.42857142857143 73.07692307692308 73.08333333333333
72.61538461538461 71.0 73.0 74.15384615384616 73.25
73.38461538461539 70.5 71.71428571428572 71.84615384615385 73.0
72.84615384615385 70.58333333333333 71.28571428571429 73.38461538461539 72.75
72.46153846153847 70.08333333333333 71.5 73.6923076923077 74.25
73.07692307692308 70.91666666666667 72.21428571428572 74.15384615384616 72.16666666666667
72.38461538461539 68.83333333333333 71.57142857142858 72.46153846153847 72.91666666666667
72.38461538461539 69.16666666666667 72.07142857142858 73.3076923076923 72.0
73.6923076923077 70.41666666666667 73.42857142857143 73.46153846153847 73.25
73.07692307692308 70.25 72.42857142857143 73.15384615384615 72.16666666666667
72.3076923076923 69.0 70.64285714285715 72.0 73.33333333333333
74.0 68.91666666666667 71.64285714285715 73.23076923076923 72.83333333333333
71.38461538461539 69.83333333333333 71.0 72.38461538461539 72.41666666666667
73.6923076923077 70.5 73.71428571428572 75.23076923076923 72.33333333333333
72.6923076923077 70.0 72.28571428571429 74.38461538461539 74.08333333333333
72.61538461538461 68.91666666666667 70.57142857142858 72.76923076923077 72.66666666666667
73.46153846153847 69.75 73.0 74.0 73.83333333333333
74.3076923076923 70.58333333333333 72.35714285714286 74.07692307692308 74.0
73.61538461538461 69.33333333333333 72.35714285714286 73.6923076923077 73.16666666666667
74.38461538461539 69.75 71.64285714285715 73.92307692307692 73.0
72.46153846153847 68.33333333333333 70.85714285714286 73.3076923076923 72.66666666666667
71.84615384615385 66.58333333333333 72.14285714285715 72.76923076923077 72.66666666666667
72.61538461538461 68.41666666666667 70.92857142857143 72.15384615384615 73.41666666666667
72.76923076923077 67.41666666666667 71.35714285714286 73.0 71.25
72.46153846153847 67.25 72.07142857142858 73.15384615384615 73.08333333333333
72.0 68.25 71.5 72.61538461538461 72.5
73.76923076923077 68.41666666666667 71.07142857142858 74.76923076923077 73.25
74.0 68.91666666666667 72.85714285714286 75.38461538461539 72.83333333333333
71.92307692307692 67.91666666666667 70.21428571428571 72.76923076923077 72.58333333333333
74.3076923076923 68.91666666666667 73.07142857142857 73.46153846153847 74.16666666666667
72.15384615384615 65.91666666666667 70.78571428571429 72.15384615384615 72.75
72.53846153846153 67.58333333333333 71.14285714285715 73.0 72.08333333333333
72.84615384615385 66.91666666666667 70.78571428571429 72.84615384615385 72.66666666666667
73.46153846153847 67.91666666666667 71.21428571428572 73.53846153846153 74.41666666666667
73.84615384615385 67.58333333333333 71.92857142857143 73.0 72.33333333333333
73.15384615384615 67.25 71.28571428571429 74.46153846153847 73.41666666666667
72.38461538461539 67.5 71.42857142857143 73.07692307692308 71.5
73.23076923076923 67.0 72.35714285714286 73.15384615384615 73.83333333333333
72.6923076923077 67.0 70.42857142857143 73.46153846153847 73.08333333333333
75.46153846153845 68.33333333333333 73.07142857142857 74.76923076923077 73.83333333333333
73.92307692307692 67.91666666666667 71.64285714285715 73.23076923076923 73.5
72.61538461538461 67.41666666666667 71.14285714285715 74.0 73.75
73.76923076923077 67.66666666666667 71.85714285714286 75.15384615384616 73.58333333333333
72.84615384615385 64.58333333333334 70.85714285714286 73.0 72.66666666666667
72.53846153846153 65.91666666666667 71.92857142857143 73.6923076923077 72.83333333333333
74.23076923076923 65.83333333333333 71.92857142857143 73.53846153846153 73.25
75.46153846153845 68.66666666666667 72.0 74.76923076923077 74.58333333333333
73.61538461538461 67.0 71.07142857142858 72.92307692307692 72.5
73.46153846153847 67.0 70.07142857142857 73.92307692307692 73.58333333333333
74.38461538461539 65.16666666666667 70.42857142857143 73.15384615384615 72.5
73.92307692307692 66.5 71.0 74.3076923076923 74.0
72.76923076923077 65.0 70.85714285714286 73.0 74.0
73.84615384615385 65.41666666666667 70.64285714285715 74.0 72.91666666666667
73.15384615384615 65.33333333333333 71.42857142857143 74.46153846153847 73.66666666666667
72.84615384615385 65.41666666666667 69.57142857142857 73.23076923076923 72.41666666666667
74.3076923076923 65.75 72.5 74.23076923076923 75.33333333333333
72.84615384615385 63.25 70.64285714285715 72.6923076923077 72.33333333333333
72.46153846153847 63.416666666666664 70.14285714285714 72.15384615384615 73.0
73.3076923076923 63.833333333333336 70.78571428571429 73.23076923076923 74.25
65.0 66.16666666666667 65.28571428571428 65.6923076923077 65.66666666666667
65.46153846153845 65.75 65.21428571428571 66.23076923076923 66.25
65.84615384615384 64.83333333333334 67.14285714285714 65.92307692307692 66.83333333333333
66.07692307692308 65.66666666666667 66.14285714285714 66.0 65.75
74.0 65.16666666666667 71.57142857142858 74.53846153846153 73.91666666666667
65.46153846153845 65.33333333333333 64.71428571428571 66.0 66.5
66.07692307692308 66.08333333333333 64.92857142857143 66.15384615384616 65.58333333333333
66.84615384615385 67.5 66.57142857142857 67.38461538461539 68.08333333333333
65.92307692307692 64.16666666666666 63.35714285714286 64.15384615384616 65.25
72.07692307692308 64.66666666666666 70.14285714285714 73.0 73.16666666666667
65.92307692307692 65.75 67.0 66.84615384615385 67.58333333333333
65.38461538461539 64.91666666666666 66.85714285714285 66.07692307692308 65.75
65.3076923076923 66.25 64.57142857142857 66.0 66.16666666666667
66.53846153846153 65.91666666666667 67.21428571428571 66.0 65.5
72.6923076923077 64.25 70.28571428571428 73.15384615384615 73.25
65.23076923076923 65.25 64.64285714285714 65.07692307692308 64.83333333333334
65.0 66.0 66.0 66.07692307692308 66.0
65.92307692307692 64.25 67.21428571428571 65.46153846153845 66.08333333333333
65.46153846153845 62.916666666666664 65.42857142857143 66.15384615384616 65.91666666666667
73.84615384615385 65.5 69.71428571428571 73.84615384615385 74.0
66.46153846153847 65.83333333333333 67.28571428571428 66.84615384615385 66.33333333333333
65.61538461538461 63.833333333333336 64.78571428571428 64.23076923076923 66.16666666666667
65.46153846153845 65.91666666666667 65.21428571428571 65.61538461538461 66.08333333333333
66.15384615384616 66.08333333333333 66.42857142857143 65.76923076923077 65.91666666666667
65.61538461538461 64.58333333333334 66.71428571428571 66.53846153846153 66.5
65.6923076923077 66.16666666666667 66.14285714285714 66.15384615384616 66.33333333333333
66.53846153846153 65.41666666666667 67.14285714285714 67.61538461538461 68.0
68.07692307692308 66.91666666666667 68.71428571428571 68.23076923076924 67.0
66.0 65.58333333333333 67.21428571428571 65.92307692307692 66.66666666666667
66.76923076923077 66.0 66.42857142857143 67.3076923076923 66.75
73.38461538461539 66.91666666666667 69.5 72.76923076923077 73.08333333333333
73.76923076923077 66.41666666666667 70.64285714285715 74.3076923076923 73.75
72.76923076923077 65.33333333333333 69.64285714285714 73.53846153846153 73.0
73.3076923076923 66.08333333333333 69.64285714285714 74.3076923076923 74.83333333333333
72.76923076923077 67.58333333333333 69.78571428571428 73.46153846153847 72.75
74.38461538461539 66.83333333333333 68.28571428571428 74.0 73.58333333333333
72.07692307692308 65.66666666666667 68.42857142857142 73.0 72.91666666666667
73.46153846153847 66.16666666666667 69.85714285714285 73.53846153846153 74.16666666666667
72.46153846153847 65.25 67.85714285714285 74.0 73.58333333333333
73.53846153846153 67.5 69.14285714285714 73.84615384615385 74.0
71.92307692307692 65.58333333333333 66.71428571428571 73.38461538461539 73.25
72.07692307692308 64.0 68.35714285714285 73.07692307692308 72.33333333333333
71.46153846153847 62.833333333333336 67.5 73.15384615384615 73.41666666666667
72.46153846153847 66.16666666666667 69.5 73.61538461538461 74.41666666666667
73.38461538461539 65.91666666666667 67.28571428571428 72.46153846153847 74.16666666666667
73.6923076923077 67.5 69.28571428571428 73.15384615384615 75.0
73.76923076923077 66.25 68.35714285714285 74.0 73.66666666666667
73.53846153846153 64.58333333333334 67.92857142857143 73.23076923076923 72.91666666666667
73.53846153846153 66.16666666666667 68.07142857142857 74.6923076923077 74.91666666666667
72.53846153846153 65.08333333333334 66.57142857142857 74.23076923076923 75.41666666666667
74.6923076923077 66.16666666666667 68.14285714285714 73.53846153846153 74.08333333333333
72.3076923076923 64.83333333333334 65.5 73.3076923076923 72.91666666666667
73.3076923076923 65.0 67.0 73.76923076923077 73.66666666666667
74.92307692307692 66.66666666666667 66.85714285714285 74.46153846153847 73.16666666666667
72.23076923076924 64.0 65.92857142857143 72.61538461538461 73.83333333333333
73.6923076923077 66.66666666666667 66.28571428571428 74.15384615384616 74.83333333333333
75.15384615384616 66.66666666666667 66.92857142857143 74.07692307692308 73.33333333333333
73.07692307692308 64.25 65.21428571428571 73.6923076923077 74.08333333333333
73.92307692307692 65.25 63.57142857142857 73.6923076923077 74.33333333333333
73.84615384615385 64.5 63.92857142857143 74.38461538461539 73.66666666666667
73.23076923076923 64.0 61.92857142857143 73.76923076923077 73.66666666666667
73.92307692307692 65.66666666666667 63.14285714285714 75.23076923076923 74.0
73.84615384615385 64.83333333333334 61.0 74.46153846153847 74.75
74.23076923076923 64.83333333333334 62.0 75.07692307692308 74.41666666666667
73.15384615384615 64.25 59.785714285714285 74.07692307692308 74.66666666666667
74.61538461538461 65.16666666666667 60.214285714285715 74.23076923076923 75.25
75.07692307692308 64.16666666666666 59.28571428571429 75.15384615384616 74.58333333333333
74.07692307692308 61.83333333333333 56.857142857142854 73.38461538461539 73.75
73.61538461538461 64.16666666666666 58.21428571428571 74.3076923076923 75.41666666666667
72.38461538461539 63.25 56.57142857142857 73.3076923076923 74.0
72.6923076923077 60.833333333333336 52.92857142857143 73.3076923076923 74.58333333333333
73.6923076923077 63.5 54.714285714285715 74.15384615384616 74.0
76.0 63.5 53.92857142857143 75.23076923076923 77.0
74.15384615384616 61.58333333333333 52.85714285714286 75.07692307692308 74.91666666666667
75.0 61.166666666666664 51.0 73.46153846153847 75.25
75.38461538461539 62.0 51.142857142857146 75.15384615384616 75.83333333333334
74.61538461538461 60.75 48.64285714285714 73.38461538461539 75.25
72.6923076923077 60.166666666666664 48.07142857142857 73.38461538461539 74.66666666666667
74.23076923076923 58.75 45.642857142857146 73.46153846153847 74.75
73.6923076923077 59.416666666666664 44.142857142857146 74.46153846153847 75.16666666666667
74.61538461538461 58.75 45.0 73.84615384615385 76.25
76.0 60.5 43.642857142857146 75.07692307692308 76.16666666666666
74.61538461538461 59.833333333333336 40.857142857142854 74.46153846153847 75.16666666666667
74.23076923076923 57.75 42.14285714285714 74.23076923076923 75.08333333333333
74.15384615384616 59.166666666666664 40.92857142857142 73.84615384615385 76.58333333333334
74.6923076923077 59.083333333333336 41.714285714285715 74.61538461538461 76.5
74.38461538461539 58.916666666666664 39.42857142857143 73.07692307692308 74.83333333333333
74.38461538461539 59.416666666666664 39.42857142857143 73.53846153846153 74.91666666666667
76.0 60.583333333333336 42.42857142857142 76.61538461538461 79.16666666666666
74.84615384615384 60.083333333333336 40.57142857142857 75.23076923076923 75.25
75.76923076923077 59.916666666666664 41.07142857142857 74.6923076923077 77.58333333333334
76.0 58.75 42.07142857142857 73.6923076923077 76.41666666666666
75.07692307692308 58.166666666666664 40.57142857142857 73.23076923076923 75.25
75.15384615384616 58.916666666666664 39.64285714285714 74.53846153846153 76.58333333333334
74.92307692307692 59.75 40.5 74.84615384615384 76.16666666666666
74.46153846153847 57.75 38.5 73.0 75.66666666666666
74.61538461538461 59.666666666666664 42.785714285714285 75.46153846153845 77.75
75.23076923076923 58.416666666666664 40.57142857142857 73.61538461538461 76.0
74.38461538461539 59.0 40.07142857142857 74.38461538461539 76.75
75.38461538461539 59.333333333333336 42.785714285714285 75.3076923076923 76.75
74.6923076923077 57.333333333333336 38.92857142857143 72.92307692307692 75.0
73.76923076923077 57.75 41.357142857142854 73.23076923076923 76.0
75.76923076923077 59.583333333333336 39.857142857142854 74.61538461538461 76.58333333333334
74.76923076923077 57.666666666666664 36.35714285714286 73.84615384615385 75.16666666666667
74.07692307692308 58.0 38.857142857142854 74.23076923076923 75.0
76.23076923076923 59.166666666666664 39.714285714285715 74.84615384615384 76.33333333333334
75.0 59.333333333333336 40.214285714285715 74.84615384615384 77.33333333333334
74.53846153846153 57.5 40.0 74.53846153846153 77.16666666666666
74.3076923076923 56.583333333333336 39.64285714285714 75.07692307692308 76.25
76.23076923076923 59.916666666666664 39.357142857142854 75.46153846153845 76.75
74.92307692307692 59.166666666666664 38.5 74.23076923076923 76.0
76.0 59.666666666666664 38.714285714285715 75.92307692307692 76.75
74.61538461538461 57.333333333333336 40.42857142857143 74.07692307692308 76.16666666666666
75.92307692307692 58.416666666666664 38.5 75.07692307692308 77.25
75.3076923076923 60.416666666666664 38.785714285714285 76.38461538461539 76.58333333333334
74.84615384615384 57.75 37.142857142857146 73.53846153846153 76.25
75.38461538461539 57.833333333333336 40.357142857142854 74.6923076923077 75.66666666666666
75.92307692307692 59.25 38.285714285714285 74.46153846153847 76.91666666666666
74.53846153846153 58.166666666666664 38.285714285714285 74.0 75.91666666666666
74.0 58.916666666666664 37.642857142857146 74.23076923076923 76.66666666666666
74.23076923076923 58.583333333333336 37.642857142857146 74.07692307692308 75.75
74.92307692307692 58.0 38.42857142857143 73.0 76.83333333333334
75.15384615384616 59.166666666666664 38.5 74.84615384615384 76.91666666666666
74.84615384615384 59.083333333333336 37.85714285714286 74.46153846153847 76.08333333333334
74.6923076923077 57.916666666666664 37.92857142857143 73.84615384615385 75.08333333333333
74.15384615384616 57.083333333333336 38.285714285714285 72.07692307692308 75.08333333333333
75.38461538461539 59.25 37.42857142857143 74.3076923076923 77.25
75.53846153846155 59.083333333333336 38.07142857142857 76.46153846153845 76.83333333333334
75.07692307692308 56.833333333333336 36.642857142857146 73.38461538461539 74.66666666666667
