32935.000 -0.400 -0.400 0.089
32936.000 -0.400 -0.331 0.297
32937.000 -0.400 -0.262 0.227
32938.000 -0.400 -0.192 0.074
32939.000 -0.400 -0.123 0.368
32940.000 -0.400 -0.054 0.374
32941.000 -0.400 0.015 0.342
32942.000 -0.400 0.085 0.335
32943.000 -0.400 0.154 0.402
32944.000 -0.400 0.223 0.365
32945.000 -0.400 0.292 0.467
32946.000 -0.400 0.362 0.212
32947.000 -0.400 0.431 0.199
32948.000 -0.331 -0.400 0.333
32949.000 -0.331 -0.331 0.032
32950.000 -0.331 -0.262 0.131
32951.000 -0.331 -0.192 0.174
32952.000 -0.331 -0.123 0.292
32953.000 -0.331 -0.054 0.265
32954.000 -0.331 0.015 0.007
32955.000 -0.331 0.085 0.136
32956.000 -0.331 0.154 0.342
32957.000 -0.331 0.223 0.026
32958.000 -0.331 0.292 0.032
32959.000 -0.331 0.362 0.196
32960.000 -0.331 0.431 0.393
32961.000 -0.262 -0.400 0.318
32962.000 -0.262 -0.331 0.339
32963.000 -0.262 -0.262 0.484
32964.000 -0.262 -0.192 0.350
32965.000 -0.262 -0.123 0.129
32966.000 -0.262 -0.054 0.201
32967.000 -0.262 0.015 0.206
32968.000 -0.262 0.085 0.191
32969.000 -0.262 0.154 0.459
32970.000 -0.262 0.223 0.120
32971.000 -0.262 0.292 0.392
32972.000 -0.262 0.362 0.174
32973.000 -0.262 0.431 0.132
32974.000 -0.192 -0.400 0.248
32975.000 -0.192 -0.331 0.353
32976.000 -0.192 -0.262 0.440
32977.000 -0.192 -0.192 0.421
32978.000 -0.192 -0.123 0.083
32979.000 -0.192 -0.054 0.329
32980.000 -0.192 0.015 0.224
32981.000 -0.192 0.085 0.156
32982.000 -0.192 0.154 0.063
32983.000 -0.192 0.223 0.376
32984.000 -0.192 0.292 0.103
32985.000 -0.192 0.362 0.360
32986.000 -0.192 0.431 0.225
32987.000 -0.123 -0.400 0.421
32988.000 -0.123 -0.331 0.106
32989.000 -0.123 -0.262 0.483
32990.000 -0.123 -0.192 0.059
32991.000 -0.123 -0.123 0.328
32992.000 -0.123 -0.054 0.147
32993.000 -0.123 0.015 0.241
32994.000 -0.123 0.085 0.317
32995.000 -0.123 0.154 0.220
32996.000 -0.123 0.223 0.261
32997.000 -0.123 0.292 0.009
32998.000 -0.123 0.362 0.170
32999.000 -0.123 0.431 0.365
33000.000 -0.054 -0.400 0.344
33001.000 -0.054 -0.331 0.313
33002.000 -0.054 -0.262 0.160
33003.000 -0.054 -0.192 0.203
33004.000 -0.054 -0.123 0.438
33005.000 -0.054 -0.054 0.238
33006.000 -0.054 0.015 0.480
33007.000 -0.054 0.085 0.346
33008.000 -0.054 0.154 0.108
33009.000 -0.054 0.223 0.348
33010.000 -0.054 0.292 0.365
33011.000 -0.054 0.362 0.448
33012.000 -0.054 0.431 0.010
33013.000 0.015 -0.400 0.110
33014.000 0.015 -0.331 0.303
33015.000 0.015 -0.262 0.266
33016.000 0.015 -0.192 0.089
33017.000 0.015 -0.123 0.151
33018.000 0.015 -0.054 0.413
33019.000 0.015 0.015 0.311
33020.000 0.015 0.085 0.279
33021.000 0.015 0.154 0.246
33022.000 0.015 0.223 0.182
33023.000 0.015 0.292 0.400
33024.000 0.015 0.362 0.238
33025.000 0.015 0.431 0.451
33026.000 0.085 -0.400 0.039
33027.000 0.085 -0.331 0.036
33028.000 0.085 -0.262 0.030
33029.000 0.085 -0.192 0.017
33030.000 0.085 -0.123 0.090
33031.000 0.085 -0.054 0.278
33032.000 0.085 0.015 0.023
33033.000 0.085 0.085 0.131
33034.000 0.085 0.154 0.105
33035.000 0.085 0.223 0.227
33036.000 0.085 0.292 0.254
33037.000 0.085 0.362 0.092
33038.000 0.085 0.431 0.187
33039.000 0.154 -0.400 0.164
33040.000 0.154 -0.262 0.282
33041.000 0.154 -0.192 0.382
33042.000 0.154 -0.123 0.307
33043.000 0.154 -0.054 0.329
33044.000 0.154 0.015 0.322
33045.000 0.154 0.085 0.079
33046.000 0.154 0.154 0.169
33047.000 0.154 0.223 0.325
33048.000 0.154 0.292 0.407
33049.000 0.154 0.362 0.451
33050.000 0.154 0.431 0.301
33051.000 0.223 -0.400 0.432
33052.000 0.223 -0.331 0.112
33053.000 0.223 -0.262 0.200
33054.000 0.223 -0.192 0.125
33055.000 0.223 -0.123 0.298
33056.000 0.223 -0.054 0.062
33057.000 0.223 0.015 0.115
33058.000 0.223 0.085 0.115
33059.000 0.223 0.154 0.222
33060.000 0.223 0.223 0.461
33061.000 0.223 0.292 0.415
33062.000 0.223 0.362 0.374
33063.000 0.223 0.431 0.213
33064.000 0.292 -0.400 0.209
33065.000 0.292 -0.331 0.000
33066.000 0.292 -0.262 0.277
33067.000 0.292 -0.192 0.050
33068.000 0.292 -0.123 0.486
33069.000 0.292 -0.054 0.199
33070.000 0.292 0.015 0.256
33071.000 0.292 0.085 0.078
33072.000 0.292 0.154 0.207
33073.000 0.292 0.223 0.181
33074.000 0.292 0.292 0.272
33075.000 0.292 0.362 0.025
33076.000 0.292 0.431 0.337
33077.000 0.362 -0.400 0.009
33078.000 0.362 -0.331 0.184
33079.000 0.362 -0.262 0.278
33080.000 0.362 -0.192 0.160
33081.000 0.362 -0.123 0.126
33082.000 0.362 -0.054 0.375
33083.000 0.362 0.015 0.370
33084.000 0.362 0.085 0.413
33085.000 0.362 0.154 0.259
33086.000 0.362 0.223 0.336
33087.000 0.362 0.292 0.275
33088.000 0.362 0.362 0.411
33089.000 0.362 0.431 0.331
33090.000 0.431 -0.400 0.330
33091.000 0.431 -0.331 0.071
33092.000 0.431 -0.262 0.126
33093.000 0.431 -0.192 0.352
33094.000 0.431 -0.123 0.463
33095.000 0.431 -0.054 0.482
33096.000 0.431 0.015 0.428
33097.000 0.431 0.085 0.301
33098.000 0.431 0.154 0.471
33099.000 0.431 0.223 0.338
33100.000 0.431 0.292 0.051
33101.000 0.431 0.362 0.025
33102.000 0.431 0.431 0.372
