0.0 0.22162883845126835 0.052631578947368425 0.001422475106685633 0.001402524544179523
0.0 0.1802403204272363 0.06543385490753913 0.0 0.0
0.0 0.1855807743658211 0.06543385490753913 0.001422475106685633 0.0
0.0 0.18424566088117492 0.07254623044096728 0.0 0.0
0.001443001443001443 0.17089452603471297 0.06970128022759602 0.001422475106685633 0.0
0.001443001443001443 0.18691588785046728 0.07965860597439545 0.001422475106685633 0.0
0.001443001443001443 0.15086782376502 0.09103840682788052 0.0 0.0
0.0 0.157543391188251 0.04836415362731152 0.0 0.0
0.001443001443001443 0.16955941255006676 0.07396870554765292 0.0 0.0
0.001443001443001443 0.20293724966622162 0.06970128022759602 0.0 0.0
0.0 0.2109479305740988 0.07681365576102418 0.0 0.0
0.001443001443001443 0.16822429906542055 0.07965860597439545 0.001422475106685633 0.0
0.0 0.1855807743658211 0.06970128022759602 0.002844950213371266 0.0
0.0 0.1882510013351135 0.06970128022759602 0.001422475106685633 0.0
0.0 0.25634178905206945 0.06827880512091038 0.0 0.0
0.0 0.212283044058745 0.05405405405405405 0.0 0.0
0.0 0.2069425901201602 0.06543385490753913 0.001422475106685633 0.0
0.002886002886002886 0.23097463284379172 0.08677098150782361 0.0 0.0
0.0 0.25634178905206945 0.07254623044096728 0.001422475106685633 0.0
0.0 0.2349799732977303 0.07965860597439545 0.0 0.0
0.001443001443001443 0.22162883845126835 0.07681365576102418 0.0 0.001402524544179523
0.001443001443001443 0.22162883845126835 0.059743954480796585 0.0 0.0
0.001443001443001443 0.25500667556742324 0.08534850640113797 0.0 0.0
0.0 0.22696929238985314 0.07396870554765292 0.0 0.0
0.0 0.24299065420560748 0.09103840682788052 0.0 0.0
0.001443001443001443 0.2363150867823765 0.09246088193456614 0.0 0.0
0.0 0.27770360480640854 0.061166429587482224 0.0 0.0
0.001443001443001443 0.25500667556742324 0.06970128022759602 0.0 0.0
0.0 0.2990654205607477 0.08534850640113797 0.0 0.0
0.0 0.2643524699599466 0.08819345661450925 0.001422475106685633 0.0
0.002886002886002886 0.24032042723631508 0.07823613086770982 0.0 0.0
0.0 0.2963951935914553 0.07254623044096728 0.001422475106685633 0.0
0.0 0.3911882510013351 0.07254623044096728 0.0 0.0
0.0 0.3644859813084112 0.09815078236130867 0.002844950213371266 0.0
0.001443001443001443 0.35113484646194926 0.08534850640113797 0.001422475106685633 0.0
0.0 0.3190921228304406 0.08250355618776672 0.001422475106685633 0.0
0.0 0.3484646194926569 0.07539118065433854 0.0 0.0
0.0 0.3257676902536716 0.07681365576102418 0.0 0.0
0.0 0.35246995994659547 0.08961593172119488 0.0 0.0
0.001443001443001443 0.38451268357810414 0.08392603129445235 0.001422475106685633 0.0
0.0 0.34579439252336447 0.06827880512091038 0.0 0.0
0.0 0.3938584779706275 0.06970128022759602 0.0 0.0
0.0 0.39652870493991993 0.06543385490753913 0.0 0.0
0.0 0.4272363150867824 0.09246088193456614 0.002844950213371266 0.0
0.0 0.4325767690253671 0.08961593172119488 0.001422475106685633 0.0
0.001443001443001443 0.4432576769025367 0.08961593172119488 0.0 0.0
0.0 0.44058744993324434 0.1081081081081081 0.002844950213371266 0.0
0.0 0.472630173564753 0.06970128022759602 0.0 0.0
0.002886002886002886 0.4966622162883845 0.10953058321479374 0.0 0.0
0.0 0.48331108144192253 0.09815078236130867 0.0 0.0
0.0 0.5020026702269693 0.07112375533428165 0.0 0.0
0.0 0.4499332443257677 0.06827880512091038 0.0 0.0
0.001443001443001443 0.5447263017356476 0.10384068278805121 0.0 0.0
0.0 0.5527369826435247 0.09815078236130867 0.0 0.0
0.0 0.5327102803738317 0.07823613086770982 0.0 0.0
0.0 0.6021361815754339 0.09530583214793742 0.0 0.0
0.0 0.5660881174899867 0.09530583214793742 0.0 0.0
0.001443001443001443 0.6395193591455274 0.10384068278805121 0.0 0.0
0.0 0.6248331108144193 0.09530583214793742 0.0 0.0
0.0 0.6528704939919893 0.11522048364153627 0.0 0.0
0.001443001443001443 0.69826435246996 0.11948790896159317 0.001422475106685633 0.0
0.001443001443001443 0.7276368491321763 0.12233285917496445 0.002844950213371266 0.0
0.001443001443001443 0.7489986648865153 0.1166429587482219 0.0 0.0
0.0 0.7396528704939921 0.1081081081081081 0.001422475106685633 0.001402524544179523
0.0 0.8237650200267023 0.10668563300142248 0.001422475106685633 0.0
0.0 0.8758344459279039 0.13655761024182075 0.0 0.001402524544179523
0.0 0.8157543391188251 0.12375533428165007 0.0 0.0
0.0 0.8691588785046729 0.1251778093883357 0.0 0.0
0.001443001443001443 0.8865153538050734 0.1422475106685633 0.0 0.0
0.001443001443001443 0.9385847797062751 0.13655761024182075 0.0 0.0
0.0 0.835781041388518 0.09672830725462304 0.001422475106685633 0.0
0.0 0.9172229639519359 0.16073968705547653 0.0 0.0
0.001443001443001443 1.0774365821094793 0.17354196301564723 0.001422475106685633 0.0
0.001443001443001443 0.993324432576769 0.14509246088193456 0.0 0.0
0.0 1.0520694259012016 0.14509246088193456 0.0 0.0
0.0 1.0921228304405874 0.17923186344238975 0.001422475106685633 0.0
0.001443001443001443 1.0520694259012016 0.13229018492176386 0.0 0.0
0.0 1.20694259012016 0.16927453769559034 0.0 0.0
0.0 1.1522029372496663 0.15789473684210525 0.0 0.0
0.001443001443001443 1.240320427236315 0.16358463726884778 0.001422475106685633 0.0
0.0 1.2523364485981308 0.18634423897581792 0.0 0.0
0.0 1.2523364485981308 0.1934566145092461 0.001422475106685633 0.0
0.002886002886002886 1.2683578104138853 0.18492176386913228 0.0 0.0
0.0 1.2883845126835782 0.1678520625889047 0.0 0.0
0.0 1.2790387182910548 0.2105263157894737 0.001422475106685633 0.0
0.0 1.4939919893190923 0.20056899004267426 0.0 0.0
0.0 1.4285714285714286 0.19487908961593173 0.0 0.0
0.0 1.5246995994659545 0.18492176386913228 0.0 0.0
0.0 1.417890520694259 0.17069701280227595 0.0 0.0
0.001443001443001443 1.5634178905206941 0.18776671408250356 0.0 0.0
0.0 1.5153538050734312 0.20625889046941678 0.0 0.0
0.0 1.6395193591455275 0.22617354196301565 0.0 0.0
0.001443001443001443 1.6929238985313753 0.2603129445234708 0.0 0.0
0.0 1.6568758344459278 0.2332859174964438 0.0 0.0
0.0 1.7036048064085447 0.2147937411095306 0.0 0.0
0.0 1.6769025367156207 0.2147937411095306 0.0 0.0
0.001443001443001443 1.7436582109479304 0.22190611664295876 0.0 0.0
0.0 1.7476635514018692 0.2546230440967283 0.0 0.0
0.0 1.7503337783711614 0.23897581792318634 0.0 0.0
0.0 1.7903871829105475 0.2546230440967283 0.0 0.0
0.0 1.8558077436582108 0.283072546230441 0.0 0.0
0.0 0.16955941255006676 0.002844950213371266 0.0 0.0
0.0 0.17222963951935913 0.0 0.0 0.0
0.0 0.16154873164218958 0.001422475106685633 0.0 0.0
0.0 0.16154873164218958 0.0 0.0 0.0
0.0 1.9212283044058744 0.2702702702702703 0.0 0.0
0.0 0.14018691588785046 0.001422475106685633 0.0 0.001402524544179523
0.0 0.1548731642189586 0.0 0.0 0.0
0.0 0.1602136181575434 0.0 0.0 0.0
0.0 0.18424566088117492 0.001422475106685633 0.0 0.0
0.0 1.4846461949265688 0.38264580369843526 0.0 0.0
0.0 0.14953271028037385 0.001422475106685633 0.0 0.0
0.0 0.1588785046728972 0.0 0.0 0.0
0.0 0.17089452603471297 0.0 0.0 0.0
0.0 0.17356475300400534 0.0 0.0 0.0
0.0 1.9345794392523363 0.2574679943100996 0.0 0.0
0.0 0.17222963951935913 0.0 0.0 0.001402524544179523
0.0 0.1602136181575434 0.0 0.0 0.0
0.0 0.17356475300400534 0.0 0.0 0.0
0.0 0.16555407209612816 0.0 0.0 0.0
0.0 1.506008010680908 0.39544807965860596 0.0 0.0
0.0 0.16688918558077437 0.0 0.0 0.0
0.0 0.16822429906542055 0.0 0.0 0.0
0.0 0.17089452603471297 0.0 0.0 0.0
0.0 0.17222963951935913 0.0 0.001422475106685633 0.0
0.0 0.1815754339118825 0.0 0.0 0.0
0.0 0.18424566088117492 0.0 0.0 0.0
0.0 0.1789052069425901 0.0 0.0 0.0
0.0 0.16154873164218958 0.0 0.0 0.0
0.0 0.15620827770360482 0.0 0.0 0.0
0.0 0.1789052069425901 0.0 0.0 0.0
0.0 1.5500667556742322 0.40256045519203415 0.001422475106685633 0.0
0.0 1.5166889185580774 0.368421052631579 0.0 0.0
0.0 1.45260347129506 0.4395448079658606 0.0 0.0
0.0 1.5180240320427236 0.41251778093883357 0.0 0.0
0.0 1.4405874499332445 0.39544807965860596 0.001422475106685633 0.0
0.0 1.4405874499332445 0.4082503556187767 0.0 0.0
0.001443001443001443 1.4672897196261683 0.4210526315789474 0.001422475106685633 0.001402524544179523
0.0 1.4699599465954607 0.3926031294452347 0.0 0.0
0.002886002886002886 1.4485981308411215 0.37695590327169276 0.001422475106685633 0.0
0.0 1.4712950600801067 0.4409672830725462 0.0 0.0
0.0 1.3885180240320427 0.368421052631579 0.0 0.0
0.0 1.465954606141522 0.3741109530583215 0.0 0.0
0.001443001443001443 1.4646194926568759 0.3854907539118066 0.0 0.0
0.0 1.4552736982643526 0.37268847795163584 0.001422475106685633 0.0
0.0 1.3925233644859811 0.411095305832148 0.001422475106685633 0.002805049088359046
0.0 1.4138851802403205 0.3741109530583215 0.0 0.0
0.0 1.4646194926568759 0.3812233285917497 0.001422475106685633 0.001402524544179523
0.0 1.4018691588785046 0.30867709815078237 0.0 0.0
0.001443001443001443 1.4873164218958612 0.3456614509246088 0.0 0.0
0.0 1.412550066755674 0.3755334281650071 0.0 0.0
0.0 1.4299065420560748 0.3613086770981508 0.001422475106685633 0.0
0.0 1.444592790387183 0.4082503556187767 0.001422475106685633 0.0
0.0 1.4485981308411215 0.3300142247510669 0.001422475106685633 0.001402524544179523
0.0 1.4352469959946597 0.352773826458037 0.0 0.001402524544179523
0.0 1.363150867823765 0.310099573257468 0.0 0.0
0.001443001443001443 1.3858477970627503 0.37268847795163584 0.0 0.0
0.0 1.3791722296395192 0.368421052631579 0.0 0.0
0.0 1.3938584779706276 0.3058321479374111 0.0 0.0
0.0 1.4285714285714286 0.3584637268847795 0.0 0.0
0.0 1.3404539385847798 0.35135135135135137 0.001422475106685633 0.0
0.0 1.3991989319092122 0.3499288762446657 0.0 0.0
0.0 1.3658210947930574 0.294452347083926 0.001422475106685633 0.0
0.002886002886002886 1.3604806408544727 0.3584637268847795 0.002844950213371266 0.0
0.0 1.3190921228304404 0.2816500711237553 0.0 0.0
0.0 1.3644859813084111 0.30725462304409673 0.001422475106685633 0.0
0.0 1.3578104138851803 0.29160739687055476 0.001422475106685633 0.0
0.0 1.3925233644859811 0.2844950213371266 0.0 0.0
0.0 1.4432576769025367 0.310099573257468 0.001422475106685633 0.0
0.0 1.3084112149532712 0.25604551920341395 0.001422475106685633 0.0
0.0 1.2910547396528704 0.2731152204836415 0.001422475106685633 0.0
0.0 1.3337783711615487 0.294452347083926 0.0 0.0
0.0 1.2710280373831775 0.23186344238975817 0.001422475106685633 0.0
0.0 1.3137516688918558 0.31721194879089615 0.002844950213371266 0.0
0.0 1.3364485981308412 0.2731152204836415 0.001422475106685633 0.0
0.0 1.2870493991989318 0.26458036984352773 0.002844950213371266 0.0
0.0 1.3057409879839785 0.2204836415362731 0.0 0.0
0.0 1.2977303070761015 0.2532005689900427 0.001422475106685633 0.0
0.0 1.2590120160213618 0.19061166429587484 0.001422475106685633 0.0
0.0 1.2897196261682242 0.21906116642958748 0.001422475106685633 0.0
0.001443001443001443 1.2843791722296396 0.23470839260312945 0.0 0.0
0.001443001443001443 1.27369826435247 0.21337126600284495 0.0 0.0
0.001443001443001443 1.2790387182910548 0.2204836415362731 0.0 0.0
0.0 1.2977303070761015 0.24039829302987198 0.0 0.0
0.0 1.2376502002670227 0.16927453769559034 0.001422475106685633 0.0
0.0 1.1802403204272363 0.2019914651493599 0.0 0.0
0.001443001443001443 1.2723631508678237 0.18207681365576103 0.0 0.0
0.001443001443001443 1.2416555407209613 0.22617354196301565 0.0 0.0
0.001443001443001443 1.2096128170894527 0.21763869132290184 0.0 0.0
0.0 1.2777036048064085 0.20625889046941678 0.001422475106685633 0.0
0.0 1.2202937249666221 0.21337126600284495 0.0 0.0
0.0 1.2723631508678237 0.22617354196301565 0.001422475106685633 0.0
0.0 1.2683578104138853 0.20056899004267426 0.001422475106685633 0.0
0.0 1.2456608811749 0.2162162162162162 0.001422475106685633 0.0
0.0 1.27369826435247 0.2204836415362731 0.0 0.0
0.0 1.2683578104138853 0.2119487908961593 0.0 0.0
0.0 1.3190921228304404 0.24039829302987198 0.002844950213371266 0.0
0.0 1.2883845126835782 0.2119487908961593 0.0 0.0
0.001443001443001443 1.3284379172229641 0.21906116642958748 0.001422475106685633 0.0
0.0 1.2376502002670227 0.2019914651493599 0.002844950213371266 0.0
0.0 1.2897196261682242 0.21337126600284495 0.0 0.0
0.0 1.2590120160213618 0.22475106685633 0.001422475106685633 0.0
0.0 1.3137516688918558 0.2233285917496444 0.0 0.0
0.001443001443001443 1.2109479305740989 0.20483641536273114 0.0 0.0
0.0 1.2416555407209613 0.22190611664295876 0.002844950213371266 0.0
0.0 1.2696929238985315 0.20910384068278803 0.0 0.0
0.0 1.2429906542056075 0.21763869132290184 0.001422475106685633 0.0
0.0 1.260347129506008 0.17069701280227595 0.0 0.0
0.0 1.2963951935914553 0.21337126600284495 0.002844950213371266 0.0
0.0 1.3164218958611482 0.20768136557610242 0.0 0.001402524544179523
0.001443001443001443 1.2977303070761015 0.21906116642958748 0.001422475106685633 0.0
0.0 1.2803738317757007 0.21337126600284495 0.0 0.0
0.0 1.2710280373831775 0.2162162162162162 0.002844950213371266 0.0
0.0 1.2483311081441923 0.19772403982930298 0.0 0.0
0.0 1.2109479305740989 0.2361308677098151 0.0 0.0
0.0 1.2576769025367156 0.2119487908961593 0.001422475106685633 0.0
0.0 1.3004005340453937 0.19630156472261734 0.001422475106685633 0.0
0.0 1.2563417890520694 0.2119487908961593 0.001422475106685633 0.001402524544179523
0.0 1.3004005340453937 0.19914651493598864 0.0 0.0
0.0 1.2590120160213618 0.2290184921763869 0.0 0.0
0.0 1.2563417890520694 0.19914651493598864 0.0 0.0
0.0 1.253671562082777 0.19772403982930298 0.0 0.0
0.0 1.2349799732977305 0.18634423897581792 0.0 0.0
0.0 1.3057409879839785 0.20625889046941678 0.001422475106685633 0.0
0.0 1.17890520694259 0.18776671408250356 0.0 0.0
0.0 1.2149532710280375 0.2147937411095306 0.0 0.0
0.0 1.2296395193591456 0.2105263157894737 0.0 0.0
0.0 1.2803738317757007 0.23186344238975817 0.0 0.0
0.0 1.3057409879839785 0.21337126600284495 0.0 0.0
0.0 1.2550066755674234 0.1934566145092461 0.001422475106685633 0.0
