14.666666666666666 32.33333333333333 27.799999999999997 16.833333333333332 12.8
15.833333333333334 32.666666666666664 28.400000000000002 13.0 11.4
15.0 33.0 25.6 12.166666666666666 15.2
13.833333333333332 32.16666666666667 28.0 13.166666666666666 13.6
15.0 32.5 28.6 13.833333333333332 13.799999999999999
17.5 28.666666666666668 24.6 13.333333333333334 14.200000000000001
18.666666666666668 33.666666666666664 26.4 13.5 14.200000000000001
15.333333333333332 31.666666666666668 27.400000000000002 14.5 13.4
12.833333333333334 32.666666666666664 31.8 14.166666666666666 12.0
16.833333333333332 33.166666666666664 28.400000000000002 12.333333333333334 14.6
15.166666666666666 29.333333333333332 28.8 12.666666666666666 10.8
13.166666666666666 30.666666666666664 28.0 12.833333333333334 15.4
14.333333333333334 30.833333333333336 28.0 14.833333333333334 13.799999999999999
17.0 31.833333333333332 27.599999999999998 13.666666666666668 16.6
18.833333333333332 31.666666666666668 27.0 13.833333333333332 16.0
18.166666666666668 32.33333333333333 28.6 15.166666666666666 12.0
16.166666666666664 34.5 27.599999999999998 13.833333333333332 12.0
18.0 29.666666666666668 26.599999999999998 11.833333333333332 15.4
16.333333333333332 33.0 26.599999999999998 16.666666666666668 14.6
15.833333333333334 32.33333333333333 27.799999999999997 12.166666666666666 11.0
15.0 29.666666666666668 28.2 14.666666666666666 11.0
16.0 31.666666666666668 26.4 14.0 12.6
15.666666666666666 32.16666666666667 27.799999999999997 12.0 13.6
18.0 30.166666666666668 26.8 13.5 11.4
13.333333333333334 29.5 28.0 14.333333333333334 12.6
17.5 32.833333333333336 27.799999999999997 13.166666666666666 14.4
15.666666666666666 34.666666666666664 28.6 13.0 12.4
16.5 32.833333333333336 26.0 12.833333333333334 12.4
15.333333333333332 31.0 29.6 13.333333333333334 13.0
16.333333333333332 34.0 26.8 12.666666666666666 13.799999999999999
15.833333333333334 30.833333333333336 30.8 15.166666666666666 12.4
13.5 34.833333333333336 28.2 16.166666666666664 14.0
14.166666666666666 32.33333333333333 26.4 14.333333333333334 16.8
17.166666666666668 33.5 27.400000000000002 12.333333333333334 12.200000000000001
15.5 34.333333333333336 27.599999999999998 13.0 11.4
17.0 31.833333333333332 27.599999999999998 11.333333333333334 12.0
15.666666666666666 30.5 28.8 14.666666666666666 15.2
15.166666666666666 33.0 24.400000000000002 15.666666666666666 15.0
16.0 31.833333333333332 26.599999999999998 17.666666666666668 13.799999999999999
16.166666666666664 34.666666666666664 25.4 15.833333333333334 12.200000000000001
17.166666666666668 33.166666666666664 26.0 12.666666666666666 11.2
18.0 32.666666666666664 27.599999999999998 17.0 13.2
18.0 34.666666666666664 26.4 19.5 12.4
15.833333333333334 31.5 29.6 12.833333333333334 10.8
11.666666666666668 30.5 25.2 16.5 11.4
16.5 31.166666666666664 31.2 15.833333333333334 11.4
16.5 29.666666666666668 27.799999999999997 15.833333333333334 11.2
16.0 32.33333333333333 30.0 12.833333333333334 13.799999999999999
11.0 32.833333333333336 27.2 17.166666666666668 13.0
13.166666666666666 33.0 26.8 14.333333333333334 11.0
16.5 31.0 31.6 14.333333333333334 14.8
16.666666666666668 30.833333333333336 30.4 13.666666666666668 14.4
17.666666666666668 33.166666666666664 26.0 16.833333333333332 15.4
16.833333333333332 32.666666666666664 27.599999999999998 13.666666666666668 12.4
15.5 32.33333333333333 26.4 12.166666666666666 13.4
15.5 30.0 29.8 14.666666666666666 11.6
19.5 32.666666666666664 26.8 15.333333333333332 9.6
16.0 34.166666666666664 30.0 13.166666666666666 10.200000000000001
19.666666666666664 32.5 26.200000000000003 14.166666666666666 11.6
16.0 32.16666666666667 28.6 13.666666666666668 15.2
12.833333333333334 31.166666666666664 33.6 14.666666666666666 14.6
16.333333333333332 32.33333333333333 27.2 14.166666666666666 15.8
14.333333333333334 33.666666666666664 27.400000000000002 12.833333333333334 12.6
15.166666666666666 32.5 25.0 12.333333333333334 14.4
14.666666666666666 33.166666666666664 25.2 14.5 13.6
15.0 32.666666666666664 27.0 12.166666666666666 15.6
16.333333333333332 32.16666666666667 28.400000000000002 15.833333333333334 14.0
16.666666666666668 33.166666666666664 28.400000000000002 12.833333333333334 15.0
16.666666666666668 31.833333333333332 28.6 11.5 12.8
17.5 31.333333333333332 27.400000000000002 13.666666666666668 13.6
15.333333333333332 34.0 28.0 15.0 10.6
18.5 29.0 29.4 14.5 13.4
16.666666666666668 32.666666666666664 25.8 14.5 11.799999999999999
16.666666666666668 30.333333333333332 27.599999999999998 14.333333333333334 12.0
15.666666666666666 32.33333333333333 22.8 15.166666666666666 14.6
16.833333333333332 35.166666666666664 27.799999999999997 14.833333333333334 14.4
15.5 32.0 28.400000000000002 15.5 13.0
16.333333333333332 30.833333333333336 25.0 14.0 13.0
16.333333333333332 32.16666666666667 29.8 11.166666666666666 12.8
14.833333333333334 33.0 27.400000000000002 15.333333333333332 16.0
18.5 30.166666666666668 24.400000000000002 15.5 13.799999999999999
17.833333333333332 32.0 29.2 12.0 14.8
17.0 34.833333333333336 28.6 14.333333333333334 13.2
15.333333333333332 32.5 28.8 13.666666666666668 12.0
14.5 31.5 24.400000000000002 16.0 13.2
13.0 33.5 28.6 13.833333333333332 12.8
14.5 34.5 28.400000000000002 13.833333333333332 11.6
19.0 32.16666666666667 27.799999999999997 13.5 14.4
17.666666666666668 36.166666666666664 28.400000000000002 11.0 14.200000000000001
14.833333333333334 33.833333333333336 27.400000000000002 17.666666666666668 11.6
19.166666666666664 31.5 29.6 13.5 14.4
14.5 32.5 28.400000000000002 13.333333333333334 11.6
17.0 32.5 27.0 15.666666666666666 13.6
16.166666666666664 31.666666666666668 29.6 12.166666666666666 11.2
17.833333333333332 33.666666666666664 28.8 14.5 12.6
15.833333333333334 34.333333333333336 28.400000000000002 12.666666666666666 14.6
15.666666666666666 32.33333333333333 28.8 17.166666666666668 14.200000000000001
15.833333333333334 33.333333333333336 26.8 14.5 13.0
14.833333333333334 32.833333333333336 26.8 13.166666666666666 14.6
14.333333333333334 32.5 28.6 13.333333333333334 12.8
17.666666666666668 32.0 30.4 15.333333333333332 14.6
16.0 14.666666666666666 17.2 17.5 14.0
13.833333333333332 17.666666666666668 15.2 15.5 17.0
15.5 13.666666666666668 16.6 13.833333333333332 16.0
13.666666666666668 14.5 17.0 11.666666666666668 18.0
13.166666666666666 33.5 25.6 14.5 14.200000000000001
14.666666666666666 17.0 14.0 15.166666666666666 15.2
15.666666666666666 16.166666666666664 17.0 15.5 10.8
14.5 16.666666666666668 14.4 15.833333333333334 15.6
15.833333333333334 13.333333333333334 12.200000000000001 17.333333333333332 17.0
15.833333333333334 24.666666666666668 32.0 14.0 15.6
16.833333333333332 11.833333333333332 14.6 16.5 17.4
14.333333333333334 16.833333333333332 14.200000000000001 11.166666666666666 17.6
13.5 12.666666666666666 13.4 13.666666666666668 12.0
12.5 16.0 16.400000000000002 16.166666666666664 17.0
14.0 33.5 28.6 12.833333333333334 9.799999999999999
13.0 16.833333333333332 16.400000000000002 17.833333333333332 15.0
15.833333333333334 15.833333333333334 16.400000000000002 13.166666666666666 13.0
16.833333333333332 15.166666666666666 15.2 13.666666666666668 15.0
18.666666666666668 12.666666666666666 14.200000000000001 14.333333333333334 16.6
15.333333333333332 27.833333333333336 31.2 12.0 13.6
17.0 17.166666666666668 12.6 13.666666666666668 15.6
13.333333333333334 13.166666666666666 17.0 14.666666666666666 14.200000000000001
13.5 15.5 17.2 13.166666666666666 14.8
14.666666666666666 15.5 14.0 15.666666666666666 17.8
13.5 13.833333333333332 16.0 13.833333333333332 15.0
12.166666666666666 17.666666666666668 14.6 14.333333333333334 16.0
16.166666666666664 14.5 16.6 13.666666666666668 14.0
17.833333333333332 16.166666666666664 15.6 14.833333333333334 15.4
11.333333333333334 15.833333333333334 15.6 14.666666666666666 15.8
17.666666666666668 15.333333333333332 15.2 14.5 18.2
14.166666666666666 29.666666666666668 32.599999999999994 15.666666666666666 14.0
14.333333333333334 29.833333333333332 35.4 12.333333333333334 10.200000000000001
17.0 30.666666666666664 32.0 14.333333333333334 13.799999999999999
14.833333333333334 25.666666666666668 31.0 15.0 14.4
15.833333333333334 30.5 34.4 14.833333333333334 12.6
17.666666666666668 29.333333333333332 29.6 17.166666666666668 14.4
15.833333333333334 27.5 32.2 15.666666666666666 11.0
17.0 27.666666666666664 35.0 13.666666666666668 14.200000000000001
15.666666666666666 23.666666666666664 35.8 16.0 12.0
13.833333333333332 30.166666666666668 31.8 13.0 14.4
15.0 27.333333333333336 33.4 14.666666666666666 14.4
13.5 25.666666666666668 33.2 14.833333333333334 17.4
14.166666666666666 25.666666666666668 33.8 13.0 14.4
14.0 31.333333333333332 31.4 14.0 16.8
15.0 27.5 34.6 18.0 11.799999999999999
15.166666666666666 32.833333333333336 33.0 14.833333333333334 12.4
15.166666666666666 27.5 35.0 12.166666666666666 12.8
16.666666666666668 31.666666666666668 35.4 15.166666666666666 14.8
12.333333333333334 33.333333333333336 36.8 16.833333333333332 13.0
18.333333333333332 30.333333333333332 37.8 13.5 14.8
16.0 28.833333333333332 30.8 15.833333333333334 13.799999999999999
13.333333333333334 29.0 34.6 14.166666666666666 12.0
15.5 30.5 33.2 14.333333333333334 14.200000000000001
17.666666666666668 32.33333333333333 30.8 12.333333333333334 13.4
14.0 27.333333333333336 31.6 13.333333333333334 13.6
15.166666666666666 29.166666666666668 32.599999999999994 14.833333333333334 12.200000000000001
16.166666666666664 28.333333333333332 35.4 12.166666666666666 13.0
14.666666666666666 27.333333333333336 34.4 14.166666666666666 14.8
13.0 28.166666666666668 33.4 14.833333333333334 11.0
15.166666666666666 32.666666666666664 33.8 14.666666666666666 11.799999999999999
14.166666666666666 29.666666666666668 34.0 15.833333333333334 9.2
15.0 29.666666666666668 32.0 14.333333333333334 15.8
16.166666666666664 30.166666666666668 35.4 14.166666666666666 12.0
16.0 30.5 31.6 15.5 14.0
14.0 30.333333333333332 34.4 16.333333333333332 13.6
16.833333333333332 28.333333333333332 39.0 15.0 18.0
15.5 28.333333333333332 35.0 14.833333333333334 14.8
14.5 31.0 36.6 12.0 14.4
12.0 27.333333333333336 34.4 15.166666666666666 10.4
16.5 27.833333333333336 33.2 15.666666666666666 13.0
11.666666666666668 29.0 34.6 17.333333333333332 9.2
16.0 27.333333333333336 34.6 15.166666666666666 15.6
16.333333333333332 29.833333333333332 40.2 15.5 12.4
16.5 32.33333333333333 36.4 12.833333333333334 15.4
15.166666666666666 30.333333333333332 39.0 13.333333333333334 11.2
16.833333333333332 32.833333333333336 36.0 12.166666666666666 14.6
15.333333333333332 29.666666666666668 36.0 16.166666666666664 13.0
13.333333333333334 30.5 36.6 12.666666666666666 11.799999999999999
15.833333333333334 30.5 35.4 15.166666666666666 16.2
15.666666666666666 29.5 39.6 15.5 12.8
14.666666666666666 27.833333333333336 40.599999999999994 15.833333333333334 11.4
14.0 34.166666666666664 36.4 11.0 11.6
18.5 30.833333333333336 39.0 13.166666666666666 14.0
13.666666666666668 33.833333333333336 36.0 12.333333333333334 14.4
15.0 29.5 42.4 13.666666666666668 13.4
18.166666666666668 29.666666666666668 39.0 13.5 15.0
13.833333333333332 29.166666666666668 39.0 13.333333333333334 11.0
16.166666666666664 30.666666666666664 39.6 13.5 14.4
15.0 32.33333333333333 43.8 13.166666666666666 11.0
16.166666666666664 30.166666666666668 38.4 15.166666666666666 13.6
16.666666666666668 31.333333333333332 42.6 17.666666666666668 10.4
13.0 30.166666666666668 36.2 12.5 11.2
16.833333333333332 32.33333333333333 42.4 12.333333333333334 11.799999999999999
15.0 31.666666666666668 44.2 14.833333333333334 11.6
14.333333333333334 30.333333333333332 40.0 15.833333333333334 14.200000000000001
14.666666666666666 34.166666666666664 42.0 14.5 12.200000000000001
17.333333333333332 30.666666666666664 38.6 14.0 14.200000000000001
14.0 28.833333333333332 43.2 12.5 12.200000000000001
14.666666666666666 33.5 39.6 16.0 14.8
15.166666666666666 29.333333333333332 40.2 17.5 10.0
14.833333333333334 29.833333333333332 40.4 13.666666666666668 13.799999999999999
14.0 29.166666666666668 42.4 16.166666666666664 13.799999999999999
14.833333333333334 32.0 38.4 16.0 14.0
14.666666666666666 31.833333333333332 43.0 11.166666666666666 12.4
13.5 33.0 41.2 16.666666666666668 11.4
13.0 31.333333333333332 41.8 16.333333333333332 12.0
14.5 32.666666666666664 40.2 15.666666666666666 13.2
14.0 30.0 41.6 14.333333333333334 14.0
12.166666666666666 31.166666666666664 40.0 12.666666666666666 11.2
15.0 32.16666666666667 42.0 14.5 13.799999999999999
13.166666666666666 29.0 42.4 12.666666666666666 13.6
15.5 34.666666666666664 41.6 14.5 11.4
13.166666666666666 31.5 40.599999999999994 13.5 13.4
14.333333333333334 32.33333333333333 38.800000000000004 14.333333333333334 12.6
14.166666666666666 31.666666666666668 40.4 17.666666666666668 13.6
12.333333333333334 32.5 41.8 15.333333333333332 12.4
15.666666666666666 32.833333333333336 37.8 10.833333333333334 14.0
14.833333333333334 28.5 39.6 15.833333333333334 10.4
13.666666666666668 30.0 40.2 13.666666666666668 12.4
15.833333333333334 32.833333333333336 38.0 13.666666666666668 8.6
14.833333333333334 30.333333333333332 39.6 11.666666666666668 11.799999999999999
14.0 32.16666666666667 38.4 15.0 12.0
16.166666666666664 30.833333333333336 42.2 14.166666666666666 13.4
13.666666666666668 32.5 37.400000000000006 16.666666666666668 14.200000000000001
11.833333333333332 31.333333333333332 39.6 15.0 16.2
13.166666666666666 30.333333333333332 41.0 13.166666666666666 14.8
14.666666666666666 28.0 41.6 13.5 14.8
17.166666666666668 31.166666666666664 42.2 12.166666666666666 13.6
13.5 28.0 39.199999999999996 13.5 10.0
