71.5 71.91666666666667 69.06666666666666 71.78571428571429 70.58333333333333
73.0 71.58333333333333 70.46666666666667 73.57142857142857 71.83333333333333
71.5 72.33333333333333 71.13333333333334 73.07142857142857 71.41666666666667
71.41666666666667 71.16666666666667 69.6 72.64285714285715 70.58333333333333
71.08333333333333 72.16666666666667 70.33333333333333 72.5 69.41666666666667
72.08333333333333 71.66666666666667 70.86666666666666 72.0 71.33333333333333
73.33333333333333 71.83333333333333 69.4 75.42857142857143 72.58333333333333
73.41666666666667 73.08333333333333 70.33333333333333 74.57142857142857 72.33333333333333
71.91666666666667 70.66666666666667 70.06666666666666 73.42857142857143 71.25
72.75 72.08333333333333 71.13333333333334 75.42857142857143 72.16666666666667
71.5 72.08333333333333 70.26666666666667 73.21428571428572 71.41666666666667
71.91666666666667 71.41666666666667 70.66666666666667 72.92857142857143 71.25
71.25 70.33333333333333 70.06666666666666 73.28571428571429 70.66666666666667
72.25 72.0 71.4 73.85714285714286 72.5
72.75 70.41666666666667 68.46666666666667 73.07142857142857 70.0
71.25 70.08333333333333 69.73333333333333 73.0 70.91666666666667
72.25 72.75 70.53333333333333 73.21428571428572 70.5
71.91666666666667 72.08333333333333 70.6 73.64285714285715 71.58333333333333
71.75 70.75 69.53333333333333 72.71428571428572 69.41666666666667
73.91666666666667 72.0 70.8 74.35714285714286 72.66666666666667
71.58333333333333 72.08333333333333 71.0 73.0 70.91666666666667
72.41666666666667 73.25 71.4 74.21428571428572 73.0
73.16666666666667 70.58333333333333 70.13333333333334 73.07142857142857 70.5
72.66666666666667 71.0 70.0 73.42857142857143 71.58333333333333
73.75 71.83333333333333 69.13333333333334 73.85714285714286 71.0
72.0 70.91666666666667 69.93333333333334 73.57142857142857 70.5
72.41666666666667 72.0 70.33333333333333 74.14285714285715 72.5
71.91666666666667 72.16666666666667 71.4 73.57142857142857 70.58333333333333
71.25 71.66666666666667 69.4 72.71428571428572 70.75
72.75 70.91666666666667 71.26666666666667 74.35714285714286 72.33333333333333
72.58333333333333 71.5 70.53333333333333 72.71428571428572 71.5
72.16666666666667 71.83333333333333 69.66666666666667 73.71428571428572 72.16666666666667
71.66666666666667 72.33333333333333 70.93333333333334 74.14285714285715 70.41666666666667
71.41666666666667 71.41666666666667 71.13333333333334 73.07142857142857 71.16666666666667
72.0 72.0 70.8 72.85714285714286 70.91666666666667
72.33333333333333 70.91666666666667 71.53333333333333 74.71428571428572 72.08333333333333
72.33333333333333 71.41666666666667 70.33333333333333 74.35714285714286 72.25
72.25 71.41666666666667 70.8 73.85714285714286 72.08333333333333
72.25 71.16666666666667 70.53333333333333 73.64285714285715 69.91666666666667
72.66666666666667 72.08333333333333 70.4 73.0 73.0
72.08333333333333 70.83333333333333 69.93333333333334 74.14285714285715 70.25
72.33333333333333 72.41666666666667 70.46666666666667 73.71428571428572 70.91666666666667
70.83333333333333 72.0 69.6 72.57142857142857 69.75
71.83333333333333 70.75 69.8 72.0 70.5
72.5 72.58333333333333 70.66666666666667 72.92857142857143 71.41666666666667
73.41666666666667 71.83333333333333 71.2 74.14285714285715 72.83333333333333
72.08333333333333 71.08333333333333 70.2 71.78571428571429 71.66666666666667
73.08333333333333 73.33333333333333 71.93333333333334 74.5 71.58333333333333
72.75 72.5 69.73333333333333 73.07142857142857 71.91666666666667
72.16666666666667 71.33333333333333 70.6 73.5 71.33333333333333
73.83333333333333 71.83333333333333 72.0 74.85714285714286 71.75
72.16666666666667 71.16666666666667 69.46666666666667 74.07142857142857 71.16666666666667
72.33333333333333 69.91666666666667 69.33333333333333 73.0 71.16666666666667
72.58333333333333 71.16666666666667 68.4 72.85714285714286 70.83333333333333
70.66666666666667 70.83333333333333 68.4 72.78571428571429 70.5
72.25 71.66666666666667 70.46666666666667 73.71428571428572 70.91666666666667
72.25 71.25 70.06666666666666 74.14285714285715 70.83333333333333
72.58333333333333 71.08333333333333 70.66666666666667 74.42857142857143 72.25
73.16666666666667 72.16666666666667 71.0 73.85714285714286 71.75
72.83333333333333 72.41666666666667 69.6 73.0 72.16666666666667
70.66666666666667 71.33333333333333 69.53333333333333 72.85714285714286 69.58333333333333
70.83333333333333 71.41666666666667 69.6 71.35714285714286 70.91666666666667
71.66666666666667 72.66666666666667 71.2 73.64285714285715 70.58333333333333
71.5 72.5 70.66666666666667 74.14285714285715 71.41666666666667
72.08333333333333 72.25 70.4 73.35714285714286 71.25
72.41666666666667 70.41666666666667 69.8 73.57142857142857 71.0
71.75 72.0 69.93333333333334 73.5 71.5
71.16666666666667 72.33333333333333 70.0 73.28571428571429 69.91666666666667
71.91666666666667 71.16666666666667 69.46666666666667 72.64285714285715 71.0
71.58333333333333 71.58333333333333 70.0 71.78571428571429 70.33333333333333
72.58333333333333 71.83333333333333 70.86666666666666 74.0 72.08333333333333
72.75 71.41666666666667 71.26666666666667 74.0 71.66666666666667
72.0 71.33333333333333 70.53333333333333 73.57142857142857 69.91666666666667
72.66666666666667 72.66666666666667 70.33333333333333 73.5 71.25
72.91666666666667 72.41666666666667 71.0 73.64285714285715 72.08333333333333
71.91666666666667 71.16666666666667 69.8 74.14285714285715 71.08333333333333
72.83333333333333 72.5 69.26666666666667 73.92857142857143 71.5
71.5 71.41666666666667 70.73333333333333 73.71428571428572 71.66666666666667
72.75 70.91666666666667 69.8 72.78571428571429 71.41666666666667
73.25 71.0 71.33333333333333 72.71428571428572 71.58333333333333
73.66666666666667 72.58333333333333 71.53333333333333 74.64285714285715 72.08333333333333
71.83333333333333 71.75 70.2 73.0 71.25
72.0 72.16666666666667 70.86666666666666 74.0 71.75
72.0 72.91666666666667 70.66666666666667 73.85714285714286 70.25
71.41666666666667 71.91666666666667 69.86666666666666 72.92857142857143 72.33333333333333
73.58333333333333 72.75 70.0 73.85714285714286 72.75
73.16666666666667 72.33333333333333 71.2 73.57142857142857 72.08333333333333
71.91666666666667 71.66666666666667 70.46666666666667 74.0 71.41666666666667
72.33333333333333 70.5 70.4 73.42857142857143 70.08333333333333
72.5 72.66666666666667 71.53333333333333 74.28571428571429 72.41666666666667
71.83333333333333 71.66666666666667 70.93333333333334 73.07142857142857 71.83333333333333
71.41666666666667 70.41666666666667 69.4 73.5 71.16666666666667
72.08333333333333 71.41666666666667 69.66666666666667 73.07142857142857 70.75
71.83333333333333 70.75 70.53333333333333 72.21428571428572 70.75
73.66666666666667 72.75 69.86666666666666 74.14285714285715 72.0
73.58333333333333 71.58333333333333 71.73333333333333 74.14285714285715 72.25
72.5 69.83333333333333 68.4 73.0 70.33333333333333
72.16666666666667 70.0 70.93333333333334 73.57142857142857 72.25
74.58333333333333 73.83333333333333 72.4 76.14285714285714 73.58333333333333
71.0 70.41666666666667 69.93333333333334 73.07142857142857 70.33333333333333
72.33333333333333 71.16666666666667 70.2 73.85714285714286 70.75
65.5 65.58333333333333 65.06666666666666 66.42857142857143 65.25
67.08333333333333 66.83333333333333 65.86666666666667 66.78571428571428 66.25
66.25 67.08333333333333 65.93333333333332 65.92857142857143 65.66666666666667
65.91666666666667 65.58333333333333 66.19999999999999 66.0 65.16666666666667
72.25 72.75 70.86666666666666 73.92857142857143 72.58333333333333
65.66666666666667 66.08333333333333 66.26666666666667 66.14285714285714 66.16666666666667
67.25 66.25 67.13333333333334 66.78571428571428 67.66666666666667
66.16666666666667 64.83333333333334 65.66666666666667 66.71428571428571 65.66666666666667
66.66666666666667 66.25 67.13333333333334 66.28571428571428 64.83333333333334
72.33333333333333 72.41666666666667 70.13333333333334 73.42857142857143 71.5
66.16666666666667 66.58333333333333 66.06666666666666 66.35714285714285 65.91666666666667
66.58333333333333 66.66666666666667 66.4 67.42857142857143 66.16666666666667
65.16666666666667 66.75 64.93333333333332 66.07142857142857 65.16666666666667
65.75 66.0 65.53333333333333 65.28571428571428 67.91666666666667
71.91666666666667 70.0 69.33333333333333 72.57142857142857 70.91666666666667
66.33333333333333 65.91666666666667 65.26666666666667 66.64285714285714 66.0
66.16666666666667 66.16666666666667 65.60000000000001 65.85714285714285 65.75
66.91666666666667 67.16666666666667 65.60000000000001 66.5 65.5
65.66666666666667 66.41666666666667 65.93333333333332 66.71428571428571 66.83333333333333
72.83333333333333 72.5 69.8 74.07142857142857 72.41666666666667
64.75 64.75 65.46666666666667 65.85714285714285 65.66666666666667
64.91666666666666 65.41666666666667 65.53333333333333 65.85714285714285 66.08333333333333
66.75 65.75 66.53333333333333 66.07142857142857 66.41666666666667
65.33333333333333 65.33333333333333 65.13333333333334 65.78571428571428 66.33333333333333
66.66666666666667 65.66666666666667 66.4 65.78571428571428 66.16666666666667
68.41666666666667 66.58333333333333 67.26666666666667 66.78571428571428 67.83333333333333
66.41666666666667 65.75 66.53333333333333 66.64285714285714 66.0
65.58333333333333 65.58333333333333 65.06666666666666 65.42857142857143 66.5
65.5 65.75 64.13333333333334 66.78571428571428 65.0
65.91666666666667 66.66666666666667 66.33333333333333 66.0 66.91666666666667
72.66666666666667 72.08333333333333 69.2 74.28571428571429 71.5
72.75 72.83333333333333 70.06666666666666 74.0 72.41666666666667
72.83333333333333 73.5 70.66666666666667 74.14285714285715 71.83333333333333
72.66666666666667 73.66666666666667 69.93333333333334 73.28571428571429 71.83333333333333
71.08333333333333 70.58333333333333 68.66666666666667 72.71428571428572 70.58333333333333
71.58333333333333 71.83333333333333 68.66666666666667 73.14285714285715 70.91666666666667
71.33333333333333 70.33333333333333 67.73333333333333 71.85714285714286 70.33333333333333
71.91666666666667 73.33333333333333 69.86666666666666 73.64285714285715 71.5
71.58333333333333 70.66666666666667 67.73333333333333 72.21428571428572 69.75
73.33333333333333 72.33333333333333 68.53333333333333 74.64285714285715 72.08333333333333
72.16666666666667 71.41666666666667 66.73333333333333 73.35714285714286 71.25
73.0 72.08333333333333 69.46666666666667 74.5 72.0
73.25 72.91666666666667 69.4 74.57142857142857 73.75
72.91666666666667 72.08333333333333 68.6 73.78571428571429 72.16666666666667
71.66666666666667 72.33333333333333 67.6 73.07142857142857 72.25
73.0 72.33333333333333 67.66666666666667 73.5 71.41666666666667
71.0 72.08333333333333 67.46666666666665 73.0 71.5
73.25 72.33333333333333 67.33333333333333 74.5 72.0
71.66666666666667 70.75 65.66666666666667 73.71428571428572 70.58333333333333
72.58333333333333 71.5 66.73333333333333 74.42857142857143 71.83333333333333
72.16666666666667 71.41666666666667 66.26666666666667 73.35714285714286 70.41666666666667
73.08333333333333 72.75 67.13333333333334 74.5 72.25
72.08333333333333 72.0 65.73333333333333 74.5 72.41666666666667
71.66666666666667 71.83333333333333 63.6 71.85714285714286 71.16666666666667
73.16666666666667 72.16666666666667 64.93333333333332 74.85714285714286 72.66666666666667
71.91666666666667 72.33333333333333 64.73333333333333 73.57142857142857 71.91666666666667
72.08333333333333 71.16666666666667 61.86666666666667 73.07142857142857 71.91666666666667
73.0 71.5 62.4 73.78571428571429 70.66666666666667
71.83333333333333 70.16666666666667 62.8 73.14285714285715 71.0
71.66666666666667 71.08333333333333 62.266666666666666 73.5 72.16666666666667
71.5 70.91666666666667 60.0 72.71428571428572 71.91666666666667
73.16666666666667 71.16666666666667 59.86666666666667 73.28571428571429 72.5
73.25 71.75 60.333333333333336 74.14285714285715 71.16666666666667
72.66666666666667 70.91666666666667 59.8 74.71428571428572 73.58333333333333
72.75 70.58333333333333 59.333333333333336 75.14285714285714 73.41666666666667
72.83333333333333 71.66666666666667 56.06666666666667 73.78571428571429 72.0
73.0 70.5 56.266666666666666 74.28571428571429 71.91666666666667
71.58333333333333 70.5 54.53333333333334 74.21428571428572 72.25
72.16666666666667 70.16666666666667 53.13333333333333 73.57142857142857 72.08333333333333
72.58333333333333 69.41666666666667 50.8 73.71428571428572 70.91666666666667
74.0 70.5 51.666666666666664 74.14285714285715 73.25
73.83333333333333 69.33333333333333 51.666666666666664 74.78571428571429 72.75
74.16666666666667 71.5 49.93333333333334 73.5 73.91666666666667
74.25 69.66666666666667 48.599999999999994 73.64285714285715 73.08333333333333
73.16666666666667 69.91666666666667 45.93333333333333 74.78571428571429 72.75
74.16666666666667 68.66666666666667 46.66666666666667 74.35714285714286 72.0
74.08333333333333 69.41666666666667 43.666666666666664 74.14285714285715 73.91666666666667
74.33333333333333 69.08333333333333 43.666666666666664 74.64285714285715 73.08333333333333
74.0 69.75 40.53333333333333 73.64285714285715 72.58333333333333
72.83333333333333 67.5 40.2 73.85714285714286 72.75
73.5 68.25 40.0 72.92857142857143 73.0
74.0 68.5 37.06666666666666 74.42857142857143 73.08333333333333
74.41666666666667 68.16666666666667 38.13333333333333 75.57142857142857 72.66666666666667
73.33333333333333 66.25 32.46666666666666 72.78571428571429 72.33333333333333
74.16666666666667 68.08333333333333 31.53333333333333 74.64285714285715 73.75
74.0 66.91666666666667 31.6 73.28571428571429 74.25
74.5 66.08333333333333 26.266666666666666 75.35714285714286 73.5
74.16666666666667 66.25 25.733333333333334 74.5 74.75
74.75 65.0 24.8 74.71428571428572 73.91666666666667
75.25 64.66666666666666 21.133333333333333 74.42857142857143 74.16666666666667
74.83333333333333 65.41666666666667 20.0 74.14285714285715 75.41666666666667
74.83333333333333 66.58333333333333 19.46666666666667 73.92857142857143 75.91666666666666
75.91666666666666 63.083333333333336 16.333333333333332 73.57142857142857 74.08333333333333
76.41666666666666 64.0 15.866666666666667 75.28571428571429 75.75
76.91666666666666 64.66666666666666 12.933333333333334 74.85714285714286 76.0
74.5 62.916666666666664 10.866666666666667 72.35714285714286 73.75
75.83333333333334 61.83333333333333 9.799999999999999 73.85714285714286 74.58333333333333
75.66666666666666 62.08333333333333 10.0 72.64285714285715 75.08333333333333
74.91666666666667 59.0 7.866666666666666 73.5 73.5
76.83333333333334 60.25 7.066666666666666 73.42857142857143 76.41666666666666
76.66666666666666 60.583333333333336 6.133333333333334 74.28571428571429 75.91666666666666
76.33333333333334 58.583333333333336 4.666666666666667 73.42857142857143 75.91666666666666
76.5 57.583333333333336 3.8666666666666667 72.78571428571429 76.75
76.41666666666666 59.25 4.266666666666667 72.0 77.33333333333334
77.0 55.33333333333333 3.4 72.21428571428572 76.25
77.25 55.58333333333333 2.533333333333333 72.64285714285715 76.5
76.08333333333334 53.5 2.2666666666666666 72.57142857142857 75.25
77.0 54.0 2.2 73.28571428571429 76.25
76.25 55.16666666666667 2.1333333333333333 73.14285714285715 76.91666666666666
75.66666666666666 53.083333333333336 2.0 72.28571428571429 76.08333333333334
77.25 53.91666666666667 1.5333333333333334 73.57142857142857 77.5
77.58333333333334 53.0 1.4 72.42857142857143 77.25
78.5 53.5 0.8 73.21428571428572 77.58333333333334
76.41666666666666 51.916666666666664 1.4 71.64285714285715 78.91666666666666
77.91666666666666 51.416666666666664 0.9333333333333333 72.0 77.66666666666666
77.75 49.75 0.6 71.28571428571429 77.58333333333334
76.41666666666666 47.25 0.6666666666666666 69.0 76.41666666666666
76.66666666666666 47.75 0.5333333333333333 71.0 76.0
77.91666666666666 49.333333333333336 0.4666666666666667 70.71428571428572 77.83333333333334
77.16666666666666 47.58333333333333 0.4 70.57142857142858 76.91666666666666
78.0 46.5 0.4666666666666667 70.28571428571428 77.5
77.75 46.41666666666667 0.06666666666666667 69.64285714285714 77.33333333333334
78.5 46.25 0.13333333333333333 70.71428571428572 78.91666666666666
79.33333333333334 46.41666666666667 0.13333333333333333 70.07142857142857 78.5
79.0 46.0 0.26666666666666666 71.0 79.33333333333334
78.66666666666666 46.0 0.13333333333333333 70.28571428571428 79.16666666666666
77.16666666666666 45.166666666666664 0.2 69.07142857142857 76.66666666666666
79.0 45.5 0.2 70.5 79.25
77.83333333333334 44.333333333333336 0.2 68.42857142857142 78.75
