83.88888888888889 80.22222222222223 84.0 85.0 86.33333333333333
83.77777777777779 81.66666666666667 83.125 85.6 87.0
85.77777777777777 81.55555555555556 82.75 84.4 87.22222222222223
83.88888888888889 82.77777777777779 83.75 84.3 85.44444444444444
83.22222222222223 81.22222222222223 83.5 84.4 87.33333333333333
83.77777777777779 80.66666666666666 84.5 85.1 85.88888888888889
83.66666666666667 82.22222222222223 84.625 86.0 87.55555555555556
84.77777777777777 82.0 83.625 85.5 88.33333333333333
84.11111111111111 81.88888888888889 83.125 85.1 87.11111111111111
84.55555555555556 82.66666666666667 84.125 85.7 88.11111111111111
82.66666666666667 81.44444444444444 83.875 84.2 87.11111111111111
84.22222222222223 80.33333333333334 83.25 84.0 86.33333333333333
83.88888888888889 82.1111111111111 82.875 85.1 85.44444444444444
84.44444444444444 81.88888888888889 83.125 84.8 86.77777777777777
83.22222222222223 79.88888888888889 81.5 84.0 86.22222222222223
83.55555555555554 80.22222222222223 81.875 83.8 86.77777777777777
85.11111111111111 81.0 83.375 85.2 87.22222222222223
84.66666666666667 80.33333333333334 83.625 85.0 87.55555555555556
83.77777777777779 80.66666666666666 82.75 85.3 86.66666666666667
83.88888888888889 80.77777777777779 82.625 84.9 87.88888888888889
85.33333333333333 81.88888888888889 84.125 84.6 87.0
84.33333333333333 80.44444444444444 83.625 85.6 87.88888888888889
84.88888888888889 80.88888888888889 82.0 85.8 87.0
84.88888888888889 79.77777777777779 83.5 84.2 85.66666666666667
84.44444444444444 79.77777777777779 81.75 85.2 86.44444444444444
83.88888888888889 80.1111111111111 83.875 85.0 85.33333333333333
85.0 80.0 83.125 84.9 86.22222222222223
83.55555555555554 78.55555555555556 83.625 85.2 86.55555555555556
83.88888888888889 78.33333333333334 82.25 83.8 86.11111111111111
84.77777777777777 79.22222222222223 82.5 85.1 86.88888888888889
84.77777777777777 78.44444444444444 82.125 84.8 86.55555555555556
84.66666666666667 79.66666666666666 82.25 85.5 86.55555555555556
84.33333333333333 78.33333333333334 82.0 84.3 86.44444444444444
84.0 77.11111111111111 81.875 84.4 86.66666666666667
83.33333333333333 77.33333333333334 82.5 84.3 86.44444444444444
84.33333333333333 77.22222222222221 84.375 84.9 86.33333333333333
85.22222222222223 77.88888888888889 82.0 85.5 87.44444444444444
84.55555555555556 77.33333333333334 82.125 85.1 87.77777777777777
82.88888888888889 77.88888888888889 83.25 84.3 86.22222222222223
83.55555555555554 77.44444444444444 81.75 84.9 86.77777777777777
83.66666666666667 76.11111111111111 82.75 84.7 86.55555555555556
83.11111111111111 76.11111111111111 81.75 85.5 87.11111111111111
82.88888888888889 75.44444444444444 81.5 84.8 86.33333333333333
84.22222222222223 76.55555555555556 84.25 84.7 86.22222222222223
85.11111111111111 75.0 81.875 85.0 86.66666666666667
84.44444444444444 76.33333333333334 83.125 85.6 87.77777777777777
84.22222222222223 74.55555555555556 82.0 84.0 86.66666666666667
84.88888888888889 75.77777777777777 83.25 85.1 87.44444444444444
84.33333333333333 73.55555555555556 81.875 85.0 86.22222222222223
84.22222222222223 74.22222222222221 81.125 84.9 86.44444444444444
85.55555555555556 74.0 83.125 86.4 87.33333333333333
83.77777777777779 72.88888888888889 81.5 84.6 86.55555555555556
85.22222222222223 71.22222222222223 81.0 83.8 86.55555555555556
83.88888888888889 72.11111111111111 80.375 85.0 85.77777777777777
83.0 70.0 81.0 84.5 86.0
83.77777777777779 73.22222222222221 80.375 85.0 86.22222222222223
84.44444444444444 70.55555555555556 81.25 83.2 86.66666666666667
84.22222222222223 71.0 80.75 85.1 87.22222222222223
83.55555555555554 68.77777777777777 81.5 85.3 87.66666666666667
83.22222222222223 70.0 81.375 84.3 87.22222222222223
84.44444444444444 67.88888888888889 79.5 83.4 86.0
83.11111111111111 68.55555555555556 80.625 84.3 86.88888888888889
84.77777777777777 70.77777777777777 82.0 84.5 86.33333333333333
84.22222222222223 67.66666666666667 80.125 85.4 87.22222222222223
83.66666666666667 68.55555555555556 81.875 84.1 86.44444444444444
84.55555555555556 68.11111111111111 79.875 84.7 86.11111111111111
83.77777777777779 66.66666666666667 80.75 84.7 87.22222222222223
84.55555555555556 66.0 81.375 84.4 86.88888888888889
84.0 64.88888888888889 80.25 84.9 86.66666666666667
83.11111111111111 64.88888888888889 79.125 84.1 86.55555555555556
84.88888888888889 64.77777777777779 80.625 84.8 88.11111111111111
83.55555555555554 63.666666666666664 81.125 84.7 88.11111111111111
84.11111111111111 62.77777777777778 79.75 84.4 86.22222222222223
83.88888888888889 62.888888888888886 80.125 85.2 86.66666666666667
84.88888888888889 63.0 80.75 85.5 87.55555555555556
83.77777777777779 61.77777777777778 80.25 85.8 87.44444444444444
84.33333333333333 61.11111111111111 79.5 84.9 86.77777777777777
84.44444444444444 61.44444444444445 80.0 85.5 86.55555555555556
84.44444444444444 60.22222222222223 79.75 84.4 85.77777777777777
83.22222222222223 59.77777777777778 78.75 84.1 86.88888888888889
83.88888888888889 59.44444444444444 80.625 85.6 88.0
83.44444444444444 60.333333333333336 79.5 84.4 86.22222222222223
83.66666666666667 59.44444444444444 78.75 84.9 87.22222222222223
83.44444444444444 60.22222222222223 79.75 84.3 86.33333333333333
82.66666666666667 56.0 79.25 83.6 86.66666666666667
85.0 57.55555555555556 79.75 84.1 87.33333333333333
84.0 56.55555555555555 78.75 84.9 86.77777777777777
82.88888888888889 55.0 78.125 84.4 87.33333333333333
83.22222222222223 55.77777777777778 79.25 84.4 85.66666666666667
83.77777777777779 54.55555555555556 78.875 85.3 86.66666666666667
83.66666666666667 53.888888888888886 78.125 84.8 85.88888888888889
84.11111111111111 49.77777777777777 77.75 84.8 87.0
83.77777777777779 52.666666666666664 77.5 84.4 87.0
83.44444444444444 50.77777777777778 77.75 84.8 87.11111111111111
84.33333333333333 50.22222222222222 78.75 85.9 87.55555555555556
83.66666666666667 47.88888888888889 78.0 85.9 88.33333333333333
82.22222222222223 46.33333333333333 76.25 85.0 86.66666666666667
83.44444444444444 46.77777777777778 76.375 84.7 87.0
84.44444444444444 46.55555555555556 78.25 86.6 88.22222222222221
83.0 45.0 76.25 82.69999999999999 85.22222222222223
82.66666666666667 41.44444444444444 76.125 84.4 87.11111111111111
81.0 75.8888888888889 80.5 80.4 81.55555555555556
82.44444444444444 75.8888888888889 80.25 82.0 81.88888888888889
80.66666666666666 77.55555555555556 81.0 83.2 82.44444444444444
81.77777777777779 76.11111111111111 80.375 81.69999999999999 81.44444444444444
83.66666666666667 43.55555555555556 76.25 85.6 87.22222222222223
80.88888888888889 76.22222222222221 80.125 81.10000000000001 81.1111111111111
82.22222222222223 75.77777777777777 79.875 80.8 82.33333333333333
81.1111111111111 75.77777777777777 80.5 81.69999999999999 81.0
81.22222222222223 75.66666666666666 80.375 80.60000000000001 82.22222222222223
82.55555555555554 52.0 76.125 84.9 86.0
81.22222222222223 77.0 80.0 81.19999999999999 81.1111111111111
80.88888888888889 75.33333333333333 80.125 81.69999999999999 82.44444444444444
80.77777777777779 75.66666666666666 81.0 81.0 82.44444444444444
81.77777777777779 75.77777777777777 80.375 80.3 81.88888888888889
82.66666666666667 42.0 75.625 84.1 86.22222222222223
81.22222222222223 75.22222222222221 80.125 80.9 81.88888888888889
81.66666666666667 75.8888888888889 79.875 81.5 82.0
80.44444444444444 74.33333333333333 80.25 81.3 82.88888888888889
81.1111111111111 75.77777777777777 80.125 81.69999999999999 81.88888888888889
83.66666666666667 52.77777777777778 76.5 84.6 87.0
81.66666666666667 75.55555555555556 80.875 79.9 82.0
82.33333333333333 76.33333333333334 80.5 82.0 82.0
81.77777777777779 76.11111111111111 80.375 81.60000000000001 81.66666666666667
80.33333333333334 76.77777777777777 79.25 80.5 81.77777777777779
82.77777777777779 76.44444444444444 80.75 81.3 81.88888888888889
81.1111111111111 75.55555555555556 81.0 81.3 82.1111111111111
82.44444444444444 74.77777777777777 79.0 81.19999999999999 81.0
80.77777777777779 74.55555555555556 79.375 81.5 81.33333333333333
81.0 75.77777777777777 79.875 81.69999999999999 82.0
82.22222222222223 76.22222222222221 80.625 82.4 82.33333333333333
83.11111111111111 53.0 75.5 85.2 86.88888888888889
84.0 53.333333333333336 77.375 84.8 86.88888888888889
84.0 54.66666666666667 76.625 85.2 86.88888888888889
83.44444444444444 54.66666666666667 78.125 83.5 86.88888888888889
83.22222222222223 52.666666666666664 76.125 84.9 84.88888888888889
83.77777777777779 51.22222222222222 76.125 84.0 86.77777777777777
83.11111111111111 52.11111111111111 74.875 83.8 86.0
82.44444444444444 51.333333333333336 76.75 84.4 86.88888888888889
83.44444444444444 52.22222222222223 74.625 84.4 86.22222222222223
84.11111111111111 52.55555555555556 73.875 84.6 87.77777777777777
83.33333333333333 54.0 77.0 84.8 86.44444444444444
83.77777777777779 52.22222222222223 75.5 84.4 86.55555555555556
84.66666666666667 55.66666666666667 76.0 84.4 87.22222222222223
84.55555555555556 53.11111111111111 76.875 84.9 87.0
83.0 53.66666666666667 75.625 84.4 87.22222222222223
83.22222222222223 53.333333333333336 77.125 85.3 87.22222222222223
83.0 55.22222222222222 76.875 84.7 86.11111111111111
83.66666666666667 52.888888888888886 76.0 84.6 87.22222222222223
83.44444444444444 53.55555555555556 75.25 84.4 85.77777777777777
83.22222222222223 53.22222222222222 77.0 85.2 86.77777777777777
82.44444444444444 52.77777777777778 76.5 84.7 87.11111111111111
83.33333333333333 55.55555555555555 78.625 85.3 86.88888888888889
83.0 55.77777777777778 76.625 85.1 86.22222222222223
83.22222222222223 53.66666666666667 77.25 84.4 85.44444444444444
84.0 54.22222222222222 76.125 85.4 86.66666666666667
83.33333333333333 56.0 78.375 86.1 86.44444444444444
83.33333333333333 53.55555555555556 76.625 84.0 86.33333333333333
83.44444444444444 54.77777777777778 77.375 84.9 86.44444444444444
82.55555555555554 54.77777777777778 76.625 85.4 85.55555555555556
84.66666666666667 53.77777777777778 77.0 84.2 87.11111111111111
83.11111111111111 55.44444444444444 77.5 84.5 87.22222222222223
83.22222222222223 56.0 78.0 85.6 85.88888888888889
83.77777777777779 55.66666666666667 79.75 86.3 87.44444444444444
84.22222222222223 57.0 78.25 85.0 87.66666666666667
85.55555555555556 56.44444444444444 79.125 86.6 87.22222222222223
83.33333333333333 54.66666666666667 78.25 86.3 88.22222222222221
83.44444444444444 54.44444444444444 78.25 85.7 87.0
84.0 55.44444444444444 79.75 86.2 87.55555555555556
83.0 55.88888888888889 79.5 85.5 86.77777777777777
83.66666666666667 55.44444444444444 79.125 85.4 86.22222222222223
84.66666666666667 56.333333333333336 81.125 86.6 87.33333333333333
83.88888888888889 55.44444444444444 78.5 85.2 87.77777777777777
83.33333333333333 57.666666666666664 81.25 86.0 86.44444444444444
83.55555555555554 58.0 80.875 87.5 87.0
84.11111111111111 59.0 80.75 87.2 87.44444444444444
83.11111111111111 55.55555555555555 79.25 85.5 88.22222222222221
83.77777777777779 59.333333333333336 81.875 87.5 87.33333333333333
84.66666666666667 57.888888888888886 81.5 86.0 87.44444444444444
83.0 60.11111111111111 82.375 87.2 87.33333333333333
84.55555555555556 57.55555555555556 80.25 86.1 87.22222222222223
83.33333333333333 57.111111111111114 80.75 86.5 87.66666666666667
83.77777777777779 55.22222222222222 81.875 86.0 87.66666666666667
82.88888888888889 58.77777777777778 83.25 87.6 88.88888888888889
83.33333333333333 57.666666666666664 80.75 87.1 86.77777777777777
84.33333333333333 60.11111111111111 83.125 86.8 88.44444444444446
84.22222222222223 58.888888888888886 83.875 87.7 88.22222222222221
84.11111111111111 60.333333333333336 84.875 87.3 88.22222222222221
83.77777777777779 59.111111111111114 83.875 87.8 88.33333333333333
84.22222222222223 59.888888888888886 83.75 87.8 88.88888888888889
84.0 61.11111111111111 85.5 88.9 88.33333333333333
84.55555555555556 60.22222222222223 84.875 88.5 88.11111111111111
84.22222222222223 61.11111111111111 86.125 88.1 88.44444444444446
82.66666666666667 60.0 85.25 87.6 88.55555555555556
85.11111111111111 61.11111111111111 86.625 89.7 89.0
84.88888888888889 61.22222222222222 86.75 89.1 89.22222222222221
83.22222222222223 60.44444444444445 87.25 88.0 87.77777777777777
83.66666666666667 60.666666666666664 86.625 89.1 88.0
83.55555555555554 58.77777777777778 86.625 88.8 88.77777777777777
83.88888888888889 59.666666666666664 86.0 89.2 88.55555555555556
84.55555555555556 62.33333333333333 87.625 90.5 89.33333333333333
86.0 63.22222222222222 89.375 89.5 89.66666666666667
84.88888888888889 65.0 88.75 90.30000000000001 88.22222222222221
84.44444444444444 64.33333333333334 88.375 90.5 89.55555555555556
84.0 64.1111111111111 87.625 89.6 88.77777777777777
85.0 65.1111111111111 88.0 90.2 89.11111111111111
85.11111111111111 64.55555555555556 88.25 90.6 89.44444444444444
85.11111111111111 63.666666666666664 88.625 89.89999999999999 89.11111111111111
85.0 63.55555555555556 89.5 90.39999999999999 89.11111111111111
85.33333333333333 65.66666666666667 90.0 90.89999999999999 90.33333333333333
84.88888888888889 64.1111111111111 88.0 89.39999999999999 89.77777777777777
85.55555555555556 66.66666666666667 89.75 90.30000000000001 90.0
84.77777777777777 65.1111111111111 89.5 90.80000000000001 89.66666666666667
85.0 65.0 89.0 90.6 90.77777777777777
85.77777777777777 66.1111111111111 90.5 90.5 89.33333333333333
85.44444444444444 66.55555555555556 89.5 90.5 90.55555555555556
85.88888888888889 66.88888888888889 89.0 91.0 90.22222222222221
84.33333333333333 64.1111111111111 87.875 90.0 87.88888888888889
84.88888888888889 66.0 89.75 91.2 88.55555555555556
85.33333333333333 67.77777777777779 90.375 91.30000000000001 89.55555555555556
85.33333333333333 66.55555555555556 89.75 90.39999999999999 89.77777777777777
84.44444444444444 66.1111111111111 88.75 91.2 89.44444444444444
84.88888888888889 67.22222222222223 89.125 91.39999999999999 90.33333333333333
85.88888888888889 69.44444444444444 89.625 92.3 89.33333333333333
86.55555555555556 68.0 90.0 90.89999999999999 90.77777777777777
86.55555555555556 69.44444444444444 90.25 92.39999999999999 90.77777777777777
86.11111111111111 69.55555555555556 90.0 91.1 90.77777777777777
84.88888888888889 67.66666666666667 88.875 91.2 89.77777777777777
86.77777777777777 68.33333333333333 89.75 92.3 91.22222222222221
85.66666666666667 68.0 89.875 90.89999999999999 89.8888888888889
