0.0 0.2036775106082037 0.04334828101644245 0.0013986013986013986 0.0
0.0 0.16265912305516267 0.03139013452914798 0.002797202797202797 0.0
0.0 0.15275813295615276 0.04334828101644245 0.0 0.0
0.0014285714285714286 0.12588401697312587 0.028400597907324365 0.0 0.0
0.0014285714285714286 0.15275813295615276 0.041853512705530636 0.0 0.0014641288433382138
0.004285714285714285 0.19094766619519096 0.04633781763826607 0.0 0.0
0.002857142857142857 0.17963224893917965 0.03139013452914798 0.004195804195804196 0.0
0.004285714285714285 0.16407355021216408 0.041853512705530636 0.0013986013986013986 0.0
0.004285714285714285 0.14992927864214994 0.04334828101644245 0.0 0.0
0.0014285714285714286 0.15558698727015557 0.041853512705530636 0.0013986013986013986 0.0014641288433382138
0.004285714285714285 0.14992927864214994 0.04035874439461884 0.0 0.0
0.0014285714285714286 0.2362093352192362 0.029895366218236175 0.0013986013986013986 0.0
0.0014285714285714286 0.17963224893917965 0.04035874439461884 0.0 0.0
0.0014285714285714286 0.1669024045261669 0.03139013452914798 0.0013986013986013986 0.0
0.004285714285714285 0.20226308345120228 0.05829596412556054 0.0013986013986013986 0.0
0.004285714285714285 0.19377652050919378 0.04484304932735426 0.0 0.0
0.0014285714285714286 0.19519094766619519 0.05829596412556054 0.0 0.0
0.002857142857142857 0.21216407355021216 0.041853512705530636 0.0 0.0
0.0014285714285714286 0.17114568599717114 0.04334828101644245 0.0 0.0
0.004285714285714285 0.19094766619519096 0.03886397608370703 0.0013986013986013986 0.0
0.0014285714285714286 0.16407355021216408 0.029895366218236175 0.0013986013986013986 0.0
0.002857142857142857 0.19801980198019803 0.034379671150971604 0.002797202797202797 0.0
0.0014285714285714286 0.2036775106082037 0.052316890881913304 0.0 0.0
0.002857142857142857 0.2079207920792079 0.03736920777279522 0.0013986013986013986 0.0
0.0 0.2814710042432815 0.04633781763826607 0.0013986013986013986 0.0
0.0014285714285714286 0.21499292786421498 0.04334828101644245 0.0 0.0
0.005714285714285714 0.2927864214992928 0.04334828101644245 0.0 0.0
0.004285714285714285 0.2772277227722772 0.04035874439461884 0.0 0.0
0.002857142857142857 0.32107496463932106 0.04484304932735426 0.0 0.0
0.0 0.2772277227722772 0.03886397608370703 0.0 0.0
0.0 0.28571428571428575 0.04633781763826607 0.0013986013986013986 0.0
0.002857142857142857 0.2828854314002829 0.04783258594917788 0.0 0.0
0.0014285714285714286 0.28571428571428575 0.04035874439461884 0.0 0.0
0.002857142857142857 0.3437057991513437 0.06576980568011959 0.0 0.0
0.0014285714285714286 0.33804809052333806 0.04484304932735426 0.0 0.0
0.002857142857142857 0.38896746817538896 0.04783258594917788 0.0 0.0
0.002857142857142857 0.32531824611032534 0.04334828101644245 0.0 0.0
0.002857142857142857 0.36633663366336633 0.05680119581464873 0.0 0.0
0.002857142857142857 0.37340876944837337 0.028400597907324365 0.0013986013986013986 0.0
0.0014285714285714286 0.41018387553041014 0.03587443946188341 0.0 0.0
0.0014285714285714286 0.4243281471004243 0.05979073243647235 0.0 0.0
0.002857142857142857 0.41018387553041014 0.04932735426008968 0.0 0.0
0.0014285714285714286 0.4512022630834512 0.06726457399103139 0.0 0.0
0.002857142857142857 0.4144271570014144 0.034379671150971604 0.0 0.0014641288433382138
0.004285714285714285 0.4809052333804809 0.07623318385650225 0.0 0.0
0.0014285714285714286 0.4809052333804809 0.053811659192825115 0.0013986013986013986 0.0
0.0 0.471004243281471 0.03736920777279522 0.0 0.0
0.0 0.5007072135785007 0.04334828101644245 0.0013986013986013986 0.0
0.007142857142857143 0.519094766619519 0.05530642750373692 0.0013986013986013986 0.0
0.0014285714285714286 0.5162659123055163 0.04334828101644245 0.0 0.0014641288433382138
0.004285714285714285 0.5813295615275814 0.04484304932735426 0.0 0.0
0.0014285714285714286 0.5912305516265912 0.03886397608370703 0.0 0.0
0.002857142857142857 0.6463932107496464 0.04484304932735426 0.002797202797202797 0.0014641288433382138
0.0 0.5983026874115983 0.052316890881913304 0.0 0.0
0.0 0.6661951909476662 0.06427503736920777 0.0 0.0
0.0 0.6124469589816124 0.061285500747384154 0.0 0.0
0.0 0.6435643564356436 0.04783258594917788 0.0 0.0
0.004285714285714285 0.7001414427157002 0.04932735426008968 0.0 0.0
0.0014285714285714286 0.7454031117397455 0.05082212257100149 0.0 0.0
0.0 0.7666195190947666 0.053811659192825115 0.0 0.0
0.0 0.7538896746817539 0.05680119581464873 0.0 0.0
0.0 0.7595473833097596 0.026905829596412557 0.0 0.0
0.0014285714285714286 0.7340876944837341 0.06875934230194321 0.0 0.0
0.0 0.8203677510608203 0.06278026905829596 0.0013986013986013986 0.0
0.0014285714285714286 0.8175388967468176 0.04633781763826607 0.0 0.0
0.0014285714285714286 0.8048090523338048 0.04932735426008968 0.0 0.0
0.0014285714285714286 0.867043847241867 0.04484304932735426 0.0 0.0
0.0014285714285714286 0.9165487977369166 0.04633781763826607 0.0 0.0
0.002857142857142857 0.9476661951909477 0.04932735426008968 0.002797202797202797 0.0
0.0 0.9519094766619519 0.06875934230194321 0.0 0.0
0.0 1.007072135785007 0.061285500747384154 0.0 0.0
0.002857142857142857 1.0325318246110327 0.05680119581464873 0.0 0.0
0.0014285714285714286 1.0466760961810466 0.053811659192825115 0.0 0.0
0.005714285714285714 1.1032531824611034 0.05680119581464873 0.0 0.0
0.004285714285714285 1.1103253182461104 0.05829596412556054 0.0013986013986013986 0.0
0.005714285714285714 1.1230551626591232 0.04932735426008968 0.0 0.0
0.004285714285714285 1.14002828854314 0.04334828101644245 0.0 0.0
0.004285714285714285 1.1117397454031117 0.06278026905829596 0.0 0.0
0.0014285714285714286 1.1711456859971712 0.06278026905829596 0.0013986013986013986 0.0
0.004285714285714285 1.1966053748231966 0.04334828101644245 0.0 0.0
0.005714285714285714 1.229137199434229 0.08370702541106127 0.0 0.0
0.005714285714285714 1.1867043847241867 0.05829596412556054 0.0013986013986013986 0.0
0.0014285714285714286 1.229137199434229 0.04484304932735426 0.0013986013986013986 0.0
0.0014285714285714286 1.2107496463932108 0.041853512705530636 0.0013986013986013986 0.0
0.0014285714285714286 1.3224893917963225 0.06576980568011959 0.0 0.0
0.0014285714285714286 1.3465346534653464 0.06726457399103139 0.0 0.0
0.0 1.3635077793493635 0.06278026905829596 0.0 0.0
0.002857142857142857 1.3946251768033946 0.04035874439461884 0.0013986013986013986 0.0
0.0 1.3776520509193777 0.07324364723467863 0.0 0.0014641288433382138
0.0014285714285714286 1.4794908062234795 0.06726457399103139 0.0 0.0
0.002857142857142857 1.487977369165488 0.07772795216741406 0.0 0.0
0.002857142857142857 1.5756718528995757 0.07623318385650225 0.0013986013986013986 0.0014641288433382138
0.0 1.528995756718529 0.09267563527653214 0.0013986013986013986 0.0
0.0014285714285714286 1.6039603960396038 0.07473841554559044 0.0 0.0
0.0014285714285714286 1.6633663366336633 0.06726457399103139 0.0 0.0
0.0014285714285714286 1.7595473833097595 0.06576980568011959 0.0013986013986013986 0.0
0.005714285714285714 1.751060820367751 0.08968609865470852 0.0 0.0
0.005714285714285714 1.7496463932107496 0.09267563527653214 0.0013986013986013986 0.0
0.007142857142857143 1.85997171145686 0.10911808669656203 0.0 0.0
0.004285714285714285 1.7934936350777935 0.08221225710014947 0.0 0.0
0.0014285714285714286 1.915134370579915 0.07922272047832586 0.0 0.0
0.0 0.26166902404526166 0.0 0.0 0.0
0.0 0.256011315417256 0.0 0.0 0.0
0.0 0.23479490806223477 0.0 0.0 0.0
0.0 0.28005657708628007 0.0 0.0 0.0
0.005714285714285714 1.9236209335219236 0.10164424514200299 0.0 0.0
0.0 0.24752475247524752 0.0 0.0 0.0
0.0 0.26025459688826025 0.0014947683109118087 0.0 0.0
0.0 0.26166902404526166 0.0 0.0 0.0
0.0 0.272984441301273 0.0 0.0 0.0
0.0 1.5162659123055162 0.17488789237668162 0.0 0.0
0.0 0.2333804809052334 0.0 0.0 0.0
0.0014285714285714286 0.26874115983026875 0.0 0.0 0.0
0.0 0.2842998585572843 0.0 0.0 0.0
0.004285714285714285 0.28995756718529 0.0 0.0 0.0
0.0014285714285714286 1.942008486562942 0.07623318385650225 0.0 0.0
0.0 0.26732673267326734 0.0 0.0013986013986013986 0.0
0.0 0.2333804809052334 0.0 0.0 0.0
0.0014285714285714286 0.2956152758132956 0.0 0.0 0.0014641288433382138
0.0 0.26025459688826025 0.0 0.0 0.0
0.0014285714285714286 1.5403111739745403 0.15396113602391628 0.0013986013986013986 0.0
0.0 0.256011315417256 0.0 0.0 0.0
0.0 0.2446958981612447 0.0 0.0 0.0
0.0 0.26732673267326734 0.0 0.0 0.0
0.0 0.2461103253182461 0.0 0.0 0.0
0.0 0.26591230551626593 0.0 0.0 0.0
0.0 0.26874115983026875 0.0 0.0 0.0
0.0 0.29137199434229133 0.0 0.0 0.0
0.0 0.26591230551626593 0.0 0.0 0.0
0.0 0.2772277227722772 0.0 0.0 0.0
0.0 0.28571428571428575 0.0 0.0 0.0
0.0 1.533239038189533 0.21674140508221224 0.0013986013986013986 0.0
0.0 1.5035360678925034 0.11509715994020928 0.0 0.0
0.0 1.4653465346534653 0.17638266068759342 0.0013986013986013986 0.0
0.0014285714285714286 1.4695898161244696 0.15695067264573992 0.0 0.0
0.0 1.5148514851485149 0.19133034379671152 0.0 0.0
0.0 1.5671852899575671 0.16591928251121077 0.0013986013986013986 0.0
0.0 1.5275813295615277 0.21225710014947682 0.0 0.0
0.0014285714285714286 1.5586987270155588 0.16292974588938713 0.0013986013986013986 0.0
0.0 1.500707213578501 0.16143497757847536 0.0013986013986013986 0.0
0.0 1.5205091937765205 0.20627802690582958 0.002797202797202797 0.0
0.0014285714285714286 1.463932107496464 0.16442451420029894 0.0 0.0
0.0 1.5629420084865628 0.19282511210762332 0.0 0.0
0.0 1.4611032531824613 0.2077727952167414 0.0 0.0
0.002857142857142857 1.500707213578501 0.13602391629297458 0.0 0.0
0.0014285714285714286 1.4568599717114568 0.15994020926756353 0.0013986013986013986 0.0
0.0 1.4780763790664782 0.171898355754858 0.0013986013986013986 0.0
0.0014285714285714286 1.446958981612447 0.14349775784753363 0.0 0.0
0.0014285714285714286 1.4695898161244696 0.18535127055306427 0.0013986013986013986 0.0
0.0 1.4512022630834513 0.15097159940209268 0.0 0.0
0.0014285714285714286 1.5275813295615277 0.1210762331838565 0.0 0.0
0.0 1.5134370579915133 0.16741405082212255 0.0 0.0
0.002857142857142857 1.4766619519094766 0.13004484304932734 0.0 0.0
0.0 1.4512022630834513 0.1390134529147982 0.0013986013986013986 0.0
0.0 1.487977369165488 0.13452914798206278 0.0 0.0
0.0014285714285714286 1.4992927864214993 0.1898355754857997 0.0013986013986013986 0.0
0.0014285714285714286 1.454031117397454 0.13602391629297458 0.0 0.0
0.0014285714285714286 1.487977369165488 0.16890881913303438 0.0 0.0014641288433382138
0.0014285714285714286 1.4497878359264498 0.15097159940209268 0.0 0.0
0.0014285714285714286 1.4738330975954739 0.15396113602391628 0.0 0.0
0.0014285714285714286 1.495049504950495 0.14499252615844543 0.0 0.0
0.0 1.4243281471004243 0.12406576980568011 0.0013986013986013986 0.0
0.0 1.4045261669024045 0.09118086696562032 0.0013986013986013986 0.0
0.0014285714285714286 1.42998585572843 0.1210762331838565 0.0013986013986013986 0.0
0.0 1.42008486562942 0.09715994020926756 0.0 0.0
0.0014285714285714286 1.454031117397454 0.13004484304932734 0.0 0.0
0.0014285714285714286 1.4370579915134372 0.15396113602391628 0.0 0.0
0.002857142857142857 1.490806223479491 0.12257100149476831 0.002797202797202797 0.0
0.0 1.4568599717114568 0.1390134529147982 0.002797202797202797 0.0
0.0014285714285714286 1.403111739745403 0.09865470852017937 0.0 0.0
0.0014285714285714286 1.4101838755304104 0.1390134529147982 0.0013986013986013986 0.0
0.0014285714285714286 1.4710042432814712 0.09865470852017937 0.002797202797202797 0.0
0.0 1.4794908062234795 0.14200298953662183 0.0 0.0
0.002857142857142857 1.42008486562942 0.09417040358744394 0.0013986013986013986 0.0
0.0 1.391796322489392 0.09118086696562032 0.0013986013986013986 0.0
0.005714285714285714 1.3762376237623761 0.11808669656203288 0.0 0.0
0.0014285714285714286 1.4512022630834513 0.1210762331838565 0.0 0.0
0.002857142857142857 1.371994342291372 0.09118086696562032 0.0 0.0
0.0014285714285714286 1.4314002828854315 0.10313901345291479 0.0 0.0
0.0 1.3564356435643563 0.09267563527653214 0.0 0.0
0.0 1.3649222065063649 0.09566517189835576 0.0 0.0
0.0014285714285714286 1.4384724186704385 0.10164424514200299 0.0 0.0
0.002857142857142857 1.4526166902404525 0.08819133034379671 0.0013986013986013986 0.0
0.002857142857142857 1.3974540311173975 0.10164424514200299 0.0 0.0
0.0014285714285714286 1.4144271570014144 0.10612855007473841 0.0013986013986013986 0.0
0.0 1.350777934936351 0.10014947683109118 0.0 0.0
0.0 1.3847241867043847 0.06875934230194321 0.0 0.0
0.0 1.4073550212164074 0.08221225710014947 0.0013986013986013986 0.0
0.0014285714285714286 1.4214992927864216 0.08221225710014947 0.0 0.0
0.0014285714285714286 1.3988684582743989 0.08819133034379671 0.0 0.0
0.0 1.3125884016973126 0.07174887892376682 0.0 0.0
0.0 1.371994342291372 0.07772795216741406 0.0 0.0
0.0 1.3762376237623761 0.10612855007473841 0.0013986013986013986 0.0
0.0 1.383309759547383 0.06875934230194321 0.0013986013986013986 0.0
0.0 1.4045261669024045 0.05829596412556054 0.0 0.0
0.0014285714285714286 1.3988684582743989 0.05829596412556054 0.0 0.0
0.0 1.3649222065063649 0.06875934230194321 0.0 0.0
0.0 1.4115983026874117 0.05680119581464873 0.0 0.0
0.0 1.403111739745403 0.05680119581464873 0.0 0.0
0.0014285714285714286 1.3465346534653464 0.05829596412556054 0.0 0.0
0.0 1.3578500707213579 0.06875934230194321 0.0 0.0
0.0 1.3352192362093351 0.05680119581464873 0.0 0.0
0.0 1.3295615275813295 0.05680119581464873 0.0013986013986013986 0.0
0.0014285714285714286 1.338048090523338 0.06726457399103139 0.0 0.0
0.0 1.2772277227722773 0.052316890881913304 0.0 0.0
0.0014285714285714286 1.2772277227722773 0.05680119581464873 0.0 0.0
0.0 1.3182461103253182 0.06726457399103139 0.0013986013986013986 0.0
0.0014285714285714286 1.338048090523338 0.04633781763826607 0.0 0.0
0.0 1.3055162659123054 0.03736920777279522 0.0 0.0
0.002857142857142857 1.297029702970297 0.05082212257100149 0.0 0.0
0.0014285714285714286 1.3437057991513437 0.061285500747384154 0.0 0.0
0.0 1.2531824611032534 0.03736920777279522 0.0013986013986013986 0.0
0.002857142857142857 1.3111739745403113 0.04932735426008968 0.002797202797202797 0.0014641288433382138
0.0 1.3026874115983027 0.05082212257100149 0.0013986013986013986 0.0
0.0014285714285714286 1.2616690240452617 0.04035874439461884 0.0 0.0
0.0 1.2489391796322489 0.05530642750373692 0.0 0.0
0.0 1.2701555869872703 0.04932735426008968 0.005594405594405594 0.0
0.0014285714285714286 1.3125884016973126 0.04783258594917788 0.0 0.0
0.0014285714285714286 1.2701555869872703 0.03288490284005979 0.0 0.0014641288433382138
0.0 1.2432814710042435 0.03587443946188341 0.0 0.0
0.0 1.2588401697312588 0.04783258594917788 0.0 0.0
0.0 1.2800565770862802 0.04633781763826607 0.0 0.0
0.0 1.2673267326732673 0.041853512705530636 0.0 0.0
0.0014285714285714286 1.2036775106082038 0.03736920777279522 0.0 0.0
0.0 1.2248939179632248 0.03736920777279522 0.0 0.0
0.0 1.2178217821782178 0.04035874439461884 0.0 0.0014641288433382138
0.0 1.1994342291371995 0.053811659192825115 0.0 0.0
0.0 1.1966053748231966 0.034379671150971604 0.0 0.0
0.0014285714285714286 1.2489391796322489 0.03139013452914798 0.0 0.0
0.0014285714285714286 1.2107496463932108 0.03886397608370703 0.0013986013986013986 0.0
