0.0014285714285714286 0.14427157001414428 0.04334828101644245 0.0 0.0014641288433382138
0.0 0.13578500707213578 0.04783258594917788 0.0013986013986013986 0.0
0.0014285714285714286 0.13578500707213578 0.06875934230194321 0.0 0.0
0.0014285714285714286 0.14002828854314003 0.034379671150971604 0.0 0.0
0.0 0.10183875530410184 0.03288490284005979 0.0013986013986013986 0.0
0.0 0.1541725601131542 0.05530642750373692 0.0013986013986013986 0.0014641288433382138
0.0 0.14427157001414428 0.04633781763826607 0.0013986013986013986 0.0
0.0014285714285714286 0.15983026874115983 0.04932735426008968 0.0 0.0
0.0 0.10325318246110325 0.05979073243647235 0.0013986013986013986 0.0
0.0 0.1386138613861386 0.03886397608370703 0.0 0.0014641288433382138
0.0 0.13154172560113156 0.04783258594917788 0.0 0.0
0.0014285714285714286 0.12871287128712872 0.03886397608370703 0.0 0.0014641288433382138
0.004285714285714285 0.11032531824611033 0.03736920777279522 0.002797202797202797 0.0
0.0 0.10325318246110325 0.04484304932735426 0.0 0.0
0.0014285714285714286 0.15275813295615276 0.06576980568011959 0.0 0.0
0.0 0.12446958981612448 0.04334828101644245 0.0 0.0
0.002857142857142857 0.1371994342291372 0.05082212257100149 0.0 0.0
0.002857142857142857 0.11598302687411599 0.04035874439461884 0.0 0.0
0.0 0.10466760961810467 0.04035874439461884 0.0013986013986013986 0.0
0.0014285714285714286 0.12022630834512023 0.04484304932735426 0.0013986013986013986 0.0
0.0014285714285714286 0.10749646393210749 0.026905829596412557 0.0 0.0
0.0 0.12871287128712872 0.03587443946188341 0.0 0.0
0.0014285714285714286 0.14427157001414428 0.04932735426008968 0.0 0.0
0.0 0.12588401697312587 0.04484304932735426 0.0 0.0
0.0014285714285714286 0.11173974540311174 0.053811659192825115 0.0013986013986013986 0.0
0.0 0.10325318246110325 0.053811659192825115 0.0 0.0
0.0014285714285714286 0.12588401697312587 0.05082212257100149 0.0 0.0
0.0 0.10608203677510608 0.03288490284005979 0.0013986013986013986 0.0
0.0 0.1485148514851485 0.05082212257100149 0.0 0.0
0.0 0.13295615275813297 0.04783258594917788 0.0 0.0
0.0014285714285714286 0.15275813295615276 0.05530642750373692 0.0 0.0
0.0 0.12729844413012728 0.04783258594917788 0.0 0.0
0.002857142857142857 0.10325318246110325 0.04035874439461884 0.0013986013986013986 0.0
0.0014285714285714286 0.12164073550212165 0.06278026905829596 0.0013986013986013986 0.0
0.0 0.09476661951909476 0.028400597907324365 0.0 0.0
0.0 0.14568599717114566 0.053811659192825115 0.0 0.0
0.0 0.12871287128712872 0.04783258594917788 0.0 0.0
0.0 0.10891089108910891 0.04334828101644245 0.0 0.0
0.0 0.12729844413012728 0.02391629297458894 0.0 0.0
0.0014285714285714286 0.12305516265912304 0.03587443946188341 0.0 0.0
0.004285714285714285 0.12305516265912304 0.04484304932735426 0.0013986013986013986 0.0
0.002857142857142857 0.12871287128712872 0.04035874439461884 0.0 0.0
0.0014285714285714286 0.10891089108910891 0.041853512705530636 0.0 0.0
0.0 0.10891089108910891 0.06278026905829596 0.0 0.0014641288433382138
0.0014285714285714286 0.11173974540311174 0.06726457399103139 0.0 0.0
0.0014285714285714286 0.15275813295615276 0.03736920777279522 0.0013986013986013986 0.0
0.0 0.09900990099009901 0.03886397608370703 0.0013986013986013986 0.0
0.0 0.11173974540311174 0.041853512705530636 0.0 0.0
0.0014285714285714286 0.10183875530410184 0.061285500747384154 0.0 0.0
0.0 0.10466760961810467 0.04334828101644245 0.0 0.0
0.0014285714285714286 0.12164073550212165 0.05680119581464873 0.0 0.0
0.0014285714285714286 0.12022630834512023 0.04783258594917788 0.0 0.0
0.0 0.1371994342291372 0.04334828101644245 0.0 0.0
0.002857142857142857 0.10183875530410184 0.04932735426008968 0.002797202797202797 0.0
0.002857142857142857 0.1386138613861386 0.06427503736920777 0.0 0.0
0.0 0.08769448373408768 0.04035874439461884 0.0 0.0
0.0014285714285714286 0.09900990099009901 0.03736920777279522 0.0013986013986013986 0.0
0.0 0.1371994342291372 0.03587443946188341 0.0 0.0
0.0 0.11032531824611033 0.05829596412556054 0.0 0.0
0.0 0.10749646393210749 0.03288490284005979 0.0 0.0
0.0014285714285714286 0.13295615275813297 0.019431988041853514 0.0 0.0
0.002857142857142857 0.12305516265912304 0.041853512705530636 0.0013986013986013986 0.0
0.0014285714285714286 0.09335219236209334 0.04783258594917788 0.0 0.0
0.002857142857142857 0.1471004243281471 0.03139013452914798 0.0 0.0
0.002857142857142857 0.10608203677510608 0.04334828101644245 0.0 0.0
0.0 0.09335219236209334 0.03288490284005979 0.0013986013986013986 0.0
0.0014285714285714286 0.11032531824611033 0.029895366218236175 0.0 0.0
0.0014285714285714286 0.10042432814710042 0.05530642750373692 0.0013986013986013986 0.0
0.0014285714285714286 0.12446958981612448 0.04633781763826607 0.0 0.0
0.0 0.09759547383309759 0.03886397608370703 0.0013986013986013986 0.0
0.0 0.12871287128712872 0.061285500747384154 0.0 0.0
0.0 0.13012729844413012 0.03736920777279522 0.0013986013986013986 0.0
0.0 0.08203677510608204 0.04633781763826607 0.0 0.0
0.0014285714285714286 0.1188118811881188 0.05082212257100149 0.0 0.0
0.0014285714285714286 0.10466760961810467 0.04035874439461884 0.0 0.0
0.0 0.09900990099009901 0.03587443946188341 0.0 0.0
0.0 0.08769448373408768 0.041853512705530636 0.0013986013986013986 0.0
0.0014285714285714286 0.11456859971711457 0.04484304932735426 0.0 0.0
0.002857142857142857 0.12305516265912304 0.034379671150971604 0.0 0.0
0.0 0.10608203677510608 0.034379671150971604 0.0 0.0
0.0 0.10183875530410184 0.04932735426008968 0.0 0.0
0.0 0.09900990099009901 0.03886397608370703 0.0 0.0
0.0 0.06647807637906648 0.03587443946188341 0.0 0.0
0.0014285714285714286 0.056577086280056574 0.019431988041853514 0.0 0.0
0.0 0.08769448373408768 0.05979073243647235 0.0 0.0
0.002857142857142857 0.10325318246110325 0.053811659192825115 0.0 0.0
0.0 0.09335219236209334 0.034379671150971604 0.0 0.0
0.0014285714285714286 0.08345120226308345 0.03736920777279522 0.0 0.0
0.0 0.11173974540311174 0.04035874439461884 0.0 0.0
0.0 0.11739745403111738 0.029895366218236175 0.0 0.0
0.0 0.12588401697312587 0.034379671150971604 0.0 0.0
0.0014285714285714286 0.09900990099009901 0.03288490284005979 0.0 0.0
0.0 0.09335219236209334 0.03587443946188341 0.0 0.0
0.0014285714285714286 0.11598302687411599 0.03288490284005979 0.0 0.0
0.0014285714285714286 0.10608203677510608 0.04932735426008968 0.0 0.0
0.0 0.11032531824611033 0.04484304932735426 0.0 0.0
0.0 0.09618104667609619 0.03886397608370703 0.0013986013986013986 0.0
0.0014285714285714286 0.11456859971711457 0.03139013452914798 0.0 0.0
0.0014285714285714286 0.10325318246110325 0.05530642750373692 0.0 0.0
0.002857142857142857 0.10183875530410184 0.02242152466367713 0.0 0.0
0.0 0.10891089108910891 0.04932735426008968 0.0 0.0
0.0 0.0 0.0 0.0 0.0
0.0 0.0 0.0 0.0 0.0
0.0 0.0 0.0 0.0 0.0
0.0 0.0 0.0 0.0 0.0
0.002857142857142857 0.11032531824611033 0.020926756352765318 0.0 0.0
0.0 0.0 0.0 0.0 0.0
0.0 0.0 0.0 0.0 0.0014641288433382138
0.0 0.0 0.0014947683109118087 0.0 0.0
0.0 0.0 0.0 0.0 0.0
0.0 0.03253182461103253 0.11061285500747384 0.0 0.0
0.0 0.0 0.0014947683109118087 0.0 0.0
0.0 0.0 0.0 0.0 0.0
0.0 0.0 0.0 0.0 0.0
0.0 0.0 0.0 0.0 0.0
0.004285714285714285 0.10891089108910891 0.03139013452914798 0.0 0.0
0.0 0.0 0.0 0.0 0.0
0.0 0.0 0.0 0.0 0.0
0.0 0.0 0.0 0.0 0.0
0.0 0.0 0.0 0.0013986013986013986 0.0
0.0 0.03253182461103253 0.09118086696562032 0.0013986013986013986 0.0
0.0 0.0 0.0 0.0 0.0
0.0 0.0 0.0 0.0 0.0
0.0 0.0 0.0 0.0 0.0
0.0 0.0 0.0 0.0 0.0
0.0 0.0 0.0 0.0 0.0
0.0 0.0 0.0 0.0 0.0
0.0 0.0 0.0 0.0 0.0
0.0 0.0 0.0 0.0 0.0
0.0 0.0 0.0 0.0 0.0
0.0 0.0 0.0 0.0 0.0
0.0014285714285714286 0.04667609618104667 0.14200298953662183 0.0013986013986013986 0.0
0.0 0.03111739745403112 0.09417040358744394 0.0013986013986013986 0.0
0.0 0.03536067892503536 0.11808669656203288 0.002797202797202797 0.0
0.0 0.028288543140028287 0.12406576980568011 0.0 0.0
0.0 0.042432814710042434 0.13751868460388642 0.0 0.0
0.0 0.04950495049504951 0.13004484304932734 0.0013986013986013986 0.0
0.0 0.02545968882602546 0.12855007473841554 0.0013986013986013986 0.0
0.0 0.04526166902404526 0.14349775784753363 0.0 0.0
0.0 0.04526166902404526 0.14200298953662183 0.002797202797202797 0.0
0.0 0.039603960396039604 0.20179372197309417 0.0013986013986013986 0.0
0.002857142857142857 0.033946251768033946 0.2242152466367713 0.0 0.0
0.0 0.03253182461103253 0.21823617339312407 0.002797202797202797 0.0
0.0 0.05091937765205092 0.21674140508221224 0.0 0.0
0.0 0.04101838755304102 0.21973094170403587 0.0 0.0
0.0 0.028288543140028287 0.21973094170403587 0.0013986013986013986 0.0
0.0 0.03818953323903819 0.2705530642750374 0.0013986013986013986 0.0
0.0 0.02545968882602546 0.28550074738415543 0.0013986013986013986 0.0
0.0 0.03253182461103253 0.36621823617339316 0.0 0.0
0.0014285714285714286 0.03818953323903819 0.3183856502242153 0.004195804195804196 0.0
0.0014285714285714286 0.060820367751060825 0.34828101644245146 0.0013986013986013986 0.0014641288433382138
0.0 0.039603960396039604 0.3647234678624813 0.0 0.0
0.0 0.04809052333804809 0.38863976083707025 0.0013986013986013986 0.0
0.0 0.03253182461103253 0.4170403587443946 0.0013986013986013986 0.0
0.0 0.04809052333804809 0.4872944693572496 0.0 0.0
0.0 0.03818953323903819 0.5889387144992526 0.0013986013986013986 0.0
0.0 0.04384724186704384 0.5695067264573991 0.0013986013986013986 0.0
0.0014285714285714286 0.028288543140028287 0.6502242152466368 0.0013986013986013986 0.0
0.0 0.042432814710042434 0.6113602391629297 0.0 0.0014641288433382138
0.0014285714285714286 0.04667609618104667 0.6322869955156951 0.002797202797202797 0.0
0.0014285714285714286 0.055162659123055166 0.6995515695067265 0.0 0.0
0.0 0.036775106082036775 0.7832585949177878 0.0 0.0
0.0 0.03536067892503536 0.7832585949177878 0.0013986013986013986 0.0
0.0014285714285714286 0.04526166902404526 0.8490284005979073 0.0013986013986013986 0.0
0.0 0.04950495049504951 0.8774289985052317 0.0 0.0014641288433382138
0.0014285714285714286 0.042432814710042434 0.9850523168908819 0.0013986013986013986 0.0
0.0014285714285714286 0.04809052333804809 1.0657698056801197 0.0 0.0
0.0014285714285714286 0.04101838755304102 1.1345291479820627 0.0 0.0
0.0014285714285714286 0.060820367751060825 1.319880418535127 0.0 0.0
0.0 0.03818953323903819 1.319880418535127 0.002797202797202797 0.0
0.0 0.05233380480905234 1.4947683109118086 0.0013986013986013986 0.0
0.0 0.05091937765205092 1.532137518684604 0.0 0.0
0.0 0.053748231966053744 1.608370702541106 0.0013986013986013986 0.0
0.0 0.042432814710042434 1.7010463378176384 0.0 0.0
0.0 0.03536067892503536 1.7159940209267563 0.0013986013986013986 0.0
0.0 0.04809052333804809 1.8774289985052317 0.0 0.0
0.0 0.057991513437057995 1.9043348281016443 0.0 0.0
0.0014285714285714286 0.033946251768033946 2.192825112107623 0.004195804195804196 0.0
0.0014285714285714286 0.0594059405940594 2.1988041853512708 0.0 0.0
0.0 0.05233380480905234 2.233183856502242 0.0013986013986013986 0.0
0.0 0.03253182461103253 2.2944693572496266 0.0 0.0
0.0014285714285714286 0.05233380480905234 2.43796711509716 0.0 0.0
0.0 0.04526166902404526 2.587443946188341 0.0 0.0
0.0 0.04101838755304102 2.593423019431988 0.0 0.0
0.0014285714285714286 0.053748231966053744 2.7533632286995515 0.0 0.0014641288433382138
0.0 0.04667609618104667 2.9521674140508223 0.002797202797202797 0.0
0.0 0.055162659123055166 3.0254110612855007 0.0 0.0
0.0 0.05091937765205092 3.318385650224215 0.0 0.0
0.0 0.07637906647807638 3.4334828101644246 0.0 0.0
0.0 0.07779349363507779 3.490284005979073 0.0013986013986013986 0.0
0.0014285714285714286 0.07920792079207921 3.717488789237668 0.0 0.0
0.0014285714285714286 0.09052333804809053 3.89237668161435 0.0 0.0
0.0 0.08062234794908063 3.9940209267563533 0.0013986013986013986 0.0
0.0 0.06789250353606789 3.9940209267563533 0.0013986013986013986 0.0
0.0 0.09759547383309759 4.337817638266069 0.0 0.0
0.0 0.07355021216407355 4.657698056801196 0.0 0.0
0.0 0.06506364922206506 4.7608370702541105 0.0 0.0
0.0 0.10042432814710042 4.932735426008969 0.0 0.0
0.0 0.08628005657708629 5.076233183856503 0.0 0.0
0.0 0.0891089108910891 5.309417040358745 0.0 0.0
0.0 0.12022630834512023 5.606875934230194 0.0013986013986013986 0.0
0.0 0.10466760961810467 5.902840059790733 0.0 0.0
0.0 0.13012729844413012 6.222720478325859 0.0013986013986013986 0.0
0.0 0.1386138613861386 6.568011958146487 0.0013986013986013986 0.0
0.0 0.12446958981612448 6.541106128550075 0.0 0.0
0.0014285714285714286 0.16124469589816126 6.799701046337817 0.0013986013986013986 0.0
0.0 0.16973125884016974 7.149476831091182 0.002797202797202797 0.0
0.0 0.17538896746817537 7.423019431988042 0.0 0.0
0.0 0.15134370579915135 7.547085201793721 0.0 0.0
0.0 0.19236209335219237 7.795216741405082 0.0 0.0
0.0 0.22347949080622348 7.893871449925262 0.0 0.0
0.0 0.21923620933521923 8.164424514200299 0.0 0.0
0.0 0.23055162659123055 8.715994020926756 0.0 0.0
0.0 0.2446958981612447 8.928251121076235 0.0013986013986013986 0.0
0.0014285714285714286 0.21782178217821782 8.75186846038864 0.0 0.0
0.0 0.24893917963224896 9.29745889387145 0.002797202797202797 0.0
0.0 0.23903818953323905 9.60239162929746 0.0013986013986013986 0.0
0.0 0.2828854314002829 9.872944693572496 0.0 0.0
0.0 0.28995756718529 10.002989536621824 0.0 0.0
0.0 0.28005657708628007 10.300448430493272 0.0 0.0
0.0 0.32956152758132956 10.612855007473842 0.0 0.0
0.002857142857142857 0.3338048090523338 10.831091180866965 0.0 0.0
0.0 0.347949080622348 11.192825112107624 0.0 0.0
0.0014285714285714286 0.355021216407355 11.261584454409567 0.0 0.0014641288433382138
0.002857142857142857 0.3776520509193777 11.461883408071749 0.0 0.0
0.0 0.4115983026874116 11.829596412556054 0.0 0.0014641288433382138
0.0014285714285714286 0.42857142857142855 11.980568011958146 0.0 0.0
0.0 0.4087694483734088 12.050822122571 0.0 0.0
0.0 0.44837340876944837 12.25560538116592 0.0013986013986013986 0.0
0.0 0.43564356435643564 12.518684603886397 0.0 0.0
