14.5 38.0 23.5 15.6 14.833333333333334
16.166666666666664 40.33333333333333 25.333333333333332 14.0 16.666666666666668
14.666666666666666 36.666666666666664 23.0 15.6 14.0
16.0 34.666666666666664 24.833333333333332 15.2 13.5
16.0 38.33333333333333 21.666666666666668 14.200000000000001 11.833333333333332
15.5 35.333333333333336 21.333333333333332 15.0 12.166666666666666
13.5 38.83333333333333 27.333333333333336 18.2 15.166666666666666
18.5 38.16666666666667 25.333333333333332 17.6 13.833333333333332
13.333333333333334 37.0 26.5 14.4 13.5
18.333333333333332 39.5 24.5 17.4 13.0
17.0 37.166666666666664 27.5 16.400000000000002 13.333333333333334
14.333333333333334 34.333333333333336 23.166666666666664 14.6 16.833333333333332
13.0 38.33333333333333 24.5 15.4 13.0
16.333333333333332 38.0 27.166666666666664 15.2 12.666666666666666
10.5 36.333333333333336 21.833333333333332 12.4 12.666666666666666
16.0 36.333333333333336 21.333333333333332 15.6 12.333333333333334
16.5 34.833333333333336 21.833333333333332 15.6 12.666666666666666
15.833333333333334 38.5 24.833333333333332 14.8 14.0
15.5 35.666666666666664 22.666666666666668 15.4 11.833333333333332
17.666666666666668 37.83333333333333 23.333333333333336 18.2 15.666666666666666
16.166666666666664 31.166666666666664 25.666666666666668 11.799999999999999 12.5
17.833333333333332 35.833333333333336 25.333333333333332 15.8 16.5
14.833333333333334 36.166666666666664 23.166666666666664 16.8 14.5
17.166666666666668 37.666666666666664 27.166666666666664 17.0 14.333333333333334
14.166666666666666 35.166666666666664 22.333333333333332 18.599999999999998 15.166666666666666
16.333333333333332 35.5 21.833333333333332 15.4 12.166666666666666
14.166666666666666 36.833333333333336 23.333333333333336 18.2 16.0
14.0 33.166666666666664 25.166666666666668 15.8 12.0
12.5 35.166666666666664 26.0 18.599999999999998 13.666666666666668
17.666666666666668 36.166666666666664 26.333333333333332 18.4 12.666666666666666
16.333333333333332 37.83333333333333 25.5 14.4 12.333333333333334
16.333333333333332 33.166666666666664 26.666666666666668 17.2 12.833333333333334
14.666666666666666 37.666666666666664 26.0 11.4 12.333333333333334
15.666666666666666 34.333333333333336 24.166666666666668 14.200000000000001 14.833333333333334
15.166666666666666 37.166666666666664 23.333333333333336 12.0 15.166666666666666
18.5 33.833333333333336 25.5 16.0 13.666666666666668
14.0 36.0 23.5 15.6 14.333333333333334
16.333333333333332 35.333333333333336 22.166666666666668 19.599999999999998 14.5
13.166666666666666 35.166666666666664 28.5 14.6 14.0
13.0 38.33333333333333 26.666666666666668 17.2 17.666666666666668
16.333333333333332 35.166666666666664 26.0 13.0 12.833333333333334
12.833333333333334 36.666666666666664 25.666666666666668 15.2 14.666666666666666
14.5 36.666666666666664 22.0 15.2 14.166666666666666
14.333333333333334 37.0 23.333333333333336 13.799999999999999 14.5
13.166666666666666 36.5 24.0 17.2 14.666666666666666
18.5 37.666666666666664 25.166666666666668 18.0 14.833333333333334
13.666666666666668 34.5 24.833333333333332 14.8 12.833333333333334
14.166666666666666 33.5 31.666666666666668 17.0 13.5
14.666666666666666 32.0 25.0 15.2 14.666666666666666
16.0 36.666666666666664 27.166666666666664 13.2 14.0
16.5 32.33333333333333 28.166666666666668 18.2 13.833333333333332
15.5 38.33333333333333 26.833333333333336 13.799999999999999 12.833333333333334
17.166666666666668 33.666666666666664 24.0 13.4 13.5
14.833333333333334 36.666666666666664 25.833333333333332 18.8 13.166666666666666
15.166666666666666 33.5 25.5 16.0 15.0
14.5 36.5 23.333333333333336 16.2 12.333333333333334
15.333333333333332 39.0 26.0 14.200000000000001 12.333333333333334
12.333333333333334 38.16666666666667 26.5 16.0 14.0
16.333333333333332 37.5 26.0 15.2 15.0
17.666666666666668 36.166666666666664 25.166666666666668 15.0 13.0
13.833333333333332 34.0 26.666666666666668 18.2 12.833333333333334
14.0 37.0 23.666666666666664 12.8 13.5
13.333333333333334 34.166666666666664 27.0 14.0 13.0
15.666666666666666 35.666666666666664 27.333333333333336 18.2 13.666666666666668
18.666666666666668 33.333333333333336 25.166666666666668 14.6 12.666666666666666
14.5 37.166666666666664 24.5 13.799999999999999 14.666666666666666
13.166666666666666 37.83333333333333 23.166666666666664 16.6 13.833333333333332
15.166666666666666 35.0 24.333333333333332 14.6 15.5
15.333333333333332 37.666666666666664 24.333333333333332 16.0 14.5
15.0 36.5 24.833333333333332 12.200000000000001 13.333333333333334
14.333333333333334 36.333333333333336 26.0 16.0 16.166666666666664
16.333333333333332 35.333333333333336 24.833333333333332 14.4 13.5
13.833333333333332 37.666666666666664 23.0 15.2 14.166666666666666
14.333333333333334 36.0 23.666666666666664 12.4 12.5
15.0 38.5 24.5 19.0 11.166666666666666
12.833333333333334 38.66666666666667 25.333333333333332 17.0 15.333333333333332
15.666666666666666 37.5 26.833333333333336 16.0 14.833333333333334
17.666666666666668 36.0 26.833333333333336 18.2 11.0
14.5 37.166666666666664 26.333333333333332 14.8 15.333333333333332
16.5 34.833333333333336 22.666666666666668 15.8 13.5
18.5 39.5 26.166666666666668 12.4 15.166666666666666
14.0 38.0 26.166666666666668 16.6 14.833333333333334
13.666666666666668 36.0 24.5 17.0 15.5
16.166666666666664 34.666666666666664 26.5 12.8 12.5
16.0 36.333333333333336 24.666666666666668 16.2 14.0
16.5 34.666666666666664 26.166666666666668 18.0 13.333333333333334
15.0 33.5 25.833333333333332 14.200000000000001 15.0
16.5 35.166666666666664 24.833333333333332 13.6 15.333333333333332
14.666666666666666 36.666666666666664 24.166666666666668 15.8 15.666666666666666
14.5 37.0 22.166666666666668 14.0 13.666666666666668
13.5 38.5 25.833333333333332 16.0 13.333333333333334
16.5 36.666666666666664 24.333333333333332 18.8 12.0
16.833333333333332 36.833333333333336 21.0 15.4 15.5
16.0 38.33333333333333 21.833333333333332 18.599999999999998 13.333333333333334
13.0 36.333333333333336 22.666666666666668 19.0 14.166666666666666
15.0 33.0 26.0 14.200000000000001 16.0
12.166666666666666 36.166666666666664 28.0 16.8 12.0
14.666666666666666 35.0 26.0 16.2 14.666666666666666
18.0 38.5 27.666666666666664 13.4 15.833333333333334
17.0 34.5 23.333333333333336 15.4 15.0
15.333333333333332 39.33333333333333 22.5 15.4 11.5
15.0 16.0 15.333333333333332 17.0 16.666666666666668
14.833333333333334 14.833333333333334 17.833333333333332 13.0 16.0
13.5 14.0 17.166666666666668 16.400000000000002 15.666666666666666
15.5 14.166666666666666 16.666666666666668 14.4 16.333333333333332
14.666666666666666 36.666666666666664 27.833333333333336 16.0 12.833333333333334
13.833333333333332 14.166666666666666 17.333333333333332 15.6 16.833333333333332
14.833333333333334 15.166666666666666 14.833333333333334 17.6 14.166666666666666
12.833333333333334 17.166666666666668 14.5 13.799999999999999 17.5
14.0 15.333333333333332 14.833333333333334 13.799999999999999 14.166666666666666
12.333333333333334 32.0 30.0 16.8 12.0
14.833333333333334 16.5 15.0 15.2 14.833333333333334
14.333333333333334 13.833333333333332 13.666666666666668 14.6 13.833333333333332
14.833333333333334 14.0 16.333333333333332 15.0 14.5
14.166666666666666 16.666666666666668 15.833333333333334 18.599999999999998 16.5
16.333333333333332 35.833333333333336 23.0 16.6 12.833333333333334
17.0 16.666666666666668 18.333333333333332 13.4 15.5
14.666666666666666 16.5 14.333333333333334 13.799999999999999 14.833333333333334
15.166666666666666 16.333333333333332 13.166666666666666 14.0 18.666666666666668
16.666666666666668 15.666666666666666 14.666666666666666 17.8 16.333333333333332
15.0 31.0 28.833333333333332 17.0 11.333333333333334
17.333333333333332 14.166666666666666 14.166666666666666 15.0 15.333333333333332
15.166666666666666 14.333333333333334 14.166666666666666 16.8 14.333333333333334
15.5 15.166666666666666 15.333333333333332 17.6 17.5
14.833333333333334 14.666666666666666 18.666666666666668 14.8 17.166666666666668
16.166666666666664 18.666666666666668 14.666666666666666 13.0 17.333333333333332
16.833333333333332 15.166666666666666 13.333333333333334 14.8 13.833333333333332
15.5 16.666666666666668 15.5 14.6 15.0
16.333333333333332 14.666666666666666 13.666666666666668 16.400000000000002 16.833333333333332
15.0 14.666666666666666 15.0 16.0 15.5
16.333333333333332 13.333333333333334 13.333333333333334 14.8 17.333333333333332
14.5 31.5 27.833333333333336 19.400000000000002 9.5
16.0 31.166666666666664 29.0 17.0 13.5
15.666666666666666 29.666666666666668 30.5 19.2 14.166666666666666
16.0 30.333333333333332 29.333333333333332 17.2 15.5
16.333333333333332 26.0 28.666666666666668 13.799999999999999 16.166666666666664
13.666666666666668 31.5 29.666666666666668 16.400000000000002 14.666666666666666
15.166666666666666 30.0 29.333333333333332 15.8 13.166666666666666
12.666666666666666 33.0 28.666666666666668 15.6 13.833333333333332
14.333333333333334 29.5 28.333333333333332 15.4 14.666666666666666
14.666666666666666 29.5 27.333333333333336 15.6 13.666666666666668
13.5 34.166666666666664 28.166666666666668 19.2 12.0
14.833333333333334 31.333333333333332 29.166666666666668 18.0 10.5
16.833333333333332 30.5 28.5 18.4 13.5
17.166666666666668 31.666666666666668 27.5 17.2 12.666666666666666
14.833333333333334 29.833333333333332 27.5 17.8 15.666666666666666
17.666666666666668 30.333333333333332 29.833333333333332 16.2 14.666666666666666
12.333333333333334 28.333333333333332 30.5 18.4 13.0
17.5 31.0 29.5 13.2 13.166666666666666
15.833333333333334 30.333333333333332 29.5 17.8 11.166666666666666
15.666666666666666 29.0 28.666666666666668 15.6 13.833333333333332
12.333333333333334 33.666666666666664 27.333333333333336 16.6 12.5
16.333333333333332 33.333333333333336 28.333333333333332 12.4 13.666666666666668
15.5 29.333333333333332 28.166666666666668 18.4 13.833333333333332
14.833333333333334 30.0 29.5 14.4 15.0
15.833333333333334 31.0 33.0 14.8 14.833333333333334
14.833333333333334 33.5 29.0 19.599999999999998 15.166666666666666
15.333333333333332 30.833333333333336 30.5 18.8 13.333333333333334
15.5 30.5 30.833333333333336 15.6 14.833333333333334
14.5 28.5 31.5 16.2 15.0
13.833333333333332 32.33333333333333 30.666666666666664 16.8 10.666666666666666
14.166666666666666 31.5 30.0 18.0 13.666666666666668
14.666666666666666 31.333333333333332 31.833333333333332 16.400000000000002 15.666666666666666
12.5 32.5 28.5 16.2 14.666666666666666
12.5 30.666666666666664 31.666666666666668 17.6 14.333333333333334
14.333333333333334 32.833333333333336 28.666666666666668 19.400000000000002 12.0
13.666666666666668 34.0 30.166666666666668 20.0 12.833333333333334
17.0 33.5 31.333333333333332 18.4 11.833333333333332
13.666666666666668 31.833333333333332 32.0 18.0 14.0
14.166666666666666 32.0 30.333333333333332 17.8 16.166666666666664
15.166666666666666 31.0 34.833333333333336 14.6 11.5
14.5 32.33333333333333 32.0 15.6 15.333333333333332
13.333333333333334 33.166666666666664 31.666666666666668 16.0 13.166666666666666
14.166666666666666 29.0 34.5 16.6 15.166666666666666
12.333333333333334 32.666666666666664 30.0 17.8 12.833333333333334
12.0 30.333333333333332 35.333333333333336 19.2 16.0
13.833333333333332 32.666666666666664 35.333333333333336 18.599999999999998 12.166666666666666
12.5 31.833333333333332 35.833333333333336 17.6 13.666666666666668
14.5 33.333333333333336 36.5 17.2 13.833333333333332
11.833333333333332 33.0 36.333333333333336 18.2 13.666666666666668
15.0 31.166666666666664 31.166666666666664 17.0 15.5
13.0 31.666666666666668 30.333333333333332 18.0 13.666666666666668
14.166666666666666 33.5 35.0 16.0 12.0
12.0 35.0 36.833333333333336 15.8 10.833333333333334
11.833333333333332 33.0 37.5 17.8 13.333333333333334
16.666666666666668 31.833333333333332 38.16666666666667 17.2 10.0
14.833333333333334 32.16666666666667 36.5 17.8 13.833333333333332
15.0 31.833333333333332 38.83333333333333 17.0 11.166666666666666
15.666666666666666 35.0 41.166666666666664 18.4 11.0
15.833333333333334 35.833333333333336 34.166666666666664 18.0 14.0
13.5 33.5 38.5 15.8 11.833333333333332
14.833333333333334 31.0 41.0 16.400000000000002 14.166666666666666
14.833333333333334 30.166666666666668 39.16666666666667 19.8 14.333333333333334
12.666666666666666 29.666666666666668 39.66666666666667 20.0 14.5
12.0 32.0 41.166666666666664 20.2 10.666666666666666
12.833333333333334 35.333333333333336 40.666666666666664 20.2 10.666666666666666
11.666666666666668 31.833333333333332 41.666666666666664 18.599999999999998 13.666666666666668
10.5 31.0 42.166666666666664 17.6 13.5
14.333333333333334 32.0 41.166666666666664 15.8 12.5
12.666666666666666 30.333333333333332 42.5 18.599999999999998 11.166666666666666
12.833333333333334 36.166666666666664 39.66666666666667 22.599999999999998 9.0
13.333333333333334 34.5 42.833333333333336 16.8 12.333333333333334
11.833333333333332 36.333333333333336 39.16666666666667 18.599999999999998 15.166666666666666
13.0 37.666666666666664 43.833333333333336 20.8 12.166666666666666
15.166666666666666 34.333333333333336 43.5 20.0 12.333333333333334
11.666666666666668 32.5 42.0 21.2 11.5
11.5 34.666666666666664 41.833333333333336 20.400000000000002 10.5
12.0 35.333333333333336 44.5 19.2 12.833333333333334
13.833333333333332 33.5 44.5 15.8 12.833333333333334
12.833333333333334 35.666666666666664 47.66666666666667 21.2 14.0
11.0 33.833333333333336 46.33333333333333 19.0 12.333333333333334
12.833333333333334 35.5 45.83333333333333 19.8 13.333333333333334
13.0 35.0 46.16666666666667 18.0 15.0
10.0 38.33333333333333 48.333333333333336 18.4 12.833333333333334
14.666666666666666 35.5 44.333333333333336 22.0 12.666666666666666
11.833333333333332 34.833333333333336 44.666666666666664 17.8 12.0
13.833333333333332 36.166666666666664 44.166666666666664 21.0 12.666666666666666
12.5 35.833333333333336 46.0 17.6 13.666666666666668
10.166666666666666 36.833333333333336 46.16666666666667 23.400000000000002 13.5
12.0 34.333333333333336 46.66666666666667 18.8 11.333333333333334
9.666666666666668 35.666666666666664 48.833333333333336 23.2 12.333333333333334
12.5 36.5 46.0 21.2 10.166666666666666
12.0 33.666666666666664 47.83333333333333 20.2 11.166666666666666
11.833333333333332 34.5 50.666666666666664 22.599999999999998 13.833333333333332
13.166666666666666 36.833333333333336 46.33333333333333 18.0 11.666666666666668
12.833333333333334 36.666666666666664 50.5 19.2 12.666666666666666
13.333333333333334 36.5 49.833333333333336 20.8 10.5
11.5 36.666666666666664 48.5 19.2 9.166666666666666
11.0 39.5 48.5 20.2 12.333333333333334
14.666666666666666 36.333333333333336 52.333333333333336 20.8 11.666666666666668
