84.44444444444444 80.69999999999999 83.125 86.1 84.55555555555556
84.88888888888889 82.3 83.75 85.7 85.44444444444444
84.33333333333333 81.10000000000001 82.625 86.4 85.88888888888889
85.22222222222223 82.3 83.25 87.2 85.77777777777777
85.0 83.6 83.25 86.2 85.22222222222223
84.0 82.5 83.0 86.3 85.66666666666667
83.88888888888889 81.5 82.25 85.7 85.22222222222223
83.88888888888889 81.9 82.25 85.8 84.66666666666667
83.22222222222223 80.0 82.25 85.6 84.55555555555556
84.55555555555556 81.3 83.0 86.0 85.44444444444444
83.88888888888889 79.39999999999999 81.875 86.0 84.88888888888889
85.0 81.69999999999999 83.375 86.9 85.0
84.0 81.9 82.125 86.4 84.77777777777777
84.66666666666667 80.9 82.375 86.6 85.44444444444444
83.55555555555554 82.10000000000001 82.75 87.3 85.66666666666667
85.0 81.19999999999999 82.25 86.1 85.66666666666667
85.22222222222223 82.19999999999999 83.875 85.8 84.88888888888889
84.11111111111111 79.8 83.375 84.6 84.77777777777777
84.88888888888889 81.4 81.75 85.8 85.0
84.11111111111111 81.10000000000001 83.125 85.7 84.66666666666667
84.22222222222223 81.10000000000001 82.25 85.2 84.66666666666667
84.66666666666667 81.60000000000001 82.625 86.2 85.55555555555556
84.55555555555556 81.5 84.125 87.2 86.33333333333333
83.0 80.10000000000001 81.375 86.2 85.22222222222223
84.33333333333333 79.8 81.625 86.3 84.55555555555556
85.77777777777777 82.19999999999999 83.75 87.3 86.22222222222223
83.88888888888889 79.39999999999999 82.0 84.4 84.55555555555556
84.66666666666667 79.5 82.625 86.7 85.44444444444444
84.77777777777777 80.0 82.75 87.0 86.0
83.44444444444444 80.60000000000001 81.5 85.5 85.11111111111111
85.66666666666667 79.9 82.875 85.2 84.22222222222223
82.88888888888889 78.8 81.125 85.5 84.77777777777777
83.55555555555554 79.10000000000001 82.125 86.4 86.22222222222223
84.55555555555556 78.3 81.625 85.7 84.44444444444444
85.55555555555556 79.8 81.875 85.6 84.22222222222223
83.55555555555554 78.60000000000001 82.375 86.3 85.44444444444444
83.44444444444444 78.60000000000001 82.125 84.8 85.33333333333333
84.55555555555556 79.0 82.375 86.6 85.11111111111111
84.66666666666667 77.8 81.375 85.2 84.55555555555556
84.77777777777777 78.2 81.5 86.6 85.77777777777777
84.22222222222223 78.0 82.875 85.8 84.55555555555556
84.55555555555556 76.8 81.75 85.1 85.11111111111111
84.88888888888889 78.0 82.375 86.2 84.88888888888889
84.44444444444444 77.7 81.625 86.3 85.77777777777777
83.44444444444444 76.89999999999999 79.875 85.2 83.77777777777779
84.0 77.89999999999999 81.125 86.3 86.22222222222223
84.22222222222223 77.39999999999999 82.375 85.5 85.44444444444444
83.11111111111111 75.5 80.25 85.2 85.11111111111111
84.22222222222223 75.89999999999999 82.25 87.0 85.0
84.66666666666667 76.39999999999999 82.0 85.2 85.22222222222223
83.66666666666667 76.6 80.625 86.0 83.88888888888889
84.22222222222223 76.5 81.25 85.2 84.66666666666667
83.55555555555554 74.80000000000001 80.25 84.8 84.66666666666667
84.11111111111111 74.6 80.875 86.2 84.55555555555556
83.66666666666667 76.7 81.875 86.4 85.0
83.33333333333333 74.39999999999999 81.625 85.6 85.0
84.22222222222223 74.30000000000001 80.875 86.7 85.88888888888889
84.88888888888889 73.6 80.625 86.5 85.88888888888889
85.11111111111111 72.4 79.25 85.7 85.0
84.77777777777777 73.3 80.125 86.7 84.77777777777777
84.0 71.2 79.25 85.9 85.11111111111111
84.11111111111111 71.4 77.5 86.2 84.11111111111111
83.77777777777779 71.4 79.0 86.3 84.77777777777777
85.33333333333333 71.7 79.0 86.3 84.77777777777777
84.0 72.0 78.75 85.3 85.0
84.77777777777777 71.1 79.125 86.5 85.11111111111111
84.77777777777777 68.7 78.125 86.7 84.66666666666667
85.77777777777777 69.9 80.25 86.5 85.55555555555556
84.33333333333333 69.4 77.875 85.4 84.77777777777777
84.11111111111111 68.3 77.875 86.5 85.55555555555556
84.44444444444444 67.8 78.125 85.6 84.22222222222223
84.44444444444444 67.2 77.625 85.7 85.33333333333333
85.11111111111111 68.1 78.125 87.1 85.22222222222223
83.44444444444444 66.5 79.75 84.8 84.77777777777777
84.66666666666667 67.10000000000001 76.625 86.4 84.44444444444444
84.22222222222223 65.69999999999999 76.625 85.6 84.11111111111111
83.77777777777779 64.8 77.75 86.7 85.44444444444444
83.33333333333333 67.4 77.5 86.8 84.77777777777777
84.11111111111111 65.0 76.5 85.5 85.66666666666667
83.77777777777779 63.1 76.125 85.7 84.22222222222223
84.0 62.8 76.25 86.4 85.55555555555556
83.0 62.4 75.625 85.6 85.0
83.77777777777779 62.300000000000004 76.25 84.5 84.22222222222223
83.77777777777779 61.800000000000004 76.125 86.1 84.55555555555556
83.0 61.6 76.125 84.8 84.22222222222223
83.77777777777779 60.5 75.875 86.1 86.11111111111111
84.11111111111111 58.1 73.25 85.8 84.22222222222223
83.88888888888889 58.1 74.125 85.8 85.44444444444444
83.11111111111111 56.5 73.875 84.8 83.66666666666667
84.77777777777777 57.8 75.375 85.3 85.33333333333333
83.66666666666667 55.7 74.25 86.4 85.88888888888889
84.11111111111111 57.5 74.75 85.5 85.33333333333333
82.88888888888889 53.5 72.5 87.0 85.66666666666667
83.88888888888889 51.8 72.625 85.1 84.66666666666667
83.33333333333333 50.7 70.75 85.4 83.66666666666667
84.11111111111111 53.400000000000006 72.625 85.2 84.33333333333333
84.0 49.4 71.625 85.8 84.66666666666667
84.66666666666667 51.3 71.5 86.3 84.44444444444444
82.66666666666667 48.9 70.125 85.3 84.44444444444444
82.66666666666667 50.0 71.375 85.4 84.77777777777777
84.0 46.9 70.25 85.9 84.77777777777777
81.55555555555556 77.8 79.375 81.19999999999999 80.33333333333334
81.88888888888889 77.89999999999999 81.125 82.8 83.0
81.55555555555556 78.10000000000001 81.375 80.9 82.22222222222223
80.66666666666666 79.60000000000001 81.0 81.4 82.0
84.33333333333333 45.5 70.125 85.8 84.44444444444444
81.33333333333333 77.8 81.375 81.60000000000001 81.55555555555556
81.33333333333333 76.8 80.125 81.0 82.1111111111111
80.33333333333334 77.89999999999999 80.75 81.60000000000001 82.22222222222223
81.44444444444444 79.39999999999999 79.75 82.60000000000001 81.66666666666667
83.66666666666667 56.0 69.0 85.0 85.66666666666667
82.33333333333333 78.60000000000001 80.625 81.3 82.66666666666667
82.22222222222223 79.39999999999999 82.375 81.60000000000001 82.0
81.1111111111111 79.0 80.125 81.5 81.44444444444444
82.0 79.60000000000001 80.875 82.5 81.22222222222223
83.88888888888889 45.400000000000006 69.5 86.6 84.88888888888889
82.66666666666667 78.8 80.5 81.9 81.55555555555556
80.77777777777779 78.60000000000001 80.5 81.60000000000001 81.22222222222223
81.66666666666667 78.60000000000001 80.375 81.3 82.22222222222223
82.1111111111111 79.10000000000001 82.0 81.69999999999999 82.77777777777779
83.33333333333333 54.0 68.125 85.8 84.88888888888889
81.22222222222223 77.2 80.25 81.9 82.22222222222223
81.33333333333333 77.60000000000001 79.25 81.0 81.66666666666667
81.88888888888889 78.2 80.5 81.3 80.66666666666666
81.66666666666667 77.60000000000001 78.875 80.60000000000001 81.77777777777779
81.66666666666667 80.19999999999999 81.375 82.60000000000001 82.77777777777779
82.0 77.60000000000001 80.0 81.10000000000001 81.33333333333333
80.66666666666666 79.0 81.375 81.69999999999999 82.33333333333333
81.77777777777779 77.89999999999999 80.375 82.0 81.1111111111111
81.88888888888889 78.7 81.125 82.19999999999999 82.77777777777779
82.1111111111111 78.7 80.875 83.1 81.77777777777779
84.33333333333333 55.599999999999994 67.625 86.8 86.33333333333333
84.0 56.0 69.625 87.1 86.11111111111111
83.11111111111111 53.900000000000006 67.125 85.3 85.11111111111111
83.11111111111111 54.6 67.625 85.0 83.88888888888889
83.55555555555554 55.4 67.75 85.7 85.11111111111111
84.33333333333333 56.099999999999994 70.125 86.2 84.66666666666667
83.33333333333333 55.1 69.5 85.9 85.66666666666667
83.55555555555554 54.199999999999996 67.5 85.3 84.88888888888889
83.55555555555554 55.199999999999996 69.125 84.8 85.22222222222223
82.55555555555554 53.900000000000006 67.5 84.8 84.66666666666667
84.33333333333333 56.7 69.25 84.7 84.33333333333333
84.22222222222223 56.0 69.625 85.7 84.33333333333333
84.44444444444444 55.5 68.0 86.6 85.55555555555556
83.44444444444444 55.5 68.375 85.7 85.66666666666667
83.77777777777779 55.9 68.25 85.9 85.33333333333333
84.11111111111111 57.4 69.5 86.2 86.88888888888889
84.33333333333333 55.4 69.625 86.5 84.22222222222223
83.0 55.1 69.25 85.6 85.0
84.11111111111111 58.9 69.625 87.1 85.88888888888889
84.22222222222223 55.5 69.125 86.3 85.44444444444444
84.88888888888889 55.9 70.0 85.9 84.88888888888889
85.0 56.9 70.125 85.8 86.66666666666667
83.77777777777779 56.099999999999994 69.125 86.2 85.66666666666667
83.33333333333333 55.7 68.75 87.1 85.11111111111111
81.77777777777779 56.599999999999994 70.875 85.8 86.44444444444444
83.33333333333333 58.5 72.875 86.6 85.88888888888889
83.66666666666667 57.8 71.0 86.8 84.88888888888889
83.11111111111111 56.0 71.5 85.2 85.0
83.55555555555554 56.0 70.625 85.9 84.44444444444444
82.1111111111111 56.800000000000004 69.375 85.5 84.44444444444444
84.0 57.6 71.0 85.8 86.66666666666667
84.77777777777777 56.2 71.625 87.0 86.0
83.77777777777779 56.599999999999994 71.0 86.6 85.88888888888889
83.88888888888889 56.9 71.875 86.7 85.88888888888889
83.55555555555554 58.0 70.75 85.7 84.44444444444444
82.88888888888889 56.5 70.75 87.2 85.33333333333333
83.0 58.6 71.75 85.9 85.88888888888889
83.44444444444444 58.1 72.5 87.1 85.88888888888889
83.44444444444444 56.599999999999994 71.5 86.0 85.33333333333333
84.0 60.3 74.25 86.4 85.33333333333333
84.0 56.7 73.125 86.0 85.88888888888889
85.22222222222223 59.9 75.75 88.4 86.55555555555556
84.11111111111111 59.8 75.25 87.0 84.55555555555556
84.33333333333333 62.0 75.625 87.9 85.0
83.55555555555554 59.4 73.5 87.9 87.55555555555556
84.0 61.1 74.125 86.5 86.11111111111111
85.22222222222223 61.5 76.625 87.6 86.77777777777777
84.0 60.6 76.25 87.3 86.44444444444444
84.88888888888889 62.0 77.25 87.5 87.66666666666667
82.77777777777779 59.4 76.25 87.4 85.66666666666667
85.0 63.1 77.25 87.8 85.66666666666667
84.44444444444444 61.800000000000004 78.875 88.3 87.33333333333333
83.88888888888889 61.699999999999996 77.5 88.3 87.33333333333333
84.66666666666667 63.3 79.125 89.5 87.66666666666667
85.44444444444444 63.4 80.375 89.39999999999999 87.22222222222223
83.44444444444444 64.19999999999999 79.625 89.30000000000001 86.0
85.66666666666667 63.9 80.5 88.6 87.33333333333333
84.88888888888889 63.70000000000001 79.625 87.8 86.55555555555556
84.33333333333333 64.5 82.375 89.39999999999999 87.0
83.88888888888889 65.10000000000001 80.375 89.1 87.66666666666667
84.77777777777777 64.10000000000001 81.125 90.2 87.77777777777777
85.22222222222223 64.9 81.625 89.0 86.88888888888889
84.88888888888889 65.19999999999999 82.5 90.0 87.66666666666667
84.88888888888889 65.10000000000001 82.75 90.30000000000001 87.44444444444444
85.88888888888889 65.9 83.875 89.89999999999999 86.33333333333333
86.0 65.9 83.0 89.1 87.22222222222223
86.88888888888889 69.0 85.5 90.80000000000001 88.11111111111111
85.88888888888889 65.69999999999999 83.375 91.0 87.22222222222223
86.0 67.8 85.25 90.2 88.0
86.11111111111111 68.0 84.875 91.6 88.0
85.0 68.8 85.125 91.39999999999999 87.11111111111111
84.66666666666667 65.3 84.625 89.89999999999999 86.22222222222223
85.0 68.2 85.375 90.80000000000001 88.33333333333333
86.0 69.3 85.75 90.6 87.66666666666667
84.66666666666667 68.1 84.75 89.89999999999999 86.88888888888889
86.88888888888889 68.9 85.875 92.2 89.8888888888889
85.88888888888889 66.60000000000001 85.375 91.5 86.88888888888889
85.11111111111111 68.2 86.0 90.89999999999999 88.44444444444446
86.22222222222223 71.0 85.875 91.5 89.33333333333333
86.77777777777777 69.3 86.75 91.39999999999999 89.22222222222221
85.11111111111111 70.8 86.25 92.39999999999999 88.11111111111111
85.66666666666667 69.0 85.75 91.89999999999999 88.44444444444446
85.11111111111111 69.3 87.0 91.5 86.88888888888889
88.22222222222221 71.0 86.5 92.1 89.11111111111111
86.0 68.3 85.875 90.6 86.55555555555556
86.11111111111111 69.2 86.375 92.2 88.22222222222221
87.22222222222223 72.7 88.375 93.5 89.44444444444444
86.22222222222223 69.2 84.75 92.5 88.66666666666667
85.88888888888889 70.1 85.125 92.0 88.11111111111111
86.33333333333333 71.5 87.0 92.3 89.11111111111111
87.22222222222223 71.9 86.875 92.60000000000001 87.66666666666667
86.44444444444444 71.8 87.375 93.10000000000001 88.88888888888889
88.22222222222221 71.5 87.875 91.80000000000001 88.88888888888889
86.66666666666667 74.0 88.0 93.39999999999999 88.77777777777777
86.44444444444444 72.5 86.75 92.60000000000001 88.22222222222221
85.88888888888889 72.4 86.25 93.2 89.33333333333333
87.33333333333333 73.7 88.625 92.3 89.55555555555556
87.22222222222223 72.0 87.125 93.5 88.33333333333333
86.88888888888889 71.5 85.5 92.89999999999999 87.55555555555556
