0.0 0.17486338797814208 0.05300859598853869 0.0006887052341597796 0.0
0.001483679525222552 0.12978142076502733 0.04799426934097421 0.0 0.0
0.000741839762611276 0.13524590163934425 0.0680515759312321 0.0 0.0
0.000741839762611276 0.15505464480874318 0.07378223495702006 0.0 0.0006711409395973154
0.0 0.14071038251366122 0.05659025787965616 0.0 0.0
0.0 0.148224043715847 0.06303724928366763 0.0 0.0
0.000741839762611276 0.16598360655737704 0.07593123209169055 0.0 0.0
0.0 0.13387978142076504 0.06232091690544412 0.0006887052341597796 0.0
0.0 0.17281420765027322 0.06661891117478509 0.0 0.0006711409395973154
0.0 0.15505464480874318 0.07163323782234957 0.0 0.0
0.001483679525222552 0.23292349726775954 0.06948424068767908 0.0 0.0
0.0 0.15027322404371585 0.06303724928366763 0.0 0.0
0.0 0.1413934426229508 0.060171919770773644 0.0013774104683195593 0.0
0.000741839762611276 0.17349726775956284 0.06375358166189113 0.0 0.0
0.0 0.1687158469945355 0.055873925501432664 0.0006887052341597796 0.0
0.000741839762611276 0.20150273224043716 0.05515759312320917 0.0 0.0006711409395973154
0.001483679525222552 0.203551912568306 0.060171919770773644 0.0 0.0
0.0 0.203551912568306 0.07664756446991404 0.0006887052341597796 0.0
0.0 0.17827868852459017 0.06661891117478509 0.0 0.0006711409395973154
0.0 0.13797814207650275 0.06375358166189113 0.0 0.0
0.000741839762611276 0.1646174863387978 0.0651862464183381 0.0 0.0
0.001483679525222552 0.19808743169398907 0.0680515759312321 0.0006887052341597796 0.0
0.0 0.1762295081967213 0.038681948424068774 0.0006887052341597796 0.0006711409395973154
0.0 0.17486338797814208 0.06446991404011461 0.0006887052341597796 0.0006711409395973154
0.0 0.22882513661202186 0.08595988538681948 0.002066115702479339 0.0
0.000741839762611276 0.1864754098360656 0.06303724928366763 0.0 0.0
0.0 0.17759562841530055 0.0680515759312321 0.0006887052341597796 0.0
0.000741839762611276 0.1919398907103825 0.06375358166189113 0.0006887052341597796 0.0
0.0 0.20218579234972678 0.07521489971346705 0.0013774104683195593 0.0
0.0 0.16120218579234974 0.06661891117478509 0.0 0.0006711409395973154
0.000741839762611276 0.1987704918032787 0.06232091690544412 0.0006887052341597796 0.0006711409395973154
0.000741839762611276 0.21038251366120217 0.083810888252149 0.0 0.0
0.0 0.21994535519125685 0.07020057306590258 0.0 0.0
0.000741839762611276 0.20560109289617484 0.0680515759312321 0.0 0.0
0.001483679525222552 0.203551912568306 0.07664756446991404 0.0 0.0
0.000741839762611276 0.20491803278688525 0.07664756446991404 0.0006887052341597796 0.0
0.000741839762611276 0.2568306010928961 0.06446991404011461 0.0006887052341597796 0.0006711409395973154
0.001483679525222552 0.24180327868852458 0.052292263610315186 0.0 0.0
0.0 0.25546448087431695 0.08166189111747851 0.0 0.0
0.001483679525222552 0.2390710382513661 0.08237822349570201 0.0 0.0
0.000741839762611276 0.22404371584699453 0.06876790830945559 0.0006887052341597796 0.0
0.000741839762611276 0.2780054644808743 0.058022922636103154 0.0006887052341597796 0.0
0.0 0.21516393442622953 0.08810888252148998 0.0 0.0
0.0 0.2602459016393443 0.07808022922636103 0.0 0.0006711409395973154
0.000741839762611276 0.24248633879781423 0.05730659025787966 0.0 0.0
0.0 0.23565573770491804 0.06446991404011461 0.0 0.0
0.001483679525222552 0.2568306010928961 0.05730659025787966 0.0006887052341597796 0.0
0.000741839762611276 0.3005464480874317 0.09025787965616046 0.0013774104683195593 0.0
0.001483679525222552 0.32991803278688525 0.06375358166189113 0.0 0.0
0.000741839762611276 0.28961748633879786 0.08166189111747851 0.0 0.0
0.0 0.28551912568306015 0.07306590257879657 0.0 0.0
0.000741839762611276 0.26639344262295084 0.06733524355300859 0.0 0.0
0.000741839762611276 0.31830601092896177 0.07378223495702006 0.0 0.0006711409395973154
0.0 0.3401639344262295 0.11031518624641834 0.0 0.0
0.0 0.2718579234972678 0.060171919770773644 0.0 0.0
0.000741839762611276 0.3408469945355191 0.06088825214899713 0.0013774104683195593 0.0
0.0 0.3367486338797814 0.07234957020057307 0.0 0.0
0.0 0.3681693989071038 0.08954154727793696 0.0 0.0
0.002225519287833828 0.3790983606557377 0.1002865329512894 0.0 0.0
0.000741839762611276 0.3825136612021858 0.0988538681948424 0.0 0.0
0.002225519287833828 0.41051912568306015 0.07664756446991404 0.0 0.0
0.0 0.39344262295081966 0.0830945558739255 0.0006887052341597796 0.0006711409395973154
0.000741839762611276 0.4077868852459016 0.08166189111747851 0.0 0.0006711409395973154
0.0 0.39207650273224043 0.09598853868194843 0.0 0.0
0.0 0.3913934426229508 0.10458452722063037 0.0006887052341597796 0.0006711409395973154
0.000741839762611276 0.45901639344262296 0.1167621776504298 0.0006887052341597796 0.0
0.0 0.4760928961748634 0.09169054441260746 0.0013774104683195593 0.0
0.000741839762611276 0.47882513661202186 0.09240687679083094 0.0006887052341597796 0.0006711409395973154
0.0 0.5027322404371585 0.10744985673352435 0.0 0.0
0.0 0.4713114754098361 0.11174785100286533 0.0 0.0
0.0 0.47472677595628415 0.09670487106017192 0.0 0.0
0.000741839762611276 0.4883879781420765 0.09598853868194843 0.0 0.0
0.0 0.4774590163934426 0.09670487106017192 0.0 0.0
0.001483679525222552 0.5081967213114754 0.09455587392550142 0.0 0.0
0.000741839762611276 0.5334699453551912 0.10959885386819485 0.0006887052341597796 0.0
0.0 0.5471311475409836 0.09097421203438397 0.0 0.0
0.0 0.5293715846994536 0.08452722063037249 0.0 0.0006711409395973154
0.000741839762611276 0.5006830601092896 0.09025787965616046 0.0 0.0
0.0 0.5737704918032787 0.10673352435530085 0.0 0.0
0.000741839762611276 0.575136612021858 0.0995702005730659 0.0013774104683195593 0.0
0.000741839762611276 0.6181693989071039 0.12249283667621776 0.0 0.0
0.000741839762611276 0.6202185792349727 0.10315186246418338 0.0006887052341597796 0.0
0.001483679525222552 0.6031420765027322 0.11389684813753581 0.0006887052341597796 0.0
0.0 0.6202185792349727 0.12750716332378226 0.0 0.0
0.000741839762611276 0.6318306010928961 0.09813753581661891 0.0 0.0
0.000741839762611276 0.6591530054644809 0.10744985673352435 0.0006887052341597796 0.0
0.000741839762611276 0.7397540983606556 0.14111747851002865 0.0 0.0
0.0 0.6953551912568307 0.11819484240687679 0.0 0.0
0.002225519287833828 0.7219945355191257 0.14183381088825214 0.0006887052341597796 0.0
0.001483679525222552 0.7069672131147541 0.1310888252148997 0.0 0.0
0.0 0.7581967213114754 0.13968481375358166 0.0 0.0
0.0 0.7137978142076502 0.13395415472779368 0.0 0.0006711409395973154
0.000741839762611276 0.8271857923497268 0.16045845272206302 0.0006887052341597796 0.0
0.0 0.8101092896174863 0.17120343839541546 0.0 0.0
0.002967359050445104 0.8285519125683061 0.15329512893982808 0.0 0.0
0.0 0.7978142076502732 0.13467048710601717 0.0 0.0
0.0 0.8551912568306012 0.16045845272206302 0.0006887052341597796 0.0
0.0 0.8586065573770492 0.17048710601719197 0.0 0.0
0.001483679525222552 0.9077868852459016 0.16117478510028652 0.0006887052341597796 0.0
0.0 0.8620218579234973 0.17765042979942694 0.0006887052341597796 0.0
0.0 0.9576502732240437 0.18409742120343842 0.0 0.0
0.0 0.07513661202185792 0.002865329512893983 0.0 0.0
0.0 0.08265027322404372 0.0035816618911174787 0.0 0.0
0.0 0.08674863387978142 0.0035816618911174787 0.0 0.0
0.0 0.06284153005464481 0.002148997134670487 0.0 0.0
0.000741839762611276 0.9795081967213116 0.18767908309455586 0.0006887052341597796 0.0
0.0 0.08606557377049182 0.0071633237822349575 0.0 0.0
0.001483679525222552 0.07991803278688524 0.0064469914040114614 0.0 0.0
0.0 0.08606557377049182 0.004297994269340974 0.0 0.0
0.0 0.07513661202185792 0.0035816618911174787 0.0 0.0
0.0 0.689207650273224 0.2550143266475645 0.0006887052341597796 0.0
0.0 0.07786885245901638 0.0007163323782234958 0.0 0.0
0.0 0.0744535519125683 0.0050143266475644694 0.0 0.0
0.0 0.06557377049180328 0.0050143266475644694 0.0 0.0
0.0 0.07308743169398907 0.0064469914040114614 0.0 0.0006711409395973154
0.002225519287833828 0.9535519125683061 0.1991404011461318 0.0006887052341597796 0.0
0.0 0.08060109289617487 0.0071633237822349575 0.0 0.0
0.0 0.07923497267759563 0.002865329512893983 0.0 0.0
0.0 0.07650273224043716 0.005730659025787966 0.0 0.0
0.0 0.08060109289617487 0.0014326647564469916 0.0 0.0006711409395973154
0.000741839762611276 0.7308743169398907 0.2994269340974212 0.0006887052341597796 0.0006711409395973154
0.0 0.08333333333333333 0.004297994269340974 0.0 0.0
0.0 0.07991803278688524 0.0035816618911174787 0.0 0.0
0.0 0.08879781420765027 0.002865329512893983 0.0 0.0
0.0 0.07377049180327869 0.004297994269340974 0.0 0.0
0.0 0.07718579234972678 0.0014326647564469916 0.0 0.0
0.0 0.08060109289617487 0.0064469914040114614 0.0 0.0
0.0 0.07172131147540983 0.0014326647564469916 0.0 0.0006711409395973154
0.000741839762611276 0.07718579234972678 0.007879656160458454 0.0 0.0
0.0 0.08265027322404372 0.0050143266475644694 0.0 0.0
0.0 0.06147540983606557 0.0035816618911174787 0.0 0.0
0.0 0.7158469945355191 0.3166189111747851 0.0006887052341597796 0.0
0.0 0.7240437158469946 0.28151862464183386 0.0006887052341597796 0.0
0.0 0.7397540983606556 0.28796561604584525 0.002066115702479339 0.0
0.0 0.7274590163934427 0.28868194842406875 0.003443526170798898 0.0
0.0 0.7096994535519126 0.3187679083094556 0.0006887052341597796 0.0
0.000741839762611276 0.7015027322404371 0.28008595988538687 0.0 0.0
0.0 0.7090163934426229 0.2700573065902579 0.002066115702479339 0.0
0.001483679525222552 0.7493169398907104 0.31805157593123207 0.0013774104683195593 0.0
0.0 0.698087431693989 0.2836676217765043 0.0027548209366391185 0.0
0.001483679525222552 0.7233606557377049 0.30587392550143266 0.0 0.0
0.000741839762611276 0.6912568306010929 0.335243553008596 0.0027548209366391185 0.0
0.0 0.6987704918032787 0.3094555873925502 0.0027548209366391185 0.0
0.0 0.7213114754098361 0.33810888252148996 0.0006887052341597796 0.0
0.0 0.7192622950819673 0.3438395415472779 0.0006887052341597796 0.0006711409395973154
0.000741839762611276 0.6987704918032787 0.32736389684813755 0.0 0.0
0.0 0.7035519125683061 0.3151862464183381 0.0006887052341597796 0.0
0.0 0.7226775956284153 0.3345272206303725 0.002066115702479339 0.0
0.0 0.7021857923497268 0.3660458452722063 0.0013774104683195593 0.0
0.0 0.6782786885245902 0.3918338108882522 0.0 0.0006711409395973154
0.001483679525222552 0.7397540983606556 0.4348137535816619 0.0013774104683195593 0.0
0.0 0.7329234972677595 0.4140401146131805 0.0 0.0
0.0 0.694672131147541 0.45558739255014324 0.0013774104683195593 0.0
0.0 0.6953551912568307 0.44126074498567336 0.002066115702479339 0.0
0.0 0.7199453551912569 0.4878223495702006 0.0013774104683195593 0.0
0.0 0.6810109289617486 0.4591690544412607 0.0013774104683195593 0.0
0.0 0.6871584699453552 0.49856733524355296 0.0006887052341597796 0.0
0.001483679525222552 0.698087431693989 0.5329512893982807 0.0006887052341597796 0.0006711409395973154
0.0 0.6898907103825136 0.5293696275071633 0.0 0.0
0.0 0.7308743169398907 0.5444126074498568 0.0 0.0
0.0 0.7028688524590164 0.6060171919770774 0.0 0.0
0.000741839762611276 0.6974043715846994 0.6138968481375359 0.0006887052341597796 0.0
0.0 0.7418032786885246 0.747134670487106 0.0 0.0
0.0 0.7281420765027322 0.7643266475644699 0.002066115702479339 0.0
0.000741839762611276 0.717896174863388 0.7077363896848138 0.0 0.0
0.0 0.7069672131147541 0.7865329512893984 0.002066115702479339 0.0
0.0 0.7349726775956285 0.7786532951289399 0.0006887052341597796 0.0
0.000741839762611276 0.7083333333333334 0.8868194842406877 0.0013774104683195593 0.0006711409395973154
0.0 0.7185792349726776 0.8488538681948424 0.0 0.0
0.0 0.755464480874317 0.9441260744985673 0.0 0.0
0.000741839762611276 0.6953551912568307 0.9763610315186246 0.0 0.0
0.0 0.746584699453552 1.0680515759312321 0.002066115702479339 0.0
0.000741839762611276 0.7766393442622951 1.1554441260744985 0.0 0.0
0.0 0.7281420765027322 1.1611747851002865 0.0 0.0
0.0 0.7390710382513661 1.2206303724928367 0.002066115702479339 0.0
0.0 0.7848360655737705 1.3524355300859598 0.002066115702479339 0.0
0.0 0.746584699453552 1.313753581661891 0.0 0.0006711409395973154
0.0 0.7288251366120219 1.345272206303725 0.0027548209366391185 0.0
0.000741839762611276 0.7622950819672132 1.4097421203438396 0.0 0.0
0.000741839762611276 0.7336065573770492 1.4985673352435531 0.0013774104683195593 0.0
0.0 0.7711748633879781 1.5250716332378225 0.0 0.0006711409395973154
0.001483679525222552 0.7288251366120219 1.6375358166189113 0.0006887052341597796 0.0
0.0 0.7561475409836065 1.745702005730659 0.0013774104683195593 0.0
0.0 0.8012295081967213 1.846704871060172 0.0006887052341597796 0.0
0.000741839762611276 0.7814207650273224 1.9820916905444126 0.0 0.0
0.0 0.8025956284153005 1.9892550143266476 0.0006887052341597796 0.0
0.0 0.7629781420765028 2.080945558739255 0.002066115702479339 0.0
0.0 0.8060109289617486 2.1174785100286533 0.0 0.0
0.0 0.8053278688524591 2.2421203438395416 0.0 0.0
0.0 0.8148907103825136 2.2729226361031523 0.002066115702479339 0.0
0.0 0.7827868852459016 2.4269340974212033 0.0006887052341597796 0.0
0.0 0.8435792349726776 2.583810888252149 0.0013774104683195593 0.0
0.0 0.8401639344262295 2.6131805157593124 0.002066115702479339 0.0
0.0 0.8292349726775957 2.795845272206304 0.0006887052341597796 0.0006711409395973154
0.0 0.851775956284153 2.8782234957020054 0.0006887052341597796 0.0
0.0 0.8551912568306012 2.9957020057306587 0.0 0.0
0.0 0.9036885245901639 3.0845272206303727 0.0006887052341597796 0.0006711409395973154
0.0 0.871584699453552 3.0673352435530084 0.0006887052341597796 0.0
0.0 0.8934426229508197 3.2392550143266474 0.0 0.0
0.001483679525222552 0.8879781420765028 3.3732091690544412 0.0013774104683195593 0.0
0.0 0.915983606557377 3.4441260744985676 0.0 0.0
0.0 0.8770491803278688 3.550143266475645 0.0 0.0
0.0 0.9508196721311475 3.6439828080229226 0.0006887052341597796 0.0006711409395973154
0.0 0.950136612021858 3.793696275071633 0.0006887052341597796 0.0
0.0 0.9487704918032787 3.9419770773638967 0.0 0.0
0.0 0.9590163934426229 4.132521489971347 0.0 0.0
0.0 1.0505464480874316 4.260744985673353 0.0006887052341597796 0.0
0.000741839762611276 1.0560109289617488 4.487106017191977 0.0 0.0
0.0 1.0491803278688525 4.487822349570201 0.0006887052341597796 0.0
0.0 1.0239071038251366 4.533667621776504 0.0006887052341597796 0.0
0.0 1.075136612021858 4.819484240687679 0.0006887052341597796 0.0
0.0 1.0676229508196722 4.810171919770774 0.0013774104683195593 0.0
0.0 1.10724043715847 4.981375358166189 0.0 0.0
0.002967359050445104 1.1045081967213115 5.039398280802293 0.0 0.0
0.0 1.110655737704918 5.222063037249283 0.0 0.0
0.0 1.1427595628415301 5.396848137535817 0.0 0.0
0.000741839762611276 1.1816939890710383 5.453438395415473 0.0 0.0
0.0 1.1864754098360657 5.624641833810888 0.0013774104683195593 0.0
0.0 1.1871584699453552 5.736389684813753 0.0013774104683195593 0.0
0.0 1.2260928961748634 5.891833810888253 0.0 0.0006711409395973154
0.0 1.2178961748633879 5.873209169054442 0.0006887052341597796 0.0
0.0 1.262295081967213 6.126790830945559 0.0 0.0
0.0 1.282103825136612 6.249283667621777 0.0013774104683195593 0.0
0.0 1.3012295081967213 6.462750716332379 0.0006887052341597796 0.0
0.0 1.2957650273224044 6.595272206303725 0.0 0.0
0.0 1.3545081967213115 6.67621776504298 0.0 0.0
0.000741839762611276 1.383879781420765 6.846704871060172 0.0006887052341597796 0.0
0.0 1.403688524590164 6.924785100286533 0.0006887052341597796 0.0
0.000741839762611276 1.450136612021858 7.064469914040115 0.0006887052341597796 0.0
0.0 1.4405737704918034 7.126074498567336 0.0006887052341597796 0.0
