74.21428571428572 71.38461538461539 71.8125 75.0 73.07692307692308
74.07142857142857 70.38461538461537 72.1875 74.84615384615384 74.0
73.85714285714286 70.53846153846153 71.1875 75.38461538461539 73.46153846153847
74.14285714285715 72.0 71.625 75.38461538461539 73.3076923076923
72.78571428571429 71.07692307692308 71.4375 74.0 71.38461538461539
73.71428571428572 71.07692307692308 72.5625 74.61538461538461 73.53846153846153
73.5 70.07692307692308 72.125 76.38461538461539 72.61538461538461
74.35714285714286 72.38461538461539 72.75 75.23076923076923 74.61538461538461
74.28571428571429 71.6923076923077 73.0625 75.61538461538461 73.38461538461539
73.14285714285715 69.84615384615385 70.9375 73.84615384615385 72.38461538461539
72.71428571428572 70.6923076923077 69.5625 73.23076923076923 73.07692307692308
73.21428571428572 69.07692307692308 71.25 74.23076923076923 72.3076923076923
72.57142857142857 70.53846153846153 71.25 74.38461538461539 72.3076923076923
73.85714285714286 70.92307692307692 71.125 73.53846153846153 72.76923076923077
74.14285714285715 70.53846153846153 71.4375 74.23076923076923 72.61538461538461
73.42857142857143 70.38461538461537 71.5625 75.46153846153845 73.07692307692308
73.42857142857143 70.07692307692308 72.5625 75.0 73.92307692307692
73.92857142857143 71.46153846153847 71.125 74.46153846153847 72.76923076923077
72.92857142857143 70.6923076923077 69.9375 74.07692307692308 72.07692307692308
74.42857142857143 69.76923076923076 71.0 74.23076923076923 73.6923076923077
72.21428571428572 70.61538461538463 69.0625 72.76923076923077 70.23076923076924
73.21428571428572 69.46153846153847 70.6875 74.46153846153847 73.38461538461539
73.07142857142857 70.53846153846153 70.625 74.53846153846153 72.15384615384615
72.28571428571429 70.23076923076924 71.25 73.92307692307692 72.53846153846153
73.78571428571429 71.3076923076923 71.3125 73.3076923076923 73.0
71.57142857142858 69.23076923076924 69.625 73.07692307692308 71.6923076923077
73.85714285714286 71.38461538461539 71.8125 75.23076923076923 73.53846153846153
74.35714285714286 71.84615384615385 71.875 74.61538461538461 73.53846153846153
73.57142857142857 69.46153846153847 70.625 75.0 72.3076923076923
74.0 71.07692307692308 71.25 75.23076923076923 72.92307692307692
72.0 72.07692307692308 71.0 73.84615384615385 72.6923076923077
74.21428571428572 71.61538461538461 73.1875 74.84615384615384 73.61538461538461
72.5 70.15384615384615 70.9375 75.07692307692308 73.0
72.42857142857143 70.38461538461537 69.625 73.0 71.61538461538461
72.21428571428572 67.76923076923077 69.25 72.0 72.15384615384615
73.71428571428572 70.61538461538463 70.625 73.76923076923077 72.6923076923077
73.92857142857143 70.0 70.9375 75.23076923076923 73.6923076923077
74.92857142857143 70.6923076923077 71.9375 74.61538461538461 72.84615384615385
73.42857142857143 70.61538461538463 71.3125 74.92307692307692 73.46153846153847
74.42857142857143 70.0 70.9375 75.0 73.23076923076923
73.57142857142857 69.38461538461537 70.4375 73.76923076923077 72.6923076923077
72.35714285714286 69.6923076923077 70.0 73.6923076923077 71.15384615384615
73.14285714285715 69.15384615384615 69.875 74.0 73.76923076923077
74.0 70.23076923076924 71.1875 74.76923076923077 73.76923076923077
73.42857142857143 69.15384615384615 70.1875 74.76923076923077 72.6923076923077
72.0 67.92307692307692 69.5625 73.38461538461539 72.53846153846153
73.42857142857143 70.76923076923076 71.4375 75.23076923076923 73.38461538461539
72.14285714285715 70.38461538461537 70.875 73.76923076923077 72.07692307692308
73.57142857142857 69.84615384615385 71.1875 75.61538461538461 73.92307692307692
73.64285714285715 69.6923076923077 71.4375 74.46153846153847 73.23076923076923
75.07142857142857 70.84615384615385 71.375 75.61538461538461 73.84615384615385
72.71428571428572 69.38461538461537 69.75 73.84615384615385 71.76923076923076
73.78571428571429 69.23076923076924 70.25 74.76923076923077 72.92307692307692
73.42857142857143 67.61538461538461 71.125 74.15384615384616 73.38461538461539
74.14285714285715 70.61538461538463 71.0625 74.84615384615384 74.07692307692308
72.85714285714286 69.92307692307692 71.125 74.61538461538461 73.0
73.35714285714286 69.23076923076924 70.0625 75.0 71.6923076923077
74.71428571428572 70.84615384615385 72.1875 76.46153846153845 73.38461538461539
73.71428571428572 68.38461538461539 70.625 74.84615384615384 73.6923076923077
74.28571428571429 69.0 70.875 74.3076923076923 73.46153846153847
74.0 70.61538461538463 71.6875 75.15384615384616 72.76923076923077
75.07142857142857 71.07692307692308 70.8125 75.38461538461539 73.53846153846153
72.5 69.92307692307692 71.125 74.38461538461539 73.38461538461539
73.5 69.61538461538463 71.9375 74.92307692307692 72.6923076923077
73.85714285714286 68.23076923076924 70.625 75.38461538461539 73.53846153846153
73.42857142857143 68.76923076923076 71.125 73.46153846153847 73.84615384615385
74.07142857142857 68.61538461538461 69.875 74.6923076923077 73.23076923076923
73.78571428571429 68.07692307692308 70.4375 74.3076923076923 72.84615384615385
74.07142857142857 68.53846153846153 71.8125 74.92307692307692 75.0
73.78571428571429 68.61538461538461 71.1875 74.0 73.07692307692308
73.0 67.15384615384615 71.0 73.92307692307692 72.53846153846153
74.07142857142857 67.15384615384615 69.8125 73.3076923076923 73.46153846153847
72.57142857142857 66.07692307692308 70.625 73.53846153846153 72.53846153846153
73.28571428571429 67.61538461538461 71.4375 75.0 73.76923076923077
73.85714285714286 68.76923076923076 70.5 75.23076923076923 72.92307692307692
73.71428571428572 69.07692307692308 71.25 75.46153846153845 73.84615384615385
74.71428571428572 67.38461538461539 71.375 75.84615384615384 73.76923076923077
73.42857142857143 68.53846153846153 71.25 75.07692307692308 73.61538461538461
74.5 68.0 71.1875 75.38461538461539 74.0
72.71428571428572 66.76923076923077 69.4375 74.38461538461539 73.15384615384615
74.14285714285715 66.6923076923077 71.0 76.61538461538461 74.53846153846153
73.35714285714286 67.07692307692308 70.5 74.76923076923077 72.61538461538461
72.85714285714286 66.84615384615385 70.8125 74.53846153846153 73.0
73.28571428571429 66.6923076923077 70.1875 74.92307692307692 73.15384615384615
74.92857142857143 67.61538461538461 71.9375 75.07692307692308 73.84615384615385
74.85714285714286 68.38461538461539 71.3125 76.0 74.53846153846153
71.57142857142858 65.92307692307692 69.3125 74.38461538461539 72.15384615384615
72.92857142857143 67.3076923076923 69.5625 75.07692307692308 72.61538461538461
73.57142857142857 64.6923076923077 70.375 74.53846153846153 73.53846153846153
74.21428571428572 66.6923076923077 70.0625 75.38461538461539 73.92307692307692
74.5 66.76923076923077 71.25 74.76923076923077 73.6923076923077
74.14285714285715 66.0 71.0625 74.92307692307692 73.92307692307692
74.35714285714286 66.0 69.5 74.84615384615384 72.76923076923077
73.85714285714286 65.15384615384616 69.6875 74.92307692307692 74.15384615384616
72.71428571428572 65.53846153846153 70.25 74.23076923076923 73.15384615384615
74.14285714285715 63.92307692307693 70.75 74.92307692307692 74.53846153846153
72.92857142857143 64.3076923076923 69.5625 73.46153846153847 73.15384615384615
74.57142857142857 65.07692307692308 70.125 75.53846153846155 73.84615384615385
73.5 64.15384615384616 70.875 75.61538461538461 73.61538461538461
73.57142857142857 63.769230769230774 68.6875 73.46153846153847 72.23076923076924
74.35714285714286 66.07692307692308 70.75 76.07692307692308 74.46153846153847
65.42857142857143 65.23076923076923 65.4375 65.92307692307692 67.6923076923077
66.28571428571428 64.76923076923077 65.0625 66.38461538461539 66.92307692307692
67.35714285714285 64.61538461538461 66.5625 66.76923076923077 67.92307692307692
65.85714285714285 65.6923076923077 65.75 65.92307692307692 66.92307692307692
74.35714285714286 64.23076923076923 70.6875 75.61538461538461 73.3076923076923
66.35714285714285 65.07692307692308 65.6875 66.6923076923077 66.15384615384616
67.0 66.15384615384616 66.8125 66.46153846153847 66.53846153846153
67.0 65.6923076923077 66.375 67.38461538461539 67.07692307692308
65.57142857142857 64.61538461538461 65.9375 67.46153846153847 66.6923076923077
75.28571428571429 66.53846153846153 69.0 75.15384615384616 74.53846153846153
65.5 64.3076923076923 65.875 64.84615384615384 64.92307692307692
67.28571428571428 65.38461538461539 65.125 66.61538461538461 66.46153846153847
66.57142857142857 65.07692307692308 66.0625 66.0 66.3076923076923
67.78571428571428 66.38461538461539 67.25 67.46153846153847 67.15384615384615
73.14285714285715 62.769230769230774 69.625 75.23076923076923 73.07692307692308
66.57142857142857 65.3076923076923 66.0625 66.92307692307692 66.92307692307692
65.07142857142857 64.84615384615384 66.5 66.07692307692308 65.23076923076923
66.0 64.84615384615384 65.25 65.07692307692308 64.0
68.0 64.61538461538461 66.1875 67.84615384615385 67.15384615384615
72.35714285714286 66.6923076923077 68.875 74.46153846153847 73.61538461538461
64.78571428571428 65.0 64.6875 66.0 65.38461538461539
66.92857142857143 65.07692307692308 66.25 66.84615384615385 66.53846153846153
65.85714285714285 66.15384615384616 66.125 66.3076923076923 66.92307692307692
65.35714285714286 65.92307692307692 64.5625 66.84615384615385 65.38461538461539
65.78571428571428 66.23076923076923 66.0625 65.38461538461539 65.53846153846153
67.14285714285714 67.6923076923077 66.75 67.23076923076923 66.0
66.0 65.46153846153845 66.4375 66.23076923076923 66.07692307692308
65.71428571428571 64.3076923076923 66.625 66.6923076923077 66.3076923076923
64.85714285714286 64.15384615384616 65.1875 64.53846153846155 65.92307692307692
67.5 66.0 67.375 67.53846153846153 67.53846153846153
73.21428571428572 66.92307692307692 68.125 74.76923076923077 72.38461538461539
72.5 66.3076923076923 68.1875 73.3076923076923 72.61538461538461
72.92857142857143 65.61538461538461 67.875 73.53846153846153 72.23076923076924
69.71428571428571 63.3076923076923 66.625 73.23076923076923 72.46153846153847
73.21428571428572 67.92307692307692 69.1875 74.23076923076923 73.76923076923077
74.14285714285715 65.0 68.8125 73.6923076923077 74.07692307692308
73.71428571428572 66.61538461538461 68.875 73.3076923076923 72.6923076923077
74.21428571428572 68.23076923076924 69.75 75.6923076923077 74.15384615384616
72.42857142857143 65.6923076923077 69.1875 74.15384615384616 73.61538461538461
72.5 67.23076923076923 68.8125 75.3076923076923 73.46153846153847
73.21428571428572 67.07692307692308 69.5 74.23076923076923 73.6923076923077
72.71428571428572 65.53846153846153 68.5625 75.0 74.6923076923077
72.92857142857143 66.92307692307692 68.9375 75.53846153846155 73.23076923076923
71.78571428571429 65.92307692307692 67.1875 72.76923076923077 72.76923076923077
72.78571428571429 66.38461538461539 67.25 73.6923076923077 71.3076923076923
72.14285714285715 65.0 66.25 73.3076923076923 72.46153846153847
71.57142857142858 66.3076923076923 67.25 73.61538461538461 72.0
71.64285714285715 65.0 65.375 72.61538461538461 70.61538461538463
73.28571428571429 66.23076923076923 66.75 73.53846153846153 73.61538461538461
72.35714285714286 65.0 66.5 74.3076923076923 72.92307692307692
71.78571428571429 64.76923076923077 66.875 73.46153846153847 72.84615384615385
73.57142857142857 66.61538461538461 67.125 74.6923076923077 73.84615384615385
72.71428571428572 64.6923076923077 64.375 72.92307692307692 71.61538461538461
73.71428571428572 66.3076923076923 64.9375 75.46153846153845 72.92307692307692
72.64285714285715 64.15384615384616 64.5 75.61538461538461 73.38461538461539
72.92857142857143 66.92307692307692 65.125 73.53846153846153 72.23076923076924
73.92857142857143 66.53846153846153 65.8125 75.07692307692308 73.53846153846153
72.28571428571429 66.15384615384616 63.56249999999999 74.38461538461539 73.53846153846153
73.71428571428572 66.3076923076923 63.43749999999999 73.84615384615385 73.3076923076923
74.07142857142857 67.07692307692308 64.875 76.84615384615384 75.3076923076923
73.07142857142857 65.6923076923077 61.0 73.61538461538461 72.53846153846153
72.78571428571429 66.0 61.0 74.46153846153847 74.15384615384616
72.42857142857143 64.92307692307692 60.375 74.07692307692308 73.6923076923077
73.28571428571429 65.07692307692308 60.375 73.38461538461539 72.6923076923077
72.21428571428572 64.3076923076923 59.625 74.3076923076923 72.15384615384615
73.64285714285715 66.0 59.5625 74.84615384615384 74.0
74.0 67.46153846153847 60.875 74.76923076923077 74.3076923076923
72.5 65.92307692307692 59.625 74.53846153846153 74.0
73.92857142857143 65.6923076923077 59.75 74.53846153846153 74.23076923076923
74.5 65.53846153846153 60.375 75.61538461538461 75.3076923076923
74.28571428571429 67.46153846153847 60.3125 75.61538461538461 74.92307692307692
72.35714285714286 64.0 57.1875 74.23076923076923 72.3076923076923
72.28571428571429 64.15384615384616 57.75 72.61538461538461 72.3076923076923
72.64285714285715 64.15384615384616 57.8125 73.15384615384615 73.0
74.07142857142857 66.53846153846153 59.125 74.46153846153847 73.61538461538461
72.42857142857143 64.6923076923077 56.125 73.23076923076923 72.6923076923077
73.78571428571429 65.76923076923077 58.25 74.61538461538461 72.84615384615385
73.21428571428572 67.61538461538461 60.75 75.38461538461539 74.6923076923077
73.21428571428572 66.23076923076923 58.1875 73.84615384615385 73.23076923076923
74.21428571428572 65.38461538461539 58.875 74.76923076923077 75.07692307692308
74.0 66.84615384615385 58.5 73.92307692307692 73.76923076923077
74.5 67.46153846153847 60.4375 74.92307692307692 74.53846153846153
74.21428571428572 66.07692307692308 58.3125 74.76923076923077 74.0
72.92857142857143 65.38461538461539 59.5625 75.23076923076923 74.84615384615384
73.42857142857143 65.6923076923077 58.1875 74.92307692307692 73.38461538461539
72.71428571428572 65.61538461538461 59.25 73.92307692307692 74.23076923076923
71.92857142857143 64.0 57.5625 73.84615384615385 72.3076923076923
74.42857142857143 65.38461538461539 57.1875 74.23076923076923 74.15384615384616
72.5 65.6923076923077 57.25 74.38461538461539 73.6923076923077
72.14285714285715 65.61538461538461 58.125 73.61538461538461 71.76923076923076
72.57142857142857 65.76923076923077 57.75 75.0 73.6923076923077
73.92857142857143 63.38461538461539 55.6875 73.15384615384615 73.76923076923077
72.78571428571429 67.07692307692308 59.0625 74.15384615384616 74.07692307692308
73.07142857142857 65.53846153846153 57.1875 74.53846153846153 73.38461538461539
71.42857142857143 64.61538461538461 59.5 72.76923076923077 72.84615384615385
72.71428571428572 64.0 58.375 72.53846153846153 73.15384615384615
74.5 66.23076923076923 58.6875 74.3076923076923 74.38461538461539
73.28571428571429 65.15384615384616 57.25 74.07692307692308 72.23076923076924
72.35714285714286 65.07692307692308 58.25 74.0 72.84615384615385
73.71428571428572 66.61538461538461 59.3125 74.07692307692308 73.61538461538461
74.35714285714286 64.38461538461539 59.375 75.07692307692308 74.3076923076923
74.14285714285715 65.6923076923077 58.5 73.76923076923077 73.0
72.85714285714286 64.46153846153845 58.4375 73.92307692307692 73.3076923076923
72.85714285714286 65.6923076923077 57.0625 72.92307692307692 73.61538461538461
73.21428571428572 65.92307692307692 57.125 72.23076923076924 73.61538461538461
73.92857142857143 64.92307692307692 57.5625 73.92307692307692 73.53846153846153
73.5 67.07692307692308 59.75 74.07692307692308 74.15384615384616
73.71428571428572 67.0 58.0 74.46153846153847 75.0
73.35714285714286 67.0 58.9375 74.53846153846153 73.6923076923077
74.21428571428572 66.61538461538461 58.875 74.07692307692308 73.6923076923077
73.64285714285715 64.38461538461539 56.5625 73.46153846153847 72.61538461538461
75.42857142857143 65.6923076923077 60.0 75.38461538461539 73.92307692307692
73.85714285714286 66.46153846153847 58.5625 74.61538461538461 72.84615384615385
73.21428571428572 63.46153846153846 57.6875 73.23076923076923 72.46153846153847
73.14285714285715 65.84615384615384 59.75 74.53846153846153 74.38461538461539
73.92857142857143 67.46153846153847 57.8125 73.84615384615385 72.3076923076923
75.0 66.07692307692308 58.5 74.61538461538461 74.92307692307692
73.14285714285715 64.6923076923077 57.9375 73.61538461538461 74.0
73.71428571428572 64.76923076923077 57.6875 74.07692307692308 75.46153846153845
73.85714285714286 66.53846153846153 56.8125 74.3076923076923 72.92307692307692
73.57142857142857 64.76923076923077 58.5625 73.38461538461539 72.6923076923077
73.14285714285715 65.07692307692308 57.875 75.0 74.6923076923077
72.35714285714286 67.0 58.4375 73.61538461538461 73.0
73.21428571428572 65.07692307692308 58.1875 74.15384615384616 73.46153846153847
73.28571428571429 65.46153846153845 59.5 73.3076923076923 73.07692307692308
72.42857142857143 63.84615384615385 57.3125 72.76923076923077 73.38461538461539
74.07142857142857 65.3076923076923 59.0 74.15384615384616 73.38461538461539
74.5 66.0 58.0 75.53846153846155 74.15384615384616
71.92857142857143 65.0 58.75 74.38461538461539 74.6923076923077
