0.001394700139470014 0.16037735849056606 0.04709677419354839 0.0 0.0
0.000697350069735007 0.13409703504043127 0.032903225806451615 0.000725689404934688 0.0
0.0020920502092050207 0.18800539083557952 0.05870967741935484 0.0 0.0
0.000697350069735007 0.14892183288409702 0.05806451612903226 0.0 0.0007092198581560284
0.000697350069735007 0.17452830188679244 0.06838709677419355 0.0 0.0
0.001394700139470014 0.18598382749326148 0.04838709677419355 0.000725689404934688 0.0
0.003486750348675035 0.18328840970350405 0.035483870967741936 0.000725689404934688 0.0
0.0 0.15902964959568733 0.0464516129032258 0.000725689404934688 0.0
0.0020920502092050207 0.13679245283018868 0.04516129032258064 0.0 0.0007092198581560284
0.001394700139470014 0.14487870619946092 0.0567741935483871 0.0 0.0
0.000697350069735007 0.13544474393530997 0.0567741935483871 0.0 0.0
0.001394700139470014 0.19137466307277629 0.05935483870967742 0.000725689404934688 0.0007092198581560284
0.0 0.15768194070080863 0.0432258064516129 0.0 0.0
0.0 0.15633423180592992 0.03741935483870968 0.0 0.0
0.0 0.17048517520215634 0.0664516129032258 0.000725689404934688 0.0007092198581560284
0.000697350069735007 0.19339622641509432 0.04903225806451613 0.0021770682148040637 0.0
0.000697350069735007 0.1556603773584906 0.05161290322580645 0.0 0.0
0.000697350069735007 0.1664420485175202 0.0567741935483871 0.000725689404934688 0.0
0.001394700139470014 0.16913746630727763 0.0432258064516129 0.00362844702467344 0.0
0.0020920502092050207 0.17789757412398924 0.056129032258064517 0.0 0.0
0.002789400278940028 0.16037735849056606 0.04193548387096774 0.001451378809869376 0.0
0.001394700139470014 0.16307277628032343 0.05096774193548387 0.001451378809869376 0.0
0.000697350069735007 0.19204851752021562 0.06451612903225806 0.000725689404934688 0.0
0.0 0.1597035040431267 0.04451612903225806 0.0 0.0
0.001394700139470014 0.17048517520215634 0.05290322580645161 0.000725689404934688 0.0
0.0020920502092050207 0.1752021563342318 0.06322580645161291 0.0 0.0007092198581560284
0.0 0.17318059299191377 0.07096774193548387 0.001451378809869376 0.0007092198581560284
0.001394700139470014 0.20283018867924527 0.06258064516129032 0.000725689404934688 0.0
0.001394700139470014 0.20148247978436656 0.04258064516129032 0.0 0.0
0.0 0.20822102425876013 0.06709677419354838 0.0 0.0
0.000697350069735007 0.1684636118598383 0.038064516129032264 0.0 0.0
0.001394700139470014 0.21563342318059298 0.0432258064516129 0.0 0.0
0.0 0.19070080862533695 0.05870967741935484 0.001451378809869376 0.0
0.000697350069735007 0.19002695417789756 0.05096774193548387 0.0 0.0
0.001394700139470014 0.19878706199460916 0.060000000000000005 0.0 0.0
0.0 0.1792452830188679 0.04967741935483871 0.000725689404934688 0.0
0.001394700139470014 0.21765498652291107 0.05935483870967742 0.000725689404934688 0.0
0.0 0.25 0.06193548387096774 0.0 0.0
0.001394700139470014 0.2109164420485175 0.05548387096774193 0.0 0.0
0.000697350069735007 0.22708894878706198 0.04709677419354839 0.000725689404934688 0.0
0.001394700139470014 0.22035040431266845 0.04967741935483871 0.0 0.0
0.0 0.23180592991913745 0.053548387096774196 0.0 0.0
0.0 0.23921832884097036 0.04451612903225806 0.0 0.0
0.000697350069735007 0.22641509433962265 0.06387096774193549 0.0 0.0
0.0020920502092050207 0.25336927223719674 0.03870967741935484 0.0 0.0
0.002789400278940028 0.28167115902964956 0.0664516129032258 0.0 0.0
0.0020920502092050207 0.23921832884097036 0.05161290322580645 0.0 0.0007092198581560284
0.0 0.24393530997304583 0.06838709677419355 0.0 0.0
0.0020920502092050207 0.29851752021563344 0.05548387096774193 0.0 0.0
0.000697350069735007 0.2473045822102426 0.04967741935483871 0.0 0.0
0.000697350069735007 0.29649595687331537 0.056129032258064517 0.0 0.0
0.0020920502092050207 0.3066037735849057 0.07161290322580645 0.0 0.0014184397163120568
0.000697350069735007 0.2890835579514825 0.05741935483870968 0.0 0.0
0.000697350069735007 0.318733153638814 0.056129032258064517 0.0 0.0
0.000697350069735007 0.2944743935309973 0.05032258064516129 0.000725689404934688 0.0
0.001394700139470014 0.2830188679245283 0.052258064516129035 0.001451378809869376 0.0
0.001394700139470014 0.3140161725067385 0.05032258064516129 0.0 0.0007092198581560284
0.002789400278940028 0.3355795148247978 0.06064516129032258 0.000725689404934688 0.0
0.0 0.3551212938005391 0.0664516129032258 0.0 0.0
0.0 0.33423180592991913 0.05290322580645161 0.000725689404934688 0.0
0.001394700139470014 0.31266846361185985 0.04903225806451613 0.0 0.0
0.0 0.37466307277628036 0.06838709677419355 0.0 0.0
0.0020920502092050207 0.3632075471698113 0.05419354838709677 0.000725689404934688 0.0007092198581560284
0.000697350069735007 0.35646900269541776 0.05548387096774193 0.000725689404934688 0.0
0.000697350069735007 0.3584905660377358 0.06129032258064516 0.000725689404934688 0.0
0.0 0.3894878706199461 0.06838709677419355 0.0 0.0
0.000697350069735007 0.3780323450134771 0.06967741935483872 0.0 0.0
0.000697350069735007 0.38274932614555257 0.06516129032258064 0.000725689404934688 0.0
0.0 0.4110512129380054 0.05032258064516129 0.000725689404934688 0.0
0.0 0.4366576819407008 0.07806451612903226 0.0 0.0
0.0 0.4191374663072776 0.05870967741935484 0.0 0.0
0.0 0.46024258760107817 0.06193548387096774 0.000725689404934688 0.0
0.000697350069735007 0.5101078167115902 0.07935483870967742 0.000725689404934688 0.0
0.0 0.45889487870619944 0.05548387096774193 0.0 0.0
0.001394700139470014 0.4494609164420485 0.06774193548387096 0.001451378809869376 0.0
0.000697350069735007 0.48787061994609165 0.06838709677419355 0.000725689404934688 0.0
0.000697350069735007 0.5047169811320754 0.06129032258064516 0.000725689404934688 0.0
0.0020920502092050207 0.4966307277628032 0.06774193548387096 0.001451378809869376 0.0
0.000697350069735007 0.5451482479784366 0.06774193548387096 0.001451378809869376 0.0
0.0020920502092050207 0.5222371967654987 0.06709677419354838 0.0 0.0
0.0 0.532345013477089 0.05870967741935484 0.0 0.0
0.003486750348675035 0.582210242587601 0.05935483870967742 0.000725689404934688 0.0
0.001394700139470014 0.5862533692722371 0.07741935483870968 0.0 0.0
0.000697350069735007 0.5734501347708896 0.07161290322580645 0.0 0.0
0.0 0.6347708894878706 0.07161290322580645 0.0 0.0
0.0 0.6111859838274933 0.08451612903225807 0.001451378809869376 0.0
0.0 0.5983827493261455 0.07806451612903226 0.0 0.0
0.000697350069735007 0.6125336927223719 0.08451612903225807 0.001451378809869376 0.0
0.001394700139470014 0.6745283018867925 0.08258064516129032 0.0 0.0
0.001394700139470014 0.702156334231806 0.09161290322580645 0.000725689404934688 0.0
0.0 0.7237196765498652 0.06258064516129032 0.000725689404934688 0.0014184397163120568
0.0 0.6967654986522911 0.07225806451612904 0.0 0.0
0.000697350069735007 0.690700808625337 0.09419354838709677 0.000725689404934688 0.0
0.0 0.7850404312668463 0.08709677419354839 0.000725689404934688 0.0007092198581560284
0.0 0.7756064690026954 0.08580645161290323 0.001451378809869376 0.0
0.0 0.8099730458221025 0.07870967741935485 0.0 0.0
0.001394700139470014 0.7991913746630728 0.08580645161290323 0.0 0.0007092198581560284
0.001394700139470014 0.830188679245283 0.09419354838709677 0.0 0.0
0.0 0.8214285714285715 0.08064516129032258 0.000725689404934688 0.0
0.000697350069735007 0.8423180592991915 0.09870967741935484 0.0 0.0
0.0 0.8362533692722371 0.08838709677419355 0.0 0.0
0.0 0.068733153638814 0.0012903225806451613 0.0 0.0
0.0 0.08018867924528303 0.0006451612903225806 0.000725689404934688 0.0
0.0 0.06536388140161725 0.0006451612903225806 0.000725689404934688 0.0
0.0 0.08894878706199462 0.0 0.0 0.0
0.001394700139470014 0.8591644204851752 0.0967741935483871 0.0 0.0014184397163120568
0.0 0.08221024258760108 0.0006451612903225806 0.0 0.0
0.0 0.05929919137466307 0.0006451612903225806 0.0 0.0
0.0 0.07547169811320756 0.0006451612903225806 0.0 0.0
0.000697350069735007 0.08018867924528303 0.0006451612903225806 0.0 0.0
0.0 0.6381401617250674 0.22516129032258064 0.001451378809869376 0.0
0.0 0.07951482479784366 0.0 0.0 0.0
0.0 0.06536388140161725 0.0032258064516129032 0.0 0.0
0.0 0.07210242587601078 0.0012903225806451613 0.0 0.0
0.0 0.08153638814016172 0.001935483870967742 0.0 0.0
0.003486750348675035 0.8854447439353099 0.09096774193548388 0.0 0.0
0.0 0.07547169811320756 0.0006451612903225806 0.0 0.0
0.0 0.06940700808625337 0.0025806451612903226 0.0 0.0007092198581560284
0.0 0.06805929919137466 0.0012903225806451613 0.0 0.0
0.0 0.07681940700808625 0.0006451612903225806 0.0 0.0
0.0 0.6415094339622642 0.19741935483870968 0.000725689404934688 0.0
0.0 0.07075471698113207 0.0032258064516129032 0.0 0.0
0.0 0.0747978436657682 0.0012903225806451613 0.0 0.0
0.0 0.0747978436657682 0.0006451612903225806 0.000725689404934688 0.0
0.000697350069735007 0.07681940700808625 0.0025806451612903226 0.0 0.0
0.0 0.07614555256064691 0.001935483870967742 0.0 0.0007092198581560284
0.0 0.08018867924528303 0.001935483870967742 0.0 0.0
0.0 0.0774932614555256 0.001935483870967742 0.000725689404934688 0.0
0.0 0.08086253369272237 0.001935483870967742 0.0 0.0
0.0 0.08625336927223719 0.0025806451612903226 0.0 0.0
0.0 0.08423180592991915 0.001935483870967742 0.0 0.0
0.000697350069735007 0.6684636118598383 0.20129032258064516 0.0 0.0
0.000697350069735007 0.6475741239892183 0.18903225806451612 0.0 0.0
0.0 0.6529649595687332 0.2064516129032258 0.0 0.0
0.000697350069735007 0.6495956873315364 0.24387096774193548 0.000725689404934688 0.0
0.0 0.6199460916442048 0.22838709677419353 0.001451378809869376 0.0
0.0 0.6610512129380054 0.2174193548387097 0.000725689404934688 0.0
0.0 0.6327493261455526 0.22516129032258064 0.002902757619738752 0.0007092198581560284
0.0 0.6185983827493262 0.21290322580645163 0.0021770682148040637 0.0
0.0020920502092050207 0.6388140161725068 0.22451612903225807 0.000725689404934688 0.0
0.0 0.6192722371967655 0.2303225806451613 0.001451378809869376 0.0
0.000697350069735007 0.6159029649595688 0.1967741935483871 0.0 0.0007092198581560284
0.0 0.6489218328840971 0.2432258064516129 0.0 0.0
0.0 0.6388140161725068 0.2645161290322581 0.0 0.0
0.000697350069735007 0.6421832884097035 0.24000000000000002 0.0 0.0
0.000697350069735007 0.5997304582210243 0.22129032258064515 0.000725689404934688 0.0
0.000697350069735007 0.6340970350404314 0.2929032258064516 0.0 0.0
0.0 0.6462264150943396 0.2658064516129032 0.0 0.0
0.0 0.6334231805929919 0.3 0.000725689404934688 0.0
0.001394700139470014 0.6098382749326146 0.3451612903225807 0.000725689404934688 0.0
0.0 0.6307277628032345 0.37548387096774194 0.000725689404934688 0.0
0.001394700139470014 0.6401617250673854 0.3032258064516129 0.000725689404934688 0.0
0.0 0.628032345013477 0.37225806451612903 0.0 0.0
0.0 0.6078167115902965 0.39161290322580644 0.0 0.0007092198581560284
0.0 0.6408355795148247 0.43870967741935485 0.0 0.0
0.0 0.6152291105121294 0.4503225806451613 0.001451378809869376 0.0007092198581560284
0.0020920502092050207 0.6206199460916443 0.46 0.0 0.0
0.000697350069735007 0.6462264150943396 0.4780645161290322 0.000725689404934688 0.0
0.0 0.6192722371967655 0.5341935483870968 0.000725689404934688 0.0
0.0 0.6192722371967655 0.572258064516129 0.0 0.0
0.0 0.6314016172506738 0.5709677419354839 0.000725689404934688 0.0
0.0 0.6226415094339623 0.6535483870967742 0.001451378809869376 0.0
0.0 0.6361185983827493 0.6529032258064515 0.0 0.0
0.0 0.6159029649595688 0.6909677419354838 0.000725689404934688 0.0
0.0 0.5855795148247979 0.7096774193548387 0.000725689404934688 0.0
0.002789400278940028 0.6118598382749326 0.7122580645161289 0.000725689404934688 0.0007092198581560284
0.0 0.6125336927223719 0.7535483870967742 0.000725689404934688 0.0
0.001394700139470014 0.6098382749326146 0.7322580645161291 0.0 0.0
0.0 0.6320754716981133 0.8225806451612904 0.000725689404934688 0.0
0.0 0.6516172506738545 0.807741935483871 0.000725689404934688 0.0007092198581560284
0.000697350069735007 0.6192722371967655 0.8503225806451613 0.0 0.0
0.0 0.5768194070080862 0.8677419354838709 0.000725689404934688 0.0
0.0 0.5714285714285715 0.830967741935484 0.0 0.0
0.000697350069735007 0.6314016172506738 0.8683870967741936 0.0 0.0
0.0 0.6334231805929919 0.8974193548387096 0.000725689404934688 0.0
0.0 0.6293800539083558 0.8464516129032258 0.000725689404934688 0.0
0.0 0.6024258760107817 0.9187096774193548 0.001451378809869376 0.0
0.0 0.6266846361185984 0.872258064516129 0.0 0.0
0.0 0.6125336927223719 0.8612903225806452 0.000725689404934688 0.0
0.0 0.5896226415094339 0.8793548387096773 0.0 0.0
0.000697350069735007 0.6206199460916443 0.8754838709677419 0.0 0.0
0.000697350069735007 0.5835579514824798 0.8761290322580645 0.000725689404934688 0.0
0.0 0.6327493261455526 0.8316129032258065 0.0 0.0
0.000697350069735007 0.6388140161725068 0.8935483870967742 0.000725689404934688 0.0
0.0 0.5909703504043127 0.8632258064516128 0.000725689404934688 0.0
0.000697350069735007 0.6044474393530997 0.8916129032258066 0.0 0.0
0.0 0.5876010781671159 0.8780645161290322 0.001451378809869376 0.0
0.000697350069735007 0.6057951482479784 0.8638709677419355 0.0 0.0
0.0 0.6091644204851753 0.9161290322580645 0.000725689404934688 0.0
0.0 0.6320754716981133 0.8806451612903226 0.001451378809869376 0.0
0.0 0.5997304582210243 0.8812903225806452 0.000725689404934688 0.0
0.000697350069735007 0.6212938005390836 0.8748387096774193 0.001451378809869376 0.0
0.000697350069735007 0.6320754716981133 0.8825806451612903 0.000725689404934688 0.0
0.000697350069735007 0.6159029649595688 0.8993548387096775 0.001451378809869376 0.0007092198581560284
0.001394700139470014 0.6010781671159029 0.8877419354838709 0.000725689404934688 0.0
0.000697350069735007 0.6024258760107817 0.8329032258064516 0.000725689404934688 0.0
0.0 0.6037735849056605 0.8341935483870968 0.001451378809869376 0.0
0.0 0.6522911051212937 0.9096774193548387 0.000725689404934688 0.0
0.000697350069735007 0.6239892183288409 0.9025806451612903 0.001451378809869376 0.0
0.0 0.6246630727762803 0.8567741935483871 0.0 0.0
0.000697350069735007 0.5929919137466307 0.9045161290322581 0.000725689404934688 0.0
0.000697350069735007 0.637466307277628 0.8503225806451613 0.0 0.0
0.000697350069735007 0.6152291105121294 0.8787096774193549 0.0 0.0
0.0 0.6091644204851753 0.8812903225806452 0.001451378809869376 0.0
0.0 0.6125336927223719 0.9038709677419355 0.0 0.0
0.000697350069735007 0.6057951482479784 0.9135483870967741 0.000725689404934688 0.0
0.000697350069735007 0.6246630727762803 0.88 0.0 0.0
0.000697350069735007 0.5768194070080862 0.8929032258064515 0.000725689404934688 0.0
0.000697350069735007 0.5768194070080862 0.9032258064516129 0.002902757619738752 0.0
0.0 0.59366576819407 0.8658064516129033 0.000725689404934688 0.0
0.0020920502092050207 0.6273584905660378 0.8580645161290322 0.001451378809869376 0.0
0.000697350069735007 0.6367924528301887 0.9103225806451613 0.0 0.0
0.0 0.5997304582210243 0.8503225806451613 0.0 0.0
0.0 0.6111859838274933 0.8683870967741936 0.000725689404934688 0.0
0.0 0.6212938005390836 0.8664516129032258 0.001451378809869376 0.0
0.002789400278940028 0.6185983827493262 0.8593548387096774 0.000725689404934688 0.0
0.0 0.637466307277628 0.8341935483870968 0.0 0.0
0.000697350069735007 0.6381401617250674 0.8845161290322581 0.0 0.0
0.000697350069735007 0.6361185983827493 0.9148387096774193 0.0021770682148040637 0.0
0.0 0.5950134770889488 0.8735483870967742 0.000725689404934688 0.0007092198581560284
0.0 0.5795148247978437 0.9045161290322581 0.0 0.0
0.0 0.6219676549865228 0.8735483870967742 0.002902757619738752 0.0
0.000697350069735007 0.6125336927223719 0.8567741935483871 0.001451378809869376 0.0
0.0 0.6138814016172507 0.8380645161290322 0.000725689404934688 0.0
0.0 0.6179245283018868 0.8425806451612903 0.000725689404934688 0.0
0.000697350069735007 0.5855795148247979 0.8574193548387097 0.000725689404934688 0.0007092198581560284
0.0 0.603099730458221 0.8529032258064516 0.0 0.0
0.0 0.5970350404312669 0.8858064516129033 0.0 0.0
0.000697350069735007 0.6091644204851753 0.8561290322580646 0.000725689404934688 0.0
0.0 0.6105121293800538 0.8361290322580646 0.0021770682148040637 0.0
