0.0007072135785007072 0.14479025710419488 0.06557377049180328 0.000702247191011236 0.0
0.0 0.12313937753721246 0.06284153005464481 0.000702247191011236 0.0
0.0007072135785007072 0.1779431664411367 0.06420765027322403 0.001404494382022472 0.0
0.0007072135785007072 0.12855209742895807 0.05806010928961749 0.0 0.0
0.0007072135785007072 0.15561569688768606 0.06830601092896176 0.0 0.0006765899864682003
0.0007072135785007072 0.14884979702300408 0.06010928961748634 0.0 0.0
0.0021216407355021216 0.15696887686062247 0.060792349726775954 0.000702247191011236 0.0
0.0 0.15967523680649529 0.06010928961748634 0.0 0.0006765899864682003
0.0014144271570014145 0.13328822733423545 0.07103825136612021 0.0 0.0
0.0007072135785007072 0.1779431664411367 0.07581967213114754 0.0 0.0
0.0014144271570014145 0.13261163734776726 0.06625683060109289 0.0 0.0
0.0014144271570014145 0.15087956698240867 0.07786885245901638 0.0 0.0
0.0007072135785007072 0.12990527740189445 0.0621584699453552 0.000702247191011236 0.0
0.0007072135785007072 0.1745602165087957 0.07513661202185792 0.0 0.0
0.0 0.1745602165087957 0.08469945355191257 0.000702247191011236 0.0
0.0007072135785007072 0.14884979702300408 0.08674863387978142 0.000702247191011236 0.0
0.0021216407355021216 0.18267929634641406 0.08060109289617487 0.000702247191011236 0.0
0.0014144271570014145 0.16170500676589988 0.07786885245901638 0.0 0.0
0.0014144271570014145 0.17523680649526388 0.07103825136612021 0.0 0.0
0.0007072135785007072 0.13531799729364005 0.05669398907103825 0.0 0.0
0.0007072135785007072 0.13667117726657646 0.056010928961748634 0.0 0.0
0.002828854314002829 0.20027063599458728 0.0621584699453552 0.0 0.0
0.0 0.19418132611637345 0.08196721311475409 0.0 0.0
0.002828854314002829 0.14479025710419488 0.06010928961748634 0.0 0.0
0.0021216407355021216 0.15426251691474968 0.049863387978142076 0.001404494382022472 0.0
0.0014144271570014145 0.19350473612990526 0.08128415300546447 0.0 0.0
0.0021216407355021216 0.20703653585926926 0.05669398907103825 0.001404494382022472 0.0
0.0014144271570014145 0.18200270635994586 0.07035519125683061 0.0 0.0
0.0014144271570014145 0.1671177266576455 0.07172131147540983 0.0 0.0
0.0007072135785007072 0.1786197564276049 0.06898907103825137 0.0 0.0
0.002828854314002829 0.21177266576454667 0.06147540983606557 0.0 0.0
0.0014144271570014145 0.18470906630581865 0.07991803278688524 0.0 0.0
0.0007072135785007072 0.20568335588633288 0.07855191256830601 0.0 0.0006765899864682003
0.0021216407355021216 0.19756427604871446 0.08333333333333333 0.0 0.0013531799729364006
0.0007072135785007072 0.1799729364005413 0.07172131147540983 0.0 0.0
0.0 0.20838971583220567 0.07172131147540983 0.0 0.0013531799729364006
0.0007072135785007072 0.1745602165087957 0.0621584699453552 0.000702247191011236 0.0
0.0007072135785007072 0.2185385656292287 0.08743169398907104 0.002106741573033708 0.0
0.0 0.18741542625169147 0.07103825136612021 0.0 0.0
0.0014144271570014145 0.2239512855209743 0.06693989071038252 0.0 0.0
0.003536067892503536 0.18403247631935046 0.06762295081967212 0.0 0.0
0.0049504950495049506 0.22462787550744248 0.0744535519125683 0.000702247191011236 0.0
0.0007072135785007072 0.19959404600811906 0.06284153005464481 0.000702247191011236 0.0006765899864682003
0.0021216407355021216 0.21989174560216507 0.05806010928961749 0.001404494382022472 0.0
0.0021216407355021216 0.20230040595399187 0.06967213114754098 0.0 0.0
0.0014144271570014145 0.22259810554803788 0.07377049180327869 0.0 0.0
0.0007072135785007072 0.25710419485791614 0.07172131147540983 0.0 0.0
0.0007072135785007072 0.23410013531799728 0.07240437158469946 0.001404494382022472 0.0
0.0007072135785007072 0.22462787550744248 0.06830601092896176 0.0 0.0
0.0 0.22530446549391067 0.07581967213114754 0.0 0.0
0.0021216407355021216 0.21718538565629228 0.06967213114754098 0.000702247191011236 0.0
0.0021216407355021216 0.2963464140730717 0.09631147540983608 0.000702247191011236 0.0
0.0014144271570014145 0.2604871447902571 0.09084699453551913 0.0 0.0
0.0007072135785007072 0.2692828146143437 0.06557377049180328 0.0 0.0
0.0 0.2550744248985115 0.07991803278688524 0.001404494382022472 0.0
0.0021216407355021216 0.2983761840324763 0.09562841530054644 0.0 0.0006765899864682003
0.0 0.2591339648173207 0.07308743169398907 0.0 0.0
0.0014144271570014145 0.31258457374830856 0.07377049180327869 0.0 0.0
0.0021216407355021216 0.3349120433017591 0.10655737704918034 0.0 0.0
0.0007072135785007072 0.33964817320703655 0.09084699453551913 0.0 0.0
0.003536067892503536 0.32476319350473615 0.08538251366120218 0.0 0.0
0.0014144271570014145 0.2814614343707713 0.07786885245901638 0.000702247191011236 0.0
0.0014144271570014145 0.3497970230040595 0.07786885245901638 0.0 0.0
0.0007072135785007072 0.31461434370771313 0.08811475409836066 0.001404494382022472 0.0
0.003536067892503536 0.3626522327469553 0.09289617486338798 0.0 0.0
0.002828854314002829 0.35115020297699595 0.08674863387978142 0.0 0.0
0.0014144271570014145 0.33152909336941816 0.08538251366120218 0.000702247191011236 0.0006765899864682003
0.0 0.3572395128552098 0.09494535519125682 0.0 0.0
0.0014144271570014145 0.38565629228687415 0.07513661202185792 0.0 0.0
0.0014144271570014145 0.39715832205683355 0.09972677595628415 0.000702247191011236 0.0
0.0014144271570014145 0.42692828146143436 0.09426229508196722 0.000702247191011236 0.0
0.0014144271570014145 0.39851150202977 0.08469945355191257 0.0 0.0
0.0007072135785007072 0.40595399188092013 0.09426229508196722 0.0 0.0
0.0014144271570014145 0.41542625169147496 0.09016393442622951 0.0 0.0
0.0021216407355021216 0.38633288227334234 0.09426229508196722 0.0 0.0
0.0021216407355021216 0.47631935047361296 0.09426229508196722 0.0 0.0
0.0007072135785007072 0.41677943166441134 0.07923497267759563 0.0 0.0
0.0007072135785007072 0.4553450608930988 0.09221311475409837 0.0 0.0
0.0007072135785007072 0.46008119079837617 0.11953551912568305 0.0 0.0006765899864682003
0.0007072135785007072 0.4668470906630582 0.10997267759562843 0.000702247191011236 0.0
0.0014144271570014145 0.45263870094722597 0.1133879781420765 0.0 0.0
0.0021216407355021216 0.5358592692828147 0.10587431693989072 0.0 0.0
0.0014144271570014145 0.5155615696887685 0.12158469945355191 0.001404494382022472 0.0006765899864682003
0.0014144271570014145 0.5554803788903924 0.11543715846994534 0.0 0.0006765899864682003
0.0007072135785007072 0.5635994587280108 0.12704918032786885 0.0 0.0
0.0014144271570014145 0.6069012178619756 0.12090163934426229 0.0 0.0
0.003536067892503536 0.6001353179972937 0.12363387978142076 0.002106741573033708 0.0
0.0 0.5629228687415426 0.11885245901639344 0.0 0.0
0.0014144271570014145 0.5866035182679297 0.148224043715847 0.0 0.0
0.0014144271570014145 0.5683355886332883 0.12090163934426229 0.0 0.0
0.0014144271570014145 0.6190798376184032 0.14344262295081966 0.0 0.0
0.0007072135785007072 0.6650879566982408 0.13456284153005466 0.0 0.0
0.0007072135785007072 0.6644113667117727 0.125 0.0 0.0
0.0021216407355021216 0.7266576454668471 0.14207650273224043 0.000702247191011236 0.0
0.0007072135785007072 0.7043301759133964 0.14207650273224043 0.000702247191011236 0.0
0.0 0.7401894451962111 0.13524590163934425 0.0 0.0006765899864682003
0.0014144271570014145 0.7997293640054127 0.16530054644808745 0.001404494382022472 0.0
0.003536067892503536 0.7523680649526386 0.1564207650273224 0.000702247191011236 0.0
0.0 0.8112313937753721 0.17896174863387979 0.000702247191011236 0.0
0.007072135785007072 0.8234100135317997 0.1564207650273224 0.0 0.0
0.0007072135785007072 0.8328822733423545 0.15505464480874318 0.0 0.0
0.0 0.02706359945872801 0.0 0.0 0.0
0.0 0.02976995940460081 0.0 0.000702247191011236 0.0
0.0 0.02435723951285521 0.0 0.0 0.0
0.0007072135785007072 0.02435723951285521 0.0 0.0 0.0
0.0021216407355021216 0.8761840324763194 0.16939890710382513 0.000702247191011236 0.0
0.0 0.031123139377537214 0.0006830601092896175 0.000702247191011236 0.0
0.0007072135785007072 0.03044654939106901 0.0 0.0 0.0
0.0 0.02841677943166441 0.0 0.0 0.0
0.0 0.036535859269282815 0.0 0.0 0.0
0.0014144271570014145 0.6447902571041948 0.282103825136612 0.000702247191011236 0.0
0.0 0.03044654939106901 0.0006830601092896175 0.000702247191011236 0.0006765899864682003
0.0 0.018944519621109608 0.0 0.0 0.0
0.0 0.02503382949932341 0.0 0.0 0.0
0.0 0.023004059539918808 0.0 0.0 0.0
0.0014144271570014145 0.8843031123139378 0.17144808743169399 0.001404494382022472 0.0
0.0 0.02571041948579161 0.0006830601092896175 0.0 0.0
0.0007072135785007072 0.02638700947225981 0.0 0.0 0.0
0.0 0.02435723951285521 0.0 0.0 0.0006765899864682003
0.0007072135785007072 0.02165087956698241 0.0 0.0 0.0
0.0 0.6211096075778079 0.2527322404371585 0.000702247191011236 0.0006765899864682003
0.0 0.02368064952638701 0.0 0.0 0.0
0.0 0.02097428958051421 0.0 0.0 0.0
0.0 0.02368064952638701 0.0 0.0 0.0
0.0 0.03247631935047361 0.0 0.000702247191011236 0.0006765899864682003
0.0 0.02165087956698241 0.0006830601092896175 0.0 0.0
0.0 0.036535859269282815 0.0 0.000702247191011236 0.0
0.0 0.03450608930987822 0.0006830601092896175 0.0 0.0
0.0 0.02165087956698241 0.0 0.000702247191011236 0.0
0.0 0.02976995940460081 0.0006830601092896175 0.0 0.0
0.0 0.02097428958051421 0.0 0.0 0.0
0.0007072135785007072 0.6312584573748308 0.29986338797814205 0.0 0.0
0.0007072135785007072 0.6271989174560216 0.26844262295081966 0.0 0.0
0.0014144271570014145 0.618403247631935 0.2527322404371585 0.000702247191011236 0.0
0.0 0.6021650879566982 0.28415300546448086 0.0 0.0006765899864682003
0.0007072135785007072 0.618403247631935 0.29098360655737704 0.001404494382022472 0.0
0.0014144271570014145 0.6258457374830853 0.25956284153005466 0.000702247191011236 0.0006765899864682003
0.0014144271570014145 0.6637347767253045 0.30532786885245905 0.0 0.0
0.0 0.6278755074424899 0.3025956284153005 0.001404494382022472 0.0006765899864682003
0.0007072135785007072 0.618403247631935 0.30396174863387976 0.000702247191011236 0.0
0.0014144271570014145 0.6265223274695535 0.30532786885245905 0.001404494382022472 0.0
0.0007072135785007072 0.6332882273342355 0.2807377049180328 0.001404494382022472 0.0006765899864682003
0.0014144271570014145 0.6508795669824087 0.3066939890710383 0.000702247191011236 0.0
0.0 0.6346414073071719 0.3770491803278689 0.002106741573033708 0.0
0.0 0.6387009472259811 0.3900273224043716 0.000702247191011236 0.0006765899864682003
0.0 0.6238159675236806 0.3367486338797814 0.000702247191011236 0.0
0.0007072135785007072 0.5987821380243572 0.35860655737704916 0.0 0.0
0.0014144271570014145 0.6346414073071719 0.3435792349726776 0.000702247191011236 0.0
0.0 0.5967523680649526 0.3620218579234973 0.002808988764044944 0.0
0.0007072135785007072 0.6008119079837619 0.3292349726775956 0.000702247191011236 0.0
0.0007072135785007072 0.6190798376184032 0.40505464480874315 0.0 0.0
0.0 0.5940460081190798 0.42008196721311475 0.0 0.0
0.0007072135785007072 0.5866035182679297 0.4412568306010929 0.000702247191011236 0.0
0.0014144271570014145 0.5987821380243572 0.4699453551912568 0.000702247191011236 0.0
0.0021216407355021216 0.6224627875507442 0.462431693989071 0.0 0.0
0.0 0.6177266576454669 0.48292349726775957 0.0 0.0
0.0007072135785007072 0.5520974289580515 0.5314207650273224 0.000702247191011236 0.0
0.0014144271570014145 0.6136671177266577 0.5293715846994536 0.0 0.0
0.0007072135785007072 0.5832205683355887 0.5792349726775957 0.0 0.0
0.0 0.6197564276048715 0.6304644808743168 0.001404494382022472 0.0
0.0014144271570014145 0.6211096075778079 0.6297814207650274 0.001404494382022472 0.0
0.0014144271570014145 0.6048714479025711 0.689207650273224 0.000702247191011236 0.0
0.0007072135785007072 0.5696887686062246 0.6994535519125683 0.001404494382022472 0.0
0.0 0.6041948579161028 0.76775956284153 0.0 0.0
0.0007072135785007072 0.5960757780784844 0.8879781420765028 0.002106741573033708 0.0
0.0007072135785007072 0.5764546684709067 0.8258196721311475 0.002808988764044944 0.0006765899864682003
0.0 0.5960757780784844 0.8668032786885246 0.0 0.0
0.0 0.5872801082543979 0.9077868852459016 0.000702247191011236 0.0
0.0007072135785007072 0.60148849797023 0.9993169398907102 0.0 0.0
0.0007072135785007072 0.5866035182679297 1.0744535519125684 0.0 0.0006765899864682003
0.0 0.5940460081190798 1.1174863387978142 0.0 0.0
0.0 0.5649526387009473 1.1420765027322406 0.000702247191011236 0.0
0.0 0.5723951285520974 1.2506830601092895 0.002106741573033708 0.0
0.0007072135785007072 0.6069012178619756 1.4726775956284153 0.000702247191011236 0.0
0.0014144271570014145 0.581190798376184 1.4439890710382515 0.0 0.0
0.0 0.5784844384303113 1.4795081967213113 0.000702247191011236 0.0006765899864682003
0.0007072135785007072 0.5886332882273342 1.5594262295081969 0.000702247191011236 0.0
0.0 0.5859269282814614 1.5403005464480874 0.0 0.0
0.0014144271570014145 0.587956698240866 1.6495901639344261 0.002808988764044944 0.0
0.0 0.5690121786197564 1.6755464480874318 0.000702247191011236 0.0
0.0 0.5906630581867388 1.6598360655737705 0.0 0.0006765899864682003
0.0007072135785007072 0.5419485791610283 1.825136612021858 0.0 0.0
0.0014144271570014145 0.5825439783491204 1.8743169398907105 0.0 0.0
0.0007072135785007072 0.5872801082543979 1.9296448087431692 0.000702247191011236 0.0
0.0 0.6055480378890392 2.0867486338797816 0.000702247191011236 0.0
0.0 0.5960757780784844 2.2295081967213113 0.000702247191011236 0.0
0.0007072135785007072 0.5500676589986467 2.324453551912568 0.0 0.0
0.0 0.6089309878213803 2.4289617486338795 0.002106741573033708 0.0
0.0 0.587956698240866 2.556693989071038 0.000702247191011236 0.0
0.0007072135785007072 0.5791610284167795 2.558060109289617 0.0 0.0
0.0007072135785007072 0.5899864682002707 2.698087431693989 0.0 0.0
0.0014144271570014145 0.5994587280108254 2.8094262295081966 0.0 0.0
0.0 0.5656292286874155 2.91120218579235 0.000702247191011236 0.0
0.0007072135785007072 0.5832205683355887 3.1209016393442623 0.001404494382022472 0.0
0.0 0.5805142083897158 3.2192622950819674 0.001404494382022472 0.0
0.0 0.6021650879566982 3.349726775956284 0.000702247191011236 0.0006765899864682003
0.0007072135785007072 0.5615696887686062 3.4378415300546448 0.002808988764044944 0.0006765899864682003
0.0007072135785007072 0.6244925575101489 3.5157103825136615 0.0 0.0
0.0007072135785007072 0.6163734776725305 3.566256830601093 0.001404494382022472 0.0
0.0007072135785007072 0.6407307171853857 3.737021857923497 0.0 0.0
0.0 0.6190798376184032 3.792349726775956 0.000702247191011236 0.0
0.0007072135785007072 0.6447902571041948 3.9870218579234975 0.0 0.0
0.0 0.631935047361299 4.043032786885245 0.0 0.0
0.0 0.6441136671177267 4.093579234972678 0.000702247191011236 0.0
0.0007072135785007072 0.6447902571041948 4.187841530054644 0.0 0.0
0.0 0.6258457374830853 4.3066939890710385 0.001404494382022472 0.0
0.0007072135785007072 0.6596752368064953 4.458333333333333 0.0 0.0
0.0007072135785007072 0.6664411366711772 4.633879781420766 0.002106741573033708 0.0
0.0 0.6745602165087956 4.753415300546449 0.000702247191011236 0.0
0.0014144271570014145 0.6650879566982408 4.816939890710382 0.0 0.0
0.0014144271570014145 0.6677943166441137 4.948087431693989 0.000702247191011236 0.0
0.0 0.699594046008119 5.185109289617486 0.000702247191011236 0.0006765899864682003
0.0021216407355021216 0.7029769959404601 5.174180327868853 0.001404494382022472 0.0
0.0 0.7374830852503383 5.334016393442623 0.0 0.0
0.0 0.7611637347767253 5.590163934426229 0.0 0.0006765899864682003
0.0 0.7841677943166442 5.737704918032787 0.001404494382022472 0.0
0.0 0.7774018944519621 5.823770491803279 0.0 0.0
0.0007072135785007072 0.7679296346414073 6.030054644808743 0.0 0.0
0.0 0.8518267929634642 6.288251366120218 0.000702247191011236 0.0
0.0007072135785007072 0.8308525033829499 6.406420765027322 0.0 0.0
0.0 0.8470906630581867 6.5109289617486334 0.0 0.0
0.0 0.8707713125845737 6.65915300546448 0.001404494382022472 0.0
0.0 0.9174560216508796 6.7506830601092895 0.000702247191011236 0.0
0.0 0.912043301759134 6.854508196721311 0.000702247191011236 0.0
0.0007072135785007072 0.9174560216508796 7.12363387978142 0.0 0.0
0.0007072135785007072 0.9391069012178619 7.188524590163934 0.0 0.0006765899864682003
0.0 0.962787550744249 7.14275956284153 0.0 0.0
0.0 0.9330175913396482 7.143442622950819 0.000702247191011236 0.0
0.0 1.0108254397834913 7.502732240437159 0.0 0.0
0.0007072135785007072 1.016914749661705 7.42827868852459 0.000702247191011236 0.0
