0.0029498525073746312 0.13665389527458494 0.05791788856304986 0.0 0.0
0.0022123893805309734 0.13665389527458494 0.06818181818181819 0.0 0.0
0.0022123893805309734 0.15006385696040866 0.05865102639296188 0.0 0.0
0.0007374631268436578 0.1194125159642401 0.06744868035190615 0.0 0.0
0.0014749262536873156 0.13729246487867178 0.0469208211143695 0.001447178002894356 0.0
0.004424778761061947 0.12132822477650064 0.05205278592375366 0.000723589001447178 0.0
0.0029498525073746312 0.1251596424010217 0.06085043988269795 0.000723589001447178 0.0
0.0007374631268436578 0.15644955300127714 0.05205278592375366 0.0 0.0
0.0007374631268436578 0.1277139208173691 0.05058651026392962 0.0 0.0
0.0007374631268436578 0.15197956577266922 0.06964809384164222 0.001447178002894356 0.0
0.0007374631268436578 0.1251596424010217 0.05865102639296188 0.001447178002894356 0.0
0.0014749262536873156 0.1392081736909323 0.051319648093841645 0.000723589001447178 0.0
0.0007374631268436578 0.15134099616858238 0.052785923753665684 0.001447178002894356 0.0
0.0036873156342182895 0.15261813537675606 0.04618768328445748 0.000723589001447178 0.0
0.0022123893805309734 0.14112388250319285 0.04398826979472141 0.0 0.0
0.0014749262536873156 0.15389527458492974 0.04398826979472141 0.0 0.0
0.0014749262536873156 0.14942528735632182 0.06671554252199415 0.000723589001447178 0.0
0.0022123893805309734 0.17879948914431673 0.05498533724340176 0.001447178002894356 0.0
0.0007374631268436578 0.12962962962962962 0.04618768328445748 0.0 0.0
0.0022123893805309734 0.12707535121328223 0.047653958944281524 0.0 0.0
0.0014749262536873156 0.1449553001277139 0.047653958944281524 0.0 0.0
0.0029498525073746312 0.1641123882503193 0.05205278592375366 0.000723589001447178 0.0
0.0014749262536873156 0.15134099616858238 0.041788856304985335 0.0 0.0
0.0022123893805309734 0.1909323116219668 0.04838709677419355 0.001447178002894356 0.0
0.0029498525073746312 0.18773946360153257 0.0689149560117302 0.002894356005788712 0.0
0.0014749262536873156 0.18199233716475097 0.06011730205278592 0.0 0.0
0.0014749262536873156 0.1641123882503193 0.04398826979472141 0.000723589001447178 0.0007032348804500703
0.0007374631268436578 0.18454661558109833 0.041788856304985335 0.0 0.0
0.0014749262536873156 0.194125159642401 0.056451612903225805 0.000723589001447178 0.0
0.0014749262536873156 0.17177522349936142 0.062316715542521994 0.0 0.0
0.0007374631268436578 0.19987228607918264 0.051319648093841645 0.0 0.0
0.0029498525073746312 0.18007662835249041 0.061583577712609965 0.0 0.0
0.0036873156342182895 0.1743295019157088 0.057184750733137835 0.000723589001447178 0.0
0.0029498525073746312 0.19987228607918264 0.062316715542521994 0.000723589001447178 0.0
0.0007374631268436578 0.1826309067688378 0.051319648093841645 0.000723589001447178 0.0
0.0007374631268436578 0.20753512132822477 0.05058651026392962 0.0 0.0
0.0029498525073746312 0.1826309067688378 0.04545454545454545 0.002170767004341534 0.0
0.0022123893805309734 0.21264367816091953 0.056451612903225805 0.0 0.0
0.0029498525073746312 0.2260536398467433 0.054252199413489736 0.000723589001447178 0.0
0.0 0.22413793103448276 0.04398826979472141 0.0 0.0
0.0022123893805309734 0.23243933588761176 0.05058651026392962 0.001447178002894356 0.0
0.0 0.22988505747126436 0.059384164222873896 0.0 0.0
0.0014749262536873156 0.25925925925925924 0.0718475073313783 0.0 0.0
0.0022123893805309734 0.2401021711366539 0.04545454545454545 0.0 0.0
0.0014749262536873156 0.23754789272030652 0.051319648093841645 0.0 0.0
0.0014749262536873156 0.2547892720306513 0.057184750733137835 0.0 0.0
0.0022123893805309734 0.22541507024265645 0.04618768328445748 0.0 0.0
0.0007374631268436578 0.2886334610472541 0.054252199413489736 0.0 0.0007032348804500703
0.0022123893805309734 0.3065134099616858 0.06744868035190615 0.0 0.0
0.0036873156342182895 0.29118773946360155 0.0498533724340176 0.000723589001447178 0.0
0.0007374631268436578 0.30395913154533843 0.06671554252199415 0.0 0.0
0.0022123893805309734 0.2918263090676884 0.057184750733137835 0.000723589001447178 0.0
0.0036873156342182895 0.29118773946360155 0.06451612903225806 0.0 0.0
0.0 0.29885057471264365 0.061583577712609965 0.000723589001447178 0.0007032348804500703
0.0036873156342182895 0.3065134099616858 0.05865102639296188 0.000723589001447178 0.0
0.0014749262536873156 0.2771392081736909 0.062316715542521994 0.0 0.0
0.0007374631268436578 0.33077905491698595 0.06451612903225806 0.000723589001447178 0.0
0.0022123893805309734 0.3212005108556833 0.051319648093841645 0.000723589001447178 0.0
0.0014749262536873156 0.32375478927203066 0.0689149560117302 0.0 0.0
0.0 0.3441890166028097 0.056451612903225805 0.0 0.0
0.0029498525073746312 0.38122605363984674 0.061583577712609965 0.0 0.0
0.0014749262536873156 0.39144316730523626 0.062316715542521994 0.000723589001447178 0.0
0.0 0.39080459770114945 0.06451612903225806 0.001447178002894356 0.0
0.0007374631268436578 0.429757343550447 0.06524926686217009 0.0 0.0
0.0014749262536873156 0.40229885057471265 0.06011730205278592 0.001447178002894356 0.0
0.0 0.4272030651340996 0.06451612903225806 0.001447178002894356 0.0007032348804500703
0.0 0.3978288633461047 0.07111436950146627 0.000723589001447178 0.0
0.0007374631268436578 0.4265644955300128 0.06598240469208211 0.001447178002894356 0.0
0.0014749262536873156 0.4367816091954023 0.062316715542521994 0.000723589001447178 0.0007032348804500703
0.0014749262536873156 0.4508301404853129 0.06451612903225806 0.000723589001447178 0.0
0.0 0.4859514687100894 0.07038123167155426 0.0 0.0
0.0014749262536873156 0.5114942528735633 0.06524926686217009 0.0 0.0007032348804500703
0.0007374631268436578 0.49616858237547895 0.07697947214076246 0.000723589001447178 0.0
0.0014749262536873156 0.5319284802043424 0.07991202346041056 0.000723589001447178 0.0
0.0022123893805309734 0.5625798212005109 0.07917888563049853 0.000723589001447178 0.0007032348804500703
0.0014749262536873156 0.5670498084291188 0.06598240469208211 0.000723589001447178 0.0
0.0022123893805309734 0.6053639846743295 0.08211143695014662 0.0 0.0
0.0014749262536873156 0.6168582375478927 0.09897360703812316 0.0 0.0
0.0014749262536873156 0.6264367816091954 0.08724340175953078 0.000723589001447178 0.0
0.0014749262536873156 0.6245210727969349 0.08944281524926687 0.0 0.0
0.0007374631268436578 0.644316730523627 0.08870967741935484 0.0 0.0
0.0014749262536873156 0.6577266922094509 0.08357771260997067 0.0 0.0
0.0 0.6877394636015325 0.0967741935483871 0.000723589001447178 0.0
0.0014749262536873156 0.6596424010217113 0.08504398826979473 0.0 0.0
0.0029498525073746312 0.6934865900383143 0.08724340175953078 0.0 0.0
0.0014749262536873156 0.6794380587484036 0.08504398826979473 0.0 0.0
0.0014749262536873156 0.6538952745849297 0.09164222873900293 0.0 0.0
0.0007374631268436578 0.6832694763729247 0.07917888563049853 0.0 0.0
0.0 0.6826309067688378 0.09457478005865103 0.0 0.0
0.0014749262536873156 0.7388250319284801 0.0967741935483871 0.0 0.0
0.0007374631268436578 0.7279693486590039 0.0747800586510264 0.0 0.0
0.0014749262536873156 0.7873563218390804 0.10483870967741936 0.000723589001447178 0.0
0.0036873156342182895 0.7707535121328225 0.09750733137829912 0.001447178002894356 0.0
0.0022123893805309734 0.7605363984674329 0.10777126099706745 0.0 0.0014064697609001407
0.0022123893805309734 0.7905491698595146 0.08137829912023462 0.0 0.0
0.0029498525073746312 0.8122605363984674 0.10263929618768329 0.0 0.0
0.0007374631268436578 0.8186462324393359 0.09897360703812316 0.000723589001447178 0.0
0.0007374631268436578 0.8409961685823755 0.10410557184750732 0.001447178002894356 0.0
0.0 0.851213282247765 0.11436950146627567 0.001447178002894356 0.0
0.0022123893805309734 0.8109833971902937 0.09824046920821114 0.0 0.0
0.0 0.8575989782886335 0.11070381231671554 0.0 0.0
0.0007374631268436578 0.13793103448275862 0.002932551319648094 0.0 0.0
0.0 0.1309067688378033 0.0036656891495601175 0.0 0.0
0.0 0.14112388250319285 0.005131964809384164 0.001447178002894356 0.0
0.0 0.1309067688378033 0.0021994134897360706 0.0 0.0
0.0007374631268436578 0.8793103448275862 0.10117302052785924 0.0 0.0
0.0 0.13154533844189015 0.004398826979472141 0.0 0.0007032348804500703
0.0 0.11621966794380588 0.0007331378299120235 0.000723589001447178 0.0007032348804500703
0.0007374631268436578 0.14623243933588762 0.002932551319648094 0.0 0.0
0.0 0.14942528735632182 0.0036656891495601175 0.0 0.0
0.0007374631268436578 0.7349936143039592 0.19501466275659823 0.000723589001447178 0.0
0.0 0.1264367816091954 0.005131964809384164 0.0 0.0
0.0 0.1417624521072797 0.002932551319648094 0.0 0.0
0.0 0.13793103448275862 0.001466275659824047 0.0 0.0
0.0 0.12579821200510855 0.001466275659824047 0.0 0.0
0.0029498525073746312 0.8818646232439336 0.10777126099706745 0.0 0.0
0.0 0.12388250319284803 0.0021994134897360706 0.000723589001447178 0.0
0.0 0.13154533844189015 0.0021994134897360706 0.000723589001447178 0.0
0.0007374631268436578 0.12196679438058748 0.001466275659824047 0.000723589001447178 0.0
0.0 0.12132822477650064 0.0007331378299120235 0.0 0.0
0.0 0.7426564495530013 0.20454545454545453 0.002170767004341534 0.0
0.0 0.13537675606641122 0.0007331378299120235 0.0 0.0
0.0 0.1206896551724138 0.002932551319648094 0.000723589001447178 0.0
0.0 0.13409961685823754 0.001466275659824047 0.0 0.0
0.0 0.12132822477650064 0.002932551319648094 0.0 0.0
0.0 0.1251596424010217 0.002932551319648094 0.0 0.0
0.0 0.12260536398467432 0.0007331378299120235 0.0 0.0
0.0 0.12707535121328223 0.0021994134897360706 0.0 0.0
0.0 0.13537675606641122 0.002932551319648094 0.0 0.0
0.0 0.12132822477650064 0.0 0.000723589001447178 0.0
0.0 0.1264367816091954 0.001466275659824047 0.0 0.0
0.0014749262536873156 0.7394636015325671 0.2155425219941349 0.002170767004341534 0.0007032348804500703
0.0014749262536873156 0.7630906768837804 0.23167155425219943 0.001447178002894356 0.0
0.0 0.8301404853128991 0.20967741935483872 0.002170767004341534 0.0
0.0 0.8908045977011495 0.24120234604105573 0.002170767004341534 0.0
0.0007374631268436578 0.8997445721583652 0.27785923753665687 0.002170767004341534 0.0
0.0 0.9329501915708812 0.3335777126099707 0.004341534008683068 0.0
0.0007374631268436578 0.9469987228607919 0.2697947214076246 0.001447178002894356 0.0
0.0 0.9553001277139208 0.2719941348973607 0.002170767004341534 0.0007032348804500703
0.0 1.0217113665389528 0.33211143695014667 0.000723589001447178 0.0
0.0 1.0766283524904214 0.3555718475073314 0.000723589001447178 0.0
0.0014749262536873156 1.1028097062579822 0.36730205278592376 0.000723589001447178 0.0
0.0007374631268436578 1.1500638569604087 0.3548387096774194 0.002170767004341534 0.0007032348804500703
0.0 1.1896551724137931 0.4303519061583578 0.002894356005788712 0.0
0.0 1.2554278416347382 0.44941348973607037 0.001447178002894356 0.0
0.0014749262536873156 1.268199233716475 0.43841642228739003 0.0 0.0
0.0 1.384418901660281 0.4868035190615836 0.001447178002894356 0.0
0.0 1.396551724137931 0.49780058651026393 0.002170767004341534 0.0
0.0007374631268436578 1.4438058748403575 0.5322580645161291 0.000723589001447178 0.0
0.0 1.5427841634738186 0.5806451612903225 0.002894356005788712 0.0007032348804500703
0.0007374631268436578 1.5344827586206897 0.593841642228739 0.000723589001447178 0.0
0.0 1.644316730523627 0.6143695014662757 0.002170767004341534 0.0
0.0007374631268436578 1.6590038314176245 0.6950146627565983 0.001447178002894356 0.0
0.0 1.6660280970625798 0.6649560117302054 0.000723589001447178 0.0
0.0007374631268436578 1.706896551724138 0.6715542521994134 0.000723589001447178 0.0
0.0007374631268436578 1.7988505747126435 0.7888563049853372 0.000723589001447178 0.0
0.0007374631268436578 1.8084291187739463 0.7822580645161291 0.001447178002894356 0.0
0.0 1.8812260536398466 0.8629032258064516 0.000723589001447178 0.0
0.0 1.9112388250319283 0.8533724340175953 0.0 0.0007032348804500703
0.0 2.0140485312899106 0.9024926686217009 0.001447178002894356 0.0
0.0 2.021072796934866 0.9164222873900294 0.002170767004341534 0.0
0.0 2.0319284802043422 0.9310850439882699 0.001447178002894356 0.0
0.0014749262536873156 2.0893997445721584 0.9853372434017594 0.000723589001447178 0.0
0.0 2.1232439335887614 1.032258064516129 0.0 0.0
0.0007374631268436578 2.256066411238825 1.1070381231671553 0.002170767004341534 0.0
0.0 2.314176245210728 1.1392961876832843 0.001447178002894356 0.0
0.0007374631268436578 2.348020434227331 1.221407624633431 0.000723589001447178 0.0
0.0 2.3729246487867175 1.2412023460410557 0.000723589001447178 0.0
0.0 2.4636015325670497 1.3247800586510263 0.000723589001447178 0.0
0.0 2.522988505747126 1.408357771260997 0.002170767004341534 0.0
0.0 2.574074074074074 1.403958944281525 0.001447178002894356 0.0
0.0 2.5970625798212006 1.4853372434017595 0.0 0.0
0.0014749262536873156 2.676245210727969 1.528592375366569 0.001447178002894356 0.0
0.0 2.7228607918263092 1.5769794721407626 0.002170767004341534 0.0
0.0007374631268436578 2.754150702426564 1.6664222873900294 0.002170767004341534 0.0
0.0007374631268436578 2.8805874840357597 1.8027859237536656 0.000723589001447178 0.0
0.0 2.8939974457215834 1.8189149560117301 0.002170767004341534 0.0
0.0 2.9782886334610477 1.909824046920821 0.002170767004341534 0.0
0.0 3.0651340996168583 1.9090909090909092 0.000723589001447178 0.0007032348804500703
0.0022123893805309734 3.1277139208173694 1.932551319648094 0.000723589001447178 0.0
0.0007374631268436578 3.1545338441890167 2.067448680351906 0.0 0.0
0.0007374631268436578 3.231800766283525 2.1341642228739004 0.000723589001447178 0.0
0.0014749262536873156 3.2745849297573435 2.2331378299120233 0.000723589001447178 0.0007032348804500703
0.0 3.29757343550447 2.2697947214076244 0.002894356005788712 0.0
